{
"highlevel": {
    "danceability": {
        "all": {
            "danceable": 0.864864349365,
            "not_danceable": 0.135135650635
        },
        "probability": 0.864864349365,
        "value": "danceable"
    },
    "gender": {
        "all": {
            "female": 0.040781442076,
            "male": 0.959218561649
        },
        "probability": 0.959218561649,
        "value": "male"
    },
    "genre_dortmund": {
        "all": {
            "alternative": 0.0351159274578,
            "blues": 0.22211509943,
            "electronic": 0.123047225177,
            "folkcountry": 0.0359079986811,
            "funksoulrnb": 0.0460574552417,
            "jazz": 0.109601639211,
            "pop": 0.0296555384994,
            "raphiphop": 0.147370010614,
            "rock": 0.251129120588
        },
        "probability": 0.251129120588,
        "value": "rock"
    },
    "genre_electronic": {
        "all": {
            "ambient": 0.143395259976,
            "dnb": 0.0885555669665,
            "house": 0.718649446964,
            "techno": 0.0159101374447,
            "trance": 0.0334895811975
        },
        "probability": 0.718649446964,
        "value": "house"
    },
    "genre_rosamerica": {
        "all": {
            "cla": 0.0116376494989,
            "dan": 0.0312932282686,
            "hip": 0.4193315804,
            "jaz": 0.0366827920079,
            "pop": 0.220548033714,
            "rhy": 0.207004874945,
            "roc": 0.0635454207659,
            "spe": 0.00995641387999
        },
        "probability": 0.4193315804,
        "value": "hip"
    },
    "genre_tzanetakis": {
        "all": {
            "blu": 0.0620671063662,
            "cla": 0.034474901855,
            "cou": 0.103433981538,
            "dis": 0.0620971247554,
            "hip": 0.15527240932,
            "jaz": 0.310666948557,
            "met": 0.044346679002,
            "pop": 0.0620793737471,
            "reg": 0.0620816536248,
            "roc": 0.103479810059
        },
        "probability": 0.310666948557,
        "value": "jaz"
    },
    "ismir04_rhythm": {
        "all": {
            "ChaChaCha": 0.745287001133,
            "Jive": 0.14191237092,
            "Quickstep": 0.0171991474926,
            "Rumba-American": 0.00360957952216,
            "Rumba-International": 0.0138991698623,
            "Rumba-Misc": 0.00278530153446,
            "Samba": 0.0577554963529,
            "Tango": 0.00284543633461,
            "VienneseWaltz": 0.0141228288412,
            "Waltz": 0.000583690591156
        },
        "probability": 0.745287001133,
        "value": "ChaChaCha"
    },
    "mood_acoustic": {
        "all": {
            "acoustic": 0.0414435751736,
            "not_acoustic": 0.958556413651
        },
        "probability": 0.958556413651,
        "value": "not_acoustic"
    },
    "mood_aggressive": {
        "all": {
            "aggressive": 0.264724254608,
            "not_aggressive": 0.735275745392
        },
        "probability": 0.735275745392,
        "value": "not_aggressive"
    },
    "mood_electronic": {
        "all": {
            "electronic": 0.763693630695,
            "not_electronic": 0.236306384206
        },
        "probability": 0.763693630695,
        "value": "electronic"
    },
    "mood_happy": {
        "all": {
            "happy": 0.413007438183,
            "not_happy": 0.586992561817
        },
        "probability": 0.586992561817,
        "value": "not_happy"
    },
    "mood_party": {
        "all": {
            "not_party": 0.310023158789,
            "party": 0.689976811409
        },
        "probability": 0.689976811409,
        "value": "party"
    },
    "mood_relaxed": {
        "all": {
            "not_relaxed": 0.235783442855,
            "relaxed": 0.764216542244
        },
        "probability": 0.764216542244,
        "value": "relaxed"
    },
    "mood_sad": {
        "all": {
            "not_sad": 0.896343588829,
            "sad": 0.103656433523
        },
        "probability": 0.896343588829,
        "value": "not_sad"
    },
    "moods_mirex": {
        "all": {
            "Cluster1": 0.257574379444,
            "Cluster2": 0.342935621738,
            "Cluster3": 0.0827060863376,
            "Cluster4": 0.224678516388,
            "Cluster5": 0.0921054109931
        },
        "probability": 0.342935621738,
        "value": "Cluster2"
    },
    "timbre": {
        "all": {
            "bright": 0.358870387077,
            "dark": 0.641129612923
        },
        "probability": 0.641129612923,
        "value": "dark"
    },
    "tonal_atonal": {
        "all": {
            "atonal": 0.589160263538,
            "tonal": 0.410839736462
        },
        "probability": 0.589160263538,
        "value": "atonal"
    },
    "voice_instrumental": {
        "all": {
            "instrumental": 0.284060746431,
            "voice": 0.715939283371
        },
        "probability": 0.715939283371,
        "value": "voice"
    }
},
"lowlevel": {
    "average_loudness": 0.964405536652,
    "barkbands_crest": {
        "dmean": 2.89785051346,
        "dmean2": 4.56580257416,
        "dvar": 5.80980062485,
        "dvar2": 15.2581138611,
        "max": 22.1466999054,
        "mean": 9.37576389313,
        "median": 8.66285896301,
        "min": 2.43752503395,
        "var": 13.9904870987
    },
    "barkbands_flatness_db": {
        "dmean": 0.033281929791,
        "dmean2": 0.0494226999581,
        "dvar": 0.00111693423241,
        "dvar2": 0.00230641616508,
        "max": 0.361781001091,
        "mean": 0.163808345795,
        "median": 0.157908141613,
        "min": 0.0502131022513,
        "var": 0.00367821822874
    },
    "barkbands_kurtosis": {
        "dmean": 4.4365029335,
        "dmean2": 7.11294841766,
        "dvar": 52.0195808411,
        "dvar2": 129.101409912,
        "max": 74.3331604004,
        "mean": 5.402967453,
        "median": 1.42046117783,
        "min": -1.85706651211,
        "var": 90.6421356201
    },
    "barkbands_skewness": {
        "dmean": 0.794994235039,
        "dmean2": 1.21722495556,
        "dvar": 0.711148560047,
        "dvar2": 1.62654197216,
        "max": 7.78686714172,
        "mean": 1.63006067276,
        "median": 1.3718380928,
        "min": -2.07923460007,
        "var": 2.22806239128
    },
    "barkbands_spread": {
        "dmean": 9.39702606201,
        "dmean2": 14.7670640945,
        "dvar": 142.47807312,
        "dvar2": 326.308624268,
        "max": 92.9723205566,
        "mean": 25.0536403656,
        "median": 19.3119754791,
        "min": 1.88858473301,
        "var": 344.328887939
    },
    "dissonance": {
        "dmean": 0.0183606464416,
        "dmean2": 0.030107466504,
        "dvar": 0.000329655333189,
        "dvar2": 0.000818872242235,
        "max": 0.499999940395,
        "mean": 0.466633111238,
        "median": 0.473278671503,
        "min": 0.347592175007,
        "var": 0.000709303538315
    },
    "dynamic_complexity": 3.05306100845,
    "erbbands_crest": {
        "dmean": 2.7944624424,
        "dmean2": 4.41495418549,
        "dvar": 7.81356811523,
        "dvar2": 17.0256519318,
        "max": 29.660577774,
        "mean": 8.69997406006,
        "median": 7.2752571106,
        "min": 2.59042334557,
        "var": 23.8355941772
    },
    "erbbands_flatness_db": {
        "dmean": 0.0282006300986,
        "dmean2": 0.0389135852456,
        "dvar": 0.000798290187959,
        "dvar2": 0.0015076106647,
        "max": 0.333830267191,
        "mean": 0.164033204317,
        "median": 0.15670247376,
        "min": 0.0643251314759,
        "var": 0.00269402610138
    },
    "erbbands_kurtosis": {
        "dmean": 1.18528497219,
        "dmean2": 1.83359646797,
        "dvar": 2.09990143776,
        "dvar2": 5.02639484406,
        "max": 14.6824092865,
        "mean": 0.563580393791,
        "median": -0.0500214099884,
        "min": -1.7580075264,
        "var": 4.15048742294
    },
    "erbbands_skewness": {
        "dmean": 0.488499403,
        "dmean2": 0.745311379433,
        "dvar": 0.221181347966,
        "dvar2": 0.514232695103,
        "max": 2.58488249779,
        "mean": -0.00726168323308,
        "median": 0.0712858736515,
        "min": -3.1364941597,
        "var": 0.727267920971
    },
    "erbbands_spread": {
        "dmean": 12.9771156311,
        "dmean2": 19.1544494629,
        "dvar": 185.379470825,
        "dvar2": 434.195007324,
        "max": 138.097793579,
        "mean": 43.1204833984,
        "median": 38.8227577209,
        "min": 5.24788236618,
        "var": 554.883239746
    },
    "hfc": {
        "dmean": 12.1558351517,
        "dmean2": 17.0597572327,
        "dvar": 289.89276123,
        "dvar2": 621.703979492,
        "max": 173.142166138,
        "mean": 20.4777240753,
        "median": 12.9463739395,
        "min": 0.0428646951914,
        "var": 510.571502686
    },
    "melbands_crest": {
        "dmean": 3.95394539833,
        "dmean2": 6.16683769226,
        "dvar": 12.4093112946,
        "dvar2": 29.3873691559,
        "max": 34.4559860229,
        "mean": 14.128329277,
        "median": 12.9663438797,
        "min": 3.93459677696,
        "var": 35.1408996582
    },
    "melbands_flatness_db": {
        "dmean": 0.0440021976829,
        "dmean2": 0.0638424381614,
        "dvar": 0.00203768559732,
        "dvar2": 0.00395069271326,
        "max": 0.484297156334,
        "mean": 0.210911348462,
        "median": 0.207507669926,
        "min": 0.030348053202,
        "var": 0.00784478057176
    },
    "melbands_kurtosis": {
        "dmean": 12.2841815948,
        "dmean2": 19.8736095428,
        "dvar": 478.190643311,
        "dvar2": 1211.86462402,
        "max": 245.189025879,
        "mean": 18.6620521545,
        "median": 7.90808200836,
        "min": -1.70117735863,
        "var": 778.807495117
    },
    "melbands_skewness": {
        "dmean": 1.08997964859,
        "dmean2": 1.6585047245,
        "dvar": 1.46216928959,
        "dvar2": 3.40495085716,
        "max": 12.8108482361,
        "mean": 3.04191327095,
        "median": 2.57192564011,
        "min": -1.84999608994,
        "var": 4.40547466278
    },
    "melbands_spread": {
        "dmean": 12.3521556854,
        "dmean2": 19.3946723938,
        "dvar": 318.956878662,
        "dvar2": 743.686706543,
        "max": 183.184768677,
        "mean": 28.2476615906,
        "median": 19.7819080353,
        "min": 1.51574873924,
        "var": 804.160888672
    },
    "pitch_salience": {
        "dmean": 0.0895753130317,
        "dmean2": 0.147056922317,
        "dvar": 0.00614776276052,
        "dvar2": 0.0151697155088,
        "max": 0.84475171566,
        "mean": 0.582992732525,
        "median": 0.598485708237,
        "min": 0.184971675277,
        "var": 0.015898341313
    },
    "silence_rate_20dB": {
        "dmean": 0,
        "dmean2": 0,
        "dvar": 0,
        "dvar2": 0,
        "max": 1,
        "mean": 1,
        "median": 1,
        "min": 1,
        "var": 0
    },
    "silence_rate_30dB": {
        "dmean": 0.0510835908353,
        "dmean2": 0.101471729577,
        "dvar": 0.0484739169478,
        "dvar2": 0.125258594751,
        "max": 1,
        "mean": 0.964423835278,
        "median": 1,
        "min": 0,
        "var": 0.0343109108508
    },
    "silence_rate_60dB": {
        "dmean": 0.0642414838076,
        "dmean2": 0.12780790031,
        "dvar": 0.0601148977876,
        "dvar2": 0.125416323543,
        "max": 1,
        "mean": 0.0928074270487,
        "median": 0,
        "min": 0,
        "var": 0.084194496274
    },
    "spectral_centroid": {
        "dmean": 427.989013672,
        "dmean2": 657.379089355,
        "dvar": 257411.015625,
        "dvar2": 572400.125,
        "max": 4029.06396484,
        "mean": 1434.80053711,
        "median": 1192.52941895,
        "min": 215.98147583,
        "var": 784822.125
    },
    "spectral_complexity": {
        "dmean": 6.71439647675,
        "dmean2": 9.16421413422,
        "dvar": 57.6840667725,
        "dvar2": 101.999832153,
        "max": 61,
        "mean": 17.3217315674,
        "median": 14,
        "min": 0,
        "var": 148.956283569
    },
    "spectral_decrease": {
        "dmean": 4.77486317152e-09,
        "dmean2": 7.49370698827e-09,
        "dvar": 6.12757398329e-17,
        "dvar2": 1.51911970958e-16,
        "max": -4.83541245239e-12,
        "mean": -7.66934604712e-09,
        "median": -5.01776131756e-09,
        "min": -5.09823223638e-08,
        "var": 7.50393568639e-17
    },
    "spectral_energy": {
        "dmean": 0.0189516246319,
        "dmean2": 0.0294674728066,
        "dvar": 0.000912297924515,
        "dvar2": 0.00225405860692,
        "max": 0.198675990105,
        "mean": 0.0308032818139,
        "median": 0.0203897040337,
        "min": 2.21378722927e-05,
        "var": 0.0011420964729
    },
    "spectral_energyband_high": {
        "dmean": 0.00102998944931,
        "dmean2": 0.00146874482743,
        "dvar": 3.02802891383e-06,
        "dvar2": 6.50625133858e-06,
        "max": 0.0160621926188,
        "mean": 0.00130606605671,
        "median": 0.000326332345139,
        "min": 3.44585544099e-07,
        "var": 4.96942675454e-06
    },
    "spectral_energyband_low": {
        "dmean": 0.012367265299,
        "dmean2": 0.020291339606,
        "dvar": 0.000669572094921,
        "dvar2": 0.00169963843655,
        "max": 0.173030853271,
        "mean": 0.0153996273875,
        "median": 0.00577829452232,
        "min": 3.819225185e-06,
        "var": 0.000697300652973
    },
    "spectral_energyband_middle_high": {
        "dmean": 0.0023065067362,
        "dmean2": 0.00334857031703,
        "dvar": 1.09051734398e-05,
        "dvar2": 2.32152506214e-05,
        "max": 0.0456539541483,
        "mean": 0.00452372897416,
        "median": 0.00254167383537,
        "min": 5.58708779863e-06,
        "var": 2.86772356048e-05
    },
    "spectral_energyband_middle_low": {
        "dmean": 0.0071842293255,
        "dmean2": 0.0117528401315,
        "dvar": 0.00012474299001,
        "dvar2": 0.000323183019646,
        "max": 0.126419976354,
        "mean": 0.0110882101581,
        "median": 0.00710724107921,
        "min": 8.53870733408e-06,
        "var": 0.000155382571393
    },
    "spectral_entropy": {
        "dmean": 0.271010041237,
        "dmean2": 0.382165104151,
        "dvar": 0.0862315297127,
        "dvar2": 0.182415515184,
        "max": 8.59119796753,
        "mean": 7.5556397438,
        "median": 7.6306643486,
        "min": 5.89629411697,
        "var": 0.262885302305
    },
    "spectral_flux": {
        "dmean": 0.0442839600146,
        "dmean2": 0.0661284476519,
        "dvar": 0.00325700384565,
        "dvar2": 0.00595755968243,
        "max": 0.395114868879,
        "mean": 0.103022679687,
        "median": 0.0833348929882,
        "min": 0.00617613876238,
        "var": 0.00568874180317
    },
    "spectral_kurtosis": {
        "dmean": 2.47638106346,
        "dmean2": 4.05524682999,
        "dvar": 13.4531345367,
        "dvar2": 33.4240341187,
        "max": 45.0287628174,
        "mean": 3.94834756851,
        "median": 2.26581859589,
        "min": -0.749584913254,
        "var": 21.1213741302
    },
    "spectral_rms": {
        "dmean": 0.00149591302034,
        "dmean2": 0.00212447578087,
        "dvar": 3.38027598445e-06,
        "dvar2": 7.55292239774e-06,
        "max": 0.0139222927392,
        "mean": 0.00481412559748,
        "median": 0.00446008890867,
        "min": 0.000146962323925,
        "var": 6.87616920914e-06
    },
    "spectral_rolloff": {
        "dmean": 811.563476562,
        "dmean2": 1343.64929199,
        "dvar": 1672938,
        "dvar2": 3792871,
        "max": 8290.28320312,
        "mean": 1750.75305176,
        "median": 1055.12695312,
        "min": 64.599609375,
        "var": 3544620.25
    },
    "spectral_skewness": {
        "dmean": 0.338862597942,
        "dmean2": 0.512505531311,
        "dvar": 0.14380428195,
        "dvar2": 0.333502739668,
        "max": 4.98560142517,
        "mean": 1.31611967087,
        "median": 1.19554662704,
        "min": -0.047629326582,
        "var": 0.430397301912
    },
    "spectral_spread": {
        "dmean": 808694.125,
        "dmean2": 1207825,
        "dvar": 1.0331251671e+12,
        "dvar2": 2.27320266752e+12,
        "max": 19679684,
        "mean": 4195359.5,
        "median": 4141302.25,
        "min": 1305891.125,
        "var": 1.98755444326e+12
    },
    "spectral_strongpeak": {
        "dmean": 0.505626857281,
        "dmean2": 0.849608719349,
        "dvar": 0.748196065426,
        "dvar2": 1.8243086338,
        "max": 7.23109197617,
        "mean": 0.706737518311,
        "median": 0.286265850067,
        "min": 0,
        "var": 1.1507383585
    },
    "zerocrossingrate": {
        "dmean": 0.0164462346584,
        "dmean2": 0.0182657279074,
        "dvar": 0.000294362311251,
        "dvar2": 0.000342324608937,
        "max": 0.2392578125,
        "mean": 0.0636359229684,
        "median": 0.0517578125,
        "min": 0.00390625,
        "var": 0.00200568931177
    },
    "barkbands": {
        "dmean": [0.000668034714181, 0.00683331955224, 0.00605784915388, 0.00244572223164, 0.00277663092129, 0.00148459861521, 0.000737992406357, 0.000451921136118, 0.000989855965599, 0.000446862308308, 0.000409259984735, 0.000472604442621, 0.000667696760502, 0.000289315998089, 0.000274021032965, 0.000208763303817, 0.000212370359804, 0.000179042501259, 0.00024179155298, 0.00020467111608, 0.000316789053613, 0.000234924678807, 0.000243627626332, 0.000134613423143, 4.49307008239e-05, 2.86266986222e-05, 1.84548842874e-09],
        "dmean2": [0.000909144873731, 0.0109226237983, 0.011036706157, 0.00428223004565, 0.00461033405736, 0.00247802073136, 0.0012120049214, 0.00075983494753, 0.00167903746478, 0.000687284569722, 0.000609969021752, 0.000714005262125, 0.0010473432485, 0.000477469875477, 0.000440662028268, 0.000331817078404, 0.000324648834066, 0.000288628478302, 0.000380557146855, 0.00032661552541, 0.000483142473968, 0.000351469148882, 0.000370347377611, 0.000197165980353, 6.95046110195e-05, 4.24630270572e-05, 2.96577451486e-09],
        "dvar": [1.93662799575e-06, 0.000191765735508, 0.000212512546568, 2.12002178159e-05, 2.36658815993e-05, 7.24148912923e-06, 2.32998195315e-06, 1.44238913435e-06, 6.15596127318e-06, 2.25300868806e-06, 6.89085823069e-07, 1.04205309981e-06, 1.95526058633e-06, 4.4029854962e-07, 6.1373589233e-07, 1.37112181164e-07, 1.62545617854e-07, 1.91066447996e-07, 2.19640327259e-07, 1.53567910388e-07, 3.7924633034e-07, 1.76748017111e-07, 2.19316191874e-07, 6.12621207097e-08, 7.85519205238e-09, 3.47881856655e-09, 3.80117681783e-16],
        "dvar2": [3.26802387463e-06, 0.000456505891634, 0.000595651450567, 5.7466513681e-05, 6.14948949078e-05, 1.86172655958e-05, 6.37249922875e-06, 3.82565622203e-06, 1.69516588358e-05, 4.74979242426e-06, 1.47151990859e-06, 2.27630357585e-06, 4.85829195895e-06, 1.16977537346e-06, 1.6384093442e-06, 3.43006519188e-07, 3.56893053777e-07, 5.03291175846e-07, 5.44624924714e-07, 3.64009935083e-07, 9.18634100344e-07, 3.69490891217e-07, 4.9626856935e-07, 1.39349339179e-07, 1.82596160414e-08, 7.46256034745e-09, 4.12654493688e-16],
        "max": [0.0129494788125, 0.0934000909328, 0.0916076749563, 0.0394152514637, 0.0625172555447, 0.052127994597, 0.0236152466387, 0.0211396981031, 0.0291292723268, 0.0389529839158, 0.0125140277669, 0.0179005116224, 0.012556088157, 0.0118073858321, 0.0189209226519, 0.00454110978171, 0.00736243790016, 0.00917992554605, 0.00541575672105, 0.00552214775234, 0.00642258999869, 0.00499164080247, 0.00552313635126, 0.00301822670735, 0.000950053101406, 0.000487757555675, 6.83790915446e-07],
        "mean": [0.000812796759419, 0.00819089263678, 0.00509805837646, 0.00265666330233, 0.00365422968753, 0.00173388514668, 0.0010367493378, 0.000589220435359, 0.000965207291301, 0.000681547215208, 0.000575604324695, 0.000795929052401, 0.000805733376183, 0.00031911523547, 0.000381196499802, 0.000259008927969, 0.00030766861164, 0.000210087018786, 0.000302795408061, 0.000247759162448, 0.000366279709851, 0.000302284199279, 0.000280019710772, 0.0001542558457, 4.65313423774e-05, 2.9768789318e-05, 1.53338763909e-09],
        "median": [7.26598591427e-05, 0.00247838441283, 0.0012465689797, 0.00142378930468, 0.00219467724673, 0.000718082999811, 0.000368445005734, 0.000135892958497, 0.000196899170987, 0.000116636118037, 0.000104663085949, 0.000153148008394, 0.000126094819279, 7.79385445639e-05, 9.24044143176e-05, 8.42217341415e-05, 0.000127969513414, 7.79000256443e-05, 9.58985037869e-05, 6.25164029771e-05, 8.78436912899e-05, 6.89814405632e-05, 5.369394421e-05, 2.74743415503e-05, 8.31048600958e-06, 1.52872985382e-06, 2.74043010506e-10],
        "min": [1.74051990598e-08, 9.00101440493e-07, 2.6863440894e-07, 1.86444390238e-06, 3.27117481902e-06, 4.58441206774e-07, 8.62256541723e-08, 7.75721389346e-08, 1.10488471705e-07, 6.23487537155e-08, 1.83402903531e-07, 1.3700785928e-07, 5.07491506596e-07, 2.08095656262e-07, 2.24766608881e-07, 2.86440723585e-07, 6.16851650648e-07, 3.66892493275e-07, 2.28680548275e-07, 1.15510474075e-07, 1.5551589172e-07, 9.91794237848e-08, 3.53597187086e-08, 1.21577112822e-08, 1.18425061424e-10, 1.94861696223e-11, 2.40362521553e-11],
        "var": [3.23235440192e-06, 0.000223551527597, 0.000143287732499, 1.77823621925e-05, 2.40408553509e-05, 9.56828353083e-06, 4.26031010647e-06, 2.52070549323e-06, 6.22284687779e-06, 4.49503795608e-06, 1.76996798018e-06, 3.14025919579e-06, 3.01355544252e-06, 5.0901621762e-07, 9.78534217211e-07, 2.05610589887e-07, 2.80222764104e-07, 1.75054111651e-07, 2.56114788044e-07, 2.03986630254e-07, 4.49802513458e-07, 3.14378922894e-07, 2.94103955412e-07, 8.69747296406e-08, 8.96557850183e-09, 4.54929383054e-09, 3.73071320574e-16]
    },
    "erbbands": {
        "dmean": [0.240709170699, 1.63997781277, 6.29677820206, 7.76959466934, 10.1744203568, 7.75686836243, 7.736723423, 15.031665802, 12.6878070831, 9.82859802246, 9.37239360809, 23.1829357147, 20.5015544891, 8.27889251709, 18.7599086761, 21.5250778198, 27.4430866241, 20.1073856354, 12.8340406418, 13.2141180038, 12.3622617722, 11.4408349991, 9.84804058075, 10.8391294479, 12.0406236649, 9.95686817169, 10.3625907898, 12.952911377, 9.4531211853, 7.43761110306, 6.97457170486, 3.77811431885, 1.73781979084, 0.755741536617, 0.201917052269, 0.0994997397065, 0.0691347196698, 0.00299624586478, 7.08587103873e-05, 2.54343194683e-05],
        "dmean2": [0.365130215883, 2.8286986351, 11.572508812, 13.5256719589, 17.4742717743, 12.8822040558, 12.9860935211, 25.0419769287, 20.705368042, 16.1145915985, 14.9878072739, 39.5717163086, 32.2585067749, 12.4957332611, 27.1979637146, 32.1396980286, 42.7003326416, 31.924243927, 21.2909870148, 20.7457351685, 19.4055957794, 17.4855270386, 15.6413908005, 17.6626701355, 18.9404640198, 15.9054555893, 15.9211006165, 20.1254520416, 14.2477273941, 11.0397043228, 10.7686100006, 5.61032342911, 2.58527636528, 1.13800692558, 0.340652525425, 0.155695065856, 0.10330402106, 0.00477608013898, 0.000104626211396, 3.7585523387e-05],
        "dvar": [0.224439874291, 13.9034004211, 238.580886841, 246.954071045, 379.315124512, 159.042709351, 183.346115112, 782.213745117, 748.071960449, 532.729736328, 517.336975098, 3194.03466797, 4090.29516602, 219.039108276, 1642.16003418, 2456.38745117, 3603.3828125, 1457.38500977, 2317.82470703, 760.613952637, 468.156433105, 485.717285156, 587.008544922, 502.088470459, 492.642089844, 372.863189697, 361.222991943, 783.287597656, 285.028625488, 181.992218018, 207.868087769, 53.2483673096, 10.1298646927, 2.04402279854, 0.271302491426, 0.0415307618678, 0.0212254431099, 5.53238241991e-05, 2.15566604567e-08, 1.27226351676e-09],
        "dvar2": [0.45881280303, 37.3436355591, 672.67791748, 666.92578125, 991.804443359, 426.554504395, 493.862884521, 2039.92102051, 2193.42260742, 1359.67028809, 1258.01806641, 8673.24316406, 8400.41210938, 483.491333008, 3424.7644043, 5299.36328125, 9028.57910156, 3638.25024414, 6363.99121094, 1805.86096191, 1137.84570312, 1076.86352539, 1550.53369141, 1278.05151367, 1193.47167969, 888.939208984, 831.75793457, 1981.0213623, 614.775878906, 392.538787842, 497.834533691, 123.373779297, 22.3532238007, 4.32173252106, 0.736171901226, 0.0916377454996, 0.0459121875465, 0.000140860720421, 5.13271203317e-08, 3.02459324253e-09],
        "max": [3.78384065628, 25.4002475739, 91.7316360474, 132.033737183, 239.700622559, 144.4818573, 112.175895691, 512.638549805, 483.115264893, 419.643676758, 525.473022461, 517.100402832, 1694.32299805, 206.725372314, 634.798583984, 879.690063477, 614.913574219, 479.563446045, 1154.7442627, 667.101989746, 280.68371582, 325.975708008, 549.16583252, 322.648956299, 235.964599609, 272.199707031, 192.904342651, 311.643615723, 194.762573242, 133.004104614, 183.346588135, 104.37525177, 38.9834365845, 16.7712516785, 6.41321563721, 2.35856103897, 1.2045686245, 0.108262516558, 0.00186585541815, 0.000248597178143],
        "mean": [0.301078110933, 1.60251057148, 5.25942516327, 7.99228715897, 11.7667551041, 10.8883399963, 9.56236553192, 17.2780151367, 16.8114852905, 14.1455821991, 12.7336454391, 23.4946479797, 29.1217288971, 12.6157922745, 28.9273376465, 38.2863960266, 33.8531188965, 26.2843742371, 16.2010211945, 19.5033721924, 16.3220481873, 16.665561676, 12.0584831238, 12.5871620178, 15.5233345032, 12.1088247299, 13.130320549, 14.1033239365, 11.8001527786, 9.33047199249, 7.64261293411, 4.30151367188, 1.9535369873, 0.840550005436, 0.172439053655, 0.100089490414, 0.0702492371202, 0.00273105152883, 8.00618363428e-05, 4.11980945501e-05],
        "median": [0.0591491870582, 0.599264502525, 1.52678656578, 3.55981564522, 5.86801433563, 6.37351799011, 5.4356174469, 6.59741353989, 6.84464502335, 3.45359325409, 3.5815680027, 5.52070951462, 5.74053430557, 4.92874622345, 6.54733943939, 7.52362918854, 7.72544813156, 5.57146024704, 5.31402111053, 4.91307020187, 6.57243442535, 7.47210979462, 4.78629875183, 4.03835916519, 5.10107517242, 3.04723834991, 3.59090924263, 3.20067024231, 2.66936016083, 2.02351212502, 1.40846836567, 0.768306076527, 0.36428502202, 0.150558918715, 0.0200975947082, 0.00793273188174, 0.00231454195455, 9.08989677555e-05, 2.07673128898e-05, 2.65287308139e-05],
        "min": [1.7952217604e-05, 0.000258114858298, 0.000467260659207, 0.00463137635961, 0.0140052251518, 0.00435398379341, 0.00313313584775, 0.00331997359172, 0.00204910640605, 0.00148402806371, 0.0019184530247, 0.00232096854597, 0.00177984021138, 0.00307272537611, 0.0103319352493, 0.0116529008374, 0.023279234767, 0.0137051017955, 0.0279473755509, 0.0126974536106, 0.029460856691, 0.0310949198902, 0.0260701775551, 0.0131690865383, 0.00955542363226, 0.00509573146701, 0.00844600051641, 0.00377425691113, 0.00433588121086, 0.00216117734089, 0.00080531387357, 0.000652108516078, 9.42407277762e-05, 2.26457013923e-05, 6.82589552525e-06, 1.36141636631e-06, 4.83677069951e-07, 1.0287556762e-07, 4.37247749119e-08, 3.72868989018e-08],
        "var": [0.332720845938, 10.9473237991, 152.74281311, 203.260299683, 340.645385742, 202.181060791, 174.470291138, 1000.52545166, 1125.67687988, 1131.32250977, 1004.35144043, 3210.44921875, 8113.72753906, 466.875152588, 4547.03808594, 7695.93115234, 4791.97460938, 2846.38623047, 2529.94018555, 1995.38647461, 699.442687988, 809.494689941, 543.686645508, 502.953887939, 645.261108398, 488.876922607, 524.26171875, 795.612365723, 461.227630615, 305.421203613, 241.338027954, 73.583480835, 13.6646728516, 2.75845861435, 0.199907273054, 0.0506884120405, 0.0269925259054, 5.09562050865e-05, 2.42011797269e-08, 1.78817072261e-09]
    },
    "gfcc": {
        "mean": [-23.3588600159, 108.047767639, -120.551597595, 55.1864242554, -60.7057533264, 19.6460285187, -32.4144020081, -2.47038340569, -19.2669372559, -6.39167022705, -8.56123352051, -3.01635789871, -8.23716640472],
        "cov": [[6832.71044922, -1818.04333496, 200.097167969, -20.5748271942, -466.328369141, 235.552993774, -343.671936035, 270.87008667, -304.67074585, 388.352416992, -422.574645996, 282.465209961, -282.693267822], [-1818.04333496, 3136.1418457, -311.91809082, -549.557556152, 476.686248779, -243.40447998, 517.369506836, -325.102905273, 444.729980469, -362.101104736, 575.09765625, -290.356262207, 349.636871338], [200.097167969, -311.91809082, 864.720581055, 206.928787231, 7.93602323532, 55.3621063232, -75.6767883301, 142.083267212, -78.7760696411, 131.853271484, -62.1436653137, 154.787750244, -89.584815979], [-20.5748271942, -549.557556152, 206.928787231, 542.683654785, -27.324382782, 36.1013717651, -19.7497520447, 65.2397460938, 1.67710566521, 30.3933849335, -39.715057373, 11.0177707672, -24.1356868744], [-466.328369141, 476.686248779, 7.93602323532, -27.324382782, 302.25793457, 12.3143167496, 87.513633728, -54.5020866394, 82.6012802124, -43.0813102722, 66.7090759277, -29.2147159576, 44.8347969055], [235.552993774, -243.40447998, 55.3621063232, 36.1013717651, 12.3143167496, 167.744903564, 11.4253950119, 54.7125587463, -19.4561576843, 41.9192810059, -22.674243927, 34.3040351868, -16.582195282], [-343.671936035, 517.369506836, -75.6767883301, -19.7497520447, 87.513633728, 11.4253950119, 276.511322021, -18.2681274414, 93.2236175537, -88.7329101562, 122.355819702, -48.1141166687, 66.5437469482], [270.87008667, -325.102905273, 142.083267212, 65.2397460938, -54.5020866394, 54.7125587463, -18.2681274414, 170.124267578, -22.5727157593, 65.8818054199, -65.3510131836, 42.6014404297, -37.1494369507], [-304.67074585, 444.729980469, -78.7760696411, 1.67710566521, 82.6012802124, -19.4561576843, 93.2236175537, -22.5727157593, 181.091583252, -27.909866333, 94.7000045776, -73.4329452515, 61.7105979919], [388.352416992, -362.101104736, 131.853271484, 30.3933849335, -43.0813102722, 41.9192810059, -88.7329101562, 65.8818054199, -27.909866333, 154.137054443, -54.7808074951, 55.6814956665, -62.8291282654], [-422.574645996, 575.09765625, -62.1436653137, -39.715057373, 66.7090759277, -22.674243927, 122.355819702, -65.3510131836, 94.7000045776, -54.7808074951, 208.781341553, -28.0027999878, 73.7832336426], [282.465209961, -290.356262207, 154.787750244, 11.0177707672, -29.2147159576, 34.3040351868, -48.1141166687, 42.6014404297, -73.4329452515, 55.6814956665, -28.0027999878, 132.824813843, -37.092590332], [-282.693267822, 349.636871338, -89.584815979, -24.1356868744, 44.8347969055, -16.582195282, 66.5437469482, -37.1494369507, 61.7105979919, -62.8291282654, 73.7832336426, -37.092590332, 112.758613586]],
        "icov": [[0.000217001259443, -0.000190621329239, 0.000152890774189, -0.000117918360047, 0.000340250931913, -0.000317818165058, 3.05393004965e-05, -3.4130676795e-05, 8.12744692666e-05, -0.000418821233325, 0.000517894688528, -0.00046833945089, 0.000249247590546], [-0.000190621329239, 0.00446441350505, -0.0021981857717, 0.00393038755283, -0.00281170592643, 0.00335673009977, -0.00187141913921, 0.00120936671738, -0.00285140308551, 0.00303898891434, -0.00591191276908, 0.0047999760136, -0.00341035798192], [0.000152890774189, -0.0021981857717, 0.00297237955965, -0.00250515178777, 0.000816267856862, -0.00131620001048, 0.000965073413681, -0.00161018420476, 0.00165825395379, -0.00217046029866, 0.00264977337793, -0.00398917356506, 0.00224343989976], [-0.000117918360047, 0.00393038755283, -0.00250515178777, 0.00561369210482, -0.00213320646435, 0.00252500828356, -0.00156389852054, 0.000784404517617, -0.00297915749252, 0.00291731650941, -0.00485738366842, 0.00465130666271, -0.00290617276914], [0.000340250931913, -0.00281170592643, 0.000816267856862, -0.00213320646435, 0.00646332511678, -0.00331059214659, 0.000423006305937, 0.000999736250378, -0.000171762425452, -0.0016354105901, 0.00440770806745, -0.00347275217064, 0.00194250186905], [-0.000317818165058, 0.00335673009977, -0.00131620001048, 0.00252500828356, -0.00331059214659, 0.0101950783283, -0.0026492215693, -0.000932348892093, -0.00101414800156, 0.000524312257767, -0.0043291579932, 0.0027723275125, -0.0030466245953], [3.05393004965e-05, -0.00187141913921, 0.000965073413681, -0.00156389852054, 0.000423006305937, -0.0026492215693, 0.00739065464586, -0.00232095620595, -0.000120931501442, 0.00215694261715, -0.000456406909507, -0.00154885381926, 0.00168454472441], [-3.4130676795e-05, 0.00120936671738, -0.00161018420476, 0.000784404517617, 0.000999736250378, -0.000932348892093, -0.00232095620595, 0.0101928142831, -0.00238368427381, -0.00144109607209, 0.00155378063209, 0.000151884116349, -0.0012188690016], [8.12744692666e-05, -0.00285140308551, 0.00165825395379, -0.00297915749252, -0.000171762425452, -0.00101414800156, -0.000120931501442, -0.00238368427381, 0.0133004123345, -0.00510756950825, 0.00039579209988, 0.0022301976569, -0.000720113399439], [-0.000418821233325, 0.00303898891434, -0.00217046029866, 0.00291731650941, -0.0016354105901, 0.000524312257767, 0.00215694261715, -0.00144109607209, -0.00510756950825, 0.015080367215, -0.00476236036047, 0.000991755514406, 0.00204709754325], [0.000517894688528, -0.00591191276908, 0.00264977337793, -0.00485738366842, 0.00440770806745, -0.0043291579932, -0.000456406909507, 0.00155378063209, 0.00039579209988, -0.00476236036047, 0.017618149519, -0.00886103138328, 0.00177384575363], [-0.00046833945089, 0.0047999760136, -0.00398917356506, 0.00465130666271, -0.00347275217064, 0.0027723275125, -0.00154885381926, 0.000151884116349, 0.0022301976569, 0.000991755514406, -0.00886103138328, 0.0189949627966, -0.0041000796482], [0.000249247590546, -0.00341035798192, 0.00224343989976, -0.00290617276914, 0.00194250186905, -0.0030466245953, 0.00168454472441, -0.0012188690016, -0.000720113399439, 0.00204709754325, 0.00177384575363, -0.0041000796482, 0.0176375787705]]
    },
    "melbands": {
        "dmean": [0.0018710938748, 0.00289138499647, 0.00143601361196, 0.000633943884168, 0.000287680304609, 0.000321492902003, 0.000184158925549, 0.000101855388493, 7.35400244594e-05, 0.000160347219207, 0.000101208730484, 3.23739732266e-05, 5.57983657927e-05, 6.1063830799e-05, 4.72149113193e-05, 6.89689113642e-05, 3.43401443388e-05, 2.08348865272e-05, 1.88536487258e-05, 1.56468486239e-05, 1.51839303726e-05, 1.30743628688e-05, 9.31688646233e-06, 8.75470232131e-06, 8.96651272342e-06, 1.02521844383e-05, 7.83741961641e-06, 6.52375410937e-06, 6.30293834547e-06, 6.26318251307e-06, 9.03460477275e-06, 5.73020315642e-06, 4.45986779596e-06, 4.37574544776e-06, 4.35922675024e-06, 3.07553318635e-06, 2.19086382458e-06, 1.27838518438e-06, 9.71695953922e-07, 5.50639811081e-07],
        "dmean2": [0.00293262535706, 0.00524341547862, 0.00248684850521, 0.00106927542947, 0.000477608875372, 0.000535117462277, 0.000299755338347, 0.000169304796145, 0.000119005380839, 0.000275535014225, 0.000159763469128, 4.96180728078e-05, 8.261318726e-05, 9.01656239876e-05, 7.24003330106e-05, 0.000109222659376, 5.55733495275e-05, 3.5245782783e-05, 2.99349521811e-05, 2.48440483119e-05, 2.40698645939e-05, 2.01992006623e-05, 1.48421540871e-05, 1.44108307722e-05, 1.48052340592e-05, 1.63006043294e-05, 1.25301758089e-05, 1.06919205791e-05, 9.86281065707e-06, 9.81736320682e-06, 1.46225584103e-05, 8.76730882737e-06, 6.71664292895e-06, 6.69684322929e-06, 6.82422887621e-06, 4.78911988466e-06, 3.27480802298e-06, 1.98085376724e-06, 1.46739967022e-06, 8.5514852799e-07],
        "dvar": [1.37042015922e-05, 4.95147833135e-05, 7.21643073121e-06, 1.40000349802e-06, 2.23900045171e-07, 3.60297264024e-07, 1.39364644269e-07, 6.27179872481e-08, 2.75465161792e-08, 1.65573780464e-07, 1.02206357155e-07, 3.94526988856e-09, 1.26925714383e-08, 1.59675632716e-08, 8.91208262743e-09, 2.24177032493e-08, 4.92284568665e-09, 6.50678400049e-09, 1.67682256969e-09, 8.34951774387e-10, 7.5960310264e-10, 6.8752398219e-10, 3.55060675306e-10, 5.13439291083e-10, 3.37667283024e-10, 4.02937072597e-10, 1.98882216251e-10, 1.89607204937e-10, 1.30322377889e-10, 1.68930119893e-10, 4.76307826514e-10, 1.08258423059e-10, 7.2717575017e-11, 6.62142424224e-11, 8.51256842793e-11, 3.57286006336e-11, 2.02563122526e-11, 6.16963598266e-12, 3.13165552518e-12, 1.24688800951e-12],
        "dvar2": [2.9007305784e-05, 0.000138286603033, 1.93810519704e-05, 3.70280645257e-06, 5.87738043123e-07, 9.39931965149e-07, 3.97988287659e-07, 1.60796517434e-07, 6.66484680778e-08, 4.54564286656e-07, 2.14862012626e-07, 8.72347261094e-09, 2.69802278297e-08, 3.4926607384e-08, 2.14044835189e-08, 5.61388660003e-08, 1.28602337668e-08, 1.79435719616e-08, 4.15035561474e-09, 2.09863992851e-09, 1.85867643498e-09, 1.5374562734e-09, 8.52163617449e-10, 1.3907960339e-09, 8.67075078403e-10, 1.00721009311e-09, 4.78938444459e-10, 4.68785232854e-10, 3.07812803024e-10, 3.95070531845e-10, 1.24521426503e-09, 2.42379866178e-10, 1.56172352828e-10, 1.4965204076e-10, 2.04552499938e-10, 8.55924706111e-11, 4.81394368812e-11, 1.41111540855e-11, 6.5571276707e-12, 2.82627220238e-12],
        "max": [0.0276529565454, 0.0434833951294, 0.0190734826028, 0.0164122991264, 0.00384149933234, 0.0114800063893, 0.00621341867372, 0.00414827093482, 0.00354155735113, 0.00414792867377, 0.00819114409387, 0.000882363703568, 0.00167755095754, 0.00237988634035, 0.00107586779632, 0.00145476753823, 0.000802522408776, 0.00172343419399, 0.000781454145908, 0.00044252036605, 0.000409090571338, 0.000399874610594, 0.000388619082514, 0.000476794550195, 0.000242875263211, 0.000256863451796, 0.000143885437865, 0.000220172209083, 0.000112643436296, 0.000169717110111, 0.000259309570538, 0.000126720755361, 0.000125103149912, 7.56311055738e-05, 0.000124590733321, 6.10831484664e-05, 6.6075961513e-05, 3.04287204926e-05, 1.65734272741e-05, 1.4321618437e-05],
        "mean": [0.00243560131639, 0.00257049780339, 0.00155206304044, 0.000816934043542, 0.000385517458199, 0.000374604598619, 0.000252860685578, 0.000148584076669, 9.75242146524e-05, 0.000157244561706, 0.000141892334796, 4.53510256193e-05, 8.16938554635e-05, 0.000104135200672, 6.79188451613e-05, 8.49093703437e-05, 4.24343088525e-05, 2.35679453908e-05, 2.71417538897e-05, 2.11458282138e-05, 1.91353756236e-05, 1.88026388059e-05, 1.1581651961e-05, 9.98002633423e-06, 9.80110962701e-06, 1.2866022189e-05, 9.26565007831e-06, 7.58743090046e-06, 7.78257890488e-06, 7.76282740844e-06, 8.76278409123e-06, 6.93273204888e-06, 5.4585102589e-06, 5.20571120433e-06, 4.72945930596e-06, 3.23997119267e-06, 2.50078255704e-06, 1.38728796628e-06, 1.08670610643e-06, 5.65571042443e-07],
        "median": [0.000606712885201, 0.000947099528275, 0.000776398286689, 0.000487911747769, 0.000212435785215, 0.000149675077409, 0.00010105560068, 3.32503041136e-05, 2.66092683887e-05, 3.45981752616e-05, 2.51584442594e-05, 1.32553805088e-05, 1.53019918798e-05, 1.81030281965e-05, 1.37178376463e-05, 1.28316505652e-05, 7.71405848354e-06, 6.65550169288e-06, 5.87173553868e-06, 5.78626850256e-06, 6.84590850142e-06, 7.39732013244e-06, 4.42014470536e-06, 3.65331356988e-06, 2.8185568226e-06, 4.19466823587e-06, 2.61387094724e-06, 1.59833189173e-06, 2.06107142731e-06, 2.02383012038e-06, 1.61711409419e-06, 1.52086408889e-06, 1.12385566808e-06, 1.01375201211e-06, 8.59821682297e-07, 5.3700995295e-07, 3.91157698232e-07, 2.45156201117e-07, 2.0538551837e-07, 8.44811651746e-08],
        "min": [1.78978467602e-07, 2.58744279336e-07, 1.57614090313e-06, 8.08187337498e-07, 9.63432995604e-08, 7.91299825664e-08, 2.21452420845e-08, 2.42532323114e-08, 1.40889273581e-08, 1.13702443016e-08, 8.61751381365e-09, 9.16361653225e-09, 3.04288363395e-08, 2.52934988509e-08, 3.17398693994e-08, 3.15918669003e-08, 1.69238862924e-08, 1.85033055544e-08, 1.37746187789e-08, 2.02680823236e-08, 3.07609226979e-08, 3.41378942892e-08, 2.35144437255e-08, 1.9881346347e-08, 9.57559365133e-09, 9.83243353403e-09, 4.85653384175e-09, 2.38675523789e-09, 5.76981307177e-09, 2.89356871797e-09, 1.72484526662e-09, 2.86401258265e-09, 9.96698723554e-10, 1.11298104066e-09, 4.75441352954e-10, 7.86992207513e-11, 1.72393752051e-10, 5.38823083374e-11, 3.36259839417e-11, 1.25653697516e-12],
