{
"highlevel": {
    "danceability": {
        "all": {
            "danceable": 0.999690234661,
            "not_danceable": 0.000309785711579
        },
        "probability": 0.999690234661,
        "value": "danceable"
    },
    "gender": {
        "all": {
            "female": 0.718952000141,
            "male": 0.281047970057
        },
        "probability": 0.718952000141,
        "value": "female"
    },
    "genre_dortmund": {
        "all": {
            "alternative": 0.0116536347196,
            "blues": 0.0089117558673,
            "electronic": 0.272013247013,
            "folkcountry": 0.0198090225458,
            "funksoulrnb": 0.0111067472026,
            "jazz": 0.122532777488,
            "pop": 0.0706023052335,
            "raphiphop": 0.470574051142,
            "rock": 0.012796478346
        },
        "probability": 0.470574051142,
        "value": "raphiphop"
    },
    "genre_electronic": {
        "all": {
            "ambient": 0.177879691124,
            "dnb": 0.111609511077,
            "house": 0.643714189529,
            "techno": 0.0259660277516,
            "trance": 0.0408305749297
        },
        "probability": 0.643714189529,
        "value": "house"
    },
    "genre_rosamerica": {
        "all": {
            "cla": 0.00128788861912,
            "dan": 0.310096859932,
            "hip": 0.0553827472031,
            "jaz": 0.00348531268537,
            "pop": 0.0429537557065,
            "rhy": 0.579324483871,
            "roc": 0.00512618152425,
            "spe": 0.00234278291464
        },
        "probability": 0.579324483871,
        "value": "rhy"
    },
    "genre_tzanetakis": {
        "all": {
            "blu": 0.0626613423228,
            "cla": 0.0348169617355,
            "cou": 0.104475811124,
            "dis": 0.0784321576357,
            "hip": 0.15692435205,
            "jaz": 0.313974827528,
            "met": 0.0448166541755,
            "pop": 0.0627359300852,
            "reg": 0.0627360641956,
            "roc": 0.0784258767962
        },
        "probability": 0.313974827528,
        "value": "jaz"
    },
    "ismir04_rhythm": {
        "all": {
            "ChaChaCha": 0.0790463164449,
            "Jive": 0.0218455381691,
            "Quickstep": 0.102371118963,
            "Rumba-American": 0.0168932322413,
            "Rumba-International": 0.326825559139,
            "Rumba-Misc": 0.0356769002974,
            "Samba": 0.382537275553,
            "Tango": 0.0122961392626,
            "VienneseWaltz": 0.00967949163169,
            "Waltz": 0.012828416191
        },
        "probability": 0.382537275553,
        "value": "Samba"
    },
    "mood_acoustic": {
        "all": {
            "acoustic": 0.0101032238454,
            "not_acoustic": 0.989896774292
        },
        "probability": 0.989896774292,
        "value": "not_acoustic"
    },
    "mood_aggressive": {
        "all": {
            "aggressive": 0.00668205367401,
            "not_aggressive": 0.993317961693
        },
        "probability": 0.993317961693,
        "value": "not_aggressive"
    },
    "mood_electronic": {
        "all": {
            "electronic": 0.952733337879,
            "not_electronic": 0.0472666509449
        },
        "probability": 0.952733337879,
        "value": "electronic"
    },
    "mood_happy": {
        "all": {
            "happy": 0.633403837681,
            "not_happy": 0.366596162319
        },
        "probability": 0.633403837681,
        "value": "happy"
    },
    "mood_party": {
        "all": {
            "not_party": 0.348716974258,
            "party": 0.651283025742
        },
        "probability": 0.651283025742,
        "value": "party"
    },
    "mood_relaxed": {
        "all": {
            "not_relaxed": 0.231775179505,
            "relaxed": 0.768224835396
        },
        "probability": 0.768224835396,
        "value": "relaxed"
    },
    "mood_sad": {
        "all": {
            "not_sad": 0.762200415134,
            "sad": 0.237799599767
        },
        "probability": 0.762200415134,
        "value": "not_sad"
    },
    "moods_mirex": {
        "all": {
            "Cluster1": 0.300305426121,
            "Cluster2": 0.272435098886,
            "Cluster3": 0.180604681373,
            "Cluster4": 0.0637252181768,
            "Cluster5": 0.182929590344
        },
        "probability": 0.300305426121,
        "value": "Cluster1"
    },
    "timbre": {
        "all": {
            "bright": 0.82034265995,
            "dark": 0.179657310247
        },
        "probability": 0.82034265995,
        "value": "bright"
    },
    "tonal_atonal": {
        "all": {
            "atonal": 0.794338643551,
            "tonal": 0.205661341548
        },
        "probability": 0.794338643551,
        "value": "atonal"
    },
    "voice_instrumental": {
        "all": {
            "instrumental": 0.0421712882817,
            "voice": 0.957828700542
        },
        "probability": 0.957828700542,
        "value": "voice"
    }
},
"lowlevel": {
    "average_loudness": 0.970492720604,
    "barkbands_crest": {
        "dmean": 3.19809865952,
        "dmean2": 4.96190404892,
        "dvar": 12.1064338684,
        "dvar2": 29.0786972046,
        "max": 26.3470573425,
        "mean": 16.7841014862,
        "median": 17.5065231323,
        "min": 4.51819133759,
        "var": 25.5830364227
    },
    "barkbands_flatness_db": {
        "dmean": 0.0375621691346,
        "dmean2": 0.0557515732944,
        "dvar": 0.00154531921726,
        "dvar2": 0.00357934879139,
        "max": 0.468406587839,
        "mean": 0.228962928057,
        "median": 0.224382176995,
        "min": 0.0693306103349,
        "var": 0.00458337925375
    },
    "barkbands_kurtosis": {
        "dmean": 17.1616134644,
        "dmean2": 26.6480255127,
        "dvar": 1205.54968262,
        "dvar2": 2746.90917969,
        "max": 455.735443115,
        "mean": 29.5838165283,
        "median": 17.7910671234,
        "min": -1.92915141582,
        "var": 2350.80688477
    },
    "barkbands_skewness": {
        "dmean": 1.26953017712,
        "dmean2": 1.89108490944,
        "dvar": 2.46557307243,
        "dvar2": 5.50667047501,
        "max": 19.8154850006,
        "mean": 4.08205747604,
        "median": 3.63650846481,
        "min": -4.87042427063,
        "var": 6.47889566422
    },
    "barkbands_spread": {
        "dmean": 5.91828489304,
        "dmean2": 8.94361877441,
        "dvar": 75.5401382446,
        "dvar2": 162.225158691,
        "max": 106.563110352,
        "mean": 13.205657959,
        "median": 8.5575504303,
        "min": 0.311568200588,
        "var": 207.844299316
    },
    "dissonance": {
        "dmean": 0.0190322585404,
        "dmean2": 0.0307335145772,
        "dvar": 0.000337229896104,
        "dvar2": 0.000872183474712,
        "max": 0.49962463975,
        "mean": 0.462089091539,
        "median": 0.467680066824,
        "min": 0.309942632914,
        "var": 0.000804784125648
    },
    "dynamic_complexity": 3.14930438995,
    "erbbands_crest": {
        "dmean": 2.53834056854,
        "dmean2": 4.00709247589,
        "dvar": 5.59959173203,
        "dvar2": 13.9389247894,
        "max": 27.9134616852,
        "mean": 8.62333393097,
        "median": 7.58636903763,
        "min": 2.25634264946,
        "var": 17.0952129364
    },
    "erbbands_flatness_db": {
        "dmean": 0.0183253977448,
        "dmean2": 0.0268081352115,
        "dvar": 0.000311452546157,
        "dvar2": 0.00067356438376,
        "max": 0.365114480257,
        "mean": 0.141795650125,
        "median": 0.13244587183,
        "min": 0.0573134273291,
        "var": 0.00196970556863
    },
    "erbbands_kurtosis": {
        "dmean": 1.28021419048,
        "dmean2": 1.96950638294,
        "dvar": 3.63885211945,
        "dvar2": 7.85980176926,
        "max": 29.4864616394,
        "mean": 0.878058731556,
        "median": 0.139459133148,
        "min": -1.93949687481,
        "var": 7.51612854004
    },
    "erbbands_skewness": {
        "dmean": 0.450695961714,
        "dmean2": 0.672696828842,
        "dvar": 0.218206971884,
        "dvar2": 0.475185364485,
        "max": 3.81787228584,
        "mean": 0.612569630146,
        "median": 0.704967260361,
        "min": -3.57241010666,
        "var": 0.947568655014
    },
    "erbbands_spread": {
        "dmean": 15.0734672546,
        "dmean2": 22.5481147766,
        "dvar": 269.433898926,
        "dvar2": 608.656494141,
        "max": 162.716690063,
        "mean": 54.8073692322,
        "median": 49.9387512207,
        "min": 4.31086158752,
        "var": 747.823791504
    },
    "hfc": {
        "dmean": 7.14545965195,
        "dmean2": 9.98415756226,
        "dvar": 175.185623169,
        "dvar2": 377.711914062,
        "max": 153.499649048,
        "mean": 17.1514148712,
        "median": 10.7418766022,
        "min": 0.010131190531,
        "var": 328.024963379
    },
    "melbands_crest": {
        "dmean": 4.24424266815,
        "dmean2": 6.44842576981,
        "dvar": 17.2042503357,
        "dvar2": 38.9508743286,
        "max": 36.1949462891,
        "mean": 23.0755367279,
        "median": 23.4747943878,
        "min": 6.07478189468,
        "var": 43.757183075
    },
    "melbands_flatness_db": {
        "dmean": 0.0444771237671,
        "dmean2": 0.0647596865892,
        "dvar": 0.00229067262262,
        "dvar2": 0.00528252823278,
        "max": 0.615113377571,
        "mean": 0.301825463772,
        "median": 0.29739934206,
        "min": 0.0887523218989,
        "var": 0.00737721379846
    },
    "melbands_kurtosis": {
        "dmean": 40.7752380371,
        "dmean2": 61.4287490845,
        "dvar": 4943.69189453,
        "dvar2": 10184.5820312,
        "max": 994.938964844,
        "mean": 71.6030731201,
        "median": 42.3591423035,
        "min": -1.77689945698,
        "var": 8874.31835938
    },
    "melbands_skewness": {
        "dmean": 1.77589797974,
        "dmean2": 2.66796636581,
        "dvar": 4.5579328537,
        "dvar2": 9.6270904541,
        "max": 24.2203121185,
        "mean": 5.97366476059,
        "median": 5.16403722763,
        "min": -2.54707074165,
        "var": 10.836596489
    },
    "melbands_spread": {
        "dmean": 4.94568777084,
        "dmean2": 8.0782327652,
        "dvar": 124.044029236,
        "dvar2": 326.2081604,
        "max": 171.957824707,
        "mean": 9.45100498199,
        "median": 5.33298301697,
        "min": 0.344512343407,
        "var": 174.464889526
    },
    "pitch_salience": {
        "dmean": 0.104537889361,
        "dmean2": 0.161749869585,
        "dvar": 0.0141547471285,
        "dvar2": 0.0341872088611,
        "max": 0.915490984917,
        "mean": 0.38497838378,
        "median": 0.367600232363,
        "min": 0.0587613992393,
        "var": 0.0263693537563
    },
    "silence_rate_20dB": {
        "dmean": 0.0417956672609,
        "dmean2": 0.0836560800672,
        "dvar": 0.0400490052998,
        "dvar2": 0.115388415754,
        "max": 1,
        "mean": 0.977571547031,
        "median": 1,
        "min": 0,
        "var": 0.0219255872071
    },
    "silence_rate_30dB": {
        "dmean": 0.0696594417095,
        "dmean2": 0.139426797628,
        "dvar": 0.0648068189621,
        "dvar2": 0.12308511883,
        "max": 1,
        "mean": 0.868522822857,
        "median": 1,
        "min": 0,
        "var": 0.114191859961
    },
    "silence_rate_60dB": {
        "dmean": 0.0100619196892,
        "dmean2": 0.0193648338318,
        "dvar": 0.0099606718868,
        "dvar2": 0.0220882222056,
        "max": 1,
        "mean": 0.039443153888,
        "median": 0,
        "min": 0,
        "var": 0.0378874242306
    },
    "spectral_centroid": {
        "dmean": 293.921295166,
        "dmean2": 451.913482666,
        "dvar": 141070.453125,
        "dvar2": 291881.90625,
        "max": 4766.52734375,
        "mean": 1031.64318848,
        "median": 813.47052002,
        "min": 139.451705933,
        "var": 541602.5625
    },
    "spectral_complexity": {
        "dmean": 4.16563463211,
        "dmean2": 6.19054985046,
        "dvar": 32.582359314,
        "dvar2": 66.7601013184,
        "max": 56,
        "mean": 13.2157773972,
        "median": 11,
        "min": 0,
        "var": 87.3012924194
    },
    "spectral_decrease": {
        "dmean": 8.70662653085e-09,
        "dmean2": 1.19004024413e-08,
        "dvar": 2.63392518245e-16,
        "dvar2": 5.02923377213e-16,
        "max": -5.02711240691e-12,
        "mean": -1.90805717892e-08,
        "median": -1.52934767073e-08,
        "min": -1.3452404346e-07,
        "var": 4.53725744872e-16
    },
    "spectral_energy": {
        "dmean": 0.0332043468952,
        "dmean2": 0.0451487638056,
        "dvar": 0.0037742620334,
        "dvar2": 0.00713474629447,
        "max": 0.511820435524,
        "mean": 0.073570176959,
        "median": 0.0592309124768,
        "min": 1.98988182092e-05,
        "var": 0.00661921221763
    },
    "spectral_energyband_high": {
        "dmean": 0.000567475915886,
        "dmean2": 0.000852579774801,
        "dvar": 1.48200592776e-06,
        "dvar2": 3.56131545232e-06,
        "max": 0.0127109447494,
        "mean": 0.000881427782588,
        "median": 0.000328673515469,
        "min": 2.93912165716e-07,
        "var": 2.31140757023e-06
    },
    "spectral_energyband_low": {
        "dmean": 0.0323172584176,
        "dmean2": 0.0455568507314,
        "dvar": 0.00425298791379,
        "dvar2": 0.00867767352611,
        "max": 0.50343900919,
        "mean": 0.0597080476582,
        "median": 0.0439031943679,
        "min": 1.0314152199e-08,
        "var": 0.00626934226602
    },
    "spectral_energyband_middle_high": {
        "dmean": 0.0010372675024,
        "dmean2": 0.0016364522744,
        "dvar": 3.73661532649e-06,
        "dvar2": 9.53522430791e-06,
        "max": 0.0279160961509,
        "mean": 0.00197334354743,
        "median": 0.000920736929402,
        "min": 9.15488556075e-07,
        "var": 8.66996379045e-06
    },
    "spectral_energyband_middle_low": {
        "dmean": 0.00728960894048,
        "dmean2": 0.0119621530175,
        "dvar": 0.000163418619195,
        "dvar2": 0.000431129767094,
        "max": 0.0930982008576,
        "mean": 0.012535312213,
        "median": 0.00830011256039,
        "min": 1.80067181645e-05,
        "var": 0.000188400852494
    },
    "spectral_entropy": {
        "dmean": 0.222648248076,
        "dmean2": 0.322607159615,
        "dvar": 0.0524144470692,
        "dvar2": 0.106148302555,
        "max": 8.48834705353,
        "mean": 7.46812677383,
        "median": 7.48721313477,
        "min": 6.00067567825,
        "var": 0.204501330853
    },
    "spectral_flux": {
        "dmean": 0.0495569445193,
        "dmean2": 0.0714660659432,
        "dvar": 0.00406330963597,
        "dvar2": 0.00755444215611,
        "max": 0.574449658394,
        "mean": 0.115855656564,
        "median": 0.0800975859165,
        "min": 0.00203077145852,
        "var": 0.0110232690349
    },
    "spectral_kurtosis": {
        "dmean": 1.75856983662,
        "dmean2": 2.69740772247,
        "dvar": 5.69969320297,
        "dvar2": 12.6276779175,
        "max": 26.4338569641,
        "mean": 3.77225852013,
        "median": 2.90231895447,
        "min": -1.31159389019,
        "var": 12.022559166
    },
    "spectral_rms": {
        "dmean": 0.0015809716424,
        "dmean2": 0.00208051502705,
        "dvar": 4.51194637208e-06,
        "dvar2": 7.2294956226e-06,
        "max": 0.0223458502442,
        "mean": 0.00754039548337,
        "median": 0.00760172726586,
        "min": 0.000139332260005,
        "var": 1.49181469169e-05
    },
    "spectral_rolloff": {
        "dmean": 320.330688477,
        "dmean2": 546.235351562,
        "dvar": 764828.6875,
        "dvar2": 1817354.25,
        "max": 8764.01367188,
        "mean": 567.93963623,
        "median": 236.865234375,
        "min": 43.06640625,
        "var": 1308579.75
    },
    "spectral_skewness": {
        "dmean": 0.30766621232,
        "dmean2": 0.447078555822,
        "dvar": 0.111346289515,
        "dvar2": 0.226236030459,
        "max": 3.74606275558,
        "mean": 1.5103969574,
        "median": 1.44207298756,
        "min": 0.00341874198057,
        "var": 0.380015254021
    },
    "spectral_spread": {
        "dmean": 782933.5625,
        "dmean2": 1136587.5,
        "dvar": 964285300736,
        "dvar2": 1.99441160602e+12,
        "max": 15615237,
        "mean": 5293641,
        "median": 5126331,
        "min": 1360896.25,
        "var": 2.98491890893e+12
    },
    "spectral_strongpeak": {
        "dmean": 0.23628488183,
        "dmean2": 0.39130410552,
        "dvar": 0.103654928505,
        "dvar2": 0.245725601912,
        "max": 2.45558071136,
        "mean": 0.527106821537,
        "median": 0.436226546764,
        "min": 0,
        "var": 0.142671853304
    },
    "zerocrossingrate": {
        "dmean": 0.010971210897,
        "dmean2": 0.0134782269597,
        "dvar": 0.00017962489801,
        "dvar2": 0.000235290426644,
        "max": 0.2509765625,
        "mean": 0.0349636562169,
        "median": 0.02685546875,
        "min": 0.001953125,
        "var": 0.000968120875768
    },
    "barkbands": {
        "dmean": [0.00179133820347, 0.0298398733139, 0.00417779153213, 0.00255890516564, 0.00275254854932, 0.00207202788442, 0.000824006274343, 0.000791954458691, 0.000374942086637, 0.000276967854006, 0.00013967131963, 0.000122215860756, 0.000133918205393, 8.79409053596e-05, 0.000132678353111, 9.7265241493e-05, 0.000148772101966, 0.00013446615776, 0.000139440977364, 0.000137966810144, 0.000151552841999, 0.000101434110547, 0.000127729726955, 0.000110710047011, 7.2114096838e-05, 1.80558181455e-05, 2.8295250587e-08],
        "dmean2": [0.00260854884982, 0.0434920564294, 0.00691797956824, 0.0045081381686, 0.00447647133842, 0.00344574730843, 0.00146443629637, 0.00133892847225, 0.000616009987425, 0.000393834518036, 0.000212601182284, 0.000201397488127, 0.000223349343287, 0.000138464747579, 0.000224102521315, 0.000168658429175, 0.000257169769611, 0.000225238225539, 0.000209211590118, 0.000209819816519, 0.000240829176619, 0.000157559596119, 0.000206344746402, 0.000169849809026, 0.000110515597044, 2.79555824818e-05, 4.71354724141e-08],
        "dvar": [6.32738328932e-06, 0.00402281945571, 8.53303208714e-05, 4.91934806632e-05, 2.47039715759e-05, 1.73386724782e-05, 4.39219820692e-06, 2.93828315989e-06, 6.55331064081e-07, 4.16823752403e-07, 1.99777545618e-07, 6.96882906936e-08, 2.63782027332e-07, 9.59134069944e-08, 1.27648718262e-07, 6.42825384034e-08, 1.40663715342e-07, 8.14523772874e-08, 5.51900143364e-08, 9.53855305852e-08, 1.18248884462e-07, 4.15975556223e-08, 1.05676427609e-07, 6.06973813433e-08, 3.02242675332e-08, 2.30779062527e-09, 2.81995309943e-14],
        "dvar2": [1.25128462969e-05, 0.00876998528838, 0.000199727597646, 0.000134649540996, 6.60870864522e-05, 4.74380940432e-05, 1.26754575831e-05, 8.02903196018e-06, 1.58094599101e-06, 7.23147991266e-07, 2.74380056453e-07, 1.72366057427e-07, 6.40313260192e-07, 2.36271134213e-07, 3.39448121167e-07, 1.89262976846e-07, 3.8353627474e-07, 2.32468096328e-07, 1.19169683899e-07, 1.90115827081e-07, 2.88091342782e-07, 9.2087660164e-08, 2.74904692787e-07, 1.39369674912e-07, 7.25075466335e-08, 4.9910200417e-09, 6.29371568425e-14],
        "max": [0.0265901368111, 0.473735332489, 0.0751107856631, 0.0584773942828, 0.0526790544391, 0.0364514142275, 0.0152666885406, 0.0151475351304, 0.0127830449492, 0.0120072867721, 0.0141939865425, 0.00322923948988, 0.0158721767366, 0.00979696586728, 0.0051800198853, 0.0031409796793, 0.00297116627917, 0.00358568271622, 0.00338516570628, 0.00583551451564, 0.00389493443072, 0.00264650047757, 0.00313934870064, 0.00327730621211, 0.0019003105117, 0.00114939291961, 4.03814146921e-06],
        "mean": [0.00448670377955, 0.0493655912578, 0.0043894010596, 0.00256479089148, 0.0045336894691, 0.00297865923494, 0.000857145467307, 0.00098539434839, 0.000504843192175, 0.000427950551966, 0.00023065287678, 0.000167155958479, 0.000178634552867, 0.000117056719318, 0.000155033383635, 0.000108547792479, 0.000155117013492, 0.000170832354343, 0.000216379776248, 0.000208957411814, 0.000189271697309, 0.000125551610836, 0.00015479765716, 0.000165550984093, 0.000109612235974, 2.27891432587e-05, 2.10796073929e-08],
        "median": [0.00256594852544, 0.0335362553596, 0.000976223265752, 0.000516867672559, 0.00267741573043, 0.00113967980724, 0.000275103288004, 0.000359609839506, 0.000148687438923, 0.000129717722302, 6.75424744259e-05, 6.53406459605e-05, 6.66459309286e-05, 4.25024663855e-05, 5.05491043441e-05, 4.01555444114e-05, 3.81136633223e-05, 4.65223602077e-05, 6.66904743412e-05, 4.91404025524e-05, 5.16657964909e-05, 2.76471346297e-05, 4.25504949817e-05, 4.89716221637e-05, 3.50232439814e-05, 5.31469504494e-06, 7.43980266282e-10],
        "min": [1.67730569017e-11, 1.44136841351e-10, 1.77689873926e-09, 8.952845576e-09, 1.64404355019e-06, 2.88413525595e-06, 7.5235668362e-08, 2.24283382977e-07, 4.84545637391e-07, 2.5399435799e-07, 1.44537224855e-07, 2.4947118149e-08, 1.54589265833e-08, 4.60536782043e-08, 5.90026623115e-08, 6.65224746399e-08, 4.7675264625e-08, 4.77266510757e-08, 1.56055463663e-07, 7.54113713697e-08, 6.62076899971e-08, 2.80485479287e-09, 4.50136525276e-11, 3.83501785883e-10, 3.57791053729e-11, 1.17528556332e-11, 1.33580178169e-11],
        "var": [2.87374805339e-05, 0.00518869608641, 8.42588269734e-05, 3.88685220969e-05, 3.28459609591e-05, 2.0620333089e-05, 3.21889024235e-06, 3.18504748975e-06, 1.13326666451e-06, 1.12239126793e-06, 8.68053859904e-07, 1.04172649174e-07, 4.35860215475e-07, 1.38877382483e-07, 1.44835169635e-07, 4.94921117422e-08, 1.16130898675e-07, 1.00514299106e-07, 1.32084906568e-07, 2.5790538416e-07, 1.54179403467e-07, 6.23934610644e-08, 1.14221379022e-07, 1.058930863e-07, 4.35608811244e-08, 3.37734396005e-09, 2.58256855842e-14]
    },
    "erbbands": {
        "dmean": [0.994636774063, 6.74465751648, 6.58071136475, 7.72017335892, 5.78072977066, 10.9361743927, 16.7185440063, 17.035867691, 12.5236597061, 12.9776172638, 16.522726059, 9.58879852295, 6.15069103241, 8.33131790161, 6.02826738358, 5.40927648544, 6.21586513519, 4.2573595047, 6.49912023544, 5.6040725708, 5.29168701172, 7.62164783478, 7.07359981537, 7.775598526, 6.44679021835, 6.23109102249, 6.78313064575, 5.46818208694, 3.64183664322, 3.91823792458, 3.59928822517, 2.44400906563, 1.76950705051, 1.04785752296, 0.401077508926, 0.117538489401, 0.0280614495277, 0.00187124370132, 4.97369037475e-05, 3.68968976545e-05],
        "dmean2": [1.37639474869, 10.5315904617, 10.8196783066, 13.1101512909, 9.78809833527, 17.7062988281, 27.2626800537, 28.7186813354, 22.0971927643, 23.0173511505, 27.7689476013, 15.6060123444, 9.77871322632, 11.9346265793, 9.17815685272, 8.67360115051, 10.2818088531, 6.83260154724, 10.7862606049, 9.70369529724, 9.12859725952, 13.2535095215, 11.7973299026, 12.8761758804, 8.97603797913, 9.24044132233, 10.7260513306, 8.65018558502, 5.62867116928, 6.28291893005, 5.86103630066, 3.76972651482, 2.72495317459, 1.59869503975, 0.628089368343, 0.181779563427, 0.0439015440643, 0.00315815093927, 7.46370715206e-05, 4.91262471769e-05],
        "dvar": [2.92817640305, 282.719451904, 282.322357178, 409.771087646, 133.868637085, 428.154785156, 895.483276367, 1483.22180176, 1110.1640625, 1100.24645996, 1381.15270996, 423.986846924, 269.994812012, 494.413543701, 230.144439697, 143.745819092, 608.239257812, 86.4673233032, 345.987335205, 214.536956787, 171.933700562, 411.093658447, 247.412414551, 178.598236084, 158.676452637, 210.033554077, 239.757476807, 150.574874878, 50.1635742188, 91.2184524536, 80.0522232056, 32.8137168884, 15.3782196045, 4.8986825943, 1.45819318295, 0.143449887633, 0.00352950952947, 1.68875321833e-05, 7.00290447853e-09, 4.37729852365e-09],
        "dvar2": [5.26867437363, 684.592285156, 682.910644531, 1092.48388672, 363.771362305, 1149.37426758, 2338.80761719, 4138.32470703, 3206.37744141, 3170.88549805, 3635.64941406, 985.740783691, 669.564697266, 775.342834473, 360.423797607, 340.424560547, 1468.63598633, 199.063858032, 969.424987793, 609.163757324, 484.604614258, 1145.75402832, 696.03717041, 450.771942139, 306.70993042, 410.770874023, 561.950927734, 372.630584717, 110.739082336, 229.421676636, 205.272369385, 75.8718185425, 35.3122787476, 11.4972476959, 3.66531443596, 0.313170820475, 0.00758605962619, 4.12019762734e-05, 1.48664973665e-08, 7.92119969617e-09],
        "max": [14.4961738586, 122.232498169, 125.161132812, 167.653244019, 116.382034302, 253.802139282, 365.220367432, 361.447692871, 301.584381104, 291.939758301, 339.044586182, 359.753570557, 296.357025146, 400.14263916, 455.914093018, 165.76008606, 770.82232666, 277.765808105, 317.772094727, 148.259658813, 151.707000732, 162.564712524, 208.125427246, 151.412719727, 178.478134155, 298.546356201, 230.470596313, 110.553199768, 95.2980651855, 109.581054688, 88.7074279785, 81.9028396606, 46.5161399841, 23.9850120544, 15.5018196106, 9.54537963867, 1.08644008636, 0.0466049127281, 0.00101990881376, 0.000554661848582],
        "mean": [1.85772264004, 9.18632602692, 7.18364524841, 8.16407966614, 7.79884338379, 17.0911750793, 26.7925491333, 22.4081668854, 13.8674669266, 14.1249895096, 20.883687973, 13.9293661118, 8.98321247101, 13.6449356079, 10.2804250717, 8.05753898621, 8.44902515411, 6.16894245148, 8.556183815, 6.7099852562, 6.15016269684, 8.07788181305, 9.20991897583, 11.9147100449, 9.63278865814, 9.60277366638, 9.22388935089, 6.29925775528, 4.47541761398, 4.69776964188, 4.26875686646, 3.43867301941, 2.72118544579, 1.63961219788, 0.528639316559, 0.151666164398, 0.0352757759392, 0.00193030282389, 8.52571465657e-05, 8.61167063704e-05],
        "median": [1.29704046249, 4.4497089386, 2.37921047211, 2.054500103, 3.24187850952, 8.74373531342, 12.5091638565, 8.533203125, 4.52794265747, 5.65136098862, 5.98901987076, 4.38504934311, 3.02181625366, 3.76513409615, 3.55302143097, 3.04907822609, 3.27180361748, 2.46056985855, 2.59785270691, 2.57354044914, 2.16973805428, 2.00209569931, 2.48433899879, 3.73824429512, 2.83153653145, 2.32890629768, 2.51274657249, 1.57983636856, 1.04470002651, 0.999867618084, 1.17129564285, 0.891788005829, 0.782805800438, 0.512451767921, 0.13769325614, 0.0326421931386, 0.00855417829007, 0.000480542628793, 4.56067355117e-05, 6.81895544403e-05],
        "min": [2.40916193661e-08, 3.52089415401e-07, 5.37145797352e-06, 6.25243264949e-05, 0.000689606822561, 0.0120340455323, 0.0446330308914, 0.0285843797028, 0.00615443242714, 0.00351006514393, 0.00548238586634, 0.0139976833016, 0.00761026097462, 0.0043797660619, 0.00472564669326, 0.00143272150308, 0.00101129617542, 0.00202190340497, 0.00221962039359, 0.00512603111565, 0.00330456532538, 0.00229829386808, 0.00401181494817, 0.0098966145888, 0.0026534050703, 0.00347171723843, 0.00397792737931, 0.00187084171921, 0.000610675197095, 0.000154276945977, 0.000220813584747, 3.51991548087e-05, 5.25686627952e-05, 5.1205802265e-06, 4.95224298902e-07, 1.3628145723e-07, 5.74819729593e-08, 1.64219908783e-08, 2.26301182238e-08, 2.42799504946e-08],
        "var": [5.171438694, 278.545318604, 248.661911011, 340.458221436, 141.014083862, 564.333984375, 1341.43127441, 1478.57409668, 833.086425781, 764.868713379, 1716.08117676, 794.803894043, 447.273834229, 1366.05273438, 987.066589355, 263.932769775, 1016.67382812, 183.608581543, 536.977661133, 179.84197998, 142.998001099, 321.073242188, 294.537689209, 349.572692871, 395.897216797, 570.36895752, 380.487609863, 175.446762085, 78.3852767944, 104.213493347, 87.9858474731, 51.0851287842, 28.3027477264, 8.46043491364, 1.61908912659, 0.19519340992, 0.00588933844119, 1.73660700966e-05, 1.17364766794e-08, 8.31759106035e-09]
    },
    "gfcc": {
        "mean": [-19.3460254669, 99.8706588745, -87.7152023315, 49.6382865906, -60.8245887756, 19.4917469025, -36.2813339233, 14.1853990555, -20.4332809448, 5.1126332283, -2.25121951103, 0.133963659406, 1.5830899477],
        "cov": [[6379.18017578, -290.040405273, 970.005004883, 815.17590332, 607.814880371, 760.980529785, 128.188293457, 663.382324219, 27.5829963684, 356.068328857, -67.1682739258, 130.316268921, -372.869567871], [-290.040405273, 1739.95397949, 326.608428955, -142.004806519, 760.429138184, 201.124038696, 495.615753174, -30.7933368683, 334.90435791, -39.2335853577, 221.278884888, -83.9889526367, 27.5513401031], [970.005004883, 326.608428955, 891.6875, 224.062240601, 449.830688477, 335.691986084, 160.756317139, 173.988830566, 143.339828491, 156.836288452, 65.5398025513, 112.684272766, -98.9501113892], [815.17590332, -142.004806519, 224.062240601, 795.529602051, 286.178009033, 281.868438721, 163.985214233, 56.1700668335, 187.804656982, -13.8189382553, 42.5285072327, 15.2412424088, -64.2581176758], [607.814880371, 760.429138184, 449.830688477, 286.178009033, 859.261535645, 375.188201904, 390.373138428, 175.320159912, 227.613677979, 83.7481155396, 113.919502258, 0.811355948448, -25.1021499634], [760.980529785, 201.124038696, 335.691986084, 281.868438721, 375.188201904, 513.204406738, 258.338409424, 130.489639282, 162.880004883, 74.5581741333, 82.9169616699, 5.39630460739, -61.7042236328], [128.188293457, 495.615753174, 160.756317139, 163.985214233, 390.373138428, 258.338409424, 402.087890625, 22.9470291138, 181.309204102, 11.4025802612, 89.9880905151, -33.3103065491, -17.7819671631], [663.382324219, -30.7933368683, 173.988830566, 56.1700668335, 175.320159912, 130.489639282, 22.9470291138, 286.407806396, 8.70422172546, 93.2112808228, 32.4195861816, 17.5650348663, -0.268059909344], [27.5829963684, 334.90435791, 143.339828491, 187.804656982, 227.613677979, 162.880004883, 181.309204102, 8.70422172546, 247.83354187, 0.246141433716, 71.2696685791, -2.23250365257, -23.3127441406], [356.068328857, -39.2335853577, 156.836288452, -13.8189382553, 83.7481155396, 74.5581741333, 11.4025802612, 93.2112808228, 0.246141433716, 131.053466797, 6.56268501282, 34.5200805664, -18.1573619843], [-67.1682739258, 221.278884888, 65.5398025513, 42.5285072327, 113.919502258, 82.9169616699, 89.9880905151, 32.4195861816, 71.2696685791, 6.56268501282, 138.82270813, -12.1865329742, 31.4716434479], [130.316268921, -83.9889526367, 112.684272766, 15.2412424088, 0.811355948448, 5.39630460739, -33.3103065491, 17.5650348663, -2.23250365257, 34.5200805664, -12.1865329742, 112.849990845, -28.5564174652], [-372.869567871, 27.5513401031, -98.9501113892, -64.2581176758, -25.1021499634, -61.7042236328, -17.7819671631, -0.268059909344, -23.3127441406, -18.1573619843, 31.4716434479, -28.5564174652, 126.405441284]],
        "icov": [[0.000362454040442, -0.000276166101685, -2.02060309675e-05, -0.000479945796542, 0.000234758641454, -0.000304735207465, 0.000136521732202, -0.000668029475491, 0.000569467432797, -0.000533559243195, 0.000400696473662, 1.74463675648e-05, 0.000717773858923], [-0.000276166101685, 0.00307557499036, -0.000730575411581, 0.00238559977151, -0.00254429178312, 0.00116778363008, -0.00103338528425, 0.00149134721141, -0.00256071495824, 0.00254372903146, -0.00236776238307, 0.00132047361694, -0.000140633928822], [-2.02060309675e-05, -0.000730575411581, 0.00252788886428, -0.000559520558454, -0.000252607977018, -0.000855716411024, 0.000737527036108, -0.000257320934907, 0.000258129177382, -0.00188001629431, 4.95878375659e-05, -0.00188866315875, 0.000767895253375], [-0.000479945796542, 0.00238559977151, -0.000559520558454, 0.00389195443131, -0.00222365371883, 0.000287718401523, -0.000497750006616, 0.00139675475657, -0.0031573837623, 0.00327903870493, -0.00172182021197, 0.000674965674989, -0.0002935451339], [0.000234758641454, -0.00254429178312, -0.000252607977018, -0.00222365371883, 0.00517523055896, -0.00104039348662, -0.00137537776027, -0.00231979321688, 0.0016067835968, -0.0022359136492, 0.00209752260707, -0.000827137788292, -0.000493560684845], [-0.000304735207465, 0.00116778363008, -0.000855716411024, 0.000287718401523, -0.00104039348662, 0.00498359976336, -0.00215651234612, -5.19827190146e-05, -0.00143344944809, 0.000187086683582, -0.00173939799424, 0.00107714079786, 0.000684519065544], [0.000136521732202, -0.00103338528425, 0.000737527036108, -0.000497750006616, -0.00137537776027, -0.00215651234612, 0.0068817269057, 0.000750292267185, -0.000915318087209, -0.00074969464913, -0.00025579490466, 0.000755323970225, 0.000553926627617], [-0.000668029475491, 0.00149134721141, -0.000257320934907, 0.00139675475657, -0.00231979321688, -5.19827190146e-05, 0.000750292267185, 0.0070883478038, -0.00102717522532, -0.00121640553698, -0.00215258868411, 0.000747853715438, -0.00181174639147], [0.000569467432797, -0.00256071495824, 0.000258129177382, -0.0031573837623, 0.0016067835968, -0.00143344944809, -0.000915318087209, -0.00102717522532, 0.0099678626284, -0.0018200337654, 6.82637255522e-05, -0.00128356693313, 0.00159331492614], [-0.000533559243195, 0.00254372903146, -0.00188001629431, 0.00327903870493, -0.0022359136492, 0.000187086683582, -0.00074969464913, -0.00121640553698, -0.0018200337654, 0.014985925518, -0.00171241676435, -0.000980262761004, -0.000371967849787], [0.000400696473662, -0.00236776238307, 4.95878375659e-05, -0.00172182021197, 0.00209752260707, -0.00173939799424, -0.00025579490466, -0.00215258868411, 6.82637255522e-05, -0.00171241676435, 0.0123462453485, -0.000630470050965, -0.00306122284383], [1.74463675648e-05, 0.00132047361694, -0.00188866315875, 0.000674965674989, -0.000827137788292, 0.00107714079786, 0.000755323970225, 0.000747853715438, -0.00128356693313, -0.000980262761004, -0.000630470050965, 0.0123053556308, 0.00165706605185], [0.000717773858923, -0.000140633928822, 0.000767895253375, -0.0002935451339, -0.000493560684845, 0.000684519065544, 0.000553926627617, -0.00181174639147, 0.00159331492614, -0.000371967849787, -0.00306122284383, 0.00165706605185, 0.0121980197728]]
    },
    "melbands": {
        "dmean": [0.00834552757442, 0.00545278657228, 0.00118746294174, 0.000555125414394, 0.000582657346968, 0.00037938420428, 0.000184406831977, 0.000147579979966, 0.000127698585857, 5.39422908332e-05, 3.04022814817e-05, 3.6036963138e-05, 1.99018031708e-05, 1.49208981384e-05, 1.39032836159e-05, 1.17323725135e-05, 8.28234351502e-06, 1.03011743704e-05, 8.74773286341e-06, 8.19906563265e-06, 6.28260249869e-06, 8.84832388692e-06, 5.99029908699e-06, 7.18333876648e-06, 6.66705636831e-06, 5.25336736246e-06, 4.33543482359e-06, 4.26386486652e-06, 4.72152032671e-06, 3.74864112018e-06, 3.05473554363e-06, 2.29023544307e-06, 1.75407126335e-06, 2.48210199061e-06, 2.416332336e-06, 1.51817584992e-06, 1.5968413436e-06, 1.37940685363e-06, 1.10898190542e-06, 8.50877938774e-07],
        "dmean2": [0.0118376594037, 0.00869212206453, 0.00201734318398, 0.000898674072232, 0.000951931520831, 0.000639881181996, 0.000324609602103, 0.000259235297563, 0.000214329571463, 8.7642321887e-05, 4.82656068925e-05, 5.10305035277e-05, 2.98539544019e-05, 2.46529180004e-05, 2.29184643104e-05, 1.96234450414e-05, 1.31971755764e-05, 1.69129070855e-05, 1.47988639583e-05, 1.43602555909e-05, 1.08148096842e-05, 1.55630987138e-05, 1.00676661532e-05, 1.19008045658e-05, 1.11657409434e-05, 7.64355809224e-06, 6.43240628051e-06, 6.57249756841e-06, 7.69340022089e-06, 6.15907856627e-06, 4.81802362629e-06, 3.60463718607e-06, 2.74993203675e-06, 4.0763807192e-06, 4.03468584409e-06, 2.33533455685e-06, 2.5207177714e-06, 2.10924645216e-06, 1.73646606072e-06, 1.33703076699e-06],
        "dvar": [0.000257374136709, 0.000197922505322, 8.9493505584e-06, 1.12937846097e-06, 1.04842740711e-06, 7.01258670688e-07, 2.307792073e-07, 1.34747352831e-07, 8.32995752376e-08, 1.28615562645e-08, 6.7589231989e-09, 9.63673230103e-09, 4.23650536874e-09, 8.78317862885e-10, 1.97366212262e-09, 1.53944335057e-09, 4.42980319093e-10, 9.7181318548e-10, 5.17057785476e-10, 4.92011931197e-10, 2.15902809519e-10, 5.98350147207e-10, 2.00127484029e-10, 2.27074345438e-10, 1.31270105896e-10, 1.02600004881e-10, 1.13470406682e-10, 9.96165164246e-11, 1.29372262903e-10, 7.08704900321e-11, 4.55654819431e-11, 2.02350271955e-11, 1.40998037898e-11, 4.26989311963e-11, 4.06768715933e-11, 1.12459338716e-11, 1.42318891047e-11, 9.76278693304e-12, 4.81238876873e-12, 3.50851053939e-12],
        "dvar2": [0.000508972094394, 0.000482279137941, 2.36399337155e-05, 3.0330388654e-06, 2.78801053355e-06, 1.95268671632e-06, 6.66412859118e-07, 3.87359079923e-07, 2.20147128971e-07, 2.98136910715e-08, 1.66128515389e-08, 1.5202497039e-08, 5.52808554488e-09, 2.13939732596e-09, 4.70256011909e-09, 3.87687615344e-09, 1.03858477374e-09, 2.81398748747e-09, 1.40146083627e-09, 1.45399647877e-09, 5.86786841339e-10, 1.67411551288e-09, 5.14748965674e-10, 6.45207165473e-10, 3.31830118938e-10, 2.07645220462e-10, 2.25672286414e-10, 2.12136336275e-10, 3.19085036171e-10, 1.65829946996e-10, 1.12752841785e-10, 4.52928111683e-11, 3.22088224147e-11, 1.1262220323e-10, 1.07826199358e-10, 2.51469713108e-11, 3.41814493376e-11, 2.20817149288e-11, 1.13799239129e-11, 8.48369031275e-12],
        "max": [0.121189899743, 0.0978867784142, 0.0245656780899, 0.0135618979111, 0.0131470281631, 0.00766442669556, 0.00407518493012, 0.0032452782616, 0.00250998744741, 0.00198001414537, 0.0014599080896, 0.0018063718453, 0.00211824849248, 0.000372024282115, 0.00131918874104, 0.00113552983385, 0.000675265036989, 0.000643713050522, 0.000256520725088, 0.000220497793634, 0.000142251883517, 0.00020299256721, 0.000205173157156, 0.000250131764915, 0.000123721329146, 0.000142646254972, 0.00022860809986, 0.000194915817701, 0.000143496334204, 0.00012118871382, 6.33941453998e-05, 6.81660676491e-05, 4.2372084863e-05, 7.88480028859e-05, 6.04452106927e-05, 4.53474967799e-05, 5.14701096108e-05, 4.00091557822e-05, 2.4085124096e-05, 2.20040528802e-05],
        "mean": [0.0153180882335, 0.00678205909207, 0.00132327596657, 0.000873311830219, 0.000950276793446, 0.000505309319124, 0.000198812165763, 0.000163118151249, 0.000163888718816, 7.68124882597e-05, 4.30031395808e-05, 5.66062662983e-05, 3.419024506e-05, 2.21614227485e-05, 1.97335630219e-05, 1.52016173161e-05, 1.12014040496e-05, 1.34827141665e-05, 1.0095943253e-05, 8.74508896231e-06, 6.9892130341e-06, 8.72161763255e-06, 7.37658047001e-06, 9.08205038286e-06, 9.81592984317e-06, 7.5932434811e-06, 6.35389187664e-06, 6.34259049548e-06, 6.27181725577e-06, 4.4527969294e-06, 3.36836910719e-06, 2.66446045316e-06, 2.12148279388e-06, 2.87497277895e-06, 2.62175490207e-06, 2.0511929506e-06, 2.12302188629e-06, 1.96277756004e-06, 1.73650300894e-06, 1.24550638247e-06],
        "median": [0.0110305733979, 0.00275041954592, 0.000377249351004, 0.000407303450629, 0.000494939275086, 0.00019222679839, 6.01402171014e-05, 6.65618426865e-05, 4.45239638793e-05, 2.23502411245e-05, 1.38251925819e-05, 1.40935453601e-05, 1.06024708657e-05, 9.01452585822e-06, 7.8186576502e-06, 5.67873394175e-06, 4.40146141045e-06, 3.81193285648e-06, 3.50439927388e-06, 3.09795041176e-06, 2.32207503359e-06, 2.05886772164e-06, 1.9287952e-06, 2.46814170168e-06, 2.95397262562e-06, 2.17518913814e-06, 1.4236146626e-06, 1.4799662722e-06, 1.6181797946e-06, 1.15508680665e-06, 7.27108044885e-07, 6.16357510808e-07, 4.33463327454e-07, 6.39040592887e-07, 6.6462837367e-07, 4.81382926409e-07, 5.40311248187e-07, 5.17708656389e-07, 5.45525040252e-07, 3.64286677268e-07],
