{
"highlevel": {
    "danceability": {
        "all": {
            "danceable": 0.999175429344,
            "not_danceable": 0.00082459661644
        },
        "probability": 0.999175429344,
        "value": "danceable"
    },
    "gender": {
        "all": {
            "female": 0.528913915157,
            "male": 0.471086084843
        },
        "probability": 0.528913915157,
        "value": "female"
    },
    "genre_dortmund": {
        "all": {
            "alternative": 0.00966470688581,
            "blues": 0.120885968208,
            "electronic": 0.0421332865953,
            "folkcountry": 0.0293236076832,
            "funksoulrnb": 0.0957838445902,
            "jazz": 0.105655699968,
            "pop": 0.0471553616226,
            "raphiphop": 0.513484358788,
            "rock": 0.0359131395817
        },
        "probability": 0.513484358788,
        "value": "raphiphop"
    },
    "genre_electronic": {
        "all": {
            "ambient": 0.334552079439,
            "dnb": 0.376234024763,
            "house": 0.22370608151,
            "techno": 0.0151490513235,
            "trance": 0.0503587387502
        },
        "probability": 0.376234024763,
        "value": "dnb"
    },
    "genre_rosamerica": {
        "all": {
            "cla": 0.0400370508432,
            "dan": 0.0377036966383,
            "hip": 0.23542830348,
            "jaz": 0.130676239729,
            "pop": 0.32823702693,
            "rhy": 0.164959430695,
            "roc": 0.0481972955167,
            "spe": 0.0147609580308
        },
        "probability": 0.32823702693,
        "value": "pop"
    },
    "genre_tzanetakis": {
        "all": {
            "blu": 0.0610442385077,
            "cla": 0.0339068844914,
            "cou": 0.0610288381577,
            "dis": 0.0508533753455,
            "hip": 0.152552962303,
            "jaz": 0.15253444016,
            "met": 0.0610075257719,
            "pop": 0.0610079243779,
            "reg": 0.0610093250871,
            "roc": 0.305054485798
        },
        "probability": 0.305054485798,
        "value": "roc"
    },
    "ismir04_rhythm": {
        "all": {
            "ChaChaCha": 0.0385194867849,
            "Jive": 0.0318902507424,
            "Quickstep": 0.429616987705,
            "Rumba-American": 0.0175196751952,
            "Rumba-International": 0.0189109742641,
            "Rumba-Misc": 0.0117184594274,
            "Samba": 0.354767143726,
            "Tango": 0.0288730449975,
            "VienneseWaltz": 0.0520741790533,
            "Waltz": 0.0161098279059
        },
        "probability": 0.429616987705,
        "value": "Quickstep"
    },
    "mood_acoustic": {
        "all": {
            "acoustic": 0.169162690639,
            "not_acoustic": 0.830837309361
        },
        "probability": 0.830837309361,
        "value": "not_acoustic"
    },
    "mood_aggressive": {
        "all": {
            "aggressive": 0.294769406319,
            "not_aggressive": 0.705230593681
        },
        "probability": 0.705230593681,
        "value": "not_aggressive"
    },
    "mood_electronic": {
        "all": {
            "electronic": 0.635357737541,
            "not_electronic": 0.364642262459
        },
        "probability": 0.635357737541,
        "value": "electronic"
    },
    "mood_happy": {
        "all": {
            "happy": 0.868188619614,
            "not_happy": 0.131811365485
        },
        "probability": 0.868188619614,
        "value": "happy"
    },
    "mood_party": {
        "all": {
            "not_party": 0.539692699909,
            "party": 0.460307329893
        },
        "probability": 0.539692699909,
        "value": "not_party"
    },
    "mood_relaxed": {
        "all": {
            "not_relaxed": 0.701184213161,
            "relaxed": 0.298815816641
        },
        "probability": 0.701184213161,
        "value": "not_relaxed"
    },
    "mood_sad": {
        "all": {
            "not_sad": 0.798512339592,
            "sad": 0.201487675309
        },
        "probability": 0.798512339592,
        "value": "not_sad"
    },
    "moods_mirex": {
        "all": {
            "Cluster1": 0.149638593197,
            "Cluster2": 0.417054951191,
            "Cluster3": 0.120579145849,
            "Cluster4": 0.288069665432,
            "Cluster5": 0.0246576480567
        },
        "probability": 0.417054951191,
        "value": "Cluster2"
    },
    "timbre": {
        "all": {
            "bright": 0.987479627132,
            "dark": 0.0125203887001
        },
        "probability": 0.987479627132,
        "value": "bright"
    },
    "tonal_atonal": {
        "all": {
            "atonal": 0.00376644660719,
            "tonal": 0.996233582497
        },
        "probability": 0.996233582497,
        "value": "tonal"
    },
    "voice_instrumental": {
        "all": {
            "instrumental": 0.315717250109,
            "voice": 0.684282779694
        },
        "probability": 0.684282779694,
        "value": "voice"
    }
},
"lowlevel": {
    "average_loudness": 0.9688398242,
    "barkbands_crest": {
        "dmean": 3.7455394268,
        "dmean2": 5.88074970245,
        "dvar": 12.8250112534,
        "dvar2": 28.8856105804,
        "max": 26.2746124268,
        "mean": 12.5819454193,
        "median": 11.076874733,
        "min": 2.24043774605,
        "var": 37.9305458069
    },
    "barkbands_flatness_db": {
        "dmean": 0.0338338129222,
        "dmean2": 0.0490458086133,
        "dvar": 0.00111709733028,
        "dvar2": 0.00212049065158,
        "max": 0.50985455513,
        "mean": 0.178842842579,
        "median": 0.171778991818,
        "min": 0.0455542467535,
        "var": 0.00446005538106
    },
    "barkbands_kurtosis": {
        "dmean": 7.92156362534,
        "dmean2": 11.7964067459,
        "dvar": 586.522094727,
        "dvar2": 1245.24707031,
        "max": 394.04989624,
        "mean": 10.9696989059,
        "median": 1.59898042679,
        "min": -1.81427037716,
        "var": 1363.35083008
    },
    "barkbands_skewness": {
        "dmean": 0.852414548397,
        "dmean2": 1.22995007038,
        "dvar": 1.27268791199,
        "dvar2": 2.65160655975,
        "max": 17.0872039795,
        "mean": 1.59454667568,
        "median": 0.9448376894,
        "min": -2.70701503754,
        "var": 6.22889137268
    },
    "barkbands_spread": {
        "dmean": 7.47685575485,
        "dmean2": 11.7396144867,
        "dvar": 87.760559082,
        "dvar2": 184.910308838,
        "max": 83.5985031128,
        "mean": 20.0709609985,
        "median": 15.7549667358,
        "min": 0.179929792881,
        "var": 229.820892334
    },
    "dissonance": {
        "dmean": 0.0266907997429,
        "dmean2": 0.0440771281719,
        "dvar": 0.000595097721089,
        "dvar2": 0.00157838081941,
        "max": 0.500000178814,
        "mean": 0.456821471453,
        "median": 0.46518138051,
        "min": 0.333427935839,
        "var": 0.00111559173092
    },
    "dynamic_complexity": 2.19354844093,
    "erbbands_crest": {
        "dmean": 4.04147434235,
        "dmean2": 6.45808649063,
        "dvar": 13.3094263077,
        "dvar2": 30.5801582336,
        "max": 31.1362190247,
        "mean": 11.4258737564,
        "median": 10.1192302704,
        "min": 2.63381671906,
        "var": 31.7108345032
    },
    "erbbands_flatness_db": {
        "dmean": 0.0275655128062,
        "dmean2": 0.0404234267771,
        "dvar": 0.000607043562923,
        "dvar2": 0.00116101838648,
        "max": 0.392548888922,
        "mean": 0.197032988071,
        "median": 0.19225075841,
        "min": 0.0463418886065,
        "var": 0.00520211691037
    },
    "erbbands_kurtosis": {
        "dmean": 1.79845607281,
        "dmean2": 2.88718104362,
        "dvar": 7.03852653503,
        "dvar2": 16.7195491791,
        "max": 24.0140209198,
        "mean": 1.50243079662,
        "median": 0.298738479614,
        "min": -1.7277173996,
        "var": 12.0706138611
    },
    "erbbands_skewness": {
        "dmean": 0.570110440254,
        "dmean2": 0.858076751232,
        "dvar": 0.306954503059,
        "dvar2": 0.660159230232,
        "max": 4.72089338303,
        "mean": 0.553501546383,
        "median": 0.487710773945,
        "min": -2.96026754379,
        "var": 0.981901288033
    },
    "erbbands_spread": {
        "dmean": 9.95088386536,
        "dmean2": 15.1631317139,
        "dvar": 126.60408783,
        "dvar2": 304.02130127,
        "max": 157.902084351,
        "mean": 32.457244873,
        "median": 25.2696838379,
        "min": 3.1513299942,
        "var": 504.428405762
    },
    "hfc": {
        "dmean": 12.5258769989,
        "dmean2": 19.7782459259,
        "dvar": 305.157928467,
        "dvar2": 770.429199219,
        "max": 137.812637329,
        "mean": 24.3742599487,
        "median": 18.4815425873,
        "min": 0.456536620855,
        "var": 476.898010254
    },
    "melbands_crest": {
        "dmean": 4.43471622467,
        "dmean2": 6.83969831467,
        "dvar": 16.319355011,
        "dvar2": 37.8449249268,
        "max": 35.3789024353,
        "mean": 16.8381958008,
        "median": 15.3880167007,
        "min": 3.11045074463,
        "var": 59.649143219
    },
    "melbands_flatness_db": {
        "dmean": 0.0381456576288,
        "dmean2": 0.0549790672958,
        "dvar": 0.0016488955589,
        "dvar2": 0.00300895120017,
        "max": 0.64539963007,
        "mean": 0.204092308879,
        "median": 0.189520820975,
        "min": 0.0367090031505,
        "var": 0.00803691614419
    },
    "melbands_kurtosis": {
        "dmean": 15.2250881195,
        "dmean2": 22.5251064301,
        "dvar": 1725.86376953,
        "dvar2": 4248.34570312,
        "max": 808.959655762,
        "mean": 26.0572490692,
        "median": 4.22008991241,
        "min": -1.78954994678,
        "var": 5049.79443359
    },
    "melbands_skewness": {
        "dmean": 1.02792835236,
        "dmean2": 1.51287484169,
        "dvar": 1.85237014294,
        "dvar2": 4.07157945633,
        "max": 22.2861156464,
        "mean": 2.52151870728,
        "median": 1.49708449841,
        "min": -1.94312989712,
        "var": 11.3115329742
    },
    "melbands_spread": {
        "dmean": 10.1456279755,
        "dmean2": 15.7468080521,
        "dvar": 247.687789917,
        "dvar2": 546.488647461,
        "max": 204.031433105,
        "mean": 25.8052558899,
        "median": 21.2173194885,
        "min": 0.271015793085,
        "var": 525.071105957
    },
    "pitch_salience": {
        "dmean": 0.0962705314159,
        "dmean2": 0.149898201227,
        "dvar": 0.00863514468074,
        "dvar2": 0.0199874620885,
        "max": 0.815954446793,
        "mean": 0.507661759853,
        "median": 0.542214810848,
        "min": 0.0519797690213,
        "var": 0.0317779369652
    },
    "silence_rate_20dB": {
        "dmean": 0,
        "dmean2": 0,
        "dvar": 0,
        "dvar2": 0,
        "max": 1,
        "mean": 1,
        "median": 1,
        "min": 1,
        "var": 0
    },
    "silence_rate_30dB": {
        "dmean": 0.0030959751457,
        "dmean2": 0.00619674660265,
        "dvar": 0.00308634224348,
        "dvar2": 0.00925676058978,
        "max": 1,
        "mean": 0.998453199863,
        "median": 1,
        "min": 0,
        "var": 0.0015443895245
    },
    "silence_rate_60dB": {
        "dmean": 0.0232198145241,
        "dmean2": 0.0464756004512,
        "dvar": 0.0226809084415,
        "dvar2": 0.0567083545029,
        "max": 1,
        "mean": 0.0201082751155,
        "median": 0,
        "min": 0,
        "var": 0.0197039488703
    },
    "spectral_centroid": {
        "dmean": 351.456390381,
        "dmean2": 542.294067383,
        "dvar": 165024,
        "dvar2": 339961.09375,
        "max": 4731.1953125,
        "mean": 1568.16662598,
        "median": 1486.01660156,
        "min": 130.28074646,
        "var": 448048.3125
    },
    "spectral_complexity": {
        "dmean": 5.18266248703,
        "dmean2": 8.08675479889,
        "dvar": 50.8026237488,
        "dvar2": 111.115379333,
        "max": 57,
        "mean": 15.8236656189,
        "median": 14,
        "min": 0,
        "var": 86.6495666504
    },
    "spectral_decrease": {
        "dmean": 2.90234192235e-09,
        "dmean2": 4.55120163778e-09,
        "dvar": 1.55971555029e-17,
        "dvar2": 3.69742686232e-17,
        "max": -1.95911342704e-10,
        "mean": -6.11502048997e-09,
        "median": -4.48094317207e-09,
        "min": -3.33681384745e-08,
        "var": 2.89015417101e-17
    },
    "spectral_energy": {
        "dmean": 0.0119012305513,
        "dmean2": 0.0186849795282,
        "dvar": 0.000247088784818,
        "dvar2": 0.00058946054196,
        "max": 0.128022402525,
        "mean": 0.0252902843058,
        "median": 0.0190689917654,
        "min": 0.000879322818946,
        "var": 0.000445153214969
    },
    "spectral_energyband_high": {
        "dmean": 0.000650713103823,
        "dmean2": 0.00102293503005,
        "dvar": 1.91023309526e-06,
        "dvar2": 4.35199171989e-06,
        "max": 0.0208829250187,
        "mean": 0.000885962450411,
        "median": 0.000356941483915,
        "min": 6.63665616685e-07,
        "var": 2.90175421469e-06
    },
    "spectral_energyband_low": {
        "dmean": 0.00371874379925,
        "dmean2": 0.00567611726001,
        "dvar": 0.000122435027151,
        "dvar2": 0.000276379898423,
        "max": 0.103913471103,
        "mean": 0.00825914740562,
        "median": 0.00154862273484,
        "min": 3.32086536048e-08,
        "var": 0.000306670088321
    },
    "spectral_energyband_middle_high": {
        "dmean": 0.00456859590486,
        "dmean2": 0.00755873601884,
        "dvar": 5.22190566699e-05,
        "dvar2": 0.000138583476655,
        "max": 0.0762494951487,
        "mean": 0.00836802180856,
        "median": 0.00442100362852,
        "min": 2.27232103498e-05,
        "var": 0.00010225691949
    },
    "spectral_energyband_middle_low": {
        "dmean": 0.00632635736838,
        "dmean2": 0.0100877117366,
        "dvar": 0.000106776300527,
        "dvar2": 0.000265399896307,
        "max": 0.118208691478,
        "mean": 0.00847066380084,
        "median": 0.00419331295416,
        "min": 3.47296809196e-05,
        "var": 0.000124259808217
    },
    "spectral_entropy": {
        "dmean": 0.255409300327,
        "dmean2": 0.370357006788,
        "dvar": 0.0625086426735,
        "dvar2": 0.116426214576,
        "max": 8.62643623352,
        "mean": 7.45840501785,
        "median": 7.46703052521,
        "min": 5.18947410583,
        "var": 0.234703734517
    },
    "spectral_flux": {
        "dmean": 0.0380064956844,
        "dmean2": 0.0600009672344,
        "dvar": 0.00179512624163,
        "dvar2": 0.00313932448626,
        "max": 0.332097202539,
        "mean": 0.0933191105723,
        "median": 0.0782832503319,
        "min": 0.00753833865747,
        "var": 0.00330530712381
    },
    "spectral_kurtosis": {
        "dmean": 2.18705534935,
        "dmean2": 3.53212285042,
        "dvar": 7.8195476532,
        "dvar2": 21.0011329651,
        "max": 46.3416023254,
        "mean": 5.17488336563,
        "median": 4.26130819321,
        "min": -0.920829534531,
        "var": 16.1384277344
    },
    "spectral_rms": {
        "dmean": 0.00113193062134,
        "dmean2": 0.00171689304989,
        "dvar": 1.54611495873e-06,
        "dvar2": 3.43548731507e-06,
        "max": 0.0111758625135,
        "mean": 0.00459469854832,
        "median": 0.00431322306395,
        "min": 0.000926215900108,
        "var": 3.56218470188e-06
    },
    "spectral_rolloff": {
        "dmean": 676.263977051,
        "dmean2": 1110.23669434,
        "dvar": 1320764.375,
        "dvar2": 2819454.5,
        "max": 9797.60742188,
        "mean": 1818.23352051,
        "median": 1528.85742188,
        "min": 64.599609375,
        "var": 2617863.75
    },
    "spectral_skewness": {
        "dmean": 0.299637496471,
        "dmean2": 0.463404297829,
        "dvar": 0.0896198451519,
        "dvar2": 0.219590574503,
        "max": 4.12521505356,
        "mean": 1.65034472942,
        "median": 1.60367572308,
        "min": -0.0691211745143,
        "var": 0.244437947869
    },
    "spectral_spread": {
        "dmean": 780531.25,
        "dmean2": 1168233.25,
        "dvar": 760987713536,
        "dvar2": 1.58542476083e+12,
        "max": 12403062,
        "mean": 4488615.5,
        "median": 4147039,
        "min": 1040942.375,
        "var": 3.00708370842e+12
    },
    "spectral_strongpeak": {
        "dmean": 0.865085184574,
        "dmean2": 1.41244494915,
        "dvar": 1.53529405594,
        "dvar2": 3.71210813522,
        "max": 13.1438560486,
        "mean": 1.63466787338,
        "median": 0.851286411285,
        "min": 0,
        "var": 3.3624587059
    },
    "zerocrossingrate": {
        "dmean": 0.0143166175112,
        "dmean2": 0.0167638193816,
        "dvar": 0.000285267364234,
        "dvar2": 0.000316232675686,
        "max": 0.29150390625,
        "mean": 0.0692275539041,
        "median": 0.0625,
        "min": 0.00244140625,
        "var": 0.00162117404398
    },
    "barkbands": {
        "dmean": [0.000155878718942, 0.00317595317028, 0.00136652518995, 0.000808096723631, 0.000998674426228, 0.000650724512525, 0.00089756003581, 0.00160618277732, 0.00211878260598, 0.00177849282045, 0.000737437920179, 0.000666511885356, 0.000512539700139, 0.000498714391142, 0.000652382092085, 0.000577134196647, 0.000545295595657, 0.000574564444833, 0.00024797039805, 0.000159637114848, 0.000140269708936, 0.000151254644152, 0.000143904951983, 9.98242539936e-05, 7.34822679078e-05, 5.04223753524e-05, 6.8572930445e-08],
        "dmean2": [0.000221404596232, 0.0045343101956, 0.00252378196456, 0.00146244594362, 0.00175330368802, 0.00107318570372, 0.00151067529805, 0.00252856453881, 0.00338665116578, 0.002933828393, 0.00123968021944, 0.00113654963206, 0.000785112089943, 0.000827865675092, 0.00109066069126, 0.000971956993453, 0.000874008925166, 0.000925885047764, 0.000413030968048, 0.000261160254013, 0.000238549648202, 0.000243405418587, 0.000223308292334, 0.000157952221343, 0.000116084716865, 8.02881913842e-05, 1.27003204398e-07],
        "dvar": [1.82842342156e-07, 7.93745493866e-05, 4.33636196249e-05, 1.47040145748e-05, 7.93829531176e-06, 2.690451538e-06, 9.35674324865e-06, 2.79297128145e-05, 2.82678174699e-05, 2.99851581076e-05, 2.64233108282e-06, 2.22547305384e-06, 1.447063255e-06, 1.09694622097e-06, 2.00075578505e-06, 1.9836145384e-06, 2.13209887079e-06, 1.63627441907e-06, 2.97619379808e-07, 1.00114206703e-07, 1.05210730794e-07, 1.85737462743e-07, 1.30704009393e-07, 5.70050850968e-08, 2.72115379119e-08, 2.09062491763e-08, 8.32937302572e-14],
        "dvar2": [3.4490528833e-07, 0.000152985798195, 0.000123946214444, 4.18751114921e-05, 2.21257305384e-05, 7.04506192051e-06, 2.3532547857e-05, 6.56548509141e-05, 6.48051354801e-05, 7.94676307123e-05, 6.67184940539e-06, 6.10569441051e-06, 2.86701470031e-06, 2.58953673438e-06, 5.33346792508e-06, 5.21238143847e-06, 5.0111211749e-06, 4.06599838243e-06, 7.66846994793e-07, 2.61229217813e-07, 2.75684612916e-07, 4.17813112108e-07, 2.90937293812e-07, 1.28928803633e-07, 6.1376631777e-08, 4.32901963165e-08, 2.36569417484e-13],
        "max": [0.00517400214449, 0.094186976552, 0.0617769435048, 0.0431727021933, 0.0238352790475, 0.0336546674371, 0.0425471439958, 0.0816565975547, 0.116897277534, 0.0973251909018, 0.0206583440304, 0.0161487460136, 0.0308129638433, 0.0162545219064, 0.0186004694551, 0.0216632839292, 0.0207327380776, 0.0235665291548, 0.00640919152647, 0.0042753177695, 0.00493236072361, 0.00696349842474, 0.00783783104271, 0.00338290352374, 0.00257336464711, 0.00240556360222, 4.31163698522e-06],
        "mean": [0.00026645991602, 0.0068173171021, 0.000858230283484, 0.000589548901189, 0.000934192503337, 0.000830892240629, 0.000967917847447, 0.0018097423017, 0.00254516582936, 0.00257108709775, 0.000939208432101, 0.000883881933987, 0.000685548351612, 0.000603442720603, 0.000716977461707, 0.000632181589026, 0.000630020513199, 0.000757685105782, 0.000282666034764, 0.000179106544238, 0.000144291974721, 0.000182806383236, 0.000183344294783, 0.000124996164232, 8.85961999302e-05, 6.4963263867e-05, 4.15935623721e-08],
        "median": [1.26897839436e-05, 0.00138982315548, 2.42045516643e-05, 1.26916384033e-05, 0.000196924127522, 0.000347734196112, 0.000142168515595, 0.000203151619644, 0.000624730717391, 0.000494031177368, 0.000206088589039, 0.000258237269009, 0.000172092797584, 0.00014016906789, 0.00020963656425, 0.000124881931697, 0.000138551666168, 0.000236517968006, 9.8277523648e-05, 7.69591788412e-05, 4.17648188886e-05, 4.83378644276e-05, 6.57553246128e-05, 4.20194701292e-05, 2.60794313363e-05, 5.13661916557e-06, 6.37737529452e-10],
        "min": [6.96107949061e-10, 1.51400159076e-09, 1.84317872076e-09, 3.1866956296e-10, 3.22712764955e-07, 5.45659304407e-07, 1.26083193663e-07, 4.37469623193e-07, 7.40293160106e-07, 5.26934684331e-07, 5.06889250573e-07, 6.42085296931e-07, 1.56431866571e-07, 1.32679076614e-07, 2.48066726272e-07, 2.69435901146e-07, 3.05867757788e-07, 7.67369613186e-07, 1.03077661606e-06, 5.84927477121e-07, 9.86227632893e-08, 6.56972218849e-08, 5.73524836511e-08, 1.55323540696e-08, 9.14986281186e-11, 4.96056884805e-12, 5.06640562836e-12],
        "var": [4.41645738647e-07, 0.000212051498238, 2.52886566159e-05, 8.8197975856e-06, 5.73363422518e-06, 2.72736519946e-06, 9.8653981695e-06, 3.25337096001e-05, 3.82641846954e-05, 4.6344484872e-05, 3.97275516661e-06, 3.43421197613e-06, 2.46531271841e-06, 1.96073733605e-06, 2.11632163882e-06, 2.29224838222e-06, 2.77871436083e-06, 2.24945256377e-06, 3.03083538711e-07, 9.30211356831e-08, 1.02365326882e-07, 2.70484093789e-07, 1.96328002744e-07, 8.2876439933e-08, 3.8250661305e-08, 4.10515603733e-08, 4.879722589e-14]
    },
    "erbbands": {
        "dmean": [0.124279908836, 0.730234503746, 1.54299080372, 2.29354143143, 2.47554659843, 3.91437959671, 3.96042656898, 6.29923915863, 11.7524929047, 16.7094459534, 39.6644515991, 54.961730957, 47.8878135681, 44.466091156, 36.6858215332, 26.8232154846, 22.2107887268, 29.4559822083, 33.8980293274, 24.4286842346, 30.5387535095, 30.6858272552, 34.6013221741, 16.1196746826, 10.9780187607, 7.99341440201, 6.66283178329, 4.86214113235, 5.03424072266, 5.35306692123, 3.97174882889, 2.54508805275, 1.50272405148, 0.861904203892, 0.527715206146, 0.255834668875, 0.101484291255, 0.00880713667721, 0.000164648386999, 2.05816213565e-05],
        "dmean2": [0.165987253189, 1.03875815868, 2.71761107445, 4.22503805161, 4.40395927429, 6.96765995026, 6.23892116547, 10.6015119553, 19.7030544281, 28.0111713409, 62.7820014954, 86.693939209, 79.2457122803, 72.7366714478, 61.3483314514, 45.2374229431, 34.3890724182, 48.1779212952, 56.8262443542, 40.4696807861, 51.0871887207, 49.2006111145, 55.9166030884, 26.2204780579, 18.4094982147, 13.2230787277, 11.1217422485, 8.25531578064, 8.25680828094, 8.41050720215, 6.25420475006, 3.95075893402, 2.43879055977, 1.34958708286, 0.864212810993, 0.402979016304, 0.164695158601, 0.0147743299603, 0.000270680029644, 3.20688122883e-05],
        "dvar": [0.112994678319, 4.40550231934, 46.2911148071, 121.583976746, 88.9311676025, 121.5779953, 64.2290878296, 339.252502441, 1385.83728027, 3065.12451172, 15311.2480469, 18958.9550781, 31470.59375, 13265.9892578, 6736.88085938, 3979.47436523, 2829.03442383, 3294.30419922, 6145.94970703, 2832.35498047, 5321.85302734, 5542.38916016, 6944.03417969, 1202.60009766, 551.66229248, 293.824462891, 195.843551636, 153.408432007, 213.774276733, 202.934860229, 104.146850586, 35.7774047852, 14.1378479004, 4.3401966095, 1.48487460613, 0.45649304986, 0.109397642314, 0.00101660902146, 2.91852501277e-07, 9.717948668e-10],
        "dvar2": [0.176941126585, 9.75564861298, 129.157562256, 349.799835205, 253.551879883, 335.073944092, 154.581665039, 887.547241211, 3380.30712891, 7310.05419922, 36016.6171875, 42035.2265625, 85465.5546875, 31510.3457031, 17516.2460938, 10736.5371094, 5925.98095703, 7969.72753906, 16696.0449219, 6733.26855469, 14068.9267578, 12775.6015625, 17990.7910156, 2883.12231445, 1494.96496582, 783.461120605, 508.528839111, 398.417999268, 490.356170654, 437.632324219, 237.593917847, 84.15184021, 30.3615627289, 9.71901607513, 3.54209208488, 0.956932902336, 0.259318232536, 0.00249703368172, 6.98267342614e-07, 2.24061813547e-09],
        "max": [3.95791363716, 22.1049938202, 68.0042266846, 118.167221069, 96.8898162842, 103.659675598, 98.3841094971, 391.810211182, 559.523986816, 864.581970215, 1253.44433594, 3237.40625, 3584.34643555, 2478.94775391, 1110.71398926, 813.063659668, 1377.9630127, 907.086364746, 1160.4666748, 738.824401855, 738.142272949, 1135.1628418, 1671.72937012, 521.503356934, 190.631439209, 249.140716553, 151.604354858, 231.296676636, 230.726776123, 253.563827515, 189.8855896, 85.6561355591, 62.3677368164, 41.7558441162, 14.5240621567, 11.2948617935, 4.43665981293, 0.434132039547, 0.00680880900472, 0.000346450018696],
        "mean": [0.253008008003, 1.28647685051, 1.24331009388, 1.59254539013, 2.19844245911, 3.30054450035, 4.76116800308, 7.78171157837, 14.0204553604, 19.1306762695, 43.2700309753, 69.4306411743, 62.2405815125, 68.6311798096, 50.8221244812, 39.8284225464, 31.1636638641, 40.106502533, 38.7340774536, 30.6610393524, 33.9014587402, 37.1820907593, 44.9339370728, 20.3002700806, 12.7407083511, 8.74183940887, 6.90937519073, 5.13483476639, 5.87160348892, 6.7746181488, 5.11198091507, 3.13535046577, 1.87112438679, 1.07379877567, 0.580375552177, 0.313912600279, 0.120459064841, 0.00948129128665, 0.000197796951397, 4.10139764426e-05],
        "median": [0.0385369099677, 0.253476709127, 0.0872224196792, 0.0690588057041, 0.160460755229, 0.582897126675, 1.48827052116, 2.68425130844, 2.61975002289, 2.94678854942, 8.07986068726, 18.2886257172, 16.279794693, 14.6008176804, 14.2331409454, 12.7361831665, 9.79378223419, 12.6707792282, 13.3725967407, 8.75859260559, 7.39481830597, 8.82267475128, 13.8843326569, 7.63662290573, 4.75747537613, 3.59861850739, 1.99322533607, 1.57308268547, 1.36489701271, 1.99935805798, 1.79633867741, 1.15902817249, 0.512966871262, 0.311568528414, 0.130806520581, 0.0419669784606, 0.00518074352294, 0.0002584742615, 2.95240806736e-05, 2.9215530958e-05],
        "min": [4.96621339607e-07, 8.6146741296e-07, 1.39664116432e-05, 3.18231323035e-05, 3.2810268749e-05, 0.000699852709658, 0.00546715408564, 0.00533040426672, 0.00349125941284, 0.00830794498324, 0.0498374924064, 0.0256739612669, 0.0737107992172, 0.120170488954, 0.0625287666917, 0.031979046762, 0.0203358083963, 0.013274429366, 0.0118506969884, 0.0172815136611, 0.0218799598515, 0.0209044888616, 0.0538163892925, 0.0534165278077, 0.0418516248465, 0.029349733144, 0.0093697430566, 0.00318849273026, 0.00429319078103, 0.00148411700502, 0.0017486398574, 0.000959662720561, 0.000216567947064, 3.10282048304e-05, 9.35772277444e-06, 5.3745857258e-06, 2.18924719775e-06, 1.91303684005e-07, 1.06095433239e-06, 1.31561728267e-06],
        "var": [0.343456596136, 8.20784378052, 30.8987007141, 70.1603317261, 58.1736679077, 86.4872970581, 85.4943161011, 335.524627686, 1651.96679688, 3783.04248047, 16521.1347656, 27784.4492188, 33088.5703125, 37541.3984375, 10107.1240234, 7173.65722656, 4447.81787109, 6461.46972656, 6060.98535156, 4183.828125, 5668.42822266, 8289.93847656, 8180.81835938, 1733.78869629, 513.450744629, 248.575622559, 194.982055664, 153.457870483, 294.444702148, 316.890655518, 153.117538452, 46.6721191406, 23.1174373627, 6.50152587891, 1.75944185257, 0.790798127651, 0.176599413157, 0.00121963885613, 3.86354685133e-07, 1.62398949843e-09]
    },
    "gfcc": {
        "mean": [-22.3019752502, 67.4351882935, -148.367828369, 17.439863205, -67.0447998047, 24.324048996, -32.5469322205, 23.4576568604, -12.5224676132, 4.36173677444, -4.62842845917, 8.20137023926, -2.44177651405],
        "cov": [[3778.97412109, -832.303283691, 326.844421387, -7.43024587631, -442.889892578, 31.9121398926, -404.967346191, 99.2342910767, -374.433197021, 155.022125244, -276.717712402, 11.4851779938, -209.468841553], [-832.303283691, 1499.46166992, 539.880981445, 293.161102295, 362.214447021, 125.825439453, 240.970245361, -9.82818698883, 144.938751221, -96.6881561279, 142.885803223, -227.286575317, 22.0709495544], [326.844421387, 539.880981445, 2827.90209961, 819.369018555, 472.133514404, 408.209503174, 115.902175903, 293.813720703, -174.20149231, 291.460876465, -258.560272217, -53.6273574829, -354.915527344], [-7.43024587631, 293.161102295, 819.369018555, 734.313598633, 318.12121582, 181.002380371, 139.048873901, 47.1351318359, 144.385177612, 53.9662818909, -49.247013092, -47.760799408, -44.7567558289], [-442.889892578, 362.214447021, 472.133514404, 318.12121582, 663.211975098, 158.616104126, 296.618591309, 126.644836426, 128.884887695, 81.428817749, -39.4014892578, 17.9928627014, -31.4245529175], [31.9121398926, 125.825439453, 408.209503174, 181.002380371, 158.616104126, 359.59552002, 180.521102905, 122.233917236, 41.2251968384, 96.6790924072, 20.2076778412, -17.3835811615, -13.0420484543], [-404.967346191, 240.970245361, 115.902175903, 139.048873901, 296.618591309, 180.521102905, 482.241485596, 136.329589844, 129.580978394, 65.5546112061, 47.2473106384, 24.1113395691, 33.1285629272], [99.2342910767, -9.82818698883, 293.813720703, 47.1351318359, 126.644836426, 122.233917236, 136.329589844, 299.639587402, 80.5091781616, 125.078330994, 22.1103401184, 35.5787658691, -14.4166355133], [-374.433197021, 144.938751221, -174.20149231, 144.385177612, 128.884887695, 41.2251968384, 129.580978394, 80.5091781616, 332.736450195, 19.4384212494, 83.2093505859, 18.2521343231, 82.8043518066], [155.022125244, -96.6881561279, 291.460876465, 53.9662818909, 81.428817749, 96.6790924072, 65.5546112061, 125.078330994, 19.4384212494, 211.679031372, -10.3851232529, 54.700088501, -35.9155387878], [-276.717712402, 142.885803223, -258.560272217, -49.247013092, -39.4014892578, 20.2076778412, 47.2473106384, 22.1103401184, 83.2093505859, -10.3851232529, 213.558395386, 14.9798078537, 78.6394424438], [11.4851779938, -227.286575317, -53.6273574829, -47.760799408, 17.9928627014, -17.3835811615, 24.1113395691, 35.5787658691, 18.2521343231, 54.700088501, 14.9798078537, 183.355743408, 33.0251731873], [-209.468841553, 22.0709495544, -354.915527344, -44.7567558289, -31.4245529175, -13.0420484543, 33.1285629272, -14.4166355133, 82.8043518066, -35.9155387878, 78.6394424438, 33.0251731873, 173.198318481]],
        "icov": [[0.000450962397736, -2.55852482951e-05, 0.000245800911216, -0.00041118907393, 0.000344345404301, -0.000230629535508, 0.000305775727611, -0.000539237749763, 0.000536205188837, -0.000300394807709, 0.000533888174687, -0.00015807535965, 0.000356921926141], [-2.55852482951e-05, 0.00178159680218, -0.000906538625713, 0.000674696755596, -0.000869799929205, 0.000440505129518, -0.000569733965676, 0.00095642224187, -0.000794220366515, 0.000896529527381, -0.00180840387475, 0.00226253387518, -0.000922051898669], [0.000245800911216, -0.000906538625713, 0.00171626463998, -0.00170024065301, 0.000453214190202, -0.000794751977082, 0.000697008275893, -0.00158727285452, 0.0016494106967, -0.00105450267438, 0.00151406181976, -0.00128046004102, 0.00179679214489], [-0.00041118907393, 0.000674696755596, -0.00170024065301, 0.00389842339791, -0.00121508922894, -2.08483961615e-05, -0.000528205826413, 0.00216066581197, -0.00274032214656, 0.000917817174923, -0.000969911401626, 0.00146733841393, -0.00134009472094], [0.000344345404301, -0.000869799929205, 0.000453214190202, -0.00121508922894, 0.00334669882432, -0.000347937253537, -0.000837416213471, -0.00101088394877, 0.000256309693214, -0.000607324531302, 0.00184495269787, -0.00151432305574, 0.00100165279582], [-0.000230629535508, 0.000440505129518, -0.000794751977082, -2.08483961615e-05, -0.000347937253537, 0.00482713244855, -0.00152286526281, -4.1091163439e-05, -0.000122088822536, -0.000766268232837, -0.00142228137702, 0.00158450810704, -0.00113770051394], [0.000305775727611, -0.000569733965676, 0.000697008275893, -0.000528205826413, -0.000837416213471, -0.00152286526281, 0.00402220897377, -0.00140903226566, 0.00034582184162, -0.000410492357332, 0.000562687229831, -0.000982008408755, 0.000262277986621], [-0.000539237749763, 0.00095642224187, -0.00158727285452, 0.00216066581197, -0.00101088394877, -4.1091163439e-05, -0.00140903226566, 0.00705058360472, -0.00278555857949, -0.00118532439228, -0.0020468137227, 0.00121118116658, -0.00101408595219], [0.000536205188837, -0.000794220366515, 0.0016494106967, -0.00274032214656, 0.000256309693214, -0.000122088822536, 0.00034582184162, -0.00278555857949, 0.0065338681452, -0.00115865806583, 0.000401734898333, -0.00109696364962, -0.000176463261596], [-0.000300394807709, 0.000896529527381, -0.00105450267438, 0.000917817174923, -0.000607324531302, -0.000766268232837, -0.000410492357332, -0.00118532439228, -0.00115865806583, 0.00836858805269, -0.00109431380406, -0.00103097339161, 0.000393474620068], [0.000533888174687, -0.00180840387475, 0.00151406181976, -0.000969911401626, 0.00184495269787, -0.00142228137702, 0.000562687229831, -0.0020468137227, 0.000401734898333, -0.00109431380406, 0.00882107205689, -0.00246196705848, -0.000276950479019], [-0.00015807535965, 0.00226253387518, -0.00128046004102, 0.00146733841393, -0.00151432305574, 0.00158450810704, -0.000982008408755, 0.00121118116658, -0.00109696364962, -0.00103097339161, -0.00246196705848, 0.00962697062641, -0.00299816555344], [0.000356921926141, -0.000922051898669, 0.00179679214489, -0.00134009472094, 0.00100165279582, -0.00113770051394, 0.000262277986621, -0.00101408595219, -0.000176463261596, 0.000393474620068, -0.000276950479019, -0.00299816555344, 0.0104834362864]]
    },
    "melbands": {
        "dmean": [0.000965088256635, 0.000799286470283, 0.000401427125325, 0.00022589485161, 0.000148472856381, 0.000138046569191, 0.000183777781785, 0.000209881516639, 0.00031948639662, 0.000355481432052, 0.000240113557084, 0.000191458748304, 0.000107700856461, 9.32673647185e-05, 3.71787245967e-05, 6.21475628577e-05, 5.77301143494e-05, 5.33166276e-05, 3.54138901457e-05, 4.19793032052e-05, 3.47650566255e-05, 3.52107344952e-05, 3.42787607224e-05, 2.38975244429e-05, 1.29379204736e-05, 9.10714243219e-06, 5.70539532418e-06, 5.43008127352e-06, 4.54089149571e-06, 3.42033899869e-06, 2.61819036496e-06, 2.80300196209e-06, 3.46149499819e-06, 2.92092659038e-06, 2.43956196755e-06, 2.06881554732e-06, 1.44435568927e-06, 1.21121001939e-06, 8.97364145658e-07, 6.90155957273e-07],
        "dmean2": [0.00130530935712, 0.00125966384076, 0.000733421358746, 0.000405638245866, 0.000240238165134, 0.00023171765497, 0.000306546746287, 0.00034800026333, 0.000509928911924, 0.00056016765302, 0.000399770855438, 0.000313413882395, 0.000181757641258, 0.000157598900842, 6.1509104853e-05, 9.50528992689e-05, 9.47576118051e-05, 8.9405773906e-05, 5.99145751039e-05, 6.877668784e-05, 5.85041343584e-05, 5.67378847336e-05, 5.63999383303e-05, 3.86505089409e-05, 2.13216098928e-05, 1.55462184921e-05, 9.39385790844e-06, 9.01888506633e-06, 7.54532675273e-06, 5.92579135628e-06, 4.4291082304e-06, 4.65070479549e-06, 5.59699674341e-06, 4.53230995845e-06, 3.91724188376e-06, 3.28536293637e-06, 2.29855004363e-06, 1.96321093426e-06, 1.45468277424e-06, 1.09802113002e-06],
        "dvar": [6.78015067024e-06, 8.11810787127e-06, 3.44988256984e-06, 4.88945545385e-07, 1.05054205335e-07, 1.50393091758e-07, 3.53406022668e-07, 5.00062355968e-07, 9.36749472658e-07, 8.64177707172e-07, 8.09845346339e-07, 2.62460133627e-07, 5.59350965545e-08, 3.66721089051e-08, 7.06627245606e-09, 2.46135591908e-08, 1.51586529995e-08, 1.5127886499e-08, 5.75084335708e-09, 1.13025073745e-08, 8.38392821834e-09, 9.46337852525e-09, 6.20857809608e-09, 2.67924016306e-09, 9.06903496745e-10, 4.21327112088e-10, 1.33219241194e-10, 1.37280312118e-10, 7.88037898825e-11, 7.00510691121e-11, 4.72417105435e-11, 6.58582632873e-11, 1.12562945076e-10, 5.45811555674e-11, 4.14501107049e-11, 2.97881545819e-11, 1.164144562e-11, 9.86740897324e-12, 5.34133934998e-12, 2.6153866399e-12],
        "dvar2": [1.16373148558e-05, 2.13563071156e-05, 9.870890608e-06, 1.37919698773e-06, 2.656060758e-07, 3.94610708554e-07, 8.62510034949e-07, 1.1736799479e-06, 2.25145254262e-06, 1.92891047845e-06, 2.20812353291e-06, 6.27284691745e-07, 1.43493295468e-07, 1.01139171704e-07, 1.87188415879e-08, 4.95881202767e-08, 3.59607064127e-08, 4.0747849539e-08, 1.45951233321e-08, 2.76643117303e-08, 2.19595381878e-08, 2.0724783667e-08, 1.63243569773e-08, 6.91828949684e-09, 2.17316631357e-09, 1.14573939225e-09, 3.58685081636e-10, 3.63847924012e-10, 2.03202260574e-10, 1.83335416293e-10, 1.21365972827e-10, 1.57718102467e-10, 2.66642236069e-10, 1.17550733036e-10, 9.76710864964e-11, 7.07866612548e-11, 2.88158715639e-11, 2.18020324017e-11, 1.25264486284e-11, 5.92124006077e-12],
        "max": [0.0304544586688, 0.028174251318, 0.0199886839837, 0.00626270798966, 0.0037217119243, 0.00810906570405, 0.0086582088843, 0.0134005537257, 0.0101945213974, 0.0223968122154, 0.0181363113225, 0.0107596535236, 0.00304131302983, 0.00210043834522, 0.00129098154139, 0.00422640703619, 0.00205716094933, 0.0018229765119, 0.000888093083631, 0.00198908662423, 0.00132293510251, 0.00163965160027, 0.00111263419967, 0.000994806759991, 0.000472428888315, 0.000166224548593, 0.000150310006575, 0.000167969366885, 7.99345507403e-05, 0.000129540640046, 0.000133470763103, 0.00013057605247, 0.00018463867309, 0.000163149161381, 0.000118591728096, 9.82304336503e-05, 4.80770650029e-05, 5.52289893676e-05, 4.76360110042e-05, 2.90119660349e-05],
        "mean": [0.00206217053346, 0.00101750239264, 0.000291841803119, 0.000196697495994, 0.000165602352354, 0.000170178624103, 0.000212148399442, 0.000241655186983, 0.000338023615768, 0.000442364107585, 0.000303731649183, 0.000288554525468, 0.000139113879413, 0.000130632484797, 5.42300149391e-05, 8.33926460473e-05, 7.26624421077e-05, 5.9527632402e-05, 3.81848876714e-05, 5.14608545927e-05, 3.55520423909e-05, 4.02889090765e-05, 4.28249477409e-05, 2.98505383398e-05, 1.50431633301e-05, 1.00334773379e-05, 6.51800201013e-06, 5.62053628528e-06, 4.61088256998e-06, 3.42399198416e-06, 2.76004016087e-06, 3.0782621252e-06, 3.98639258492e-06, 3.58981174031e-06, 3.00117062579e-06, 2.51379378824e-06, 1.69058273514e-06, 1.40272561566e-06, 1.03588718048e-06, 8.44357373353e-07],
        "median": [0.000376613315893, 0.000124829472043, 1.15776383609e-05, 2.36479572777e-05, 5.16334475833e-05, 6.08513691986e-05, 3.60097110388e-05, 3.35606455337e-05, 5.95293749939e-05, 0.000103691287222, 7.13643166819e-05, 4.76052591694e-05, 3.37185010721e-05, 3.68052715203e-05, 1.84222753887e-05, 1.90573155123e-05, 1.78353457159e-05, 1.95091542992e-05, 1.12022244139e-05, 1.12068055387e-05, 7.07542540113e-06, 7.21673768567e-06, 1.10837854663e-05, 1.07149089672e-05, 4.85274358653e-06, 3.0006549423e-06, 2.8969975574e-06, 2.01370744435e-06, 1.21624191252e-06, 9.37296817938e-07, 8.2195072082e-07, 6.91484046911e-07, 9.34922297802e-07, 1.03946581476e-06, 9.58545797403e-07, 8.36243145841e-07, 5.88752186559e-07, 3.42375159335e-07, 2.2029109914e-07, 2.10652487453e-07],
        "min": [3.37605804424e-10, 3.13433035082e-09, 1.57577051407e-09, 2.83924750377e-09, 1.47922634142e-07, 1.14997355638e-07, 2.32704220338e-08, 3.10124868008e-08, 3.61904739066e-07, 1.25624850966e-07, 3.7948493059e-07, 7.54631699351e-08, 1.68579859405e-07, 7.48571054032e-08, 4.73315324712e-08, 1.54753649895e-08, 1.74324501501e-08, 1.83522921304e-08, 1.52940522469e-08, 1.93556441985e-08, 2.54900793806e-08, 1.55324748619e-08, 2.77855285447e-08, 3.34581713446e-08, 3.75465916136e-08, 2.50142271341e-08, 1.53225663269e-08, 1.50249128694e-08, 3.1557636504e-09, 1.32564614841e-09, 1.86839571592e-11, 3.80902809294e-10, 2.68263406281e-12, 1.67121511074e-10, 6.33520846893e-10, 9.57176490846e-11, 1.19569312784e-10, 5.20349475314e-12, 9.31552686552e-13, 1.01270576126e-12],
