{
"highlevel": {
    "danceability": {
        "all": {
            "danceable": 0.00950840488076,
            "not_danceable": 0.990491569042
        },
        "probability": 0.990491569042,
        "value": "not_danceable"
    },
    "gender": {
        "all": {
            "female": 0.0467790625989,
            "male": 0.953220963478
        },
        "probability": 0.953220963478,
        "value": "male"
    },
    "genre_dortmund": {
        "all": {
            "alternative": 0.172046810389,
            "blues": 0.00510515319183,
            "electronic": 0.0103848325089,
            "folkcountry": 0.101400673389,
            "funksoulrnb": 0.00198831409216,
            "jazz": 0.00319572817534,
            "pop": 0.12413714081,
            "raphiphop": 0.000569015566725,
            "rock": 0.581172347069
        },
        "probability": 0.581172347069,
        "value": "rock"
    },
    "genre_electronic": {
        "all": {
            "ambient": 0.316212892532,
            "dnb": 0.169686168432,
            "house": 0.0547231957316,
            "techno": 0.0294814258814,
            "trance": 0.429896324873
        },
        "probability": 0.429896324873,
        "value": "trance"
    },
    "genre_rosamerica": {
        "all": {
            "cla": 0.000650114729069,
            "dan": 0.000906711968128,
            "hip": 0.000287890667096,
            "jaz": 0.000286203168798,
            "pop": 0.0234744828194,
            "rhy": 0.00120851094835,
            "roc": 0.973120450974,
            "spe": 6.56446864014e-05
        },
        "probability": 0.973120450974,
        "value": "roc"
    },
    "genre_tzanetakis": {
        "all": {
            "blu": 0.0626613423228,
            "cla": 0.0348169617355,
            "cou": 0.104475811124,
            "dis": 0.0784321576357,
            "hip": 0.15692435205,
            "jaz": 0.313974827528,
            "met": 0.0448166541755,
            "pop": 0.0627359300852,
            "reg": 0.0627360641956,
            "roc": 0.0784258767962
        },
        "probability": 0.313974827528,
        "value": "jaz"
    },
    "ismir04_rhythm": {
        "all": {
            "ChaChaCha": 0.0333008952439,
            "Jive": 0.678457736969,
            "Quickstep": 0.031459979713,
            "Rumba-American": 0.00606676284224,
            "Rumba-International": 0.0203605238348,
            "Rumba-Misc": 0.00451699318364,
            "Samba": 0.1371512115,
            "Tango": 0.00895046349615,
            "VienneseWaltz": 0.0631070807576,
            "Waltz": 0.016628343612
        },
        "probability": 0.678457736969,
        "value": "Jive"
    },
    "mood_acoustic": {
        "all": {
            "acoustic": 0.0243661534041,
            "not_acoustic": 0.975633859634
        },
        "probability": 0.975633859634,
        "value": "not_acoustic"
    },
    "mood_aggressive": {
        "all": {
            "aggressive": 0.765679299831,
            "not_aggressive": 0.234320729971
        },
        "probability": 0.765679299831,
        "value": "aggressive"
    },
    "mood_electronic": {
        "all": {
            "electronic": 0.100874319673,
            "not_electronic": 0.899125695229
        },
        "probability": 0.899125695229,
        "value": "not_electronic"
    },
    "mood_happy": {
        "all": {
            "happy": 0.922103524208,
            "not_happy": 0.0778964608908
        },
        "probability": 0.922103524208,
        "value": "happy"
    },
    "mood_party": {
        "all": {
            "not_party": 0.601832926273,
            "party": 0.398167073727
        },
        "probability": 0.601832926273,
        "value": "not_party"
    },
    "mood_relaxed": {
        "all": {
            "not_relaxed": 0.979029476643,
            "relaxed": 0.0209705084562
        },
        "probability": 0.979029476643,
        "value": "not_relaxed"
    },
    "mood_sad": {
        "all": {
            "not_sad": 0.534543573856,
            "sad": 0.465456426144
        },
        "probability": 0.534543573856,
        "value": "not_sad"
    },
    "moods_mirex": {
        "all": {
            "Cluster1": 0.660676896572,
            "Cluster2": 0.084084354341,
            "Cluster3": 0.174082353711,
            "Cluster4": 0.0259362384677,
            "Cluster5": 0.0552201420069
        },
        "probability": 0.660676896572,
        "value": "Cluster1"
    },
    "timbre": {
        "all": {
            "bright": 0.949137866497,
            "dark": 0.0508621260524
        },
        "probability": 0.949137866497,
        "value": "bright"
    },
    "tonal_atonal": {
        "all": {
            "atonal": 0.000383079372114,
            "tonal": 0.999616920948
        },
        "probability": 0.999616920948,
        "value": "tonal"
    },
    "voice_instrumental": {
        "all": {
            "instrumental": 4.51187515864e-05,
            "voice": 0.999954879284
        },
        "probability": 0.999954879284,
        "value": "voice"
    }
},
"lowlevel": {
    "average_loudness": 0.97421336174,
    "barkbands_crest": {
        "dmean": 1.82048535347,
        "dmean2": 3.00488138199,
        "dvar": 2.87933945656,
        "dvar2": 7.99372768402,
        "max": 19.9351882935,
        "mean": 7.06743192673,
        "median": 6.6799902916,
        "min": 2.5587246418,
        "var": 5.94438695908
    },
    "barkbands_flatness_db": {
        "dmean": 0.0120337046683,
        "dmean2": 0.0191730633378,
        "dvar": 0.000102094119939,
        "dvar2": 0.000251140358159,
        "max": 0.160465046763,
        "mean": 0.098042152822,
        "median": 0.0982527509332,
        "min": 0.0429381914437,
        "var": 0.000365936895832
    },
    "barkbands_kurtosis": {
        "dmean": 0.876116394997,
        "dmean2": 1.37453150749,
        "dvar": 0.835855603218,
        "dvar2": 2.08296704292,
        "max": 9.03926372528,
        "mean": 0.660006046295,
        "median": 0.400123357773,
        "min": -1.82492780685,
        "var": 2.18360686302
    },
    "barkbands_skewness": {
        "dmean": 0.305568128824,
        "dmean2": 0.463675796986,
        "dvar": 0.0738359987736,
        "dvar2": 0.172818735242,
        "max": 2.98800373077,
        "mean": 1.08013808727,
        "median": 1.07271265984,
        "min": -1.0294444561,
        "var": 0.281172960997
    },
    "barkbands_spread": {
        "dmean": 4.82190418243,
        "dmean2": 7.16133928299,
        "dvar": 25.1146697998,
        "dvar2": 40.73487854,
        "max": 92.9645996094,
        "mean": 32.5815086365,
        "median": 29.8194389343,
        "min": 11.0457162857,
        "var": 157.192657471
    },
    "dissonance": {
        "dmean": 0.0112691847607,
        "dmean2": 0.0189338959754,
        "dvar": 9.33866904234e-05,
        "dvar2": 0.000253720412729,
        "max": 0.499797463417,
        "mean": 0.477730065584,
        "median": 0.481112122536,
        "min": 0.407087951899,
        "var": 0.000225179290283
    },
    "dynamic_complexity": 1.55303955078,
    "erbbands_crest": {
        "dmean": 1.77801632881,
        "dmean2": 2.92041110992,
        "dvar": 2.98276948929,
        "dvar2": 7.59629631042,
        "max": 20.8936195374,
        "mean": 6.19363546371,
        "median": 5.37888336182,
        "min": 2.4752073288,
        "var": 7.2138261795
    },
    "erbbands_flatness_db": {
        "dmean": 0.00965617503971,
        "dmean2": 0.0145253716037,
        "dvar": 6.58833014313e-05,
        "dvar2": 0.000145664220327,
        "max": 0.198759034276,
        "mean": 0.118682518601,
        "median": 0.11751589179,
        "min": 0.0550351925194,
        "var": 0.000397445051931
    },
    "erbbands_kurtosis": {
        "dmean": 0.415319800377,
        "dmean2": 0.655040860176,
        "dvar": 0.169456034899,
        "dvar2": 0.400822162628,
        "max": 3.65881299973,
        "mean": -0.345381230116,
        "median": -0.522805452347,
        "min": -1.36176168919,
        "var": 0.490391790867
    },
    "erbbands_skewness": {
        "dmean": 0.236744239926,
        "dmean2": 0.362840563059,
        "dvar": 0.0373948141932,
        "dvar2": 0.0870210081339,
        "max": 1.48011553288,
        "mean": 0.00112938892562,
        "median": -0.035711850971,
        "min": -1.69989466667,
        "var": 0.243572846055
    },
    "erbbands_spread": {
        "dmean": 6.39865589142,
        "dmean2": 9.81962013245,
        "dvar": 30.1762981415,
        "dvar2": 74.7620697021,
        "max": 82.1689224243,
        "mean": 43.5371589661,
        "median": 42.9980659485,
        "min": 15.3789014816,
        "var": 129.989944458
    },
    "hfc": {
        "dmean": 7.83092308044,
        "dmean2": 11.1352615356,
        "dvar": 129.126358032,
        "dvar2": 224.933609009,
        "max": 187.715515137,
        "mean": 34.7641410828,
        "median": 29.9797210693,
        "min": 9.07639884949,
        "var": 521.709533691
    },
    "melbands_crest": {
        "dmean": 2.4107131958,
        "dmean2": 4.01312971115,
        "dvar": 5.40128755569,
        "dvar2": 14.6343708038,
        "max": 26.4268112183,
        "mean": 11.0748252869,
        "median": 10.37063694,
        "min": 4.28614759445,
        "var": 13.4503564835
    },
    "melbands_flatness_db": {
        "dmean": 0.015363262035,
        "dmean2": 0.0231408067048,
        "dvar": 0.000202084818739,
        "dvar2": 0.000457383517642,
        "max": 0.239142015576,
        "mean": 0.138861164451,
        "median": 0.139497622848,
        "min": 0.0440768487751,
        "var": 0.00086985056987
    },
    "melbands_kurtosis": {
        "dmean": 2.80118608475,
        "dmean2": 4.40909481049,
        "dvar": 10.2259569168,
        "dvar2": 26.8970947266,
        "max": 40.2410087585,
        "mean": 6.6153845787,
        "median": 5.49554347992,
        "min": -1.15532076359,
        "var": 22.8989048004
    },
    "melbands_skewness": {
        "dmean": 0.438393741846,
        "dmean2": 0.682221412659,
        "dvar": 0.167440980673,
        "dvar2": 0.427259385586,
        "max": 5.85001993179,
        "mean": 2.23596382141,
        "median": 2.22156906128,
        "min": 0.312857300043,
        "var": 0.628399610519
    },
    "melbands_spread": {
        "dmean": 6.84545373917,
        "dmean2": 10.1403236389,
        "dvar": 67.044670105,
        "dvar2": 125.468955994,
        "max": 151.10647583,
        "mean": 32.0156288147,
        "median": 28.6834583282,
        "min": 9.03489780426,
        "var": 259.9347229
    },
    "pitch_salience": {
        "dmean": 0.0518672280014,
        "dmean2": 0.0833421871066,
        "dvar": 0.00193147186656,
        "dvar2": 0.00510990573093,
        "max": 0.835560500622,
        "mean": 0.615072131157,
        "median": 0.61879825592,
        "min": 0.303636580706,
        "var": 0.00540983583778
    },
    "silence_rate_20dB": {
        "dmean": 0,
        "dmean2": 0,
        "dvar": 0,
        "dvar2": 0,
        "max": 1,
        "mean": 1,
        "median": 1,
        "min": 1,
        "var": 0
    },
    "silence_rate_30dB": {
        "dmean": 0,
        "dmean2": 0,
        "dvar": 0,
        "dvar2": 0,
        "max": 1,
        "mean": 1,
        "median": 1,
        "min": 1,
        "var": 0
    },
    "silence_rate_60dB": {
        "dmean": 0,
        "dmean2": 0,
        "dvar": 0,
        "dvar2": 0,
        "max": 0,
        "mean": 0,
        "median": 0,
        "min": 0,
        "var": 0
    },
    "spectral_centroid": {
        "dmean": 211.805633545,
        "dmean2": 321.99319458,
        "dvar": 36405.53125,
        "dvar2": 69709.1171875,
        "max": 3623.68505859,
        "mean": 1704.03845215,
        "median": 1648.89135742,
        "min": 782.167724609,
        "var": 183531.078125
    },
    "spectral_complexity": {
        "dmean": 4.37306499481,
        "dmean2": 6.69403553009,
        "dvar": 14.3747396469,
        "dvar2": 29.51679039,
        "max": 56,
        "mean": 32.8546028137,
        "median": 32,
        "min": 13,
        "var": 45.4823989868
    },
    "spectral_decrease": {
        "dmean": 1.74542225118e-09,
        "dmean2": 2.87063817161e-09,
        "dvar": 5.2811280034e-18,
        "dvar2": 1.39039250608e-17,
        "max": -2.75161471386e-09,
        "mean": -8.22096168918e-09,
        "median": -7.68855734634e-09,
        "min": -2.24080185518e-08,
        "var": 1.08304734563e-17
    },
    "spectral_energy": {
        "dmean": 0.00703415554017,
        "dmean2": 0.011501038447,
        "dvar": 8.30281132949e-05,
        "dvar2": 0.00021903947345,
        "max": 0.0887147784233,
        "mean": 0.034181047231,
        "median": 0.0323861651123,
        "min": 0.0118680959567,
        "var": 0.000174439395778
    },
    "spectral_energyband_high": {
        "dmean": 0.000599327264354,
        "dmean2": 0.000795879284851,
        "dvar": 1.63097274708e-06,
        "dvar2": 2.34556750911e-06,
        "max": 0.0224633552134,
        "mean": 0.00187217502389,
        "median": 0.00112948566675,
        "min": 0.00024072569795,
        "var": 6.85831219016e-06
    },
    "spectral_energyband_low": {
        "dmean": 0.00388938328251,
        "dmean2": 0.00660527171567,
        "dvar": 4.18342096964e-05,
        "dvar2": 0.000116540686577,
        "max": 0.0688714459538,
        "mean": 0.0102086188272,
        "median": 0.00822638534009,
        "min": 0.000756129738875,
        "var": 5.82238681091e-05
    },
    "spectral_energyband_middle_high": {
        "dmean": 0.0022576272022,
        "dmean2": 0.00349798612297,
        "dvar": 6.44041119813e-06,
        "dvar2": 1.47196733451e-05,
        "max": 0.0326761715114,
        "mean": 0.00835199933499,
        "median": 0.00684777740389,
        "min": 0.00204829359427,
        "var": 2.34052313317e-05
    },
    "spectral_energyband_middle_low": {
        "dmean": 0.0043140584603,
        "dmean2": 0.00689858663827,
        "dvar": 3.22750456689e-05,
        "dvar2": 8.44607129693e-05,
        "max": 0.053668487817,
        "mean": 0.0146815823391,
        "median": 0.0126441847533,
        "min": 0.00142627616879,
        "var": 7.26226207917e-05
    },
    "spectral_entropy": {
        "dmean": 0.0736014321446,
        "dmean2": 0.108675353229,
        "dvar": 0.00473732780665,
        "dvar2": 0.00822437833995,
        "max": 8.67414665222,
        "mean": 7.89433717728,
        "median": 7.88313150406,
        "min": 7.441365242,
        "var": 0.0336579307914
    },
    "spectral_flux": {
        "dmean": 0.0177428033203,
        "dmean2": 0.0271125789732,
        "dvar": 0.000419215473812,
        "dvar2": 0.000790250313003,
        "max": 0.244091391563,
        "mean": 0.091458030045,
        "median": 0.0848957747221,
        "min": 0.039399612695,
        "var": 0.00104049127549
    },
    "spectral_kurtosis": {
        "dmean": 0.76846075058,
        "dmean2": 1.28523433208,
        "dvar": 0.403988718987,
        "dvar2": 1.03251719475,
        "max": 7.73767566681,
        "mean": 3.1705789566,
        "median": 3.17845773697,
        "min": -0.662011384964,
        "var": 1.28687143326
    },
    "spectral_rms": {
        "dmean": 0.000565803027712,
        "dmean2": 0.00091123348102,
        "dvar": 4.33866830463e-07,
        "dvar2": 1.11654435386e-06,
        "max": 0.00930327922106,
        "mean": 0.00567317707464,
        "median": 0.00562105467543,
        "min": 0.00340273859911,
        "var": 1.16239050385e-06
    },
    "spectral_rolloff": {
        "dmean": 511.147399902,
        "dmean2": 762.603210449,
        "dvar": 507386.3125,
        "dvar2": 810171.5,
        "max": 10228.2714844,
        "mean": 2045.06945801,
        "median": 1679.58984375,
        "min": 236.865234375,
        "var": 2369813.75
    },
    "spectral_skewness": {
        "dmean": 0.130722075701,
        "dmean2": 0.20926849544,
        "dvar": 0.0106581235304,
        "dvar2": 0.0256388522685,
        "max": 1.94682538509,
        "mean": 1.32882654667,
        "median": 1.3467925787,
        "min": 0.535340726376,
        "var": 0.0466852076352
    },
    "spectral_spread": {
        "dmean": 367828.71875,
        "dmean2": 557914.75,
        "dvar": 147903184896,
        "dvar2": 243047825408,
        "max": 10968238,
        "mean": 4745365.5,
        "median": 4501113,
        "min": 3294805,
        "var": 1.00987423949e+12
    },
    "spectral_strongpeak": {
        "dmean": 0.477975666523,
        "dmean2": 0.83281815052,
        "dvar": 0.611173629761,
        "dvar2": 1.62415027618,
        "max": 7.02356719971,
        "mean": 0.813388466835,
        "median": 0.393886238337,
        "min": 0.0421214848757,
        "var": 1.06882631779
    },
    "zerocrossingrate": {
        "dmean": 0.0100898863748,
        "dmean2": 0.0110946884379,
        "dvar": 0.000132055647555,
        "dvar2": 0.000113525449706,
        "max": 0.2978515625,
        "mean": 0.0800626426935,
        "median": 0.072265625,
        "min": 0.02880859375,
        "var": 0.00118824036326
    },
    "barkbands": {
        "dmean": [0.000175488472451, 0.00272811576724, 0.00178941746708, 0.000940189755056, 0.002301286906, 0.0012866317993, 0.000843978777993, 0.00136670935899, 0.000702933466528, 0.000596914556809, 0.000367362023098, 0.000582484644838, 0.000541623623576, 0.000440494826762, 0.000392322050175, 0.000419340416556, 0.000502733455505, 0.000251728662988, 0.000276916136499, 0.000202318973606, 0.000158764276421, 0.000118490461318, 0.000128542771563, 0.000147386017488, 0.000100833538454, 6.675178156e-05, 1.90519813259e-08],
        "dmean2": [0.000286828813842, 0.00445839110762, 0.0030583711341, 0.00153983326163, 0.00379479280673, 0.00211612507701, 0.00131811969914, 0.00209024478681, 0.00110113015398, 0.000930020352826, 0.000600581930485, 0.000947145570535, 0.000856458442286, 0.000735477195121, 0.000634799653199, 0.000696666713338, 0.000842066656332, 0.000417386705521, 0.000445606710855, 0.00031246553408, 0.000249560136581, 0.000188609803445, 0.000190872742678, 0.000200417358428, 0.000136927294079, 0.000103386446426, 3.46756827696e-08],
        "dvar": [1.16659315097e-07, 1.72339587152e-05, 1.34128804348e-05, 2.28047247219e-06, 1.22480196296e-05, 3.41957320416e-06, 1.62930973602e-06, 4.86133149025e-06, 1.30895955408e-06, 7.8132023873e-07, 1.14190936529e-06, 1.15220655061e-06, 6.02010459261e-07, 5.53739141651e-07, 2.28417832204e-07, 4.71251240697e-07, 3.78095961651e-07, 9.74272467147e-08, 9.47002121165e-08, 1.14315383826e-07, 8.7217514988e-08, 4.88558633549e-08, 9.42254843039e-08, 1.75698446014e-07, 8.52561612419e-08, 1.63750648596e-08, 1.57024424659e-14],
        "dvar2": [3.04053287437e-07, 4.8097637773e-05, 3.80492310796e-05, 6.3614352257e-06, 3.37927995133e-05, 9.31624435907e-06, 4.26104543294e-06, 1.0583101357e-05, 3.21487527799e-06, 1.85298347333e-06, 2.8545027817e-06, 2.62737398771e-06, 1.24617656638e-06, 1.43119950735e-06, 5.4076519973e-07, 1.27280782181e-06, 9.53611731802e-07, 2.45616433858e-07, 2.32461204064e-07, 2.1623326063e-07, 1.62806017556e-07, 9.58766506187e-08, 1.78559517394e-07, 2.67110550567e-07, 1.20437448459e-07, 3.61632963575e-08, 4.39896430642e-14],
        "max": [0.00293504958972, 0.0462407022715, 0.0384201332927, 0.0172792505473, 0.0402812287211, 0.0223090797663, 0.0158858783543, 0.0278428904712, 0.0158928893507, 0.0136879524216, 0.0251697190106, 0.0175406392664, 0.0187005531043, 0.0125925224274, 0.00564418779686, 0.0124863209203, 0.0121465874836, 0.0039576292038, 0.00456519238651, 0.00729165645316, 0.00576362526044, 0.00455585261807, 0.00708593055606, 0.00915001612157, 0.00772430002689, 0.00202678330243, 2.25991516345e-06],
        "mean": [0.000225830561249, 0.00550206098706, 0.00363448960707, 0.00149596191477, 0.00479226699099, 0.00241301697679, 0.00173884280957, 0.00271318200976, 0.00141508749221, 0.00125241954811, 0.000585182278883, 0.00100196164567, 0.000928518129513, 0.000748088816181, 0.000681861827616, 0.000773374806158, 0.00100080796983, 0.000521848269273, 0.000650686328299, 0.000455232628155, 0.000381585967261, 0.000296623213217, 0.000314462085953, 0.000338248675689, 0.000219463123358, 9.99415351544e-05, 1.24694539139e-08],
        "median": [0.000112294401333, 0.00418547075242, 0.0026660845615, 0.000964662991464, 0.00324536999688, 0.00177297869232, 0.0010622695554, 0.00103472173214, 0.000782358867582, 0.000685737701133, 0.000245355447987, 0.000493640603963, 0.00053585646674, 0.000414721231209, 0.000501383154187, 0.000554075057153, 0.000757080852054, 0.000413523783209, 0.000526924559381, 0.000335675315, 0.000268429343123, 0.000198191846721, 0.000191971368622, 0.000129736145027, 7.65067088651e-05, 3.69363369828e-05, 6.88677559424e-10],
        "min": [2.82937264728e-07, 0.000276222504908, 5.01879367221e-06, 7.72679504735e-06, 6.86071871314e-05, 4.82796567667e-05, 3.68615728803e-05, 1.41049049489e-05, 2.93996617984e-05, 1.73885182448e-05, 1.7225407646e-05, 4.48499558843e-05, 2.50606135523e-05, 2.66185070359e-05, 3.36955672537e-05, 2.57938918367e-05, 8.97521385923e-05, 5.64487199881e-05, 0.000106237333966, 6.13577722106e-05, 4.85278906126e-05, 3.74469600501e-05, 2.41466732405e-05, 1.37534534588e-05, 3.43000510838e-06, 3.65209862352e-09, 1.0551547483e-11],
        "var": [1.36960224495e-07, 2.3883432732e-05, 1.44363020809e-05, 2.93552557196e-06, 2.1123647457e-05, 4.94257983519e-06, 4.47685943072e-06, 1.57325030159e-05, 3.53053360413e-06, 2.43043950832e-06, 2.81936490865e-06, 2.78511765828e-06, 2.04904154089e-06, 1.06215327378e-06, 3.64987727153e-07, 7.06946707396e-07, 7.74524721692e-07, 1.64711934758e-07, 2.21613092322e-07, 2.69308770839e-07, 2.33251000736e-07, 1.43845753087e-07, 2.32064081729e-07, 6.92295770932e-07, 3.1463056871e-07, 3.36565904036e-08, 9.55798584539e-15]
    },
    "erbbands": {
        "dmean": [0.0963703691959, 0.588003277779, 1.76093184948, 2.71958398819, 3.67193627357, 10.4155158997, 10.4120187759, 11.0495710373, 10.9745235443, 18.4976787567, 24.881811142, 17.4958572388, 11.777130127, 18.4251174927, 19.8576412201, 18.0330543518, 26.252614975, 14.4011631012, 25.0429553986, 19.6152553558, 27.5128803253, 24.3864459991, 16.1047840118, 11.2785482407, 13.0080604553, 10.0460147858, 7.80721902847, 5.42708969116, 4.19149827957, 3.97692012787, 3.90115785599, 3.47249031067, 2.34606957436, 1.39151990414, 0.677396953106, 0.342709809542, 0.129523396492, 0.01018436905, 0.000185828073882, 1.58292441483e-05],
        "dmean2": [0.149000018835, 0.997890949249, 2.98205757141, 4.59582567215, 5.82979393005, 17.4432163239, 16.8071079254, 18.2082118988, 17.3525505066, 28.5931396484, 37.7151870728, 27.3634986877, 18.5853443146, 28.8254814148, 31.266450882, 28.9759063721, 41.6348381042, 23.7484340668, 40.0981521606, 32.0048065186, 45.792098999, 40.1032447815, 26.6315574646, 17.8645553589, 21.1126422882, 15.7257165909, 12.2414798737, 8.48906612396, 6.62953948975, 6.26484060287, 5.62272834778, 4.77955961227, 3.25090098381, 1.93829393387, 0.945322334766, 0.520650327206, 0.198978975415, 0.0164501145482, 0.000289833144052, 2.42232981691e-05],
        "dvar": [0.0271498858929, 0.748912155628, 11.6943588257, 26.2895336151, 36.49401474, 284.682800293, 185.05581665, 374.839935303, 295.093536377, 948.876464844, 1549.16833496, 884.714172363, 394.393798828, 561.5234375, 1693.47058105, 920.205810547, 1461.82092285, 541.022155762, 1301.17504883, 620.494628906, 2098.1706543, 1012.27459717, 386.669952393, 139.841537476, 259.739807129, 281.411437988, 196.223480225, 110.580207825, 69.0648498535, 69.2962341309, 82.1039199829, 94.5132904053, 49.8004226685, 15.6068735123, 3.77554059029, 0.652994513512, 0.061137791723, 0.000416457565734, 1.28414214373e-07, 5.16657494565e-10],
        "dvar2": [0.0663407966495, 2.25681710243, 33.6060256958, 75.5611419678, 93.7993927002, 783.17791748, 454.439666748, 1038.67956543, 793.340209961, 2055.76806641, 3442.6887207, 2220.63989258, 965.769836426, 1294.95373535, 4029.00390625, 2123.05957031, 3043.25708008, 1397.88452148, 3192.63427734, 1477.21655273, 5652.04003906, 2522.24389648, 1006.78668213, 318.528411865, 638.600280762, 537.820129395, 368.451599121, 212.387374878, 144.070983887, 129.294418335, 150.913711548, 168.187088013, 80.4079055786, 23.0869674683, 6.74514818192, 1.4069570303, 0.138907268643, 0.0010276036337, 3.0774623383e-07, 1.15577647453e-09],
        "max": [1.95107531548, 7.71465349197, 38.0299110413, 57.2244911194, 78.5150299072, 226.864181519, 199.003265381, 261.175079346, 222.234634399, 485.482818604, 514.915039062, 465.593017578, 287.473754883, 332.288208008, 723.957580566, 494.186920166, 1027.87561035, 282.560150146, 599.847839355, 298.573364258, 836.852844238, 561.472351074, 276.43838501, 151.881240845, 283.040283203, 335.010864258, 266.350158691, 235.410644531, 157.496810913, 219.57598877, 192.885742188, 204.954620361, 169.749145508, 106.134483337, 40.0207481384, 15.3276872635, 4.54740715027, 0.243886366487, 0.00459023984149, 0.000304483313812],
        "mean": [0.188999697566, 1.15516376495, 3.95394563675, 4.74220848083, 7.23195266724, 18.7497634888, 22.4912319183, 19.6612148285, 21.3126220703, 40.7265892029, 52.9474830627, 35.6022148132, 28.6728668213, 36.2246246338, 36.193649292, 33.66664505, 45.7487297058, 28.8689193726, 45.2342948914, 34.4317398071, 53.4251441956, 51.8694343567, 34.8100547791, 27.6386470795, 31.5838832855, 23.0637302399, 18.0705375671, 12.9105787277, 10.1629686356, 9.27734184265, 9.41898918152, 7.53898525238, 5.1458029747, 2.8798084259, 1.3426425457, 0.552257835865, 0.180521205068, 0.011899038218, 0.000265020586085, 5.82271532039e-05],
        "median": [0.133747905493, 0.87981981039, 2.98461031914, 3.4004073143, 5.54691171646, 12.6197443008, 14.1445903778, 13.6299552917, 14.9377861023, 20.864824295, 22.9594421387, 20.9515037537, 13.8848419189, 23.4213123322, 17.5558834076, 19.6474647522, 26.809841156, 17.409614563, 30.6590251923, 24.8522262573, 38.560760498, 37.1917457581, 28.3401126862, 23.5088787079, 25.0704097748, 16.9423656464, 12.5019245148, 8.97780323029, 6.76898622513, 5.85426044464, 5.55758237839, 3.23302102089, 1.73200464249, 0.88516831398, 0.523065567017, 0.206870779395, 0.0656896606088, 0.00338331400417, 9.94863657979e-05, 5.06640390086e-05],
        "min": [0.00437740050256, 0.056070022285, 0.0502449460328, 0.0428958311677, 0.301492512226, 0.291633784771, 0.399551302195, 0.50167298317, 1.02113544941, 1.85847449303, 1.7811062336, 1.21409702301, 1.09494447708, 1.28488314152, 2.00604248047, 2.09634757042, 1.39697420597, 2.13375854492, 3.22326278687, 3.32343173027, 4.51721954346, 5.51332807541, 4.28914690018, 4.46520280838, 5.24713373184, 3.29253840446, 2.6882686615, 1.72126722336, 1.10266244411, 0.944402933121, 0.779335260391, 0.314009428024, 0.222506508231, 0.0573445670307, 0.0214978419244, 0.00660947151482, 0.00104241154622, 5.06849573867e-05, 1.28843130369e-05, 1.59741484822e-05],
        "var": [0.0436445958912, 0.872533023357, 13.6667795181, 24.9912872314, 45.6112251282, 408.868865967, 654.558776855, 435.309417725, 567.171569824, 3054.89550781, 5284.80224609, 2084.63989258, 1620.09619141, 1492.73022461, 4234.11181641, 1998.37182617, 4793.09814453, 1064.00439453, 2407.26318359, 1025.41796875, 3326.39648438, 2343.25048828, 674.265075684, 305.102386475, 652.448486328, 668.359069824, 518.387512207, 268.191650391, 174.757888794, 193.817245483, 216.496520996, 296.981994629, 185.222167969, 61.9855308533, 10.2941617966, 1.27065742016, 0.11733212322, 0.000600441300776, 2.15132203607e-07, 1.27206190026e-09]
    },
    "gfcc": {
        "mean": [69.503868103, 78.3545608521, -118.431434631, 42.5223655701, -60.2471466064, 19.066526413, -43.3793716431, 17.4472179413, -24.6384773254, 7.9935259819, -17.2309780121, 5.31533193588, -12.7775144577],
        "cov": [[538.780212402, -273.807617188, 70.1005859375, -120.796829224, -47.5314483643, -0.949903666973, -45.5586776733, 8.0998134613, -26.2189102173, 26.8863563538, -42.3634376526, 10.9142150879, -37.2702522278], [-273.807617188, 409.031188965, -116.855690002, -9.30651283264, 19.9478492737, -39.2717132568, 59.0852966309, -13.628408432, 43.5968399048, -36.8320350647, 34.2590751648, -10.5150995255, 11.6451053619], [70.1005859375, -116.855690002, 172.456466675, 43.8071479797, 20.551361084, 4.80731534958, -34.333190918, -0.164562761784, -26.013420105, 10.3832054138, -27.1368980408, 4.84889173508, -4.69918823242], [-120.796829224, -9.30651283264, 43.8071479797, 180.329849243, 33.570400238, 5.71355628967, -31.5501823425, -21.617193222, -9.16441059113, -20.0400466919, 7.2241897583, -11.6357774734, 30.2404155731], [-47.5314483643, 19.9478492737, 20.551361084, 33.570400238, 110.893455505, -2.10037302971, 3.22736287117, -5.81377029419, -0.357286334038, 7.66279268265, -10.4334344864, 12.9477052689, -11.6532726288], [-0.949903666973, -39.2717132568, 4.80731534958, 5.71355628967, -2.10037302971, 88.1380004883, 25.5937347412, 6.83774757385, -3.84432435036, 0.894467353821, 12.088637352, -16.8643188477, 1.50601053238], [-45.5586776733, 59.0852966309, -34.333190918, -31.5501823425, 3.22736287117, 25.5937347412, 84.7334442139, 23.7305088043, 9.0655040741, -7.00694417953, 8.31575107574, 1.76408231258, -15.9111766815], [8.0998134613, -13.628408432, -0.164562761784, -21.617193222, -5.81377029419, 6.83774757385, 23.7305088043, 62.2805862427, 20.9705276489, 3.46974921227, -0.178574308753, -2.83002400398, -0.636780381203], [-26.2189102173, 43.5968399048, -26.013420105, -9.16441059113, -0.357286334038, -3.84432435036, 9.0655040741, 20.9705276489, 50.5266571045, 13.1435832977, 7.11322832108, -4.14850378036, -4.1937584877], [26.8863563538, -36.8320350647, 10.3832054138, -20.0400466919, 7.66279268265, 0.894467353821, -7.00694417953, 3.46974921227, 13.1435832977, 47.4988594055, 6.80025911331, 2.80453133583, -11.4913301468], [-42.3634376526, 34.2590751648, -27.1368980408, 7.2241897583, -10.4334344864, 12.088637352, 8.31575107574, -0.178574308753, 7.11322832108, 6.80025911331, 40.806224823, 6.68036842346, 7.01319169998], [10.9142150879, -10.5150995255, 4.84889173508, -11.6357774734, 12.9477052689, -16.8643188477, 1.76408231258, -2.83002400398, -4.14850378036, 2.80453133583, 6.68036842346, 44.5817070007, 5.98155975342], [-37.2702522278, 11.6451053619, -4.69918823242, 30.2404155731, -11.6532726288, 1.50601053238, -15.9111766815, -0.636780381203, -4.1937584877, -11.4913301468, 7.01319169998, 5.98155975342, 48.9234695435]],
        "icov": [[0.0042053074576, 0.00282876822166, -0.000662192469463, 0.00333370780572, 0.000408633524785, 0.000650563102681, 0.00123388052452, 0.000971176777966, -0.000968022854067, 0.00190308957826, 0.000219801833737, 0.000317504978739, 0.00119102071039], [0.00282876822166, 0.00854363013059, -0.000466060766485, 0.00476720789447, -0.00367015856318, 0.00662534404546, -0.00518692471087, 0.00631513772532, -0.00723120896146, 0.00808180868626, -0.00779565190896, 0.00732639292255, -0.00405279966071], [-0.000662192469463, -0.000466060766485, 0.00998282060027, -0.0042571160011, 0.000808345037512, -0.0028250918258, 0.00343899824657, -0.0040941494517, 0.00537542998791, -0.0046932194382, 0.00743834907189, -0.00461921049282, 0.00339830154553], [0.00333370780572, 0.00476720789447, -0.0042571160011, 0.0135894734412, -0.00567288324237, 0.00365527067333, 7.01351018506e-05, 0.00593953812495, -0.00535808457062, 0.00954544357955, -0.00925653148443, 0.00891600269824, -0.00674792053178], [0.000408633524785, -0.00367015856318, 0.000808345037512, -0.00567288324237, 0.0146953482181, -0.0048422976397, 0.00227413745597, -0.00291095301509, 0.0034427663777, -0.00746236601844, 0.0108913136646, -0.0107457432896, 0.00741503527388], [0.000650563102681, 0.00662534404546, -0.0028250918258, 0.00365527067333, -0.0048422976397, 0.0219706967473, -0.0117712588981, 0.00574599811807, -0.00355923804455, 0.00524698616937, -0.0141679625958, 0.0157698616385, -0.00816517230123], [0.00123388052452, -0.00518692471087, 0.00343899824657, 7.01351018506e-05, 0.00227413745597, -0.0117712588981, 0.0258649308234, -0.0118798827752, 0.00562365120277, 0.000537562766112, 0.00514803780243, -0.0107727898285, 0.0128104109317], [0.000971176777966, 0.00631513772532, -0.0040941494517, 0.00593953812495, -0.00291095301509, 0.00574599811807, -0.0118798827752, 0.0283274687827, -0.0161552149802, 0.00691340630874, -0.00616655685008, 0.0087466230616, -0.00913949776441], [-0.000968022854067, -0.00723120896146, 0.00537542998791, -0.00535808457062, 0.0034427663777, -0.00355923804455, 0.00562365120277, -0.0161552149802, 0.0362345091999, -0.0161127764732, 0.00631929049268, -0.0044555682689, 0.00632061297074], [0.00190308957826, 0.00808180868626, -0.0046932194382, 0.00954544357955, -0.00746236601844, 0.00524698616937, 0.000537562766112, 0.00691340630874, -0.0161127764732, 0.0388114601374, -0.0182351712137, 0.00768112996593, 0.000910789705813], [0.000219801833737, -0.00779565190896, 0.00743834907189, -0.00925653148443, 0.0108913136646, -0.0141679625958, 0.00514803780243, -0.00616655685008, 0.00631929049268, -0.0182351712137, 0.0481981001794, -0.0203830804676, 0.00492494180799], [0.000317504978739, 0.00732639292255, -0.00461921049282, 0.00891600269824, -0.0107457432896, 0.0157698616385, -0.0107727898285, 0.0087466230616, -0.0044555682689, 0.00768112996593, -0.0203830804676, 0.0410897694528, -0.0145712010562], [0.00119102071039, -0.00405279966071, 0.00339830154553, -0.00674792053178, 0.00741503527388, -0.00816517230123, 0.0128104109317, -0.00913949776441, 0.00632061297074, 0.000910789705813, 0.00492494180799, -0.0145712010562, 0.0347056649625]]
    },
    "melbands": {
        "dmean": [0.000781876849942, 0.000805422547273, 0.000450985826319, 0.000510413199663, 0.000376852520276, 0.000240267516347, 0.000169473918504, 0.000240627225139, 0.00018324071425, 0.000100895689684, 6.35606120341e-05, 8.21585126687e-05, 6.28451234661e-05, 7.54670909373e-05, 4.56564266642e-05, 4.94042578794e-05, 2.88370738417e-05, 4.73153086205e-05, 2.48284341069e-05, 2.38370248553e-05, 3.59372934327e-05, 2.6210280339e-05, 2.86997055809e-05, 1.12411280497e-05, 9.73291389528e-06, 1.25185479192e-05, 7.77354853199e-06, 7.13697636456e-06, 5.49511560166e-06, 4.24103382102e-06, 3.04096829495e-06, 2.66528059001e-06, 2.39466862695e-06, 2.37864696828e-06, 2.53754319601e-06, 2.33524929172e-06, 2.26584757002e-06, 1.91063963939e-06, 1.52730649461e-06, 1.22562903471e-06],
        "dmean2": [0.00124925863929, 0.00135898543522, 0.000749633822124, 0.000841366592795, 0.000613378360868, 0.000395744136767, 0.000265768670943, 0.000369755609427, 0.000279242871329, 0.000156793132192, 0.000100133853266, 0.000127597872051, 0.000100619712612, 0.000120978846098, 7.37007940188e-05, 7.80276968726e-05, 4.83478579554e-05, 7.67038509366e-05, 3.97303447244e-05, 3.90907334804e-05, 6.03986954957e-05, 4.31853986811e-05, 4.81527640659e-05, 1.865466038e-05, 1.56211408466e-05, 2.05813503271e-05, 1.27568191601e-05, 1.12927045848e-05, 8.69048290042e-06, 6.7645873969e-06, 4.81174083689e-06, 4.36347909272e-06, 3.80959409085e-06, 3.82127245757e-06, 3.75849572265e-06, 3.38164886671e-06, 3.19431046591e-06, 2.68957865046e-06, 2.28047542805e-06, 1.7400092247e-06],
        "dvar": [1.62091828315e-06, 2.10711482396e-06, 6.30440979421e-07, 6.8173147838e-07, 2.69698432476e-07, 1.5811875187e-07, 6.90931827307e-08, 1.50138163235e-07, 7.59995515409e-08, 2.92625141896e-08, 1.17932881238e-08, 1.12870814917e-08, 2.44924045489e-08, 2.08633235133e-08, 5.34627719873e-09, 7.0327277335e-09, 2.20603668666e-09, 5.57731905104e-09, 9.87750214954e-10, 8.00077726293e-10, 3.55822127318e-09, 1.33854483053e-09, 1.21320076207e-09, 1.7885283532e-10, 1.06660208443e-10, 1.80668258132e-10, 1.12001651009e-10, 1.83244669438e-10, 9.66190044638e-11, 8.34663657634e-11, 2.67791396696e-11, 2.68192187208e-11, 2.20190862071e-11, 2.45805112375e-11, 3.1795923533e-11, 3.2920478843e-11, 4.04009291299e-11, 3.39699553209e-11, 2.07365895288e-11, 1.12587907747e-11],
        "dvar2": [4.30979025623e-06, 6.14224836681e-06, 1.77448328031e-06, 1.87410637409e-06, 6.91862908297e-07, 4.36842327645e-07, 1.85202978287e-07, 3.25267961898e-07, 1.71955406358e-07, 7.4133353678e-08, 2.92681061609e-08, 2.56829277845e-08, 6.05238525964e-08, 4.79486210736e-08, 1.23636274552e-08, 1.28082922046e-08, 5.81255843457e-09, 1.37392905941e-08, 2.32306840431e-09, 2.02105820968e-09, 9.48684597546e-09, 3.43084893828e-09, 3.10512859869e-09, 4.38239333711e-10, 2.53320003862e-10, 4.5199302634e-10, 2.54793769416e-10, 3.75931369367e-10, 1.98331309709e-10, 1.52045639967e-10, 5.47417632057e-11, 6.32875626905e-11, 4.14137994731e-11, 4.9486206799e-11, 6.49919076889e-11, 6.27160406941e-11, 7.34361738086e-11, 6.08740974295e-11, 4.10034332876e-11, 1.88083888741e-11],
        "max": [0.0147317703813, 0.0165853090584, 0.00872681010514, 0.00916123390198, 0.0071864509955, 0.00521624833345, 0.00338951661251, 0.00564532354474, 0.00364466872998, 0.00293065118603, 0.00161079410464, 0.00141830416396, 0.00359079311602, 0.00250240438618, 0.00163359020371, 0.00245768600143, 0.000578641425818, 0.00134130858351, 0.000408304826124, 0.000317159167025, 0.00110675464384, 0.000594674493186, 0.000536411243957, 0.000198447931325, 0.000124021593365, 0.000216462634853, 0.000180173694389, 0.000248484429903, 0.00022237203666, 0.000181954237632, 0.000106113038782, 9.00627492229e-05, 0.000120418248116, 0.000121136974485, 0.000117477487947, 9.71474073594e-05, 0.000127964274725, 0.00012968138617, 0.000111194589408, 9.42027400015e-05],
        "mean": [0.00158043403644, 0.00186110392679, 0.000849240866955, 0.000972265726887, 0.000834974227473, 0.000434383895481, 0.000330501730787, 0.000525423500221, 0.000397499126848, 0.000199180401978, 0.000146851860336, 0.000159516057465, 0.000108009968244, 0.000128448373289, 7.45007200749e-05, 9.09073351067e-05, 5.06829928781e-05, 8.11368227005e-05, 4.39654722868e-05, 4.27105696872e-05, 6.60984223941e-05, 5.20637622685e-05, 4.91024038638e-05, 2.23678944167e-05, 2.13075072679e-05, 2.79263113043e-05, 1.75730147021e-05, 1.42931785376e-05, 1.15300726975e-05, 9.06508648768e-06, 6.89936359777e-06, 5.82056918574e-06, 5.19473360328e-06, 5.08936091137e-06, 5.73837269258e-06, 4.7392641136e-06, 4.62015532321e-06, 3.77509218197e-06, 2.95522272609e-06, 2.26679594562e-06],
        "median": [0.00116664683446, 0.00153828342445, 0.000655850046314, 0.000696178118233, 0.000510194338858, 0.000311381503707, 0.000224228191655, 0.000245158618782, 0.00018864433514, 0.000112103043648, 6.82958852849e-05, 9.94428701233e-05, 4.95286658406e-05, 5.72700591874e-05, 5.27812480868e-05, 4.46174199169e-05, 3.08002126985e-05, 5.07020267833e-05, 3.18796228385e-05, 3.23646891047e-05, 4.71754719911e-05, 3.63073777407e-05, 3.80276724172e-05, 1.72159889189e-05, 1.75281984411e-05, 2.24838167924e-05, 1.35880145535e-05, 9.84839425655e-06, 7.84719941294e-06, 5.84433882977e-06, 4.8379170039e-06, 3.98705515181e-06, 3.12281190418e-06, 3.33808134201e-06, 3.62416267308e-06, 2.19426669901e-06, 1.89317074728e-06, 1.20479944599e-06, 9.49115360527e-07, 6.61968726945e-07],
        "min": [7.58571986808e-05, 6.13339216216e-05, 1.34123511089e-05, 1.51367239596e-05, 1.45804624481e-05, 1.02872099887e-05, 8.9658469733e-06, 1.47250684677e-05, 1.13788246381e-05, 4.76591276311e-06, 4.89542480864e-06, 3.95698725697e-06, 5.03737146573e-06, 3.9928509068e-06, 3.07835148305e-06, 2.67424866252e-06, 2.10238249565e-06, 3.70751649825e-06, 2.38486404669e-06, 1.55712757532e-06, 4.82126870338e-06, 6.06231560596e-06, 3.76895945919e-06, 2.42773194259e-06, 2.37473295783e-06, 3.72023532691e-06, 2.0410311663e-06, 1.17479476103e-06, 1.39259918797e-06, 9.91347974377e-07, 8.07567687389e-07, 5.77172386329e-07, 4.00846943194e-07, 4.19265916207e-07, 4.96244922488e-07, 1.67528199313e-07, 1.43199599734e-07, 1.07705517394e-07, 2.57561028061e-10, 1.71136471661e-09],
