{
"highlevel": {
    "danceability": {
        "all": {
            "danceable": 0.558474957943,
            "not_danceable": 0.441525042057
        },
        "probability": 0.558474957943,
        "value": "danceable"
    },
    "gender": {
        "all": {
            "female": 0.595692038536,
            "male": 0.404307991266
        },
        "probability": 0.595692038536,
        "value": "female"
    },
    "genre_dortmund": {
        "all": {
            "alternative": 0.22570297122,
            "blues": 0.09762930125,
            "electronic": 0.0312397703528,
            "folkcountry": 0.147965341806,
            "funksoulrnb": 0.014523729682,
            "jazz": 0.0272792987525,
            "pop": 0.0562824606895,
            "raphiphop": 0.00199235067703,
            "rock": 0.397384792566
        },
        "probability": 0.397384792566,
        "value": "rock"
    },
    "genre_electronic": {
        "all": {
            "ambient": 0.349335163832,
            "dnb": 0.168054446578,
            "house": 0.094912186265,
            "techno": 0.0346917286515,
            "trance": 0.353006482124
        },
        "probability": 0.353006482124,
        "value": "trance"
    },
    "genre_rosamerica": {
        "all": {
            "cla": 0.00221614469774,
            "dan": 0.00533127272502,
            "hip": 0.00345875741914,
            "jaz": 0.00933821778744,
            "pop": 0.236080169678,
            "rhy": 0.0165239162743,
            "roc": 0.726098001003,
            "spe": 0.000953513081186
        },
        "probability": 0.726098001003,
        "value": "roc"
    },
    "genre_tzanetakis": {
        "all": {
            "blu": 0.0626541376114,
            "cla": 0.0348133966327,
            "cou": 0.0783501937985,
            "dis": 0.104547761381,
            "hip": 0.15693578124,
            "jaz": 0.313987255096,
            "met": 0.044816005975,
            "pop": 0.0627349764109,
            "reg": 0.0627352520823,
            "roc": 0.0784252434969
        },
        "probability": 0.313987255096,
        "value": "jaz"
    },
    "ismir04_rhythm": {
        "all": {
            "ChaChaCha": 0.426522523165,
            "Jive": 0.0751610398293,
            "Quickstep": 0.262127846479,
            "Rumba-American": 0.0240427535027,
            "Rumba-International": 0.0139469206333,
            "Rumba-Misc": 0.00390263437293,
            "Samba": 0.0844379737973,
            "Tango": 0.0658005699515,
            "VienneseWaltz": 0.0340350829065,
            "Waltz": 0.0100226495415
        },
        "probability": 0.426522523165,
        "value": "ChaChaCha"
    },
    "mood_acoustic": {
        "all": {
            "acoustic": 0.167055740952,
            "not_acoustic": 0.832944273949
        },
        "probability": 0.832944273949,
        "value": "not_acoustic"
    },
    "mood_aggressive": {
        "all": {
            "aggressive": 0.646856606007,
            "not_aggressive": 0.353143423796
        },
        "probability": 0.646856606007,
        "value": "aggressive"
    },
    "mood_electronic": {
        "all": {
            "electronic": 0.546254217625,
            "not_electronic": 0.453745812178
        },
        "probability": 0.546254217625,
        "value": "electronic"
    },
    "mood_happy": {
        "all": {
            "happy": 0.218606799841,
            "not_happy": 0.781393229961
        },
        "probability": 0.781393229961,
        "value": "not_happy"
    },
    "mood_party": {
        "all": {
            "not_party": 0.3827265203,
            "party": 0.617273449898
        },
        "probability": 0.617273449898,
        "value": "party"
    },
    "mood_relaxed": {
        "all": {
            "not_relaxed": 0.756488084793,
            "relaxed": 0.243511930108
        },
        "probability": 0.756488084793,
        "value": "not_relaxed"
    },
    "mood_sad": {
        "all": {
            "not_sad": 0.777848422527,
            "sad": 0.222151607275
        },
        "probability": 0.777848422527,
        "value": "not_sad"
    },
    "moods_mirex": {
        "all": {
            "Cluster1": 0.520977020264,
            "Cluster2": 0.164241045713,
            "Cluster3": 0.0952148512006,
            "Cluster4": 0.0776310861111,
            "Cluster5": 0.141936004162
        },
        "probability": 0.520977020264,
        "value": "Cluster1"
    },
    "timbre": {
        "all": {
            "bright": 0.967776656151,
            "dark": 0.0322233624756
        },
        "probability": 0.967776656151,
        "value": "bright"
    },
    "tonal_atonal": {
        "all": {
            "atonal": 0.167446821928,
            "tonal": 0.832553207874
        },
        "probability": 0.832553207874,
        "value": "tonal"
    },
    "voice_instrumental": {
        "all": {
            "instrumental": 0.0648933574557,
            "voice": 0.935106635094
        },
        "probability": 0.935106635094,
        "value": "voice"
    }
},
"lowlevel": {
    "average_loudness": 0.984465479851,
    "barkbands_crest": {
        "dmean": 1.7887595892,
        "dmean2": 2.89631056786,
        "dvar": 3.52911353111,
        "dvar2": 9.07971096039,
        "max": 21.2276592255,
        "mean": 10.4335575104,
        "median": 10.2532405853,
        "min": 3.05029368401,
        "var": 12.9569768906
    },
    "barkbands_flatness_db": {
        "dmean": 0.0137122096494,
        "dmean2": 0.0214573480189,
        "dvar": 0.000179224036401,
        "dvar2": 0.000454054010333,
        "max": 0.275767832994,
        "mean": 0.140531986952,
        "median": 0.136103093624,
        "min": 0.073811724782,
        "var": 0.000872784759849
    },
    "barkbands_kurtosis": {
        "dmean": 1.33702516556,
        "dmean2": 2.13000607491,
        "dvar": 3.94056725502,
        "dvar2": 10.0477895737,
        "max": 27.5999412537,
        "mean": 1.95690619946,
        "median": 1.23337459564,
        "min": -1.8261064291,
        "var": 8.49329662323
    },
    "barkbands_skewness": {
        "dmean": 0.33239531517,
        "dmean2": 0.515045881271,
        "dvar": 0.140758961439,
        "dvar2": 0.338577508926,
        "max": 4.48946714401,
        "mean": 1.37638521194,
        "median": 1.29335331917,
        "min": -0.510660946369,
        "var": 0.454089850187
    },
    "barkbands_spread": {
        "dmean": 4.54890537262,
        "dmean2": 6.72111749649,
        "dvar": 41.762676239,
        "dvar2": 74.2666244507,
        "max": 97.2734680176,
        "mean": 27.3187255859,
        "median": 24.3714733124,
        "min": 5.58235836029,
        "var": 178.505203247
    },
    "dissonance": {
        "dmean": 0.0166500974447,
        "dmean2": 0.0281164348125,
        "dvar": 0.000221335227252,
        "dvar2": 0.000608640781138,
        "max": 0.499824374914,
        "mean": 0.468177884817,
        "median": 0.473430454731,
        "min": 0.342709988356,
        "var": 0.000431807013229
    },
    "dynamic_complexity": 1.28755056858,
    "erbbands_crest": {
        "dmean": 2.19399023056,
        "dmean2": 3.49985051155,
        "dvar": 4.65619039536,
        "dvar2": 10.5316152573,
        "max": 26.2588443756,
        "mean": 8.47621250153,
        "median": 7.49998140335,
        "min": 2.37384414673,
        "var": 15.5422115326
    },
    "erbbands_flatness_db": {
        "dmean": 0.0114317052066,
        "dmean2": 0.0169760640711,
        "dvar": 0.000122087527416,
        "dvar2": 0.00022313593945,
        "max": 0.261504501104,
        "mean": 0.142170414329,
        "median": 0.14100112021,
        "min": 0.061590295285,
        "var": 0.000778779911343
    },
    "erbbands_kurtosis": {
        "dmean": 0.546339631081,
        "dmean2": 0.848215043545,
        "dvar": 0.455615818501,
        "dvar2": 1.04081094265,
        "max": 12.4754657745,
        "mean": -0.0306077934802,
        "median": -0.354956388474,
        "min": -1.54313087463,
        "var": 1.26519095898
    },
    "erbbands_skewness": {
        "dmean": 0.266155809164,
        "dmean2": 0.402250796556,
        "dvar": 0.0694388151169,
        "dvar2": 0.155905246735,
        "max": 2.03766226768,
        "mean": 0.248892709613,
        "median": 0.2515386343,
        "min": -2.24717831612,
        "var": 0.342240065336
    },
    "erbbands_spread": {
        "dmean": 6.26512908936,
        "dmean2": 9.53259754181,
        "dvar": 41.6115646362,
        "dvar2": 89.7270126343,
        "max": 105.399581909,
        "mean": 40.3126831055,
        "median": 38.9825973511,
        "min": 6.96321773529,
        "var": 170.051773071
    },
    "hfc": {
        "dmean": 5.62749052048,
        "dmean2": 8.1309337616,
        "dvar": 55.4348983765,
        "dvar2": 108.981712341,
        "max": 119.200256348,
        "mean": 29.1108589172,
        "median": 26.7487373352,
        "min": 4.18605613708,
        "var": 246.671112061
    },
    "melbands_crest": {
        "dmean": 1.97436523438,
        "dmean2": 3.290402174,
        "dvar": 4.24447488785,
        "dvar2": 11.5172605515,
        "max": 21.7643222809,
        "mean": 14.0527210236,
        "median": 14.0731334686,
        "min": 4.26336431503,
        "var": 9.08707141876
    },
    "melbands_flatness_db": {
        "dmean": 0.0166361499578,
        "dmean2": 0.0248229894787,
        "dvar": 0.000350390007952,
        "dvar2": 0.000838949577883,
        "max": 0.343709975481,
        "mean": 0.185736253858,
        "median": 0.183523014188,
        "min": 0.0839284956455,
        "var": 0.00172088632826
    },
    "melbands_kurtosis": {
        "dmean": 3.86111879349,
        "dmean2": 6.13939619064,
        "dvar": 30.3152637482,
        "dvar2": 79.3904037476,
        "max": 56.0958633423,
        "mean": 9.46663951874,
        "median": 7.46125602722,
        "min": -0.696805715561,
        "var": 57.2387542725
    },
    "melbands_skewness": {
        "dmean": 0.497562080622,
        "dmean2": 0.776867985725,
        "dvar": 0.31968921423,
        "dvar2": 0.801094412804,
        "max": 6.45373010635,
        "mean": 2.55057930946,
        "median": 2.4623811245,
        "min": 0.258269309998,
        "var": 0.880183696747
    },
    "melbands_spread": {
        "dmean": 4.84439468384,
        "dmean2": 7.2900724411,
        "dvar": 34.7590675354,
        "dvar2": 74.2177658081,
        "max": 93.6016082764,
        "mean": 24.3532772064,
        "median": 21.3690738678,
        "min": 3.54090714455,
        "var": 157.818389893
    },
    "pitch_salience": {
        "dmean": 0.0511963032186,
        "dmean2": 0.083717353642,
        "dvar": 0.0026867678389,
        "dvar2": 0.00707290507853,
        "max": 0.777341544628,
        "mean": 0.510204613209,
        "median": 0.500183701515,
        "min": 0.273598760366,
        "var": 0.00694358814508
    },
    "silence_rate_20dB": {
        "dmean": 0,
        "dmean2": 0,
        "dvar": 0,
        "dvar2": 0,
        "max": 1,
        "mean": 1,
        "median": 1,
        "min": 1,
        "var": 0
    },
    "silence_rate_30dB": {
        "dmean": 0.00464396271855,
        "dmean2": 0.00929511990398,
        "dvar": 0.00462235184386,
        "dvar2": 0.012307244353,
        "max": 1,
        "mean": 0.996906399727,
        "median": 1,
        "min": 0,
        "var": 0.00308399111964
    },
    "silence_rate_60dB": {
        "dmean": 0,
        "dmean2": 0,
        "dvar": 0,
        "dvar2": 0,
        "max": 0,
        "mean": 0,
        "median": 0,
        "min": 0,
        "var": 0
    },
    "spectral_centroid": {
        "dmean": 214.614501953,
        "dmean2": 323.41607666,
        "dvar": 60238.2539062,
        "dvar2": 120676.179688,
        "max": 4234.76757812,
        "mean": 1559.07751465,
        "median": 1455.48303223,
        "min": 446.487030029,
        "var": 348942.1875
    },
    "spectral_complexity": {
        "dmean": 3.29411768913,
        "dmean2": 5.18667697906,
        "dvar": 10.0899953842,
        "dvar2": 23.1819801331,
        "max": 50,
        "mean": 24.8878574371,
        "median": 25,
        "min": 8,
        "var": 45.3803138733
    },
    "spectral_decrease": {
        "dmean": 2.21825802171e-09,
        "dmean2": 3.7444021217e-09,
        "dvar": 1.44305198193e-17,
        "dvar2": 4.0162973784e-17,
        "max": -1.75155290272e-09,
        "mean": -1.01414618925e-08,
        "median": -9.51022105511e-09,
        "min": -3.69353791996e-08,
        "var": 1.53879714522e-17
    },
    "spectral_energy": {
        "dmean": 0.00866482406855,
        "dmean2": 0.0145915728062,
        "dvar": 0.000211025238968,
        "dvar2": 0.000586604932323,
        "max": 0.143038332462,
        "mean": 0.0409166626632,
        "median": 0.0386315211654,
        "min": 0.00926618650556,
        "var": 0.000234525097767
    },
    "spectral_energyband_high": {
        "dmean": 0.000425359379733,
        "dmean2": 0.000635449716356,
        "dvar": 9.31597298859e-07,
        "dvar2": 1.6977909354e-06,
        "max": 0.0185076911002,
        "mean": 0.00137864926364,
        "median": 0.000919391342904,
        "min": 1.143299869e-05,
        "var": 2.7809724088e-06
    },
    "spectral_energyband_low": {
        "dmean": 0.00612728344277,
        "dmean2": 0.0106078991666,
        "dvar": 0.000185769356904,
        "dvar2": 0.000514962826855,
        "max": 0.11520087719,
        "mean": 0.0186302717775,
        "median": 0.0176403578371,
        "min": 0.000336589495419,
        "var": 0.000156750276801
    },
    "spectral_energyband_middle_high": {
        "dmean": 0.0017394896131,
        "dmean2": 0.00252968678251,
        "dvar": 3.69682334167e-06,
        "dvar2": 6.56539123156e-06,
        "max": 0.0246694777161,
        "mean": 0.00726751238108,
        "median": 0.00609833095223,
        "min": 0.000483097042888,
        "var": 2.12996437767e-05
    },
    "spectral_energyband_middle_low": {
        "dmean": 0.00468870578334,
        "dmean2": 0.00752956327051,
        "dvar": 4.00908575102e-05,
        "dvar2": 0.000100207842479,
        "max": 0.0579460784793,
        "mean": 0.0150363827124,
        "median": 0.0128006488085,
        "min": 0.00137068342883,
        "var": 7.59019385441e-05
    },
    "spectral_entropy": {
        "dmean": 0.102183647454,
        "dmean2": 0.152129262686,
        "dvar": 0.0113538810983,
        "dvar2": 0.0210025347769,
        "max": 8.66658782959,
        "mean": 7.69880962372,
        "median": 7.71395587921,
        "min": 6.86474323273,
        "var": 0.0618056319654
    },
    "spectral_flux": {
        "dmean": 0.0236864164472,
        "dmean2": 0.0362378545105,
        "dvar": 0.000802701862995,
        "dvar2": 0.00171384843998,
        "max": 0.326070487499,
        "mean": 0.089176915586,
        "median": 0.0789842680097,
        "min": 0.0246597584337,
        "var": 0.0017420303775
    },
    "spectral_kurtosis": {
        "dmean": 0.927279531956,
        "dmean2": 1.56983888149,
        "dvar": 1.14838004112,
        "dvar2": 3.02163672447,
        "max": 15.1893920898,
        "mean": 2.8735063076,
        "median": 2.69111299515,
        "min": -0.723093986511,
        "var": 2.54871726036
    },
    "spectral_rms": {
        "dmean": 0.000615259283222,
        "dmean2": 0.00102023186628,
        "dvar": 8.09046866834e-07,
        "dvar2": 2.21233585762e-06,
        "max": 0.0118131106719,
        "mean": 0.00622599665076,
        "median": 0.0061391601339,
        "min": 0.0030066894833,
        "var": 1.15566683689e-06
    },
    "spectral_rolloff": {
        "dmean": 365.430450439,
        "dmean2": 600.261901855,
        "dvar": 495611.65625,
        "dvar2": 911280.875,
        "max": 7945.75195312,
        "mean": 1447.28808594,
        "median": 990.52734375,
        "min": 129.19921875,
        "var": 1572028.5
    },
    "spectral_skewness": {
        "dmean": 0.156399175525,
        "dmean2": 0.250124633312,
        "dvar": 0.0256234835833,
        "dvar2": 0.0566085167229,
        "max": 3.20608377457,
        "mean": 1.2712675333,
        "median": 1.26221108437,
        "min": 0.0164409801364,
        "var": 0.111782856286
    },
    "spectral_spread": {
        "dmean": 348301.34375,
        "dmean2": 500712.8125,
        "dvar": 240084090880,
        "dvar2": 388143087616,
        "max": 12244355,
        "mean": 4596762,
        "median": 4413680.5,
        "min": 1936021.875,
        "var": 1.03221061222e+12
    },
    "spectral_strongpeak": {
        "dmean": 0.291581213474,
        "dmean2": 0.528630018234,
        "dvar": 0.491415828466,
        "dvar2": 1.22933375835,
        "max": 6.19012308121,
        "mean": 0.641846060753,
        "median": 0.449140489101,
        "min": 0.0561684072018,
        "var": 0.585758566856
    },
    "zerocrossingrate": {
        "dmean": 0.00756080076098,
        "dmean2": 0.00869602058083,
        "dvar": 8.99325241335e-05,
        "dvar2": 0.000100652010588,
        "max": 0.19189453125,
        "mean": 0.0545239858329,
        "median": 0.05126953125,
        "min": 0.01123046875,
        "var": 0.000561988214031
    },
    "barkbands": {
        "dmean": [7.75410953793e-05, 0.00449304515496, 0.00174118194263, 0.00151986931451, 0.00175090064295, 0.00103173486423, 0.000650676141959, 0.00159140175674, 0.000992846908048, 0.000659487501252, 0.000487470912049, 0.000480875518406, 0.000354609306669, 0.000334610085702, 0.000324509106576, 0.000211736085475, 0.000242321140831, 0.000200853552087, 0.000192329476704, 0.000262176559772, 0.000128911822685, 0.00013759250578, 0.000107529493107, 7.83053474152e-05, 3.43310675817e-05, 9.65505660133e-06, 4.04935507348e-09],
        "dmean2": [0.000128021260025, 0.00770540907979, 0.00317578273825, 0.00261037587188, 0.00295890495181, 0.00172937090974, 0.00104008964263, 0.00233983341604, 0.00150952697732, 0.00102712179068, 0.000776317494456, 0.000774640822783, 0.000541860121302, 0.00050937384367, 0.000493280007504, 0.000324953871313, 0.000386710045859, 0.000305017805658, 0.000295777572319, 0.000418631359935, 0.000206799377338, 0.000216548287426, 0.000161807940458, 0.000114494163427, 4.94401028845e-05, 1.33878793349e-05, 5.51264722759e-09],
        "dvar": [6.67643931251e-08, 8.07278047432e-05, 2.39550499828e-05, 7.53965377953e-06, 1.12513680506e-05, 2.25276085075e-06, 1.2534974303e-06, 6.81286473991e-06, 4.00619092034e-06, 6.79142601712e-07, 5.82225368362e-07, 7.15205260349e-07, 5.42237785339e-07, 3.66059992984e-07, 8.24257767817e-07, 1.91991460952e-07, 2.28011458603e-07, 1.35193403139e-07, 8.17854441948e-08, 1.85992647062e-07, 4.87460560805e-08, 1.3064359905e-07, 1.41369909556e-07, 5.59077335538e-08, 8.55220605445e-09, 5.51010737038e-10, 3.42037579222e-15],
        "dvar2": [1.58086038482e-07, 0.000220450485358, 6.95535127306e-05, 2.00002377824e-05, 3.13545824611e-05, 6.11740006207e-06, 3.28151736539e-06, 1.3597283214e-05, 8.58274052007e-06, 1.60008471539e-06, 1.3196040527e-06, 1.28310637137e-06, 1.20348408927e-06, 7.77434138399e-07, 1.7774641492e-06, 3.74971477868e-07, 5.6865235365e-07, 2.64128118488e-07, 1.7408012809e-07, 4.73342026908e-07, 1.09058262865e-07, 3.04808708051e-07, 2.96442635772e-07, 1.08772255203e-07, 1.48582186554e-08, 9.2009261321e-10, 3.43082076725e-15],
        "max": [0.00216564396396, 0.085634753108, 0.0420384593308, 0.0229174029082, 0.0331795476377, 0.0153198903427, 0.0243444591761, 0.0268803574145, 0.0355920642614, 0.0111959418282, 0.0139863025397, 0.0170005466789, 0.0126576544717, 0.0127073936164, 0.0173939727247, 0.00733725260943, 0.00981437135488, 0.00842123292387, 0.00456016371027, 0.0059520509094, 0.00465154321864, 0.00669167842716, 0.00711971567944, 0.00410303473473, 0.00192090461496, 0.000447834492661, 1.7247946289e-06],
        "mean": [6.69795626891e-05, 0.0144490776584, 0.00314379553311, 0.00232744216919, 0.00319449021481, 0.00197332096286, 0.00150753860362, 0.00314001436345, 0.00214830716141, 0.00134311697911, 0.000904380111024, 0.000879675033502, 0.000617333920673, 0.000740116811357, 0.000563175883144, 0.00046737404773, 0.000670696608722, 0.000438486167695, 0.000567565963138, 0.000642603437882, 0.000320968683809, 0.000318993028486, 0.000224178642384, 0.0001722239831, 7.65114600654e-05, 1.83188058145e-05, 3.75528452778e-09],
        "median": [7.87264434621e-06, 0.0144710764289, 0.00222496828064, 0.00151243875735, 0.0022943825461, 0.00103407283314, 0.00106776854955, 0.00144088012166, 0.000985820312053, 0.000947898486629, 0.000589607050642, 0.000528033182491, 0.000249557982897, 0.000315598212183, 0.000228713426623, 0.000191329032532, 0.000208042372833, 0.000243139467784, 0.000260321510723, 0.000332933384925, 0.000197135319468, 0.000181820403668, 0.000105930368591, 7.69136313465e-05, 4.02917466999e-05, 7.13702547728e-06, 6.06212802179e-10],
        "min": [2.85426580149e-08, 0.000188837788301, 2.79839459836e-05, 6.85231225361e-06, 0.00012825037993, 2.37974963966e-05, 4.25762482337e-05, 3.81529680453e-05, 8.72297732712e-06, 3.18506536132e-05, 3.31250666932e-05, 3.95096249122e-05, 1.64014254551e-05, 1.20108716146e-05, 8.45649537951e-06, 4.57396527054e-06, 2.57514307123e-06, 2.04925891012e-06, 2.5838462534e-06, 9.78622483672e-06, 1.32645573103e-06, 1.31183242047e-06, 4.24786520625e-07, 2.25376808771e-07, 1.29660122639e-08, 1.20458615305e-10, 9.40682167577e-12],
        "var": [5.90231152842e-08, 8.66442205734e-05, 1.74267588591e-05, 7.40631639928e-06, 1.15906532301e-05, 5.45834927834e-06, 2.29356805903e-06, 1.73923726834e-05, 1.47177888721e-05, 1.7350471353e-06, 1.15420789371e-06, 1.88326680473e-06, 1.43727936575e-06, 1.24797793433e-06, 1.3495832718e-06, 6.4472106942e-07, 1.55175803229e-06, 4.29232159149e-07, 6.09122480455e-07, 6.19875720531e-07, 1.41046157864e-07, 2.28328033813e-07, 2.75608783795e-07, 1.22335137576e-07, 2.30708518956e-08, 1.37330036232e-09, 3.41973967048e-15]
    },
    "erbbands": {
        "dmean": [0.0965133085847, 1.13642764091, 2.22191286087, 3.24209690094, 7.07538366318, 5.14268684387, 6.29639625549, 9.67322635651, 8.77150058746, 19.9982738495, 29.7567806244, 23.7487564087, 21.4495677948, 13.875743866, 22.4746341705, 21.9377155304, 17.7549591064, 15.6346216202, 14.1931657791, 14.3060207367, 10.8509740829, 11.2744045258, 10.4539165497, 8.26867580414, 11.4136457443, 11.7432603836, 5.90576171875, 5.0174946785, 5.00491905212, 4.30277729034, 3.00011634827, 2.08018803596, 1.09276497364, 0.49240937829, 0.20936010778, 0.0595374107361, 0.0175250712782, 0.00120351195801, 2.5935289159e-05, 1.06195284388e-05],
        "dmean2": [0.16535872221, 1.95357584953, 4.01521205902, 5.69469404221, 12.1263484955, 8.67557621002, 10.5874996185, 16.3389205933, 13.9706001282, 30.8890399933, 44.0855064392, 35.6709327698, 33.6785049438, 21.8663673401, 36.2022705078, 35.1442909241, 27.024438858, 23.7352485657, 20.8930358887, 21.1523017883, 16.8144817352, 17.9200267792, 15.9040489197, 12.5677280426, 17.7350234985, 18.6940441132, 9.41059589386, 8.15471172333, 8.19075012207, 6.73782062531, 4.33644866943, 3.07691764832, 1.63921117783, 0.712881565094, 0.303747445345, 0.0843647643924, 0.0246676038951, 0.00180924939923, 3.74439732695e-05, 1.74208835233e-05],
        "dvar": [0.0541440136731, 4.87053251266, 29.6518573761, 45.9582061768, 234.851196289, 72.4867477417, 73.9763183594, 208.018554688, 155.705307007, 1274.54272461, 2857.80615234, 2151.59204102, 945.588317871, 527.946350098, 1009.70635986, 1624.45446777, 1417.28308105, 693.311828613, 1499.45080566, 1304.37084961, 556.14239502, 363.110198975, 329.236846924, 165.674240112, 303.090667725, 404.853881836, 99.8057861328, 90.2386779785, 214.035247803, 142.580612183, 104.403381348, 48.5257606506, 7.73891067505, 1.57459366322, 0.398249328136, 0.0264703817666, 0.00181593536399, 8.32010391605e-06, 3.16771786579e-09, 2.69900185534e-10],
        "dvar2": [0.139564275742, 13.6625013351, 86.7093734741, 128.875534058, 638.570739746, 196.543746948, 193.678009033, 570.899780273, 388.592498779, 2833.15649414, 5365.50390625, 4379.30957031, 2233.75146484, 1176.71789551, 2373.75170898, 3000.18408203, 3053.79858398, 1538.16711426, 3075.67675781, 2417.49121094, 1226.44970703, 907.713989258, 651.335327148, 326.327148438, 656.546203613, 1016.34423828, 220.90637207, 209.081771851, 532.204528809, 313.125061035, 203.680984497, 97.4225921631, 14.2007923126, 2.72068619728, 0.69857609272, 0.0462495163083, 0.00330962170847, 1.66755107784e-05, 5.73186165198e-09, 7.23815229975e-10],
        "max": [2.30595183372, 23.1064243317, 48.4274406433, 62.3639373779, 136.524353027, 93.5717163086, 92.388710022, 139.052703857, 240.401611328, 472.564331055, 839.12121582, 878.646362305, 604.630493164, 500.688293457, 383.938751221, 861.344482422, 678.059570312, 356.586761475, 908.078308105, 778.026123047, 467.586456299, 356.999267578, 393.110198975, 225.477615356, 288.080230713, 303.422424316, 175.89213562, 193.119644165, 299.686645508, 190.857849121, 195.353103638, 133.539581299, 43.2275352478, 23.1511821747, 13.1169252396, 3.12369036674, 0.713982880116, 0.0372751913965, 0.000860952539369, 0.000162615673617],
        "mean": [0.221071645617, 3.79572272301, 5.52941036224, 5.27289581299, 10.5821294785, 9.94372558594, 12.0991630554, 17.2633781433, 21.9132709503, 40.8366279602, 66.4284591675, 54.2173843384, 43.0919418335, 29.4081287384, 42.2219848633, 41.4711494446, 33.0050315857, 36.9378967285, 27.9826526642, 29.6087036133, 27.3176174164, 35.2858467102, 27.3784141541, 23.7424354553, 34.2520446777, 30.2457847595, 14.538769722, 12.0549697876, 10.9784631729, 9.47411060333, 6.28372144699, 4.33628082275, 2.45107746124, 1.12303984165, 0.423113882542, 0.114278309047, 0.030604608357, 0.00191918993369, 6.75278715789e-05, 5.2583462093e-05],
        "median": [0.162450507283, 3.80752825737, 4.67366743088, 3.61650443077, 5.85098218918, 7.71353435516, 7.70340919495, 9.06349945068, 15.811340332, 24.1043720245, 29.4489612579, 27.3899097443, 31.800699234, 17.6252822876, 29.0315208435, 24.6704883575, 14.4256973267, 16.8046970367, 12.1929283142, 13.9705572128, 10.4355773926, 12.2639036179, 14.7750244141, 13.7126560211, 14.6066131592, 15.4224271774, 9.36449146271, 7.90272855759, 6.38901376724, 4.81613922119, 2.95092940331, 1.95370423794, 1.10460186005, 0.581684350967, 0.207630887628, 0.0496683828533, 0.0108922319487, 0.000590922485571, 4.15777649323e-05, 5.04558556713e-05],
        "min": [0.00350817479193, 0.013633787632, 0.0500342063606, 0.0596483014524, 0.236781090498, 0.186193004251, 0.277718305588, 0.31872355938, 0.605024397373, 0.764674663544, 0.994203925133, 1.23998141289, 1.32913756371, 1.02802753448, 2.19154548645, 2.10996675491, 1.4582028389, 0.949944078922, 0.488976567984, 0.502935290337, 0.328977674246, 0.189773023129, 0.134039223194, 0.0851601660252, 0.241718947887, 0.536059856415, 0.193538621068, 0.0638034120202, 0.0442549772561, 0.0198264215142, 0.012593999505, 0.00530197843909, 0.00256810407154, 0.00028506165836, 0.000128786137793, 3.42257044395e-05, 1.42611279443e-05, 1.76041066879e-06, 5.22510936207e-06, 1.16447326945e-05],
        "var": [0.0579424090683, 5.13042354584, 21.5872821808, 36.8659858704, 225.816940308, 83.5891723633, 163.521697998, 438.9765625, 444.1015625, 2695.39208984, 10140.4892578, 8741.89453125, 1724.26281738, 1428.18261719, 2025.28808594, 4053.61401367, 3822.47021484, 2452.17700195, 2717.74438477, 3255.54711914, 2165.34838867, 3561.36352539, 1479.13452148, 946.082336426, 2230.91455078, 1359.54968262, 253.424499512, 203.715881348, 290.43637085, 296.337158203, 223.046981812, 96.3156814575, 20.2084255219, 4.42303752899, 0.963804602623, 0.0612801574171, 0.0039520370774, 1.64871671586e-05, 7.29967686297e-09, 3.78094777709e-10]
    },
    "gfcc": {
        "mean": [47.7301864624, 102.34753418, -120.284187317, 46.8405570984, -67.0353469849, 24.709695816, -27.8350105286, 16.9991168976, -20.4659957886, 4.87378644943, -11.0740842819, -4.08112096786, -10.1619987488],
        "cov": [[965.760559082, -483.062927246, -26.1360168457, 144.605133057, -104.926712036, 2.40474104881, -129.694656372, 41.7022857666, -62.6429786682, -25.060754776, -117.667106628, 58.5325393677, -52.6907157898], [-483.062927246, 491.277526855, -97.4611816406, -98.4676437378, 115.596748352, -64.6948928833, 84.0251693726, -27.8038959503, 66.2711181641, -17.5838527679, 64.6517486572, -69.3359375, 42.8080024719], [-26.1360168457, -97.4611816406, 328.17288208, -34.4320526123, -9.28504562378, -1.23373603821, -51.6112556458, 1.15905332565, -49.1150398254, 34.5895729065, -52.0070343018, 115.641433716, -25.1951084137], [144.605133057, -98.4676437378, -34.4320526123, 170.313934326, -12.3607749939, -8.94777965546, -8.91893672943, 15.6840772629, 23.7993984222, -40.8570671082, -16.2691459656, 11.2110099792, 25.1665554047], [-104.926712036, 115.596748352, -9.28504562378, -12.3607749939, 128.301132202, -31.3362674713, -4.30575323105, 11.8268871307, 9.70461750031, -3.84577560425, -7.34828662872, 10.6701526642, 4.82204627991], [2.40474104881, -64.6948928833, -1.23373603821, -8.94777965546, -31.3362674713, 151.569992065, 59.317855835, -2.94398784637, -5.92467784882, 18.9262943268, 54.766708374, -48.9678077698, -0.753454089165], [-129.694656372, 84.0251693726, -51.6112556458, -8.91893672943, -4.30575323105, 59.317855835, 139.11000061, -5.83655309677, -14.6620674133, 20.0929889679, 67.4443893433, -51.438583374, -0.483704000711], [41.7022857666, -27.8038959503, 1.15905332565, 15.6840772629, 11.8268871307, -2.94398784637, -5.83655309677, 86.6172180176, 42.6844024658, -10.0819749832, -17.5394058228, 2.38817358017, 12.1050157547], [-62.6429786682, 66.2711181641, -49.1150398254, 23.7993984222, 9.70461750031, -5.92467784882, -14.6620674133, 42.6844024658, 144.787750244, -17.6645431519, -13.9514904022, -12.592042923, 37.5513000488], [-25.060754776, -17.5838527679, 34.5895729065, -40.8570671082, -3.84577560425, 18.9262943268, 20.0929889679, -10.0819749832, -17.6645431519, 77.5184249878, 30.6797447205, -8.19666290283, -22.6623744965], [-117.667106628, 64.6517486572, -52.0070343018, -16.2691459656, -7.34828662872, 54.766708374, 67.4443893433, -17.5394058228, -13.9514904022, 30.6797447205, 111.856834412, -44.1515769958, -0.479826569557], [58.5325393677, -69.3359375, 115.641433716, 11.2110099792, 10.6701526642, -48.9678077698, -51.438583374, 2.38817358017, -12.592042923, -8.19666290283, -44.1515769958, 133.141616821, 4.66170930862], [-52.6907157898, 42.8080024719, -25.1951084137, 25.1665554047, 4.82204627991, -0.753454089165, -0.483704000711, 12.1050157547, 37.5513000488, -22.6623744965, -0.479826569557, 4.66170930862, 63.5235939026]],
        "icov": [[0.00298278802074, 0.00112468109, 0.00219605257735, -0.00164274370763, 0.00133824057411, -0.0013289191993, 0.00193231075536, -0.00164206663612, 0.00175540114287, -0.00107857678086, 0.00253791967407, -0.00144880462904, 0.00215133279562], [0.00112468109, 0.0131860952824, -0.0028862815816, 0.00780426850542, -0.00862437579781, 0.0111206546426, -0.00802921596915, 0.00703874835745, -0.00703191384673, 0.00881097279489, -0.00706137204543, 0.00752482470125, -0.00611096527427], [0.00219605257735, -0.0028862815816, 0.00870371144265, -0.00285901129246, 0.00405705114827, -0.00657742423937, 0.0046720681712, -0.00421313242987, 0.00486199790612, -0.00645297765732, 0.00664400495589, -0.00853600818664, 0.00430418085307], [-0.00164274370763, 0.00780426850542, -0.00285901129246, 0.0136163635179, -0.0057255923748, 0.00825290661305, -0.00703093595803, 0.00517100468278, -0.00622295774519, 0.00948260817677, -0.00641954177991, 0.00491981999949, -0.00700460607186], [0.00133824057411, -0.00862437579781, 0.00405705114827, -0.0057255923748, 0.0156772490591, -0.00706992810592, 0.00656919041649, -0.00739998044446, 0.00610930239782, -0.00691848341376, 0.00668483506888, -0.00713043333963, 0.00547975348309], [-0.0013289191993, 0.0111206546426, -0.00657742423937, 0.00825290661305, -0.00706992810592, 0.0212924256921, -0.0111047439277, 0.00722455047071, -0.00808669161052, 0.00936623383313, -0.0117972297594, 0.0115497549996, -0.00796171184629], [0.00193231075536, -0.00802921596915, 0.0046720681712, -0.00703093595803, 0.00656919041649, -0.0111047439277, 0.0187266040593, -0.00719989510253, 0.0078141996637, -0.00786271691322, 0.00251294369809, -0.00484716985375, 0.00548673374578], [-0.00164206663612, 0.00703874835745, -0.00421313242987, 0.00517100468278, -0.00739998044446, 0.00722455047071, -0.00719989510253, 0.019735366106, -0.00964785274118, 0.00649011787027, -0.0042278971523, 0.0060016810894, -0.00544698582962], [0.00175540114287, -0.00703191384673, 0.00486199790612, -0.00622295774519, 0.00610930239782, -0.00808669161052, 0.0078141996637, -0.00964785274118, 0.015735829249, -0.00720568140969, 0.0074009266682, -0.00492204120383, 0.000471273378935], [-0.00107857678086, 0.00881097279489, -0.00645297765732, 0.00948260817677, -0.00691848341376, 0.00936623383313, -0.00786271691322, 0.00649011787027, -0.00720568140969, 0.0264877825975, -0.0122919380665, 0.00761339766905, -0.000751182320528], [0.00253791967407, -0.00706137204543, 0.00664400495589, -0.00641954177991, 0.00668483506888, -0.0117972297594, 0.00251294369809, -0.0042278971523, 0.0074009266682, -0.0122919380665, 0.0237593781203, -0.00617226213217, 0.00409183371812], [-0.00144880462904, 0.00752482470125, -0.00853600818664, 0.00491981999949, -0.00713043333963, 0.0115497549996, -0.00484716985375, 0.0060016810894, -0.00492204120383, 0.00761339766905, -0.00617226213217, 0.0201419554651, -0.00800871383399], [0.00215133279562, -0.00611096527427, 0.00430418085307, -0.00700460607186, 0.00547975348309, -0.00796171184629, 0.00548673374578, -0.00544698582962, 0.000471273378935, -0.000751182320528, 0.00409183371812, -0.00800871383399, 0.026768386364]]
    },
    "melbands": {
        "dmean": [0.00107311690226, 0.00131670245901, 0.000698782096151, 0.000415629969211, 0.000221958587645, 0.000205079326406, 0.000134656627779, 0.000249785894994, 0.000248058291618, 0.000136149683385, 0.00010668647883, 5.74213881919e-05, 6.9316381996e-05, 5.75488375034e-05, 4.95714120916e-05, 3.00269384752e-05, 3.36036609951e-05, 2.32225520449e-05, 2.43493213929e-05, 1.65703841049e-05, 1.42272556332e-05, 1.25718697745e-05, 1.30674852699e-05, 1.00301467683e-05, 7.06694982e-06, 8.41977634991e-06, 1.10598848551e-05, 8.04575120128e-06, 4.25416919825e-06, 3.4293459521e-06, 3.08954054162e-06, 2.93397806672e-06, 3.09635493068e-06, 2.33120499615e-06, 1.92401512322e-06, 1.62691026162e-06, 1.24595044326e-06, 8.84419932845e-07, 5.67882125324e-07, 4.261667641e-07],
        "dmean2": [0.00183680071495, 0.00230941642076, 0.00121209130157, 0.000706230523065, 0.000371481117327, 0.000346645101672, 0.000215382053284, 0.000383744481951, 0.000370230700355, 0.000205695818295, 0.000167468679138, 9.05890774447e-05, 0.00011104420264, 9.25401473069e-05, 7.83791183494e-05, 4.52256863355e-05, 5.18147498951e-05, 3.48626817868e-05, 3.6151461245e-05, 2.5413433832e-05, 2.25861294894e-05, 2.01914881472e-05, 1.96734090423e-05, 1.56210880959e-05, 1.09351258288e-05, 1.29575864776e-05, 1.75346667675e-05, 1.30204552988e-05, 6.83546022628e-06, 5.451713605e-06, 5.13906661581e-06, 4.77696403323e-06, 4.80962080474e-06, 3.65272512681e-06, 2.88051342068e-06, 2.46949525717e-06, 1.84245504897e-06, 1.34956781039e-06, 8.51363097354e-07, 6.34659670595e-07],
        "dvar": [5.19126433574e-06, 8.20198602014e-06, 1.75201364527e-06, 7.08830953045e-07, 7.62473604254e-08, 9.06441854909e-08, 4.37424780841e-08, 2.05315600965e-07, 2.04593874287e-07, 6.85766821107e-08, 2.34022525802e-08, 8.60294946392e-09, 1.04246442589e-08, 6.70471100861e-09, 8.38760261246e-09, 4.12137834971e-09, 3.43889139387e-09, 4.10224210157e-09, 5.63078916826e-09, 1.40988298813e-09, 1.19623633221e-09, 4.92186902346e-10, 6.59677645842e-10, 3.03501695997e-10, 1.27203803046e-10, 2.04915334701e-10, 2.96652813425e-10, 2.07170947064e-10, 5.22093722422e-11, 3.51217943617e-11, 3.2764391894e-11, 8.26125903797e-11, 5.47425056674e-11, 5.5748804878e-11, 5.00426436401e-11, 2.64769178804e-11, 1.6831164934e-11, 5.10498544479e-12, 1.7007885985e-12, 1.22480400388e-12],
        "dvar2": [1.37389661177e-05, 2.39423279709e-05, 4.76993227494e-06, 1.97396570911e-06, 1.99244411192e-07, 2.48046404749e-07, 1.11767683109e-07, 4.33096886354e-07, 3.8790221879e-07, 1.37594000194e-07, 5.52158603284e-08, 1.89354931734e-08, 2.45722944214e-08, 1.41234632878e-08, 1.45407996754e-08, 8.80381900714e-09, 7.6873121202e-09, 8.07636268974e-09, 1.2154081297e-08, 2.61110599808e-09, 2.90204971165e-09, 1.26535493195e-09, 1.18765119961e-09, 7.28744231626e-10, 2.52029119796e-10, 4.50046999667e-10, 7.51904427609e-10, 5.31572730278e-10, 1.20800702774e-10, 7.62245266905e-11, 7.89726478656e-11, 2.18016923959e-10, 1.23306198585e-10, 1.32797328689e-10, 1.07815929795e-10, 4.80996874275e-11, 3.59240900916e-11, 9.71199076022e-12, 3.36324718075e-12, 2.23349463924e-12],
        "max": [0.0219320505857, 0.0254231393337, 0.0103953406215, 0.00847689062357, 0.00268309796229, 0.00286792381667, 0.00438913889229, 0.00535624055192, 0.00759237539023, 0.0048069851473, 0.00291579030454, 0.00190389226191, 0.00166202511173, 0.00138441729359, 0.0018301543314, 0.00114627170842, 0.000818227941636, 0.0017473771004, 0.00164055998903, 0.000810124096461, 0.000750786392018, 0.000432833621744, 0.00090918521164, 0.000288832525257, 0.000193308020243, 0.000264721165877, 0.000274338584859, 0.000232344245887, 0.000129047621158, 0.000127793930005, 0.000106241146568, 0.000200924885576, 0.000129259613459, 0.000125418329844, 0.000152978143888, 8.28255870147e-05, 8.34686288727e-05, 3.68566870748e-05, 1.95167958736e-05, 2.28201079153e-05],
        "mean": [0.00316082732752, 0.00393780739978, 0.00112732662819, 0.000740881136153, 0.00043859219295, 0.000377726275474, 0.000327582150931, 0.000493058236316, 0.000572073331568, 0.000299494684441, 0.000205604374059, 0.00011313566938, 0.000130008076667, 0.000108365289634, 9.32023467612e-05, 5.65399022889e-05, 7.32951739337e-05, 4.49301587651e-05, 4.29619212809e-05, 3.42248786183e-05, 3.25323017023e-05, 3.653307067e-05, 3.39375073963e-05, 2.03076269827e-05, 1.81782852451e-05, 2.29784454859e-05, 2.75742077065e-05, 1.79404814844e-05, 8.89581860974e-06, 8.0885592979e-06, 6.43868452244e-06, 5.71019563722e-06, 6.77456228004e-06, 4.56623229184e-06, 3.58688407687e-06, 3.27177622239e-06, 2.40912868321e-06, 1.81883990535e-06, 1.22981509776e-06, 8.68229278694e-07],
        "median": [0.00307112326846, 0.00375027349219, 0.000760340422858, 0.000508025870658, 0.00033189743408, 0.000201437767828, 0.000234315884882, 0.000274564925348, 0.000238124543102, 0.000156533220434, 0.000147050945088, 6.08811096754e-05, 8.71857191669e-05, 7.3240189522e-05, 4.92911240144e-05, 2.30065707001e-05, 3.19688515447e-05, 1.88324047485e-05, 1.70048606378e-05, 1.58585353347e-05, 1.0472651411e-05, 1.14027325253e-05, 1.20078711916e-05, 1.13057276394e-05, 9.41958205658e-06, 9.41362941376e-06, 1.26396353153e-05, 8.94396089279e-06, 5.54479902348e-06, 4.51013784186e-06, 4.19289654019e-06, 3.35611366609e-06, 3.58896500074e-06, 2.20356082536e-06, 1.6315599396e-06, 1.43076147197e-06, 1.04861658201e-06, 7.62691684031e-07, 5.99648785737e-07, 4.27540442161e-07],
        "min": [3.82981706935e-05, 2.09797472053e-05, 9.55052200879e-06, 3.38806457876e-05, 1.2128729395e-05, 6.53105917081e-06, 8.79192702996e-06, 7.00694818079e-06, 4.60082446807e-06, 1.47590753841e-06, 6.09175458521e-06, 2.55037480201e-06, 5.48266461919e-06, 3.33502157446e-06, 3.27479642692e-06, 1.67006874108e-06, 1.54230031058e-06, 3.79625873848e-07, 5.21026208844e-07, 4.19637672167e-07, 2.22643109282e-07, 1.26083492091e-07, 7.48103872183e-08, 8.46417478328e-08, 6.10793264855e-08, 1.02816201775e-07, 2.1467418776e-07, 2.17601751729e-07, 1.05151066521e-07, 4.37003748743e-08, 1.69944502915e-08, 2.2195049354e-08, 1.69068741229e-08, 9.03511221395e-09, 6.15192918829e-09, 2.57227372735e-09, 2.25446927793e-09, 6.01213467899e-10, 7.37695016184e-10, 5.37323831262e-11],
