{
"highlevel": {
    "danceability": {
        "all": {
            "danceable": 0.447834610939,
            "not_danceable": 0.552165389061
        },
        "probability": 0.552165389061,
        "value": "not_danceable"
    },
    "gender": {
        "all": {
            "female": 0.853858351707,
            "male": 0.146141633391
        },
        "probability": 0.853858351707,
        "value": "female"
    },
    "genre_dortmund": {
        "all": {
            "alternative": 0.0225136298686,
            "blues": 0.0031998809427,
            "electronic": 0.152585655451,
            "folkcountry": 0.0370411872864,
            "funksoulrnb": 0.0458057075739,
            "jazz": 0.616117358208,
            "pop": 0.0341035723686,
            "raphiphop": 0.0788551941514,
            "rock": 0.00977782160044
        },
        "probability": 0.616117358208,
        "value": "jazz"
    },
    "genre_electronic": {
        "all": {
            "ambient": 0.591858625412,
            "dnb": 0.016008073464,
            "house": 0.369677186012,
            "techno": 0.011267580092,
            "trance": 0.0111885350198
        },
        "probability": 0.591858625412,
        "value": "ambient"
    },
    "genre_rosamerica": {
        "all": {
            "cla": 0.0194598585367,
            "dan": 0.0177829172462,
            "hip": 0.0276174470782,
            "jaz": 0.148188918829,
            "pop": 0.139222726226,
            "rhy": 0.617537558079,
            "roc": 0.0151619846001,
            "spe": 0.0150285670534
        },
        "probability": 0.617537558079,
        "value": "rhy"
    },
    "genre_tzanetakis": {
        "all": {
            "blu": 1.60239321269e-14,
            "cla": 2.81677282952e-14,
            "cou": 2.24786467516e-14,
            "dis": 1.87950004139e-14,
            "hip": 1.38625573084e-14,
            "jaz": 4.56175726262e-14,
            "met": 1.9727460022e-14,
            "pop": 4.53179194745e-14,
            "reg": 1.96303815759e-14,
            "roc": 1
        },
        "probability": 1,
        "value": "roc"
    },
    "ismir04_rhythm": {
        "all": {
            "ChaChaCha": 0.0290217548609,
            "Jive": 0.00229251850396,
            "Quickstep": 0.0559735074639,
            "Rumba-American": 0.0263920128345,
            "Rumba-International": 0.775377750397,
            "Rumba-Misc": 0.0177439767867,
            "Samba": 0.0142473373562,
            "Tango": 0.00850825384259,
            "VienneseWaltz": 0.0416808389127,
            "Waltz": 0.028762023896
        },
        "probability": 0.775377750397,
        "value": "Rumba-International"
    },
    "mood_acoustic": {
        "all": {
            "acoustic": 0.491542130709,
            "not_acoustic": 0.508457899094
        },
        "probability": 0.508457899094,
        "value": "not_acoustic"
    },
    "mood_aggressive": {
        "all": {
            "aggressive": 0.00373953930102,
            "not_aggressive": 0.996260464191
        },
        "probability": 0.996260464191,
        "value": "not_aggressive"
    },
    "mood_electronic": {
        "all": {
            "electronic": 0.839608311653,
            "not_electronic": 0.160391703248
        },
        "probability": 0.839608311653,
        "value": "electronic"
    },
    "mood_happy": {
        "all": {
            "happy": 0.138363286853,
            "not_happy": 0.861636698246
        },
        "probability": 0.861636698246,
        "value": "not_happy"
    },
    "mood_party": {
        "all": {
            "not_party": 0.960380971432,
            "party": 0.0396190322936
        },
        "probability": 0.960380971432,
        "value": "not_party"
    },
    "mood_relaxed": {
        "all": {
            "not_relaxed": 0.00727429427207,
            "relaxed": 0.992725729942
        },
        "probability": 0.992725729942,
        "value": "relaxed"
    },
    "mood_sad": {
        "all": {
            "not_sad": 0.0758280754089,
            "sad": 0.924171924591
        },
        "probability": 0.924171924591,
        "value": "sad"
    },
    "moods_mirex": {
        "all": {
            "Cluster1": 0.235783547163,
            "Cluster2": 0.170902207494,
            "Cluster3": 0.495943874121,
            "Cluster4": 0.0689057484269,
            "Cluster5": 0.0284646246582
        },
        "probability": 0.495943874121,
        "value": "Cluster3"
    },
    "timbre": {
        "all": {
            "bright": 0.81537258625,
            "dark": 0.184627383947
        },
        "probability": 0.81537258625,
        "value": "bright"
    },
    "tonal_atonal": {
        "all": {
            "atonal": 0.00216281879693,
            "tonal": 0.99783718586
        },
        "probability": 0.99783718586,
        "value": "tonal"
    },
    "voice_instrumental": {
        "all": {
            "instrumental": 0.99210190773,
            "voice": 0.00789812207222
        },
        "probability": 0.99210190773,
        "value": "instrumental"
    }
},
"lowlevel": {
    "average_loudness": 0.976368665695,
    "barkbands_crest": {
        "dmean": 3.52192759514,
        "dmean2": 5.72505807877,
        "dvar": 11.6914405823,
        "dvar2": 24.2544822693,
        "max": 26.2772903442,
        "mean": 13.3200902939,
        "median": 12.1857690811,
        "min": 3.83665513992,
        "var": 27.2706489563
    },
    "barkbands_flatness_db": {
        "dmean": 0.0449174419045,
        "dmean2": 0.0617736577988,
        "dvar": 0.00181530008558,
        "dvar2": 0.00294993608259,
        "max": 0.52547711134,
        "mean": 0.283480644226,
        "median": 0.277594596148,
        "min": 0.0654037296772,
        "var": 0.00838977936655
    },
    "barkbands_kurtosis": {
        "dmean": 17.2267150879,
        "dmean2": 27.9120349884,
        "dvar": 2260.38598633,
        "dvar2": 5387.06005859,
        "max": 894.828613281,
        "mean": 19.2336788177,
        "median": 8.51104545593,
        "min": -1.66634845734,
        "var": 2411.49487305
    },
    "barkbands_skewness": {
        "dmean": 1.23221683502,
        "dmean2": 1.89637982845,
        "dvar": 3.08835339546,
        "dvar2": 7.2131896019,
        "max": 25.0394382477,
        "mean": 2.58423995972,
        "median": 2.07568144798,
        "min": -0.404080420732,
        "var": 4.83578491211
    },
    "barkbands_spread": {
        "dmean": 4.27062034607,
        "dmean2": 6.54968833923,
        "dvar": 65.3037414551,
        "dvar2": 151.051361084,
        "max": 76.9117050171,
        "mean": 6.89570569992,
        "median": 4.36762428284,
        "min": 0.204980328679,
        "var": 78.3840637207
    },
    "dissonance": {
        "dmean": 0.0375083871186,
        "dmean2": 0.0615087710321,
        "dvar": 0.000989969703369,
        "dvar2": 0.00255884742364,
        "max": 0.499977886677,
        "mean": 0.416818469763,
        "median": 0.421382188797,
        "min": 0.205900609493,
        "var": 0.00231188884936
    },
    "dynamic_complexity": 2.22987484932,
    "erbbands_crest": {
        "dmean": 2.8199570179,
        "dmean2": 4.57359075546,
        "dvar": 6.72973251343,
        "dvar2": 17.0469303131,
        "max": 28.5306377411,
        "mean": 11.3106880188,
        "median": 10.8313007355,
        "min": 2.75714325905,
        "var": 15.6941146851
    },
    "erbbands_flatness_db": {
        "dmean": 0.0322428233922,
        "dmean2": 0.0413982607424,
        "dvar": 0.00107450166252,
        "dvar2": 0.00174256670289,
        "max": 0.470027983189,
        "mean": 0.240579083562,
        "median": 0.23732586205,
        "min": 0.0660679638386,
        "var": 0.00571285933256
    },
    "erbbands_kurtosis": {
        "dmean": 2.61429190636,
        "dmean2": 4.06779146194,
        "dvar": 9.29666519165,
        "dvar2": 20.961183548,
        "max": 46.227355957,
        "mean": 3.71479535103,
        "median": 2.66305780411,
        "min": -1.75485277176,
        "var": 19.6654090881
    },
    "erbbands_skewness": {
        "dmean": 0.57310551405,
        "dmean2": 0.884059011936,
        "dvar": 0.282035052776,
        "dvar2": 0.686688125134,
        "max": 5.23503541946,
        "mean": 1.34718048573,
        "median": 1.32999777794,
        "min": -0.978919386864,
        "var": 0.719402968884
    },
    "erbbands_spread": {
        "dmean": 11.0331315994,
        "dmean2": 15.6211099625,
        "dvar": 285.391448975,
        "dvar2": 572.934143066,
        "max": 134.972976685,
        "mean": 23.1537132263,
        "median": 15.3358869553,
        "min": 2.91216731071,
        "var": 461.660095215
    },
    "hfc": {
        "dmean": 5.8631567955,
        "dmean2": 8.54928016663,
        "dvar": 62.4261016846,
        "dvar2": 139.532028198,
        "max": 73.9847412109,
        "mean": 13.3553371429,
        "median": 10.450138092,
        "min": 0.183868974447,
        "var": 120.087333679
    },
    "melbands_crest": {
        "dmean": 3.54620575905,
        "dmean2": 5.78403902054,
        "dvar": 9.89505290985,
        "dvar2": 23.2664413452,
        "max": 34.8125267029,
        "mean": 15.761803627,
        "median": 15.2953491211,
        "min": 5.88402223587,
        "var": 26.3096866608
    },
    "melbands_flatness_db": {
        "dmean": 0.0522742308676,
        "dmean2": 0.0689776539803,
        "dvar": 0.00260542682372,
        "dvar2": 0.00389630510472,
        "max": 0.653880894184,
        "mean": 0.361625283957,
        "median": 0.356933891773,
        "min": 0.0847077071667,
        "var": 0.0135759944096
    },
    "melbands_kurtosis": {
        "dmean": 17.738817215,
        "dmean2": 27.6395893097,
        "dvar": 1686.61218262,
        "dvar2": 4071.2800293,
        "max": 620.02142334,
        "mean": 25.0928974152,
        "median": 11.9505405426,
        "min": -0.903997659683,
        "var": 2204.73266602
    },
    "melbands_skewness": {
        "dmean": 1.10617268085,
        "dmean2": 1.63196229935,
        "dvar": 1.60860824585,
        "dvar2": 3.31934452057,
        "max": 15.1358375549,
        "mean": 2.83043956757,
        "median": 2.35212993622,
        "min": -0.0673090517521,
        "var": 3.71901917458
    },
    "melbands_spread": {
        "dmean": 3.05928754807,
        "dmean2": 4.7961974144,
        "dvar": 28.967376709,
        "dvar2": 71.7136917114,
        "max": 70.7318344116,
        "mean": 6.45451927185,
        "median": 5.21900177002,
        "min": 0.271799713373,
        "var": 36.415927887
    },
    "pitch_salience": {
        "dmean": 0.0976212397218,
        "dmean2": 0.153374031186,
        "dvar": 0.00929820071906,
        "dvar2": 0.0197403952479,
        "max": 0.833852827549,
        "mean": 0.534627497196,
        "median": 0.567521154881,
        "min": 0.0654479265213,
        "var": 0.0233904402703
    },
    "silence_rate_20dB": {
        "dmean": 0,
        "dmean2": 0,
        "dvar": 0,
        "dvar2": 0,
        "max": 1,
        "mean": 1,
        "median": 1,
        "min": 1,
        "var": 0
    },
    "silence_rate_30dB": {
        "dmean": 0.0913312658668,
        "dmean2": 0.18280403316,
        "dvar": 0.0829892084002,
        "dvar2": 0.16332937777,
        "max": 1,
        "mean": 0.877030134201,
        "median": 1,
        "min": 0,
        "var": 0.107848010957
    },
    "silence_rate_60dB": {
        "dmean": 0.0061919502914,
        "dmean2": 0.0123934932053,
        "dvar": 0.00615363987163,
        "dvar2": 0.013789050281,
        "max": 1,
        "mean": 0.00541376648471,
        "median": 0,
        "min": 0,
        "var": 0.00538446148857
    },
    "spectral_centroid": {
        "dmean": 142.766220093,
        "dmean2": 216.245880127,
        "dvar": 61716.234375,
        "dvar2": 140501.453125,
        "max": 2536.4621582,
        "mean": 466.174591064,
        "median": 407.494812012,
        "min": 118.417030334,
        "var": 85693.0234375
    },
    "spectral_complexity": {
        "dmean": 2.08900928497,
        "dmean2": 3.36405897141,
        "dvar": 6.14455795288,
        "dvar2": 13.5994625092,
        "max": 35,
        "mean": 10.4965200424,
        "median": 10,
        "min": 1,
        "var": 13.2198162079
    },
    "spectral_decrease": {
        "dmean": 7.02662950047e-09,
        "dmean2": 1.06200248595e-08,
        "dvar": 1.37634065962e-16,
        "dvar2": 2.37086268942e-16,
        "max": -2.20111651128e-10,
        "mean": -1.37484850171e-08,
        "median": -8.58868087761e-09,
        "min": -8.21453411959e-08,
        "var": 2.36058103293e-16
    },
    "spectral_energy": {
        "dmean": 0.0268940702081,
        "dmean2": 0.0406542830169,
        "dvar": 0.00198862724937,
        "dvar2": 0.00342705263756,
        "max": 0.313125193119,
        "mean": 0.0531013533473,
        "median": 0.0337291583419,
        "min": 0.000847429793794,
        "var": 0.00341381435283
    },
    "spectral_energyband_high": {
        "dmean": 0.000263455760432,
        "dmean2": 0.000381972640753,
        "dvar": 3.72007662008e-07,
        "dvar2": 8.28217537219e-07,
        "max": 0.0048565636389,
        "mean": 0.000253212201642,
        "median": 1.59660376085e-05,
        "min": 9.01269459064e-09,
        "var": 4.11997547189e-07
    },
    "spectral_energyband_low": {
        "dmean": 0.0218613520265,
        "dmean2": 0.0328867994249,
        "dvar": 0.00214552646503,
        "dvar2": 0.00381926237606,
        "max": 0.308666706085,
        "mean": 0.0316808819771,
        "median": 0.00316661247052,
        "min": 1.85244402928e-06,
        "var": 0.0033988263458
    },
    "spectral_energyband_middle_high": {
        "dmean": 0.000966637744568,
        "dmean2": 0.00150366988964,
        "dvar": 9.31336762733e-06,
        "dvar2": 2.31220165006e-05,
        "max": 0.0378618687391,
        "mean": 0.00186409254093,
        "median": 0.000763367279433,
        "min": 3.60496642315e-06,
        "var": 1.4886538338e-05
    },
    "spectral_energyband_middle_low": {
        "dmean": 0.00989079661667,
        "dmean2": 0.0162172298878,
        "dvar": 0.000170646948391,
        "dvar2": 0.000423172052251,
        "max": 0.0994313657284,
        "mean": 0.0212414506823,
        "median": 0.0168007258326,
        "min": 0.000318908656482,
        "var": 0.000295020930935
    },
    "spectral_entropy": {
        "dmean": 0.365528523922,
        "dmean2": 0.49732670188,
        "dvar": 0.157007947564,
        "dvar2": 0.279456526041,
        "max": 8.41814899445,
        "mean": 6.40342473984,
        "median": 6.30205106735,
        "min": 4.4322218895,
        "var": 0.503224730492
    },
    "spectral_flux": {
        "dmean": 0.0623593740165,
        "dmean2": 0.100663863122,
        "dvar": 0.00519813224673,
        "dvar2": 0.0111202010885,
        "max": 0.502810359001,
        "mean": 0.112859420478,
        "median": 0.0780637934804,
        "min": 0.0111882667989,
        "var": 0.0090836789459
    },
    "spectral_kurtosis": {
        "dmean": 12.9911899567,
        "dmean2": 20.4612407684,
        "dvar": 404.585998535,
        "dvar2": 1063.7199707,
        "max": 275.084869385,
        "mean": 27.5802669525,
        "median": 14.8145999908,
        "min": -0.091281414032,
        "var": 1522.18847656
    },
    "spectral_rms": {
        "dmean": 0.00167117349338,
        "dmean2": 0.00244764471427,
        "dvar": 4.60275805381e-06,
        "dvar2": 7.07407934897e-06,
        "max": 0.0174782145768,
        "mean": 0.00635515432805,
        "median": 0.00573641853407,
        "min": 0.00090926385019,
        "var": 1.14181912068e-05
    },
    "spectral_rolloff": {
        "dmean": 245.247817993,
        "dmean2": 429.229125977,
        "dvar": 595707.5625,
        "dvar2": 1587002.75,
        "max": 8419.48242188,
        "mean": 534.365905762,
        "median": 430.6640625,
        "min": 64.599609375,
        "var": 468942.84375
    },
    "spectral_skewness": {
        "dmean": 0.924962460995,
        "dmean2": 1.34051215649,
        "dvar": 1.06126117706,
        "dvar2": 2.56869769096,
        "max": 13.2696046829,
        "mean": 3.56270003319,
        "median": 3.20301628113,
        "min": 0.38917067647,
        "var": 4.17850923538
    },
    "spectral_spread": {
        "dmean": 1002154.875,
        "dmean2": 1334397.375,
        "dvar": 1.64174495744e+12,
        "dvar2": 2.64937406464e+12,
        "max": 17205616,
        "mean": 3354694.5,
        "median": 2663761.5,
        "min": 297960.59375,
        "var": 4.90584827494e+12
    },
    "spectral_strongpeak": {
        "dmean": 0.417239814997,
        "dmean2": 0.68608212471,
        "dvar": 0.223126679659,
        "dvar2": 0.545468330383,
        "max": 5.78506851196,
        "mean": 0.904912531376,
        "median": 0.736004412174,
        "min": 0.0325831621885,
        "var": 0.470651447773
    },
    "zerocrossingrate": {
        "dmean": 0.00958157517016,
        "dmean2": 0.0112153403461,
        "dvar": 0.000185190219781,
        "dvar2": 0.000249920878559,
        "max": 0.16064453125,
        "mean": 0.0266821347177,
        "median": 0.02099609375,
        "min": 0.00244140625,
        "var": 0.000523639144376
    },
    "barkbands": {
        "dmean": [0.000327893823851, 0.0189728345722, 0.00713961245492, 0.00294888927601, 0.00416562519968, 0.00317993503995, 0.00125460000709, 0.000790006073657, 0.000398910400691, 0.000546921277419, 0.000255535298493, 0.00015113617701, 0.00011426598212, 6.21504441369e-05, 4.86139470013e-05, 3.55811607733e-05, 2.87011334876e-05, 1.66990212165e-05, 1.65537221619e-05, 3.93398913729e-05, 2.70238160738e-05, 3.76518219127e-05, 6.11922514508e-05, 6.23156520305e-05, 5.0330429076e-05, 1.28206111185e-05, 2.13102202551e-09],
        "dmean2": [0.000524305738509, 0.0295403599739, 0.0131000988185, 0.00546024879441, 0.00676987413317, 0.00513446051627, 0.00202814303339, 0.00111085607205, 0.000590220908634, 0.000798878492787, 0.000417961768107, 0.000253623235039, 0.000176822213689, 0.000112399808131, 8.06566531537e-05, 6.08765258221e-05, 4.73230902571e-05, 2.84736597678e-05, 2.61149252765e-05, 5.92312571825e-05, 4.06399485655e-05, 5.57870735065e-05, 9.15944110602e-05, 9.16559583857e-05, 7.41694093449e-05, 1.96396867977e-05, 3.75504560779e-09],
        "dvar": [4.75244689824e-07, 0.00187951233238, 0.000501974544022, 5.66149501537e-05, 3.20201324939e-05, 3.14226635965e-05, 7.2404218372e-06, 2.66606980404e-06, 1.08365907181e-06, 2.27415375775e-06, 2.09344239011e-06, 5.58863121114e-07, 7.45230792631e-08, 3.27723427063e-07, 6.73601192602e-08, 6.42390105554e-08, 6.78912659424e-09, 2.67976774104e-09, 1.78897574532e-09, 8.39314839851e-09, 3.7983012291e-09, 7.88936915797e-09, 2.24348326583e-08, 2.34532926413e-08, 1.60759814349e-08, 1.19277621113e-09, 3.07371051202e-17],
        "dvar2": [1.17743127248e-06, 0.00396069465205, 0.00137300859205, 0.000163390199305, 7.13332992746e-05, 7.92650971562e-05, 1.87377245311e-05, 4.82128825752e-06, 2.5437509521e-06, 4.20004198531e-06, 4.73239106213e-06, 1.22640312838e-06, 1.95812873471e-07, 9.54711822487e-07, 1.86419143233e-07, 1.81083265716e-07, 1.75706311722e-08, 7.20416881705e-09, 4.35419211797e-09, 1.92904980878e-08, 8.82991724183e-09, 1.6725131502e-08, 5.2260780592e-08, 5.29647223857e-08, 3.61099274926e-08, 2.78197376247e-09, 4.62091743709e-17],
        "max": [0.00615144520998, 0.262415677309, 0.208795785904, 0.0707958862185, 0.054201848805, 0.086974516511, 0.0362612269819, 0.0230880603194, 0.0188755150884, 0.0226893480867, 0.0291343238205, 0.0145745445043, 0.00399062037468, 0.0101993810385, 0.00499880546704, 0.00474498420954, 0.00115663826, 0.000737565045711, 0.000501138449181, 0.00077971193241, 0.000559841748327, 0.000812088372186, 0.0011845958652, 0.00152343604714, 0.000994119094685, 0.000300085113849, 1.64461582131e-07],
        "mean": [0.000408161868108, 0.0232286211103, 0.00634956266731, 0.00284205097705, 0.00728562707081, 0.00569327874109, 0.00228543858975, 0.00180761551019, 0.00081681762822, 0.00101574405562, 0.000470991741167, 0.000218032408156, 0.000177738795173, 5.96797508479e-05, 6.47797714919e-05, 3.85232742701e-05, 2.97938840959e-05, 1.42021117426e-05, 1.75285567821e-05, 3.87097352359e-05, 2.68788044195e-05, 3.82524667657e-05, 5.63021603739e-05, 5.92687065364e-05, 4.65581142635e-05, 1.12383158921e-05, 1.74412406739e-09],
        "median": [4.11370165239e-05, 0.000695421069395, 0.00113350129686, 0.000947590044234, 0.00412513734773, 0.00259762140922, 0.00101368222386, 0.000528829696123, 0.000273431942333, 0.000232213642448, 8.09732082416e-05, 3.59450968972e-05, 7.74902146077e-05, 1.64267203218e-05, 1.88275880646e-05, 1.15317916425e-05, 7.64108699514e-06, 2.09972517951e-06, 4.86199041916e-06, 4.4818762035e-06, 3.91852199755e-06, 2.74273043033e-06, 2.98627446682e-06, 2.8326546726e-06, 1.42346914345e-06, 8.51096171317e-09, 4.96240604164e-10],
        "min": [2.23722396164e-09, 7.56710278438e-07, 2.62222528136e-07, 1.32058539748e-06, 9.58858654485e-05, 4.82757059217e-06, 2.93809989671e-06, 8.60261252456e-07, 5.89645082982e-07, 2.49959043686e-07, 2.973186497e-08, 9.83051293701e-08, 5.75798992486e-07, 2.11026559782e-07, 2.09043093946e-07, 1.11809178804e-07, 1.40939150128e-07, 2.43475302142e-08, 4.72285606179e-08, 8.46081160688e-09, 1.66149316527e-09, 1.13647358191e-09, 9.38048194676e-10, 5.68252722655e-10, 1.02210809261e-11, 1.04276266441e-11, 1.54984809708e-11],
        "var": [7.26761413716e-07, 0.00233167177066, 0.000355279276846, 3.70815760107e-05, 6.74134935252e-05, 6.83338948875e-05, 1.37216547955e-05, 8.32043042465e-06, 2.38862298829e-06, 5.72460021431e-06, 5.20918501934e-06, 1.1674014786e-06, 9.37198407769e-08, 1.7948055131e-07, 4.73857220129e-08, 3.95072952131e-08, 5.38084243829e-09, 1.91279969641e-09, 1.6531003233e-09, 8.87284379303e-09, 3.87684773173e-09, 9.63223012462e-09, 2.2808128719e-08, 2.5081151378e-08, 1.68391629529e-08, 1.15358889108e-09, 3.01615594674e-17]
    },
    "erbbands": {
        "dmean": [0.434384286404, 4.72270154953, 8.14575386047, 9.74971866608, 9.88795948029, 13.7220964432, 23.1949920654, 27.5277557373, 23.165813446, 12.4998483658, 15.5883274078, 11.1892433167, 14.8439922333, 12.1100797653, 9.50671958923, 7.14090824127, 5.56311130524, 2.53063011169, 3.75101280212, 2.29986786842, 1.66315495968, 1.51984369755, 1.09983611107, 0.896750807762, 0.861209273338, 1.91827237606, 1.2609000206, 1.14530587196, 1.34115946293, 1.27348721027, 1.95917069912, 1.41527569294, 0.98333722353, 0.500233530998, 0.392591565847, 0.0929043292999, 0.0235406793654, 0.000964895589277, 3.56144664693e-05, 3.02112039208e-05],
        "dmean2": [0.676073670387, 7.29537248611, 13.4048461914, 18.1460075378, 16.9690647125, 22.3422546387, 36.2807807922, 46.1135063171, 38.2355918884, 18.3363418579, 22.1956367493, 16.1587791443, 20.314245224, 19.4314231873, 15.6413373947, 11.7226657867, 8.66551971436, 4.21177816391, 6.68740224838, 3.79752182961, 2.87867069244, 2.50523066521, 1.85216236115, 1.47271811962, 1.32501900196, 2.8526930809, 1.90854716301, 1.70329976082, 1.98480141163, 1.97683858871, 2.8885538578, 2.11925888062, 1.48181819916, 0.755270183086, 0.57252061367, 0.138254776597, 0.036215942353, 0.00152514583897, 5.35039253009e-05, 4.53577958979e-05],
        "dvar": [0.890419006348, 118.775978088, 558.302856445, 757.199707031, 323.808135986, 434.27520752, 1258.08044434, 3196.47192383, 2749.93554688, 480.511322021, 1518.41149902, 809.11315918, 2373.28955078, 1392.64416504, 2222.17602539, 1292.39355469, 157.435775757, 178.375717163, 1161.38830566, 125.226257324, 134.562759399, 22.6413230896, 10.5330562592, 6.35568094254, 4.04019451141, 19.6408138275, 9.05389881134, 7.28824615479, 10.5968608856, 8.84742736816, 22.4645042419, 11.7677898407, 6.7263674736, 1.80820000172, 0.931134283543, 0.0556431040168, 0.00427988963202, 7.50233812141e-06, 4.65565008767e-09, 2.30317986905e-09],
        "dvar2": [2.03478384018, 248.364730835, 1453.02416992, 2156.31518555, 836.052368164, 921.059570312, 2728.24926758, 8749.1328125, 7214.65820312, 973.548217773, 2916.06445312, 1879.81335449, 4064.75415039, 2958.3112793, 5260.00097656, 2721.05004883, 405.579162598, 503.646820068, 3360.45825195, 339.20022583, 383.088195801, 58.5080604553, 28.0222263336, 16.1233921051, 9.27110958099, 44.4697036743, 21.9619941711, 16.1875591278, 22.763885498, 21.8056201935, 51.1263122559, 27.7799663544, 15.1161270142, 4.18754291534, 2.01863646507, 0.123326063156, 0.0103028537706, 1.8277178242e-05, 1.07284519046e-08, 3.98082677933e-09],
        "max": [6.11878252029, 67.0280303955, 236.425796509, 261.653686523, 191.507293701, 239.267852783, 548.461303711, 1019.40313721, 607.817077637, 334.556488037, 627.617370605, 512.790893555, 868.094238281, 451.069976807, 925.41973877, 732.61315918, 181.904708862, 229.368942261, 624.882873535, 202.321762085, 227.599411011, 76.1693191528, 38.6125793457, 32.7846565247, 20.1747322083, 33.9057617188, 26.834444046, 26.6131458282, 29.3438682556, 28.2032985687, 40.5283432007, 28.2299957275, 27.4939002991, 12.2842502594, 7.66795063019, 1.90942943096, 0.704740464687, 0.02777784504, 0.000692269997671, 0.000339036691003],
        "mean": [0.541855037212, 5.55964326859, 8.57638168335, 9.36499786377, 13.5950279236, 24.4718856812, 43.6823616028, 45.4184455872, 41.1324272156, 27.0293445587, 36.9186286926, 24.9597949982, 26.310792923, 24.4088668823, 17.2789230347, 11.3905925751, 8.82931423187, 3.44998908043, 3.96430182457, 2.88566088676, 1.85372185707, 1.54844796658, 0.959554433823, 0.86526966095, 1.02132844925, 1.86983335018, 1.19261991978, 1.16890323162, 1.34091627598, 1.19768118858, 1.80599486828, 1.32428634167, 0.919733822346, 0.467022180557, 0.363095939159, 0.0849578008056, 0.0195329338312, 0.000786628108472, 4.64020231448e-05, 6.06381254329e-05],
        "median": [0.0152772571892, 0.195874482393, 1.26280677319, 2.92502832413, 5.59967565536, 13.4392538071, 19.8085899353, 19.9625968933, 18.3704681396, 12.2941389084, 11.3128728867, 9.49739646912, 6.60980319977, 6.41063117981, 3.65501928329, 2.13977432251, 3.89515066147, 1.30205619335, 1.07408297062, 0.852774679661, 0.676742553711, 0.405140936375, 0.157489553094, 0.165199667215, 0.308228194714, 0.170888796449, 0.145325228572, 0.138819634914, 0.0762170031667, 0.108416236937, 0.0829958021641, 0.076280452311, 0.0391716510057, 0.019401261583, 0.00711432984099, 0.000476143148262, 4.76884197269e-05, 5.43450596524e-06, 2.26614083658e-05, 4.14264250139e-05],
        "min": [2.33480641327e-05, 0.000115335526061, 0.000987876206636, 0.00963370967656, 0.0898488238454, 0.16425319016, 0.578944146633, 0.103421963751, 0.0556245036423, 0.0186770930886, 0.0244480278343, 0.0201968904585, 0.0192709248513, 0.00642264122143, 0.00342655577697, 0.00935646798462, 0.028876658529, 0.019871102646, 0.0163035672158, 0.00974183157086, 0.014228832908, 0.00811812933534, 0.00282853399403, 0.00187295698561, 0.0026028174907, 0.000488098739879, 0.000138522489578, 7.00164382579e-05, 5.0829785323e-05, 5.02770599269e-05, 3.5048025893e-05, 1.73820844793e-05, 9.0252415248e-06, 7.95172672952e-06, 4.42919554189e-06, 1.64703101291e-06, 5.02393561419e-07, 1.00509154777e-07, 4.00270295131e-07, 9.32696536893e-07],
        "var": [1.11894929409, 145.434127808, 468.305236816, 511.53503418, 448.350189209, 969.158752441, 2938.95507812, 5277.33398438, 4728.42480469, 1455.79150391, 4482.59570312, 1833.86352539, 6072.72216797, 3445.13720703, 4968.40917969, 2955.72729492, 218.90284729, 118.216575623, 659.799133301, 93.3496017456, 79.9413604736, 17.5707588196, 7.77788686752, 5.26661872864, 4.28759813309, 21.2232246399, 8.55125141144, 8.10721492767, 12.3854436874, 8.57593536377, 23.5812511444, 11.9152288437, 6.97667598724, 1.80209863186, 1.01673853397, 0.0588671267033, 0.00384890264831, 6.47148090138e-06, 4.97428942481e-09, 3.97987864886e-09]
    },
    "gfcc": {
        "mean": [-77.7332763672, 164.523864746, -86.7457580566, 16.6290454865, -72.1668395996, 7.37275695801, -37.3668174744, -6.8833026886, -14.4011068344, -8.9717464447, -2.24635219574, -12.1351852417, 2.17784380913],
        "cov": [[5039.22753906, -3225.14038086, 313.58026123, 558.99822998, -1171.48425293, 619.66229248, -548.49017334, 692.778747559, -666.246765137, 395.390930176, -508.524139404, 412.760253906, -281.312805176], [-3225.14038086, 3276.48754883, -58.2896690369, -823.03503418, 1175.40820312, -472.199890137, 652.783569336, -487.536193848, 570.844543457, -398.43170166, 410.388824463, -359.666809082, 251.714660645], [313.58026123, -58.2896690369, 915.055908203, 599.46887207, 270.344726562, 220.78314209, 298.828704834, 193.340896606, 44.9953956604, 60.8344917297, 39.2635307312, 50.5661468506, 33.902759552], [558.99822998, -823.03503418, 599.46887207, 1178.95202637, -4.45411872864, 380.090545654, 129.225540161, 183.174636841, 77.0331039429, 96.9780502319, 18.71808815, 12.2470932007, 26.9959697723], [-1171.48425293, 1175.40820312, 270.344726562, -4.45411872864, 811.060546875, -113.311439514, 387.000854492, -113.354499817, 281.748657227, -89.2668609619, 167.817367554, -91.585609436, 59.9549217224], [619.66229248, -472.199890137, 220.78314209, 380.090545654, -113.311439514, 314.8722229, 52.4863510132, 154.879104614, -29.1301517487, 63.3707427979, -12.9471158981, 39.5983047485, 32.2709846497], [-548.49017334, 652.783569336, 298.828704834, 129.225540161, 387.000854492, 52.4863510132, 387.305480957, 9.89585781097, 158.702255249, -64.3917312622, 128.771957397, -58.2894668579, 92.6719894409], [692.778747559, -487.536193848, 193.340896606, 183.174636841, -113.354499817, 154.879104614, 9.89585781097, 264.418609619, -75.4060592651, 76.3797225952, -44.7122001648, 86.2000198364, 1.88136661053], [-666.246765137, 570.844543457, 44.9953956604, 77.0331039429, 281.748657227, -29.1301517487, 158.702255249, -75.4060592651, 242.270782471, -44.5157775879, 107.521842957, -99.2287521362, 68.270362854], [395.390930176, -398.43170166, 60.8344917297, 96.9780502319, -89.2668609619, 63.3707427979, -64.3917312622, 76.3797225952, -44.5157775879, 147.721511841, -32.0360031128, 55.4529800415, -58.9744987488], [-508.524139404, 410.388824463, 39.2635307312, 18.71808815, 167.817367554, -12.9471158981, 128.771957397, -44.7122001648, 107.521842957, -32.0360031128, 149.524780273, -20.6731987, 77.9847946167], [412.760253906, -359.666809082, 50.5661468506, 12.2470932007, -91.585609436, 39.5983047485, -58.2894668579, 86.2000198364, -99.2287521362, 55.4529800415, -20.6731987, 144.201721191, 2.80592060089], [-281.312805176, 251.714660645, 33.902759552, 26.9959697723, 59.9549217224, 32.2709846497, 92.6719894409, 1.88136661053, 68.270362854, -58.9744987488, 77.9847946167, 2.80592060089, 149.649124146]],
        "icov": [[0.000854245969094, 0.000667249958497, -0.000381535384804, 0.000602397660259, 0.000144126504892, -0.000921286002267, -6.57884884276e-05, -0.000521595531609, -0.000271099881502, 0.000424651720095, 0.000692506961059, -0.000330540176947, 0.000585826754104], [0.000667249958497, 0.0072259795852, -0.00259726820514, 0.00572173902765, -0.00330355088226, 0.00029156068922, -0.0022506415844, 0.00245938426815, -0.00363660813309, 0.00477727036923, -0.00525178387761, 0.00693732872605, -0.00257191900164], [-0.000381535384804, -0.00259726820514, 0.0038291530218, -0.00330837327056, 0.00024820692488, 0.000339347403497, -0.0010758562712, -0.00158883095719, 0.0025219807867, -0.00244574551471, 0.0024069105275, -0.00285867229104, 0.000579340616241], [0.000602397660259, 0.00572173902765, -0.00330837327056, 0.00662410911173, -0.00217508641072, -0.00185218104161, -0.00102252129, 0.00208753021434, -0.00442811893299, 0.00393740227446, -0.00436225812882, 0.00544933462515, -0.00131654029246], [0.000144126504892, -0.00330355088226, 0.00024820692488, -0.00217508641072, 0.00614187074825, 0.000598902057391, -0.00200603483245, -0.000643106759526, -0.00216447771527, -0.00131606531795, 0.0028838312719, -0.00589042063802, 0.00390072120354], [-0.000921286002267, 0.00029156068922, 0.000339347403497, -0.00185218104161, 0.000598902057391, 0.00902188569307, -0.00250949990004, -0.000985608086921, 0.000844069523737, -0.00178671756294, -0.000794467516243, 0.00209849700332, -0.00329857040197], [-6.57884884276e-05, -0.0022506415844, -0.0010758562712, -0.00102252129, -0.00200603483245, -0.00250949990004, 0.0100557068363, -0.0024142167531, 0.00155361753423, 0.000398576230509, -0.00169659953099, 0.000642984814476, -0.000441360723926], [-0.000521595531609, 0.00245938426815, -0.00158883095719, 0.00208753021434, -0.000643106759526, -0.000985608086921, -0.0024142167531, 0.00919706281275, -0.00144851300865, -0.000125091610244, -0.000594837183598, 0.000407783518312, -0.0023704462219], [-0.000271099881502, -0.00363660813309, 0.0025219807867, -0.00442811893299, -0.00216447771527, 0.000844069523737, 0.00155361753423, -0.00144851300865, 0.0161109380424, -0.00596595322713, -0.000505304837134, 0.00446958560497, -0.0039454321377], [0.000424651720095, 0.00477727036923, -0.00244574551471, 0.00393740227446, -0.00131606531795, -0.00178671756294, 0.000398576230509, -0.000125091610244, -0.00596595322713, 0.0163470581174, -0.00560689810663, -0.000185970740858, 0.00536300241947], [0.000692506961059, -0.00525178387761, 0.0024069105275, -0.00436225812882, 0.0028838312719, -0.000794467516243, -0.00169659953099, -0.000594837183598, -0.000505304837134, -0.00560689810663, 0.0202515423298, -0.00908624567091, -0.00191096658818], [-0.000330540176947, 0.00693732872605, -0.00285867229104, 0.00544933462515, -0.00589042063802, 0.00209849700332, 0.000642984814476, 0.000407783518312, 0.00446958560497, -0.000185970740858, -0.00908624567091, 0.0234407074749, -0.00893832184374], [0.000585826754104, -0.00257191900164, 0.000579340616241, -0.00131654029246, 0.00390072120354, -0.00329857040197, -0.000441360723926, -0.0023704462219, -0.0039454321377, 0.00536300241947, -0.00191096658818, -0.00893832184374, 0.016744337976]]
    },
    "melbands": {
        "dmean": [0.00480281328782, 0.00459712045267, 0.0016340065049, 0.000814697763417, 0.00079358270159, 0.00060800393112, 0.00032959957025, 0.000137626659125, 0.000124819911434, 6.1082362663e-05, 7.34114728402e-05, 4.96660068166e-05, 3.70199486497e-05, 1.81453524419e-05, 1.62737032952e-05, 8.38219511934e-06, 4.60141700387e-06, 6.74971079206e-06, 2.9810128126e-06, 3.17105309477e-06, 1.8599807845e-06, 2.02995488507e-06, 7.00818247878e-07, 8.85733356881e-07, 7.64093499583e-07, 5.31661612513e-07, 1.15190380257e-06, 1.25595795453e-06, 9.31521412895e-07, 5.14873249813e-07, 7.64655567309e-07, 8.21107164484e-07, 6.24996175702e-07, 7.5636847896e-07, 1.11022620786e-06, 1.21042990031e-06, 7.01732460584e-07, 7.76817159931e-07, 4.90373736284e-07, 3.96508028189e-07],
        "dmean2": [0.0075333933346, 0.00685611832887, 0.0029883866664, 0.00136727141216, 0.00123628671281, 0.00100231694523, 0.000539109343663, 0.000194772219402, 0.000179020236828, 8.88292925083e-05, 0.000101006742625, 8.0549310951e-05, 6.06973771937e-05, 3.00319279631e-05, 2.62371013378e-05, 1.28489327835e-05, 7.78471076046e-06, 1.22774490592e-05, 4.86171074954e-06, 5.28397640664e-06, 3.24319444189e-06, 3.36078096552e-06, 1.16476917356e-06, 1.49677589434e-06, 1.27085934309e-06, 8.4595910721e-07, 1.74209208126e-06, 1.90882292372e-06, 1.45752949265e-06, 7.89630178133e-07, 1.14604245027e-06, 1.23166751109e-06, 9.66919287748e-07, 1.21292180211e-06, 1.68492897501e-06, 1.83440965884e-06, 1.07778544134e-06, 1.19468700177e-06, 7.47602484807e-07, 6.11291795849e-07],
        "dvar": [0.000119087460916, 0.000119760887173, 1.87462756003e-05, 1.43969862165e-06, 1.41132477438e-06, 1.4256081613e-06, 5.36501204351e-07, 6.23546725365e-08, 9.13407589564e-08, 2.45414248923e-08, 5.81746100181e-08, 2.45906583984e-08, 4.66050309456e-08, 7.15522663342e-09, 2.90789126112e-09, 3.22363746807e-10, 6.57156884465e-10, 4.54622028911e-09, 2.3013502215e-10, 3.17311565912e-10, 1.41661571362e-10, 3.39130667992e-11, 5.68565333703e-12, 6.81310390049e-12, 4.76726774376e-12, 1.90670222666e-12, 7.08635840979e-12, 9.13533918651e-12, 5.38983527948e-12, 1.53562937106e-12, 3.71227007467e-12, 4.46097889531e-12, 2.15572460056e-12, 3.52639770683e-12, 7.77123938117e-12, 8.42965801329e-12, 3.20275620261e-12, 4.45966224019e-12, 1.6399212717e-12, 1.24592935795e-12],
        "dvar2": [0.000263500929577, 0.000253764475929, 5.29603494215e-05, 3.55585711986e-06, 2.99118187286e-06, 3.81694371754e-06, 1.40014390126e-06, 1.17547948264e-07, 1.80234962954e-07, 5.7295395095e-08, 9.97580329454e-08, 5.1683279878e-08, 1.07028832019e-07, 1.59832218571e-08, 6.95091229019e-09, 8.17149736765e-10, 1.86449189421e-09, 1.3221311157e-08, 6.29309104827e-10, 8.74774253035e-10, 4.06090661098e-10, 8.77088471296e-11, 1.47052682531e-11, 1.83662408199e-11, 1.21891030255e-11, 4.71196085622e-12, 1.53441322148e-11, 2.16921463431e-11, 1.3461467184e-11, 3.72135829096e-12, 8.28268703623e-12, 9.26616769426e-12, 5.21810199217e-12, 8.94119934342e-12, 1.79655370441e-11, 1.96736654745e-11, 7.75065255032e-12, 1.02237792884e-11, 3.68583202154e-12, 2.92438968007e-12],
        "max": [0.0692136436701, 0.0965614914894, 0.0416858494282, 0.0119580579922, 0.0152844190598, 0.020403413102, 0.00841518677771, 0.00404458167031, 0.00476385420188, 0.00280169746839, 0.00429858826101, 0.00198215269484, 0.00434913486242, 0.00159380817786, 0.000855706632137, 0.000231908299611, 0.000442149292212, 0.00122260919306, 0.00028949812986, 0.000340992235579, 0.000236239255173, 8.08138574939e-05, 3.90673048969e-05, 2.94621549983e-05, 2.68378971668e-05, 1.95969732886e-05, 2.49894164881e-05, 2.52182362601e-05, 2.36862797465e-05, 1.49980951392e-05, 2.08202382055e-05, 2.0342758944e-05, 1.22258734336e-05, 2.09399477171e-05, 2.70721557172e-05, 2.14342235267e-05, 1.59340252139e-05, 2.40688750637e-05, 1.06755978777e-05, 1.1194738363e-05],
        "mean": [0.00587580539286, 0.00578085472807, 0.00170235102996, 0.00134002999403, 0.00153332285117, 0.00102779874578, 0.000586092064623, 0.000302348518744, 0.000294746016152, 0.000130163170979, 0.00012717107893, 9.8403696029e-05, 6.85298073222e-05, 2.7407775633e-05, 2.47066382144e-05, 1.33068060677e-05, 5.75461353947e-06, 6.52292692394e-06, 3.95304732592e-06, 3.58342094842e-06, 1.99674536816e-06, 2.02247929337e-06, 6.55197879951e-07, 7.50507012981e-07, 7.06971491127e-07, 5.98001406615e-07, 1.24292694181e-06, 1.17041599879e-06, 8.29309328765e-07, 5.23718597378e-07, 7.62188676617e-07, 8.2528515577e-07, 5.99748489094e-07, 6.86976250108e-07, 1.00083900634e-06, 1.13561043236e-06, 6.49231708394e-07, 7.04234025761e-07, 4.75938236377e-07, 3.58183598337e-07],
        "median": [0.000159219402121, 0.00053013197612, 0.000574528123252, 0.000638048106339, 0.000766181445215, 0.000462125288323, 0.000257455481915, 0.000119982629258, 9.45341162151e-05, 4.51906889793e-05, 2.7393709388e-05, 2.46973741014e-05, 1.07772675619e-05, 5.50014874534e-06, 7.78847152105e-06, 5.90036734138e-06, 1.79591404503e-06, 1.63504989814e-06, 1.18924242543e-06, 8.50067920055e-07, 8.06606976766e-07, 4.50561827847e-07, 1.53018163473e-07, 1.07705318442e-07, 1.25564369569e-07, 1.93264298787e-07, 2.26708934292e-07, 7.55906484073e-08, 8.15952176936e-08, 9.79810508284e-08, 7.19350765621e-08, 3.13145385178e-08, 6.16477180415e-08, 5.48230687514e-08, 3.43849109186e-08, 6.60505534711e-08, 3.76235718136e-08, 2.40715785083e-08, 2.66802331339e-08, 1.15302221104e-08],
