{
"highlevel": {
    "danceability": {
        "all": {
            "danceable": 0.977990031242,
            "not_danceable": 0.0220099482685
        },
        "probability": 0.977990031242,
        "value": "danceable"
    },
    "gender": {
        "all": {
            "female": 0.839588224888,
            "male": 0.160411775112
        },
        "probability": 0.839588224888,
        "value": "female"
    },
    "genre_dortmund": {
        "all": {
            "alternative": 0.0796111226082,
            "blues": 0.0280553456396,
            "electronic": 0.0428226999938,
            "folkcountry": 0.0507161729038,
            "funksoulrnb": 0.0360041037202,
            "jazz": 0.0330359973013,
            "pop": 0.0778248757124,
            "raphiphop": 0.0147368181497,
            "rock": 0.637192845345
        },
        "probability": 0.637192845345,
        "value": "rock"
    },
    "genre_electronic": {
        "all": {
            "ambient": 0.189094185829,
            "dnb": 0.201625496149,
            "house": 0.478810548782,
            "techno": 0.0195237156004,
            "trance": 0.110946051776
        },
        "probability": 0.478810548782,
        "value": "house"
    },
    "genre_rosamerica": {
        "all": {
            "cla": 0.00263209617697,
            "dan": 0.153788536787,
            "hip": 0.00671975873411,
            "jaz": 0.00541431596503,
            "pop": 0.0301082879305,
            "rhy": 0.044032741338,
            "roc": 0.754768371582,
            "spe": 0.00253587518819
        },
        "probability": 0.754768371582,
        "value": "roc"
    },
    "genre_tzanetakis": {
        "all": {
            "blu": 0.0626541376114,
            "cla": 0.0348133966327,
            "cou": 0.0783501937985,
            "dis": 0.104547761381,
            "hip": 0.15693578124,
            "jaz": 0.313987255096,
            "met": 0.044816005975,
            "pop": 0.0627349764109,
            "reg": 0.0627352520823,
            "roc": 0.0784252434969
        },
        "probability": 0.313987255096,
        "value": "jaz"
    },
    "ismir04_rhythm": {
        "all": {
            "ChaChaCha": 0.37567448616,
            "Jive": 0.138503462076,
            "Quickstep": 0.0792892724276,
            "Rumba-American": 0.0260787438601,
            "Rumba-International": 0.0452172346413,
            "Rumba-Misc": 0.0188677404076,
            "Samba": 0.145420119166,
            "Tango": 0.0596540383995,
            "VienneseWaltz": 0.0872347801924,
            "Waltz": 0.0240601170808
        },
        "probability": 0.37567448616,
        "value": "ChaChaCha"
    },
    "mood_acoustic": {
        "all": {
            "acoustic": 0.00430841557682,
            "not_acoustic": 0.995691597462
        },
        "probability": 0.995691597462,
        "value": "not_acoustic"
    },
    "mood_aggressive": {
        "all": {
            "aggressive": 0.703538835049,
            "not_aggressive": 0.296461164951
        },
        "probability": 0.703538835049,
        "value": "aggressive"
    },
    "mood_electronic": {
        "all": {
            "electronic": 0.899038434029,
            "not_electronic": 0.100961558521
        },
        "probability": 0.899038434029,
        "value": "electronic"
    },
    "mood_happy": {
        "all": {
            "happy": 0.136821851134,
            "not_happy": 0.863178133965
        },
        "probability": 0.863178133965,
        "value": "not_happy"
    },
    "mood_party": {
        "all": {
            "not_party": 0.485126972198,
            "party": 0.514873027802
        },
        "probability": 0.514873027802,
        "value": "party"
    },
    "mood_relaxed": {
        "all": {
            "not_relaxed": 0.0987609699368,
            "relaxed": 0.901239037514
        },
        "probability": 0.901239037514,
        "value": "relaxed"
    },
    "mood_sad": {
        "all": {
            "not_sad": 0.915686368942,
            "sad": 0.0843136161566
        },
        "probability": 0.915686368942,
        "value": "not_sad"
    },
    "moods_mirex": {
        "all": {
            "Cluster1": 0.397536307573,
            "Cluster2": 0.117055252194,
            "Cluster3": 0.0939048752189,
            "Cluster4": 0.081896930933,
            "Cluster5": 0.309606641531
        },
        "probability": 0.397536307573,
        "value": "Cluster1"
    },
    "timbre": {
        "all": {
            "bright": 0.0559722557664,
            "dark": 0.944027721882
        },
        "probability": 0.944027721882,
        "value": "dark"
    },
    "tonal_atonal": {
        "all": {
            "atonal": 0.400853157043,
            "tonal": 0.599146842957
        },
        "probability": 0.599146842957,
        "value": "tonal"
    },
    "voice_instrumental": {
        "all": {
            "instrumental": 0.165175274014,
            "voice": 0.834824740887
        },
        "probability": 0.834824740887,
        "value": "voice"
    }
},
"lowlevel": {
    "average_loudness": 0.921105980873,
    "barkbands_crest": {
        "dmean": 2.04856991768,
        "dmean2": 2.88520050049,
        "dvar": 7.33509302139,
        "dvar2": 12.3139743805,
        "max": 25.913356781,
        "mean": 11.7563924789,
        "median": 11.2492895126,
        "min": 3.26273989677,
        "var": 20.7554283142
    },
    "barkbands_flatness_db": {
        "dmean": 0.0181128773838,
        "dmean2": 0.0273024477065,
        "dvar": 0.000669008702971,
        "dvar2": 0.00114841607865,
        "max": 0.508341252804,
        "mean": 0.202756941319,
        "median": 0.138972476125,
        "min": 0.0508976206183,
        "var": 0.0149334734306
    },
    "barkbands_kurtosis": {
        "dmean": 3.65206217766,
        "dmean2": 5.22673225403,
        "dvar": 82.4965820312,
        "dvar2": 158.473236084,
        "max": 112.603820801,
        "mean": 6.3190536499,
        "median": 2.08385896683,
        "min": -1.8077596426,
        "var": 145.002243042
    },
    "barkbands_skewness": {
        "dmean": 0.503291726112,
        "dmean2": 0.685931861401,
        "dvar": 0.720857381821,
        "dvar2": 1.18086957932,
        "max": 10.0404787064,
        "mean": 1.80047988892,
        "median": 1.4664144516,
        "min": -0.960662782192,
        "var": 1.87381005287
    },
    "barkbands_spread": {
        "dmean": 3.75147461891,
        "dmean2": 5.53148841858,
        "dvar": 33.6167869568,
        "dvar2": 58.3876953125,
        "max": 83.0270614624,
        "mean": 18.7861175537,
        "median": 20.4886379242,
        "min": 1.19450628757,
        "var": 190.329360962
    },
    "dissonance": {
        "dmean": 0.01810143888,
        "dmean2": 0.0295882597566,
        "dvar": 0.0004599771637,
        "dvar2": 0.00111737241969,
        "max": 0.499955385923,
        "mean": 0.438684463501,
        "median": 0.464006334543,
        "min": 0.203582212329,
        "var": 0.00358987157233
    },
    "dynamic_complexity": 2.94874000549,
    "erbbands_crest": {
        "dmean": 2.09624361992,
        "dmean2": 3.09388804436,
        "dvar": 3.78685617447,
        "dvar2": 9.42415904999,
        "max": 30.3031921387,
        "mean": 9.00094413757,
        "median": 7.88333177567,
        "min": 2.53817176819,
        "var": 22.8698387146
    },
    "erbbands_flatness_db": {
        "dmean": 0.011859937571,
        "dmean2": 0.0168655514717,
        "dvar": 0.000161653340911,
        "dvar2": 0.000343271705788,
        "max": 0.425886839628,
        "mean": 0.182795256376,
        "median": 0.132684051991,
        "min": 0.0698763430119,
        "var": 0.0096815014258
    },
    "erbbands_kurtosis": {
        "dmean": 0.874620914459,
        "dmean2": 1.1908364296,
        "dvar": 1.87981498241,
        "dvar2": 3.67068123817,
        "max": 24.6606559753,
        "mean": 1.77117455006,
        "median": 0.0636470317841,
        "min": -1.76412189007,
        "var": 17.3293762207
    },
    "erbbands_skewness": {
        "dmean": 0.285130053759,
        "dmean2": 0.416143685579,
        "dvar": 0.0802032873034,
        "dvar2": 0.172544956207,
        "max": 4.4006857872,
        "mean": 0.555492401123,
        "median": 0.372453451157,
        "min": -1.65825855732,
        "var": 0.756359040737
    },
    "erbbands_spread": {
        "dmean": 5.99038553238,
        "dmean2": 8.80612277985,
        "dvar": 58.4024581909,
        "dvar2": 124.977134705,
        "max": 169.815551758,
        "mean": 36.4405670166,
        "median": 38.1277275085,
        "min": 2.14471364021,
        "var": 518.35760498
    },
    "hfc": {
        "dmean": 5.11234807968,
        "dmean2": 7.56814146042,
        "dvar": 87.025680542,
        "dvar2": 173.601898193,
        "max": 215.928222656,
        "mean": 24.7761936188,
        "median": 24.7622489929,
        "min": 0.989034891129,
        "var": 470.195526123
    },
    "melbands_crest": {
        "dmean": 2.31980800629,
        "dmean2": 3.14447879791,
        "dvar": 8.11889839172,
        "dvar2": 14.1653728485,
        "max": 31.4413452148,
        "mean": 15.9295740128,
        "median": 15.1228637695,
        "min": 5.50435972214,
        "var": 30.3199653625
    },
    "melbands_flatness_db": {
        "dmean": 0.0199702121317,
        "dmean2": 0.0282710939646,
        "dvar": 0.00101043598261,
        "dvar2": 0.00166644831188,
        "max": 0.648432791233,
        "mean": 0.2753251791,
        "median": 0.197568193078,
        "min": 0.0866050794721,
        "var": 0.0228790286928
    },
    "melbands_kurtosis": {
        "dmean": 9.72835540771,
        "dmean2": 14.1703367233,
        "dvar": 780.375427246,
        "dvar2": 1754.43322754,
        "max": 548.285461426,
        "mean": 17.775724411,
        "median": 8.97731208801,
        "min": -1.05939996243,
        "var": 970.518737793
    },
    "melbands_skewness": {
        "dmean": 0.727274775505,
        "dmean2": 0.996290206909,
        "dvar": 1.45571577549,
        "dvar2": 2.47250175476,
        "max": 17.4004077911,
        "mean": 2.87158298492,
        "median": 2.55312466621,
        "min": -0.668459773064,
        "var": 3.92416834831
    },
    "melbands_spread": {
        "dmean": 3.46239328384,
        "dmean2": 5.12306404114,
        "dvar": 27.6716957092,
        "dvar2": 49.3915100098,
        "max": 83.1588897705,
        "mean": 15.7106351852,
        "median": 14.4322910309,
        "min": 1.03057467937,
        "var": 130.271575928
    },
    "pitch_salience": {
        "dmean": 0.0583500340581,
        "dmean2": 0.0873886421323,
        "dvar": 0.00554968044162,
        "dvar2": 0.0100814057514,
        "max": 0.765931785107,
        "mean": 0.496561437845,
        "median": 0.509473562241,
        "min": 0.056990288198,
        "var": 0.014948236756
    },
    "silence_rate_20dB": {
        "dmean": 0,
        "dmean2": 0,
        "dvar": 0,
        "dvar2": 0,
        "max": 1,
        "mean": 1,
        "median": 1,
        "min": 1,
        "var": 0
    },
    "silence_rate_30dB": {
        "dmean": 0.0557275526226,
        "dmean2": 0.111541442573,
        "dvar": 0.0526216626167,
        "dvar2": 0.0991011410952,
        "max": 1,
        "mean": 0.911059558392,
        "median": 1,
        "min": 0,
        "var": 0.0810310393572
    },
    "silence_rate_60dB": {
        "dmean": 0,
        "dmean2": 0,
        "dvar": 0,
        "dvar2": 0,
        "max": 0,
        "mean": 0,
        "median": 0,
        "min": 0,
        "var": 0
    },
    "spectral_centroid": {
        "dmean": 155.24269104,
        "dmean2": 246.653930664,
        "dvar": 43256.2460938,
        "dvar2": 104123.101562,
        "max": 3120.78198242,
        "mean": 1100.28088379,
        "median": 1256.44897461,
        "min": 184.198547363,
        "var": 382327.0625
    },
    "spectral_complexity": {
        "dmean": 3.13622283936,
        "dmean2": 5.11928749084,
        "dvar": 14.1006059647,
        "dvar2": 34.9634437561,
        "max": 62,
        "mean": 22.3952045441,
        "median": 26,
        "min": 3,
        "var": 189.074035645
    },
    "spectral_decrease": {
        "dmean": 4.07013489578e-09,
        "dmean2": 5.96912430595e-09,
        "dvar": 9.45345546813e-17,
        "dvar2": 1.64815048837e-16,
        "max": -8.91535179015e-10,
        "mean": -1.25055832356e-08,
        "median": -9.43225142436e-09,
        "min": -8.26372428264e-08,
        "var": 1.83184361196e-16
    },
    "spectral_energy": {
        "dmean": 0.0156042836607,
        "dmean2": 0.0228456966579,
        "dvar": 0.0013585902052,
        "dvar2": 0.0023726420477,
        "max": 0.315322041512,
        "mean": 0.0494462512434,
        "median": 0.0382375940681,
        "min": 0.00347706116736,
        "var": 0.002712612506
    },
    "spectral_energyband_high": {
        "dmean": 0.000339890422765,
        "dmean2": 0.000489263853524,
        "dvar": 8.39722986257e-07,
        "dvar2": 1.42209489695e-06,
        "max": 0.0244949311018,
        "mean": 0.00120274804067,
        "median": 0.00101351470221,
        "min": 9.23523124641e-09,
        "var": 2.70804594038e-06
    },
    "spectral_energyband_low": {
        "dmean": 0.014546379447,
        "dmean2": 0.0212396699935,
        "dvar": 0.00142762542237,
        "dvar2": 0.00245879800059,
        "max": 0.296687424183,
        "mean": 0.031067641452,
        "median": 0.0161516983062,
        "min": 0.00101852649823,
        "var": 0.00240530725569
    },
    "spectral_energyband_middle_high": {
        "dmean": 0.00171956780832,
        "dmean2": 0.00268440041691,
        "dvar": 7.27651604393e-06,
        "dvar2": 1.88700123545e-05,
        "max": 0.0437702611089,
        "mean": 0.00579215120524,
        "median": 0.00471397768706,
        "min": 7.62590525483e-06,
        "var": 4.54369983345e-05
    },
    "spectral_energyband_middle_low": {
        "dmean": 0.00361963873729,
        "dmean2": 0.0055522187613,
        "dvar": 2.53774614976e-05,
        "dvar2": 6.6176551627e-05,
        "max": 0.0552623160183,
        "mean": 0.0137164443731,
        "median": 0.0124272825196,
        "min": 0.00135693885386,
        "var": 6.89569496899e-05
    },
    "spectral_entropy": {
        "dmean": 0.0944087207317,
        "dmean2": 0.139218136668,
        "dvar": 0.0157877188176,
        "dvar2": 0.0338554866612,
        "max": 8.40383720398,
        "mean": 7.19844675064,
        "median": 7.79810333252,
        "min": 4.91504764557,
        "var": 1.08141875267
    },
    "spectral_flux": {
        "dmean": 0.0310282278806,
        "dmean2": 0.0514387600124,
        "dvar": 0.00355126732029,
        "dvar2": 0.00858974549919,
        "max": 0.485743641853,
        "mean": 0.0880554541945,
        "median": 0.0747896954417,
        "min": 0.00556531036273,
        "var": 0.00719757331535
    },
    "spectral_kurtosis": {
        "dmean": 7.29906463623,
        "dmean2": 12.6279611588,
        "dvar": 361.962982178,
        "dvar2": 1050.72045898,
        "max": 246.23727417,
        "mean": 23.7354507446,
        "median": 2.59853172302,
        "min": -1.1552438736,
        "var": 2395.6706543
    },
    "spectral_rms": {
        "dmean": 0.000823334848974,
        "dmean2": 0.00118104903959,
        "dvar": 2.65332846539e-06,
        "dvar2": 4.39736095359e-06,
        "max": 0.0175394210964,
        "mean": 0.00629842747003,
        "median": 0.00610777921975,
        "min": 0.00184180750512,
        "var": 8.57015402289e-06
    },
    "spectral_rolloff": {
        "dmean": 265.847198486,
        "dmean2": 424.174194336,
        "dvar": 346388.78125,
        "dvar2": 635717.6875,
        "max": 9302.34375,
        "mean": 861.046386719,
        "median": 602.9296875,
        "min": 64.599609375,
        "var": 728179.75
    },
    "spectral_skewness": {
        "dmean": 0.445891439915,
        "dmean2": 0.754604995251,
        "dvar": 0.72275197506,
        "dvar2": 2.09656834602,
        "max": 12.4675388336,
        "mean": 2.5815179348,
        "median": 1.31996393204,
        "min": -0.0880505368114,
        "var": 7.36910581589
    },
    "spectral_spread": {
        "dmean": 338872.75,
        "dmean2": 538098.25,
        "dvar": 239527772160,
        "dvar2": 464132866048,
        "max": 17132152,
        "mean": 4070567,
        "median": 4673591.5,
        "min": 303080.40625,
        "var": 3.75584011059e+12
    },
    "spectral_strongpeak": {
        "dmean": 0.279591858387,
        "dmean2": 0.481094717979,
        "dvar": 0.488099604845,
        "dvar2": 1.34151124954,
        "max": 10.1064376831,
        "mean": 0.631709098816,
        "median": 0.454503804445,
        "min": 0.0509990304708,
        "var": 0.461088269949
    },
    "zerocrossingrate": {
        "dmean": 0.00716246617958,
        "dmean2": 0.00813512131572,
        "dvar": 9.12072282517e-05,
        "dvar2": 0.000100417644717,
        "max": 0.2021484375,
        "mean": 0.043474778533,
        "median": 0.0458984375,
        "min": 0.00390625,
        "var": 0.000816791609395
    },
    "barkbands": {
        "dmean": [0.000346665823599, 0.0127826044336, 0.00474735116586, 0.00141455675475, 0.000792134553194, 0.0011321894126, 0.00116367533337, 0.000709606800228, 0.00072156265378, 0.000961176585406, 0.000413969653891, 0.000462018855615, 0.000295062316582, 0.000388647342334, 0.00034605912515, 0.000192626190255, 0.000232287624385, 0.000150493404362, 0.000153097498696, 0.000158060400281, 8.95596967894e-05, 0.000102814366983, 9.75781222223e-05, 6.77232383168e-05, 4.92688341183e-05, 1.93970754481e-05, 3.70080392997e-08],
        "dmean2": [0.000499600078911, 0.0185817442834, 0.00854796729982, 0.0022943681106, 0.00126103369985, 0.00159231130965, 0.00166438776068, 0.00105353642721, 0.0011310003465, 0.00151058053598, 0.000671914371196, 0.000758879352361, 0.000464604090666, 0.000668080116156, 0.000575982325245, 0.000321008177707, 0.000403529760661, 0.000252482335782, 0.000258823944023, 0.000266324088443, 0.000146973805386, 0.00016013487766, 0.00014405309048, 9.88789106486e-05, 7.5000578363e-05, 3.1160612707e-05, 5.96939031539e-08],
        "dvar": [6.9774637268e-07, 0.0012010053033, 0.000229239230976, 1.05835242721e-05, 1.33437310978e-06, 2.35160291595e-06, 2.2313986392e-06, 1.49931167925e-06, 2.60159868049e-06, 3.23209815178e-06, 1.5412852008e-06, 1.08445613023e-06, 2.60374207528e-07, 8.33710771531e-07, 6.6931170295e-07, 1.41929930919e-07, 1.46966996795e-07, 4.96475927036e-08, 7.4580121634e-08, 6.65193979899e-08, 1.83304091905e-08, 6.22809892548e-08, 8.03109898584e-08, 3.79549689455e-08, 1.94206766224e-08, 1.94933225117e-09, 5.11280166154e-14],
        "dvar2": [1.51783126512e-06, 0.00205421401188, 0.000655623967759, 2.98698105325e-05, 3.44957334164e-06, 5.59436193726e-06, 5.50274353373e-06, 3.24408938468e-06, 6.25734719506e-06, 7.68146219343e-06, 4.27428722105e-06, 2.88025080408e-06, 6.20196885848e-07, 2.26775091505e-06, 1.68346059581e-06, 3.65920698187e-07, 4.05831968919e-07, 1.35541029067e-07, 2.02844120167e-07, 1.7883444059e-07, 4.67124863235e-08, 1.33366924615e-07, 1.29546236849e-07, 5.78297942866e-08, 3.25533626722e-08, 3.82507137076e-09, 1.09428186456e-13],
        "max": [0.00882130581886, 0.262073308229, 0.111832290888, 0.0357381924987, 0.0164725910872, 0.0201650764793, 0.0182683635503, 0.0195493362844, 0.0289203356951, 0.0255337562412, 0.0189667083323, 0.020396862179, 0.0062745991163, 0.0147788096219, 0.0177373401821, 0.00582283129916, 0.00599902961403, 0.00211914069951, 0.0038512009196, 0.00299477367662, 0.00229951902293, 0.00497652031481, 0.00656890356913, 0.00637456821278, 0.00307156750932, 0.00103566527832, 5.49070500711e-06],
        "mean": [0.000584749504924, 0.0236190706491, 0.00503104785457, 0.00303117581643, 0.00167368294206, 0.00292148278095, 0.00253046257421, 0.00142546498682, 0.00117791921366, 0.0016010561958, 0.000656223099213, 0.000779666355811, 0.000499031390063, 0.000581748958211, 0.000577720114961, 0.000326220295392, 0.000403580605052, 0.000311702198815, 0.000299528735923, 0.000354692281689, 0.000242286361754, 0.000268472038442, 0.000242525173235, 0.000176209752681, 0.000105266284663, 2.52942318184e-05, 2.8420014786e-08],
        "median": [0.000187174911844, 0.010479869321, 0.00195681257173, 0.00159975257702, 0.00123396550771, 0.00185181328561, 0.0017604654422, 0.000658497621771, 0.000541006738786, 0.000684080412611, 0.000184611810255, 0.000339438644005, 0.000244344962994, 0.000277409359114, 0.00027300050715, 0.000180087125045, 0.000286388443783, 0.000226746487897, 0.000222235554247, 0.000261008361122, 0.000215657593799, 0.000211287275306, 0.000172635889612, 0.000116140050523, 5.99426712142e-05, 8.00917950983e-06, 6.33701480179e-10],
        "min": [7.98182327344e-07, 0.00016576674534, 6.67731292197e-05, 6.14562486589e-06, 3.04767054331e-05, 2.7065323593e-05, 1.79109047167e-05, 3.29161275658e-06, 1.92595962289e-06, 1.47843775267e-06, 6.12399219335e-07, 2.1075700829e-07, 3.03717797578e-07, 1.70349807149e-07, 9.20576468388e-08, 3.77887374725e-08, 3.45244615119e-08, 8.480808944e-09, 6.66146870998e-09, 4.06984579371e-09, 3.08273095939e-09, 9.57319667982e-10, 7.03629210452e-10, 8.96377624904e-11, 8.82638753752e-12, 9.36523514988e-12, 1.16051925014e-11],
        "var": [1.03761260561e-06, 0.00182526814751, 0.000139851865242, 1.42324843182e-05, 2.44898728852e-06, 9.48798697209e-06, 5.7204474615e-06, 4.36348864241e-06, 4.78373522128e-06, 6.91200739311e-06, 3.05142611978e-06, 2.33556852436e-06, 5.74949183374e-07, 1.14762667636e-06, 1.19649791941e-06, 2.53377208992e-07, 2.67672930931e-07, 1.22288142279e-07, 1.36300585041e-07, 1.74675605535e-07, 6.13794099991e-08, 1.42413455251e-07, 2.03268001542e-07, 1.29887610001e-07, 5.10542861321e-08, 3.76795084023e-09, 5.36563591409e-14]
    },
    "erbbands": {
        "dmean": [0.442002862692, 2.88375878334, 6.00540828705, 4.70200157166, 3.36015892029, 2.67390871048, 4.86064386368, 9.98337078094, 16.4783611298, 12.6312122345, 16.4921131134, 13.8275184631, 34.3700561523, 23.0077381134, 9.04656028748, 21.2657012939, 13.5143947601, 20.0557994843, 12.8250398636, 16.9298915863, 11.8158912659, 9.95347595215, 8.81179428101, 7.45001983643, 7.40459156036, 8.10599899292, 4.40760564804, 3.27427506447, 4.04367876053, 3.34570384026, 2.63827228546, 1.63677728176, 1.20040845871, 0.685232043266, 0.304809749126, 0.110004238784, 0.0375880897045, 0.0027501671575, 5.62644308957e-05, 1.85294629773e-05],
        "dmean2": [0.636333703995, 4.33196210861, 10.4956016541, 8.00712966919, 5.48301172256, 4.38034963608, 7.06799173355, 14.4197950363, 23.5963230133, 17.8302097321, 23.8879451752, 21.4564743042, 54.4215431213, 36.6338500977, 14.9510221481, 35.4224014282, 21.1977882385, 34.4972381592, 21.3321723938, 27.4384746552, 19.7222137451, 17.3004379272, 15.0176525116, 12.8993558884, 12.5315389633, 13.8693799973, 7.3893494606, 5.28902292252, 6.41670608521, 5.04650402069, 4.06990766525, 2.44632053375, 1.82898581028, 1.04595398903, 0.477078735828, 0.180901378393, 0.0606990382075, 0.00456485431641, 8.79679282662e-05, 2.70148793788e-05],
        "dvar": [1.56613993645, 63.0438270569, 347.636749268, 164.028884888, 36.5114822388, 21.3964118958, 82.9555740356, 196.438537598, 462.720581055, 303.919067383, 869.58581543, 1358.47619629, 4457.875, 2746.56103516, 605.740661621, 2550.22924805, 547.320922852, 2228.67871094, 501.44354248, 2350.41577148, 494.080688477, 292.517547607, 186.271011353, 163.060089111, 159.934432983, 193.942825317, 51.1068954468, 27.5986385345, 87.9862670898, 112.65687561, 56.9887657166, 23.1442184448, 11.3347520828, 3.42917871475, 0.748152911663, 0.0585575997829, 0.00823149457574, 7.50275576138e-05, 2.35233486023e-08, 1.6580440354e-09],
        "dvar2": [3.04012298584, 120.136314392, 980.149108887, 473.243804932, 100.402870178, 53.338394165, 189.035339355, 482.715179443, 1103.66564941, 753.508850098, 1707.39428711, 3238.49853516, 10640.6367188, 7589.78173828, 1634.9576416, 6819.14794922, 1290.68762207, 6182.05566406, 1254.13525391, 5907.78027344, 1289.59960938, 807.21685791, 505.056793213, 448.360565186, 432.796173096, 522.093566895, 138.302200317, 65.3056335449, 199.900634766, 202.126083374, 92.2084503174, 35.8667106628, 21.7362232208, 6.20698833466, 1.22537708282, 0.121322773397, 0.0161463823169, 0.000178814094397, 4.95781620202e-08, 2.86881318701e-09],
        "max": [9.78581047058, 67.6935806274, 139.230758667, 130.966918945, 58.644985199, 83.2351379395, 243.162322998, 223.426269531, 238.128570557, 270.345367432, 533.959472656, 733.873718262, 905.95904541, 838.276672363, 535.111450195, 990.059020996, 297.025970459, 826.22253418, 377.548339844, 1139.80993652, 343.192749023, 183.338195801, 130.0443573, 195.280288696, 199.19229126, 164.855056763, 93.008682251, 82.0604324341, 156.191955566, 313.684051514, 175.779754639, 136.597000122, 103.716888428, 42.4582519531, 24.3258552551, 5.89718914032, 1.85417294502, 0.217934414744, 0.00368690816686, 0.00039528781781],
        "mean": [0.57153648138, 5.53542947769, 7.7266740799, 8.45439147949, 6.81077957153, 5.50604820251, 11.9548597336, 24.9501094818, 38.3162078857, 27.7207164764, 36.6638069153, 25.9477481842, 54.8292617798, 40.4688720703, 18.4325962067, 36.0081443787, 25.3573875427, 31.982755661, 22.9816589355, 28.5109329224, 23.2241744995, 19.3977680206, 18.3746795654, 15.4799547195, 15.6765422821, 17.5689468384, 11.0145664215, 9.09387302399, 9.97934818268, 8.31274318695, 6.59003925323, 4.05479812622, 2.79361271858, 1.43035101891, 0.588767528534, 0.165309906006, 0.0421459600329, 0.00262945378199, 8.95706471056e-05, 6.23507876298e-05],
        "median": [0.166365221143, 2.80645036697, 4.33668518066, 4.36615896225, 4.78735780716, 3.73234915733, 7.55860757828, 14.9162111282, 26.0832118988, 20.0729484558, 16.7337303162, 13.9679832458, 22.1096534729, 14.7581624985, 9.9592628479, 15.632101059, 13.2910423279, 16.9655590057, 13.4959192276, 12.2733478546, 14.2281770706, 14.4654359818, 14.166015625, 11.9972229004, 12.2126941681, 12.616189003, 9.44582080841, 8.01168251038, 7.61222696304, 6.06529521942, 4.61623048782, 2.80958533287, 1.66817343235, 0.787602841854, 0.316969692707, 0.0717257708311, 0.00752032548189, 0.000312102027237, 4.99600682815e-05, 5.14273815497e-05],
        "min": [0.00529755651951, 0.0168566517532, 0.142340138555, 0.206378653646, 0.15462975204, 0.156689822674, 0.209111273289, 0.431052178144, 0.391097456217, 0.258628129959, 0.210377216339, 0.159732997417, 0.0789208784699, 0.0645659416914, 0.0327504388988, 0.0259966235608, 0.0207559522241, 0.0149816656485, 0.012202585116, 0.00754834664986, 0.00444140518084, 0.00222970847972, 0.0017433934845, 0.000893344171345, 0.000378816534067, 0.000222641989239, 0.000151819651364, 0.000100241726614, 4.74374683108e-05, 3.02040371025e-05, 2.47016887442e-05, 1.21128750834e-05, 7.85173142503e-06, 6.26084420219e-06, 5.60881790079e-06, 3.85075964004e-06, 2.31666763284e-06, 2.26632877798e-07, 1.92450033865e-06, 4.00172257287e-06],
        "var": [1.97282803059, 87.3692016602, 232.829711914, 137.238342285, 46.6917190552, 36.5901603699, 212.730300903, 922.688049316, 1348.32409668, 701.723571777, 2975.91455078, 2664.71411133, 8643.85253906, 5664.14892578, 1419.69006348, 5344.04931641, 1374.54675293, 3121.046875, 1078.20568848, 3933.07104492, 1105.24780273, 556.064575195, 426.981048584, 332.394348145, 341.783660889, 456.224243164, 132.805953979, 92.2429275513, 185.40246582, 244.898468018, 145.387329102, 69.905670166, 33.0363502502, 9.13879203796, 1.87117564678, 0.115612626076, 0.0145818311721, 9.82971832855e-05, 4.1827295405e-08, 3.85223541954e-09]
    },
    "gfcc": {
        "mean": [-15.6680307388, 132.866821289, -99.2401504517, 39.5723152161, -61.9020042419, 15.3020210266, -27.9594841003, 10.3576774597, -9.54719161987, 4.51441478729, -6.49250555038, -4.07984972, -7.41984272003],
        "cov": [[16060.9580078, -7912.44824219, -2933.46704102, 2316.96142578, -1215.07702637, 2655.71240234, -1004.75415039, 1522.21716309, -1250.19921875, 665.728149414, -839.875, 625.710021973, -94.427947998], [-7912.44824219, 4524.86279297, 1135.54309082, -1422.63964844, 911.353820801, -1412.91369629, 588.230957031, -785.416625977, 719.672851562, -374.007843018, 511.072845459, -333.220214844, 117.698928833], [-2933.46704102, 1135.54309082, 971.846740723, -316.361785889, 142.412033081, -422.948394775, 123.528274536, -239.011001587, 163.548812866, -53.7605819702, 85.058555603, -79.0941009521, -47.6529922485], [2316.96142578, -1422.63964844, -316.361785889, 707.320861816, -392.707794189, 433.327209473, -193.35585022, 191.963058472, -183.912872314, 60.3992958069, -120.761245728, 55.7021522522, -9.86471843719], [-1215.07702637, 911.353820801, 142.412033081, -392.707794189, 463.657745361, -213.626525879, 140.926101685, -100.51386261, 141.50227356, -37.9039535522, 84.6445388794, -26.6873035431, 28.0514774323], [2655.71240234, -1412.91369629, -422.948394775, 433.327209473, -213.626525879, 575.603149414, -154.659423828, 267.473602295, -228.277694702, 102.921356201, -143.457809448, 88.0735855103, -10.6669473648], [-1004.75415039, 588.230957031, 123.528274536, -193.35585022, 140.926101685, -154.659423828, 165.838851929, -76.2515029907, 106.901290894, -50.6705932617, 76.9911346436, -33.8425445557, 17.0616817474], [1522.21716309, -785.416625977, -239.011001587, 191.963058472, -100.51386261, 267.473602295, -76.2515029907, 220.000610352, -101.678962708, 91.7986068726, -85.0790557861, 75.2914962769, -11.7837200165], [-1250.19921875, 719.672851562, 163.548812866, -183.912872314, 141.50227356, -228.277694702, 106.901290894, -101.678962708, 193.520736694, -45.4385795593, 102.823822021, -60.7370643616, 26.5827789307], [665.728149414, -374.007843018, -53.7605819702, 60.3992958069, -37.9039535522, 102.921356201, -50.6705932617, 91.7986068726, -45.4385795593, 107.296569824, -27.9466609955, 59.667224884, -16.0896530151], [-839.875, 511.072845459, 85.058555603, -120.761245728, 84.6445388794, -143.457809448, 76.9911346436, -85.0790557861, 102.823822021, -27.9466609955, 131.823776245, -21.7722377777, 41.6113739014], [625.710021973, -333.220214844, -79.0941009521, 55.7021522522, -26.6873035431, 88.0735855103, -33.8425445557, 75.2914962769, -60.7370643616, 59.667224884, -21.7722377777, 97.7205429077, 1.02443706989], [-94.427947998, 117.698928833, -47.6529922485, -9.86471843719, 28.0514774323, -10.6669473648, 17.0616817474, -11.7837200165, 26.5827789307, -16.0896530151, 41.6113739014, 1.02443706989, 67.6290664673]],
        "icov": [[0.00168241839856, 0.00181386992335, 0.00214130640961, -0.000325242086546, -0.0012512760004, -0.000679080258124, 0.000945185311139, -0.00135479087476, 0.00071509683039, -0.000603436725214, -0.00016932222934, -0.00025509900297, 0.000274471094599], [0.00181386992335, 0.0125236660242, 0.00023913300538, 0.00670324778184, -0.00546338176355, 0.00655396049842, -0.00209174351767, 0.00439326604828, -0.00429575657472, 0.00699254963547, -0.00876182876527, 0.00711433868855, -0.00488831615075], [0.00214130640961, 0.00023913300538, 0.00490736821666, -0.00188030011486, -0.000717122748028, -0.00150729308371, 0.00123759033158, -0.00143299426418, 0.00162231235299, -0.00342978467233, 0.00189194618724, -0.00166021927726, 0.00266242166981], [-0.000325242086546, 0.00670324778184, -0.00188030011486, 0.00943532958627, 0.000174779590452, 0.00195281126071, -0.000186031116755, 0.00436006765813, -0.00547824241221, 0.00685936631635, -0.00565883377567, 0.0040899827145, -0.00382156530395], [-0.0012512760004, -0.00546338176355, -0.000717122748028, 0.000174779590452, 0.00731545640156, -0.00380201125517, -0.000345865846612, -0.000352423114236, -0.00106734898873, -0.00231853383593, 0.00436079548672, -0.00400731526315, 0.000918659789022], [-0.000679080258124, 0.00655396049842, -0.00150729308371, 0.00195281126071, -0.00380201125517, 0.0138540444896, -0.00360087794252, -0.00101816968527, 0.00233723293059, 0.0038477384951, -0.0060813408345, 0.00817736424506, -0.00502380728722], [0.000945185311139, -0.00209174351767, 0.00123759033158, -0.000186031116755, -0.000345865846612, -0.00360087794252, 0.014685517177, -0.00446654623374, -0.00192019925453, 0.00310108740814, -0.00155147293117, -0.00386715354398, 0.00340308365412], [-0.00135479087476, 0.00439326604828, -0.00143299426418, 0.00436006765813, -0.000352423114236, -0.00101816968527, -0.00446654623374, 0.0218181908131, -0.00794449448586, -0.00255096168257, 0.00176426721737, -0.000475312786875, -0.00355972675607], [0.00071509683039, -0.00429575657472, 0.00162231235299, -0.00547824241221, -0.00106734898873, 0.00233723293059, -0.00192019925453, -0.00794449448586, 0.0209078490734, -0.00663064606488, -0.00274526979774, 0.00469298660755, 0.000552558980417], [-0.000603436725214, 0.00699254963547, -0.00342978467233, 0.00685936631635, -0.00231853383593, 0.0038477384951, 0.00310108740814, -0.00255096168257, -0.00663064606488, 0.0275640189648, -0.0102102793753, -0.00328084616922, 0.00140949652996], [-0.00016932222934, -0.00876182876527, 0.00189194618724, -0.00565883377567, 0.00436079548672, -0.0060813408345, -0.00155147293117, 0.00176426721737, -0.00274526979774, -0.0102102793753, 0.0265116356313, -0.00878323521465, -0.0040784701705], [-0.00025509900297, 0.00711433868855, -0.00166021927726, 0.0040899827145, -0.00400731526315, 0.00817736424506, -0.00386715354398, -0.000475312786875, 0.00469298660755, -0.00328084616922, -0.00878323521465, 0.0260508675128, -0.00708177546039], [0.000274471094599, -0.00488831615075, 0.00266242166981, -0.00382156530395, 0.000918659789022, -0.00502380728722, 0.00340308365412, -0.00355972675607, 0.000552558980417, 0.00140949652996, -0.0040784701705, -0.00708177546039, 0.0250783991069]]
    },
    "melbands": {
        "dmean": [0.0037560663186, 0.00326510658488, 0.000785859185271, 0.000191923987586, 0.000150839012349, 0.000230055011343, 0.000258623447735, 0.000132137094624, 0.000133448178531, 9.44683706621e-05, 0.00017194110842, 9.30444148253e-05, 3.96749455831e-05, 5.14860548719e-05, 3.92163346987e-05, 2.95270292554e-05, 4.29215979239e-05, 2.04110347113e-05, 2.76731261692e-05, 1.61775333254e-05, 1.60834169947e-05, 1.21662751553e-05, 1.0608597222e-05, 6.35505239188e-06, 6.63419041302e-06, 6.3572297222e-06, 5.81761651119e-06, 5.30862280357e-06, 3.23497170029e-06, 2.63273796008e-06, 2.07213497561e-06, 2.78263860309e-06, 1.99252303901e-06, 2.09917016036e-06, 1.74280489773e-06, 1.35601817419e-06, 1.01452781109e-06, 1.00808574643e-06, 7.71800159782e-07, 6.11855512034e-07],
        "dmean2": [0.00523492088541, 0.0051604360342, 0.00132958823815, 0.00031178019708, 0.000222608141485, 0.000328602880472, 0.000369846500689, 0.000189730431885, 0.000190360253328, 0.000149776751641, 0.000273546378594, 0.000148057908518, 6.59715005895e-05, 8.47987030284e-05, 6.19529455435e-05, 4.69258484372e-05, 7.44590433897e-05, 3.43506435456e-05, 4.56624838989e-05, 2.64937370957e-05, 2.71207100013e-05, 2.11071910599e-05, 1.80157567229e-05, 1.07787909656e-05, 1.15927632578e-05, 1.10510245577e-05, 9.78132902674e-06, 9.03084765014e-06, 5.472441444e-06, 4.40676876678e-06, 3.52013989868e-06, 4.56858333564e-06, 3.09179426949e-06, 3.22057690028e-06, 2.74357239505e-06, 2.07903963201e-06, 1.58151988217e-06, 1.61116838626e-06, 1.18349407785e-06, 9.44503199207e-07],
        "dvar": [0.000104694452602, 8.22019792395e-05, 4.25373309554e-06, 8.85105464477e-08, 7.03593769913e-08, 9.85109380736e-08, 1.10302224243e-07, 3.51276909782e-08, 5.3559130464e-08, 5.02717156792e-08, 1.11477426401e-07, 4.2430393421e-08, 1.50421630707e-08, 1.33906778998e-08, 5.98885874226e-09, 2.69883360104e-09, 1.14116840422e-08, 1.4542987925e-09, 4.72555194975e-09, 1.53646495527e-09, 9.37466215767e-10, 4.36067237874e-10, 2.86285828377e-10, 9.42359731915e-11, 1.32294772359e-10, 1.40441269725e-10, 8.35999741655e-11, 8.24919993425e-11, 2.93610066815e-11, 1.5495148567e-11, 1.13788171593e-11, 3.65928225221e-11, 3.38558486801e-11, 4.1072475282e-11, 2.15060295961e-11, 1.47063004136e-11, 8.12641013509e-12, 7.61494686752e-12, 4.02280856196e-12, 2.54873943131e-12],
        "dvar2": [0.000185253098607, 0.000209160993109, 1.22074225146e-05, 2.37038747741e-07, 1.63834798173e-07, 2.37655001456e-07, 2.66910689106e-07, 8.74087078273e-08, 1.02113460798e-07, 1.2392885651e-07, 2.65850559344e-07, 1.16982036502e-07, 4.24955004519e-08, 3.60788803278e-08, 1.52334429515e-08, 6.83634882037e-09, 3.16486072904e-08, 3.63792240776e-09, 1.17650280629e-08, 3.76712305794e-09, 2.38547048781e-09, 1.21599974534e-09, 7.80426223645e-10, 2.52435405912e-10, 3.67014252323e-10, 3.93942711785e-10, 2.32269689593e-10, 2.17268161795e-10, 8.06959221666e-11, 4.16034290351e-11, 2.75605458594e-11, 8.80326367358e-11, 7.68182600863e-11, 7.19585779851e-11, 3.74042567752e-11, 2.66901899887e-11, 1.3977736503e-11, 1.57460849914e-11, 7.79383502181e-12, 5.34597149535e-12],
        "max": [0.0737814381719, 0.0743256881833, 0.0206870138645, 0.00285075861029, 0.00645305542275, 0.00432089343667, 0.00368536682799, 0.00293931388296, 0.0039747999981, 0.00394416088238, 0.00457148021087, 0.00314317131415, 0.00226254318841, 0.00231706094928, 0.00123035418801, 0.000686349987518, 0.00187693047337, 0.000565644702874, 0.00144395325333, 0.000778216926847, 0.000566218863241, 0.000275102473097, 0.000183761279914, 9.3620205007e-05, 0.000177764115506, 0.000129544161609, 0.000134086672915, 0.000111777131679, 6.11215436948e-05, 4.62019743281e-05, 6.05567765888e-05, 8.17922482383e-05, 0.000130410175188, 0.000187670011655, 0.000113986810902, 8.95218690857e-05, 7.52517953515e-05, 8.1814614532e-05, 5.53297722945e-05, 3.46900742443e-05],
        "mean": [0.00602767569944, 0.00545611651614, 0.00143189833034, 0.000405322643928, 0.000373824586859, 0.000577570928726, 0.000598061131313, 0.000289656833047, 0.000293296063319, 0.000160910669365, 0.000269834679784, 0.000157587623107, 6.88719228492e-05, 8.5330568254e-05, 7.10044550942e-05, 4.95036292705e-05, 6.26734035905e-05, 3.26732260874e-05, 4.5938846597e-05, 2.59293628915e-05, 2.90008811135e-05, 2.07553639484e-05, 1.95015618374e-05, 1.33529920276e-05, 1.23284116853e-05, 1.10715463961e-05, 1.21646189655e-05, 1.1036126125e-05, 6.95106973581e-06, 6.01170586378e-06, 5.01827480548e-06, 6.16078750681e-06, 4.49090384791e-06, 4.69673523185e-06, 4.03507283409e-06, 2.89832178169e-06, 2.30836644732e-06, 2.12047143577e-06, 1.49994536969e-06, 1.10882888293e-06],
        "median": [0.00231225974858, 0.00313871260732, 0.000791350554209, 0.000301059044432, 0.000244154100074, 0.000357142824214, 0.000425151316449, 0.000203982781386, 0.00013492628932, 7.73951178417e-05, 0.000107305997517, 5.41419467481e-05, 2.83007120743e-05, 3.66156091332e-05, 3.11002768285e-05, 2.56710063695e-05, 2.83633580693e-05, 1.72906547959e-05, 1.99969963433e-05, 1.20394242913e-05, 1.77791771421e-05, 1.35289974423e-05, 1.41517011798e-05, 9.76623414317e-06, 8.76476951817e-06, 7.27849055693e-06, 8.72347300174e-06, 7.89011573943e-06, 5.69782969251e-06, 5.03435740029e-06, 4.05853415941e-06, 4.46728154202e-06, 3.15348870572e-06, 3.24511552208e-06, 2.75969318864e-06, 1.85051976587e-06, 1.49747972955e-06, 1.24262714962e-06, 7.73416275024e-07, 5.47092270153e-07],
        "min": [4.8188449e-05, 3.23517015204e-05, 4.14479727624e-05, 1.15186412586e-05, 3.64732022717e-06, 5.93032655161e-06, 5.8931886997e-06, 7.25504889942e-07, 3.04015827624e-07, 2.88284866201e-07, 1.959603253e-07, 1.97982387817e-07, 1.01765969873e-07, 5.13783895428e-08, 1.93305158547e-08, 2.80156928767e-08, 1.94989571156e-08, 1.10827356181e-08, 6.32486463203e-09, 4.70539562869e-09, 3.1487008556e-09, 1.20676113546e-09, 1.33469679753e-09, 3.31462246539e-10, 5.53456225294e-10, 2.34196717575e-10, 1.80997092314e-10, 7.40490793683e-11, 5.81149052492e-11, 6.97926438864e-11, 3.10173622897e-11, 2.04243445073e-11, 1.4719321248e-11, 1.09655878128e-11, 1.02506839822e-11, 5.46562231238e-12, 1.42357935336e-12, 7.10433610811e-13, 3.66251191701e-13, 6.23016043052e-14],
