{
"highlevel": {
    "danceability": {
        "all": {
            "danceable": 0.999952435493,
            "not_danceable": 4.75887063658e-05
        },
        "probability": 0.999952435493,
        "value": "danceable"
    },
    "gender": {
        "all": {
            "female": 0.93557280302,
            "male": 0.0644271895289
        },
        "probability": 0.93557280302,
        "value": "female"
    },
    "genre_dortmund": {
        "all": {
            "alternative": 0.0283520687371,
            "blues": 0.0193761717528,
            "electronic": 0.165088415146,
            "folkcountry": 0.0238461438566,
            "funksoulrnb": 0.0232607349753,
            "jazz": 0.0436415374279,
            "pop": 0.103642106056,
            "raphiphop": 0.537526786327,
            "rock": 0.0552660189569
        },
        "probability": 0.537526786327,
        "value": "raphiphop"
    },
    "genre_electronic": {
        "all": {
            "ambient": 0.15083694458,
            "dnb": 0.170689836144,
            "house": 0.283365190029,
            "techno": 0.027096953243,
            "trance": 0.368011087179
        },
        "probability": 0.368011087179,
        "value": "trance"
    },
    "genre_rosamerica": {
        "all": {
            "cla": 0.000649114139378,
            "dan": 0.919072151184,
            "hip": 0.0488943457603,
            "jaz": 0.00042275575106,
            "pop": 0.0245318189263,
            "rhy": 0.00478993728757,
            "roc": 0.000694538932294,
            "spe": 0.000945357023738
        },
        "probability": 0.919072151184,
        "value": "dan"
    },
    "genre_tzanetakis": {
        "all": {
            "blu": 0.0820107460022,
            "cla": 0.0364518873394,
            "cou": 0.109376601875,
            "dis": 0.0656830966473,
            "hip": 0.109505757689,
            "jaz": 0.328655719757,
            "met": 0.0657363757491,
            "pop": 0.0821422189474,
            "reg": 0.0547466091812,
            "roc": 0.0656909942627
        },
        "probability": 0.328655719757,
        "value": "jaz"
    },
    "ismir04_rhythm": {
        "all": {
            "ChaChaCha": 0.637223422527,
            "Jive": 0.0551069416106,
            "Quickstep": 0.008878945373,
            "Rumba-American": 0.0134895322844,
            "Rumba-International": 0.0304937399924,
            "Rumba-Misc": 0.00693561928347,
            "Samba": 0.231479495764,
            "Tango": 0.00412376085296,
            "VienneseWaltz": 0.0100974887609,
            "Waltz": 0.00217103795148
        },
        "probability": 0.637223422527,
        "value": "ChaChaCha"
    },
    "mood_acoustic": {
        "all": {
            "acoustic": 0.00877048168331,
            "not_acoustic": 0.991229534149
        },
        "probability": 0.991229534149,
        "value": "not_acoustic"
    },
    "mood_aggressive": {
        "all": {
            "aggressive": 0.0276817362756,
            "not_aggressive": 0.972318291664
        },
        "probability": 0.972318291664,
        "value": "not_aggressive"
    },
    "mood_electronic": {
        "all": {
            "electronic": 0.812831223011,
            "not_electronic": 0.187168776989
        },
        "probability": 0.812831223011,
        "value": "electronic"
    },
    "mood_happy": {
        "all": {
            "happy": 0.863559007645,
            "not_happy": 0.136440977454
        },
        "probability": 0.863559007645,
        "value": "happy"
    },
    "mood_party": {
        "all": {
            "not_party": 0.219540134072,
            "party": 0.780459880829
        },
        "probability": 0.780459880829,
        "value": "party"
    },
    "mood_relaxed": {
        "all": {
            "not_relaxed": 0.824910163879,
            "relaxed": 0.175089806318
        },
        "probability": 0.824910163879,
        "value": "not_relaxed"
    },
    "mood_sad": {
        "all": {
            "not_sad": 0.827877104282,
            "sad": 0.172122895718
        },
        "probability": 0.827877104282,
        "value": "not_sad"
    },
    "moods_mirex": {
        "all": {
            "Cluster1": 0.258208960295,
            "Cluster2": 0.227638781071,
            "Cluster3": 0.217188552022,
            "Cluster4": 0.193648889661,
            "Cluster5": 0.103314802051
        },
        "probability": 0.258208960295,
        "value": "Cluster1"
    },
    "timbre": {
        "all": {
            "bright": 0.903433740139,
            "dark": 0.096566259861
        },
        "probability": 0.903433740139,
        "value": "bright"
    },
    "tonal_atonal": {
        "all": {
            "atonal": 0.17349396646,
            "tonal": 0.826506018639
        },
        "probability": 0.826506018639,
        "value": "tonal"
    },
    "voice_instrumental": {
        "all": {
            "instrumental": 0.128413930535,
            "voice": 0.871586084366
        },
        "probability": 0.871586084366,
        "value": "voice"
    }
},
"lowlevel": {
    "average_loudness": 0.98213917017,
    "barkbands_crest": {
        "dmean": 3.12028193474,
        "dmean2": 4.25747489929,
        "dvar": 9.27802848816,
        "dvar2": 14.6486158371,
        "max": 26.6768112183,
        "mean": 13.2252349854,
        "median": 11.8179159164,
        "min": 2.77602696419,
        "var": 38.3666801453
    },
    "barkbands_flatness_db": {
        "dmean": 0.0360785461962,
        "dmean2": 0.043448407203,
        "dvar": 0.00120805238839,
        "dvar2": 0.00179472379386,
        "max": 0.49355879426,
        "mean": 0.173659771681,
        "median": 0.164235532284,
        "min": 0.033651329577,
        "var": 0.00633049150929
    },
    "barkbands_kurtosis": {
        "dmean": 8.16633319855,
        "dmean2": 10.3723192215,
        "dvar": 553.264831543,
        "dvar2": 1018.41577148,
        "max": 532.554748535,
        "mean": 11.7051792145,
        "median": 2.47589683533,
        "min": -1.95595312119,
        "var": 1234.47216797
    },
    "barkbands_skewness": {
        "dmean": 0.896527349949,
        "dmean2": 1.11351037025,
        "dvar": 1.28172314167,
        "dvar2": 2.00402259827,
        "max": 19.9469833374,
        "mean": 2.2264547348,
        "median": 1.65478277206,
        "min": -1.7886775732,
        "var": 5.09560060501
    },
    "barkbands_spread": {
        "dmean": 10.9432220459,
        "dmean2": 14.7312192917,
        "dvar": 195.728012085,
        "dvar2": 363.523223877,
        "max": 125.575637817,
        "mean": 26.6784000397,
        "median": 18.8165168762,
        "min": 0.166795611382,
        "var": 549.299316406
    },
    "dissonance": {
        "dmean": 0.0229497198015,
        "dmean2": 0.0371074043214,
        "dvar": 0.000565731606912,
        "dvar2": 0.00144004262984,
        "max": 0.5,
        "mean": 0.454897791147,
        "median": 0.463676512241,
        "min": 0.229508787394,
        "var": 0.0011962458957
    },
    "dynamic_complexity": 1.90572106838,
    "erbbands_crest": {
        "dmean": 2.63323044777,
        "dmean2": 4.1374745369,
        "dvar": 6.6051235199,
        "dvar2": 15.6209163666,
        "max": 26.0347499847,
        "mean": 8.58885955811,
        "median": 7.498503685,
        "min": 2.67800378799,
        "var": 17.3252353668
    },
    "erbbands_flatness_db": {
        "dmean": 0.0234108939767,
        "dmean2": 0.0321153923869,
        "dvar": 0.000679680961184,
        "dvar2": 0.00110324739944,
        "max": 0.29985871911,
        "mean": 0.146899446845,
        "median": 0.140794858336,
        "min": 0.060812164098,
        "var": 0.00251188757829
    },
    "erbbands_kurtosis": {
        "dmean": 1.18317270279,
        "dmean2": 1.78274714947,
        "dvar": 2.5928144455,
        "dvar2": 5.5091047287,
        "max": 18.4160251617,
        "mean": 0.751544833183,
        "median": 0.131739377975,
        "min": -1.77698993683,
        "var": 4.77263021469
    },
    "erbbands_skewness": {
        "dmean": 0.443490803242,
        "dmean2": 0.624302506447,
        "dvar": 0.186968803406,
        "dvar2": 0.374625504017,
        "max": 3.99481892586,
        "mean": 0.255416542292,
        "median": 0.229743286967,
        "min": -4.16741895676,
        "var": 0.69068646431
    },
    "erbbands_spread": {
        "dmean": 12.589756012,
        "dmean2": 17.7209072113,
        "dvar": 225.099502563,
        "dvar2": 421.382019043,
        "max": 183.88243103,
        "mean": 44.5813331604,
        "median": 39.1976394653,
        "min": 3.88434934616,
        "var": 695.040283203
    },
    "hfc": {
        "dmean": 20.6247997284,
        "dmean2": 29.5019245148,
        "dvar": 952.50378418,
        "dvar2": 2114.20166016,
        "max": 230.440795898,
        "mean": 33.2569770813,
        "median": 20.4559326172,
        "min": 0.586229503155,
        "var": 1317.80236816
    },
    "melbands_crest": {
        "dmean": 4.18873167038,
        "dmean2": 6.15998363495,
        "dvar": 15.4526157379,
        "dvar2": 29.2605381012,
        "max": 34.7356109619,
        "mean": 19.697019577,
        "median": 19.5568561554,
        "min": 3.3131814003,
        "var": 55.1260147095
    },
    "melbands_flatness_db": {
        "dmean": 0.0430851913989,
        "dmean2": 0.0503531880677,
        "dvar": 0.00178154034074,
        "dvar2": 0.00273386551999,
        "max": 0.624685645103,
        "mean": 0.240160167217,
        "median": 0.229507029057,
        "min": 0.0380776561797,
        "var": 0.0100583173335
    },
    "melbands_kurtosis": {
        "dmean": 17.3986358643,
        "dmean2": 22.4832019806,
        "dvar": 1337.99853516,
        "dvar2": 2369.46362305,
        "max": 586.685119629,
        "mean": 30.6273269653,
        "median": 11.5180263519,
        "min": -1.49142587185,
        "var": 3290.05883789
    },
    "melbands_skewness": {
        "dmean": 1.16237187386,
        "dmean2": 1.4803532362,
        "dvar": 2.04216694832,
        "dvar2": 3.31766986847,
        "max": 21.5265369415,
        "mean": 3.72809576988,
        "median": 2.92258524895,
        "min": -1.21820604801,
        "var": 8.36945533752
    },
    "melbands_spread": {
        "dmean": 8.94358253479,
        "dmean2": 12.3095998764,
        "dvar": 149.818710327,
        "dvar2": 292.75970459,
        "max": 147.070678711,
        "mean": 22.0290699005,
        "median": 16.9217834473,
        "min": 0.33110705018,
        "var": 414.088409424
    },
    "pitch_salience": {
        "dmean": 0.0964427664876,
        "dmean2": 0.131878420711,
        "dvar": 0.00938147306442,
        "dvar2": 0.0150885516778,
        "max": 0.870047807693,
        "mean": 0.472282528877,
        "median": 0.49680814147,
        "min": 0.0443580523133,
        "var": 0.0372875407338
    },
    "silence_rate_20dB": {
        "dmean": 0,
        "dmean2": 0,
        "dvar": 0,
        "dvar2": 0,
        "max": 1,
        "mean": 1,
        "median": 1,
        "min": 1,
        "var": 0
    },
    "silence_rate_30dB": {
        "dmean": 0.0773993805051,
        "dmean2": 0.154918670654,
        "dvar": 0.0714077427983,
        "dvar2": 0.141764163971,
        "max": 1,
        "mean": 0.901778817177,
        "median": 1,
        "min": 0,
        "var": 0.0885751917958
    },
    "silence_rate_60dB": {
        "dmean": 0.0030959751457,
        "dmean2": 0.00619674660265,
        "dvar": 0.00308637437411,
        "dvar2": 0.0061583602801,
        "max": 1,
        "mean": 0.00464037107304,
        "median": 0,
        "min": 0,
        "var": 0.00461881328374
    },
    "spectral_centroid": {
        "dmean": 354.058959961,
        "dmean2": 461.145568848,
        "dvar": 170989.96875,
        "dvar2": 314170.78125,
        "max": 5785.75097656,
        "mean": 1357.07910156,
        "median": 1156.04260254,
        "min": 114.474807739,
        "var": 652883.375
    },
    "spectral_complexity": {
        "dmean": 5.79798746109,
        "dmean2": 8.10689353943,
        "dvar": 45.9490966797,
        "dvar2": 82.5277557373,
        "max": 55,
        "mean": 18.5204944611,
        "median": 16,
        "min": 1,
        "var": 105.044456482
    },
    "spectral_decrease": {
        "dmean": 3.66168939614e-09,
        "dmean2": 4.61334970225e-09,
        "dvar": 2.02561874374e-17,
        "dvar2": 3.17026002573e-17,
        "max": -4.40135872193e-10,
        "mean": -1.19515464192e-08,
        "median": -9.76185532409e-09,
        "min": -4.03643092284e-08,
        "var": 7.56964757599e-17
    },
    "spectral_energy": {
        "dmean": 0.0149606298655,
        "dmean2": 0.0192006435245,
        "dvar": 0.000315943005262,
        "dvar2": 0.00051620422164,
        "max": 0.153570950031,
        "mean": 0.0481244139373,
        "median": 0.0405542552471,
        "min": 0.00171434669755,
        "var": 0.00110709224828
    },
    "spectral_energyband_high": {
        "dmean": 0.00192039727699,
        "dmean2": 0.00284253200516,
        "dvar": 1.04812115751e-05,
        "dvar2": 2.34288145293e-05,
        "max": 0.0237606074661,
        "mean": 0.00225777132437,
        "median": 0.000667736923788,
        "min": 4.02543093969e-07,
        "var": 1.34495630846e-05
    },
    "spectral_energyband_low": {
        "dmean": 0.0115437489003,
        "dmean2": 0.0126154636964,
        "dvar": 0.000260927947238,
        "dvar2": 0.000275687489193,
        "max": 0.152611464262,
        "mean": 0.0292527973652,
        "median": 0.0175114180893,
        "min": 3.22616551784e-06,
        "var": 0.00107343820855
    },
    "spectral_energyband_middle_high": {
        "dmean": 0.00237960834056,
        "dmean2": 0.00334282894619,
        "dvar": 1.14358126666e-05,
        "dvar2": 2.03339386644e-05,
        "max": 0.0410231240094,
        "mean": 0.0052894782275,
        "median": 0.00353489536792,
        "min": 3.78187542083e-05,
        "var": 3.06232177536e-05
    },
    "spectral_energyband_middle_low": {
        "dmean": 0.00813280511647,
        "dmean2": 0.0138323847204,
        "dvar": 0.000231350175454,
        "dvar2": 0.000618182704784,
        "max": 0.103622145951,
        "mean": 0.0126545121893,
        "median": 0.00735154189169,
        "min": 0.000103398735519,
        "var": 0.000210481885006
    },
    "spectral_entropy": {
        "dmean": 0.276485711336,
        "dmean2": 0.36379724741,
        "dvar": 0.0881347209215,
        "dvar2": 0.152296364307,
        "max": 8.74708652496,
        "mean": 7.56462144852,
        "median": 7.57551527023,
        "min": 5.57662916183,
        "var": 0.326181232929
    },
    "spectral_flux": {
        "dmean": 0.0430442802608,
        "dmean2": 0.0600056238472,
        "dvar": 0.00157084991224,
        "dvar2": 0.00232731946744,
        "max": 0.323008388281,
        "mean": 0.115786962211,
        "median": 0.0975591018796,
        "min": 0.0154755143449,
        "var": 0.00493679847568
    },
    "spectral_kurtosis": {
        "dmean": 2.42039585114,
        "dmean2": 3.67564082146,
        "dvar": 12.4643058777,
        "dvar2": 29.1202373505,
        "max": 39.0587043762,
        "mean": 4.92606544495,
        "median": 3.37966585159,
        "min": -1.63617658615,
        "var": 29.2629356384
    },
    "spectral_rms": {
        "dmean": 0.00114209367894,
        "dmean2": 0.00151539384387,
        "dvar": 1.8083054556e-06,
        "dvar2": 3.23650351675e-06,
        "max": 0.0122403148562,
        "mean": 0.00642610527575,
        "median": 0.00629008142278,
        "min": 0.00129326456226,
        "var": 5.65583468415e-06
    },
    "spectral_rolloff": {
        "dmean": 1059.49462891,
        "dmean2": 1716.28466797,
        "dvar": 3773712.75,
        "dvar2": 7966241,
        "max": 11757.1289062,
        "mean": 1698.74279785,
        "median": 796.728515625,
        "min": 64.599609375,
        "var": 5656681.5
    },
    "spectral_skewness": {
        "dmean": 0.337535768747,
        "dmean2": 0.481449991465,
        "dvar": 0.139270797372,
        "dvar2": 0.293600052595,
        "max": 4.78630256653,
        "mean": 1.63905537128,
        "median": 1.51736950874,
        "min": -0.212271973491,
        "var": 0.491680949926
    },
    "spectral_spread": {
        "dmean": 1074321.25,
        "dmean2": 1441646.875,
        "dvar": 2.30229436006e+12,
        "dvar2": 3.74660844749e+12,
        "max": 21093498,
        "mean": 5672034.5,
        "median": 5148624.5,
        "min": 1147743,
        "var": 8.87177714074e+12
    },
    "spectral_strongpeak": {
        "dmean": 0.349969506264,
        "dmean2": 0.57993888855,
        "dvar": 0.528201758862,
        "dvar2": 1.20398163795,
        "max": 7.49208545685,
        "mean": 0.684596180916,
        "median": 0.380694031715,
        "min": 0.0436455346644,
        "var": 0.908919513226
    },
    "zerocrossingrate": {
        "dmean": 0.0221234485507,
        "dmean2": 0.0233418103307,
        "dvar": 0.000608028436545,
        "dvar2": 0.000711917004082,
        "max": 0.3662109375,
        "mean": 0.0636714249849,
        "median": 0.046875,
        "min": 0.001953125,
        "var": 0.00299255526625
    },
    "barkbands": {
        "dmean": [0.000560588028748, 0.0103642642498, 0.00475279148668, 0.00312683754601, 0.00334206409752, 0.00122458068654, 0.00091087364126, 0.000990830012597, 0.000734508095775, 0.000610182411037, 0.000497625034768, 0.000385109480703, 0.000521412584931, 0.000491591461468, 0.000313039548928, 0.000203739866265, 0.000210135782254, 0.000246957672061, 0.000215686945012, 0.000208339362871, 0.000280768086668, 0.000340870319633, 0.000272055272944, 0.000317804922815, 0.000485565222334, 0.000252338446444, 4.82623875087e-07],
        "dmean2": [0.00083346455358, 0.0113287242129, 0.00788913294673, 0.00552068743855, 0.00595565279946, 0.00190087070223, 0.0014218512224, 0.00154294993263, 0.00108152930625, 0.000892449752428, 0.000739162438549, 0.00062048539985, 0.000807202304713, 0.000720090582035, 0.000478540488984, 0.00030855985824, 0.000317980448017, 0.000351098016836, 0.000337871693773, 0.000308774004225, 0.000446012680186, 0.000523643451743, 0.000402105273679, 0.000487484881887, 0.000748643535189, 0.000391716748709, 8.57463589909e-07],
        "dvar": [4.91878495268e-07, 0.000231782309129, 0.000152413922478, 6.62910315441e-05, 5.48132884433e-05, 4.21101685788e-06, 3.69825897906e-06, 5.49640935787e-06, 3.91072535422e-06, 1.24395705825e-06, 6.60594423607e-07, 6.99814620475e-07, 2.59629041466e-06, 1.08090443973e-06, 5.02686077652e-07, 1.43256755791e-07, 1.77087542852e-07, 1.83025349543e-07, 1.33755165166e-07, 1.52434608935e-07, 2.67313623681e-07, 3.79127442329e-07, 2.31154871244e-07, 2.85247608645e-07, 9.03452985312e-07, 2.79223996813e-07, 2.29633304559e-12],
        "dvar2": [9.83599420579e-07, 0.00025172487949, 0.00036455845111, 0.000180521456059, 0.000155371832079, 9.31296926865e-06, 8.56921633385e-06, 1.14869862955e-05, 8.64114917931e-06, 2.46705508289e-06, 1.26201143757e-06, 1.43436341205e-06, 6.97451878295e-06, 2.06761092159e-06, 1.01029161215e-06, 3.14623775921e-07, 3.59411274076e-07, 3.71791600173e-07, 2.96666598842e-07, 3.23952292547e-07, 6.77870445998e-07, 8.45784427383e-07, 5.20289404449e-07, 6.49805031117e-07, 2.17195406549e-06, 6.416325391e-07, 6.30593060408e-12],
        "max": [0.00562474550679, 0.137415528297, 0.0784263759851, 0.0603533312678, 0.054659307003, 0.0300470981747, 0.0292384549975, 0.0350458212197, 0.0326682068408, 0.0178107656538, 0.0130096031353, 0.0134018557146, 0.0272762384266, 0.0158079192042, 0.00833895616233, 0.00416359864175, 0.00539413094521, 0.00576805276796, 0.00495948130265, 0.00696612382308, 0.00422575837001, 0.00487167667598, 0.00376509735361, 0.00454810727388, 0.00791050773114, 0.00430804397911, 1.80495808308e-05],
        "mean": [0.00103181158192, 0.0231326278299, 0.00395558495075, 0.00267399963923, 0.00353183131665, 0.002095941687, 0.00132523174398, 0.0015504534822, 0.00107732380275, 0.000971047091298, 0.000772213272285, 0.000528100295924, 0.000668822554871, 0.000749692495447, 0.000419862364652, 0.000304579094518, 0.000335949473083, 0.000359729718184, 0.000265061622486, 0.000292120879749, 0.000285484362394, 0.000352584465872, 0.000306709291181, 0.000376072974177, 0.000509066041559, 0.000252163823461, 3.23030292293e-07],
        "median": [0.000498248788062, 0.0124880038202, 0.000211196849705, 0.000351349124685, 0.00130653684027, 0.000896894431207, 0.00048101178254, 0.00059387285728, 0.000344651925843, 0.000483304378577, 0.000341759296134, 0.00015940151934, 0.000203419200261, 0.000226119489525, 0.00012091051758, 9.9716889963e-05, 7.87701428635e-05, 0.000110321016109, 9.81904449873e-05, 9.81874254649e-05, 7.05159909558e-05, 4.07812149206e-05, 5.21617366758e-05, 9.33699921006e-05, 5.98697042733e-05, 2.25809872063e-05, 2.49797627028e-09],
        "min": [1.30237481244e-07, 5.60278863304e-08, 1.95298525796e-07, 1.88953345059e-06, 7.41800886317e-06, 1.13000587589e-05, 1.67633788806e-06, 5.79860261496e-06, 1.59465048455e-06, 3.82112057196e-06, 7.24168671695e-07, 3.80886433504e-07, 1.10612631943e-06, 1.55016834924e-06, 5.48724642613e-07, 5.36621769243e-07, 6.13745896771e-07, 3.41147909921e-07, 6.12501708019e-07, 3.49239513753e-07, 9.42305575791e-08, 4.57518360975e-08, 1.92948075295e-08, 2.06351580267e-09, 3.20833151712e-11, 3.9151026171e-12, 6.09419676181e-12],
        "var": [1.2191113683e-06, 0.000813040009234, 0.000131005319417, 4.61062627437e-05, 3.79732628062e-05, 9.31722661335e-06, 6.1418468249e-06, 8.14139002614e-06, 7.25282916392e-06, 2.34311642089e-06, 1.32943716835e-06, 1.29190368625e-06, 3.31552359967e-06, 2.70603231911e-06, 7.25763186438e-07, 2.64217476342e-07, 5.26388816979e-07, 3.369121373e-07, 1.76029132604e-07, 2.52353572705e-07, 2.61978158278e-07, 4.40175199401e-07, 3.04565162423e-07, 4.05179747531e-07, 1.08342271687e-06, 2.9827782555e-07, 1.48211597075e-12]
    },
    "erbbands": {
        "dmean": [0.370086282492, 2.39864182472, 5.37614059448, 6.9909620285, 13.2115755081, 9.31527042389, 10.5440282822, 9.49681186676, 12.4260501862, 16.5813770294, 18.2692871094, 18.7896385193, 15.7044448853, 16.7173957825, 20.4104728699, 16.3942527771, 24.1633033752, 24.0563316345, 17.9037265778, 14.3848896027, 10.0130472183, 9.98472309113, 13.3909368515, 11.1501016617, 10.56483078, 10.0046615601, 9.74855136871, 12.0323572159, 13.2172079086, 9.90443325043, 7.8638215065, 6.35552310944, 5.79915094376, 4.81056976318, 3.71048593521, 1.79184043407, 0.330817133188, 0.02088274993, 0.000511113263201, 5.31888472324e-05],
        "dmean2": [0.417794495821, 2.60167884827, 8.07734298706, 11.3093070984, 24.0772895813, 16.0519638062, 16.2704353333, 14.7162675858, 19.8105983734, 23.6239261627, 29.1488761902, 27.2118415833, 22.7003822327, 25.1263961792, 30.5031490326, 25.0604801178, 37.0288581848, 36.0514297485, 27.2114601135, 22.1257858276, 14.7674741745, 14.6428670883, 18.7914447784, 16.2210426331, 16.4070491791, 14.7476835251, 15.0644168854, 19.2743473053, 20.4718704224, 15.4544773102, 11.694486618, 9.84217166901, 8.87620639801, 7.35210180283, 5.81670475006, 2.8341960907, 0.512223124504, 0.0319628156722, 0.00079074659152, 7.71497871028e-05],
        "dvar": [0.24439111352, 14.9983053207, 165.007522583, 279.769073486, 1262.84960938, 306.237854004, 260.517486572, 300.654571533, 589.792175293, 1501.60546875, 1645.40112305, 2915.38525391, 959.47088623, 1141.3770752, 1056.63476562, 1283.82580566, 6239.26416016, 2198.46313477, 1719.80615234, 893.487060547, 317.764282227, 356.528381348, 528.442932129, 338.241760254, 312.997894287, 339.240539551, 308.366027832, 502.617797852, 684.517028809, 308.343933105, 190.520599365, 119.280921936, 96.1505966187, 73.5885620117, 67.5098266602, 16.8653888702, 0.397799879313, 0.00134644471109, 8.80503705503e-07, 6.8679604226e-09],
        "dvar2": [0.218974471092, 20.0576457977, 362.090026855, 687.752746582, 3579.81176758, 851.973571777, 593.067321777, 640.311096191, 1426.97143555, 2611.19799805, 4098.80419922, 6127.25097656, 1856.89892578, 2482.97216797, 2105.20654297, 2382.3828125, 16794.4023438, 4555.05908203, 3681.35791016, 1856.85168457, 700.309387207, 693.475402832, 995.48449707, 725.306945801, 727.85748291, 710.876037598, 755.654296875, 1232.47155762, 1592.27111816, 718.819885254, 414.941467285, 264.262878418, 227.565887451, 174.127960205, 162.627319336, 40.2538566589, 0.890761554241, 0.00291283684783, 1.96318842427e-06, 1.59871778038e-08],
        "max": [3.79913115501, 34.4473075867, 96.4430389404, 133.467941284, 224.965881348, 158.234603882, 189.847122192, 277.715301514, 361.515472412, 599.049987793, 611.950012207, 1029.66247559, 469.822723389, 621.590881348, 488.902130127, 639.001953125, 1426.23486328, 569.378662109, 550.601318359, 263.547576904, 187.172073364, 249.315612793, 321.075531006, 217.860671997, 161.271789551, 327.788635254, 225.022720337, 186.632873535, 250.468460083, 128.894744873, 108.746009827, 88.1423721313, 92.9226989746, 79.73046875, 73.6009674072, 32.3138656616, 4.72414064407, 0.254519104958, 0.00719930697232, 0.000650537665933],
        "mean": [0.844638288021, 4.45589733124, 5.34827232361, 6.64192247391, 10.579656601, 11.002371788, 17.5892372131, 15.4821863174, 18.9878997803, 27.8978176117, 27.6571178436, 29.0538444519, 26.0894699097, 27.4991779327, 32.7504882812, 25.9680786133, 32.0672798157, 36.5881347656, 28.6069965363, 20.0623111725, 15.6016302109, 15.9105443954, 20.7234477997, 16.120059967, 12.2171592712, 14.232998848, 11.8544797897, 11.7009859085, 13.0989112854, 10.4663066864, 8.92995929718, 7.39926528931, 6.68450450897, 5.45543289185, 3.67395544052, 1.71352934837, 0.340106070042, 0.0213104225695, 0.000537043262739, 9.3698996352e-05],
        "median": [0.66821205616, 1.68268823624, 0.741103589535, 0.920093357563, 1.69717490673, 4.66374111176, 7.95202922821, 6.63169670105, 6.59680700302, 8.82537078857, 13.3364028931, 10.503777504, 12.4054851532, 13.7055768967, 16.5199394226, 10.0977230072, 10.0652914047, 11.5424623489, 9.80981636047, 6.70519065857, 5.20055150986, 4.4812297821, 6.20753288269, 6.13938379288, 4.04184818268, 4.97480916977, 3.56255149841, 2.09478449821, 1.44757020473, 1.49974763393, 1.53184700012, 1.66384255886, 1.49243998528, 0.855416476727, 0.28257343173, 0.129791140556, 0.0320338457823, 0.00204612757079, 7.60248221923e-05, 6.61367594148e-05],
        "min": [1.39382354973e-05, 5.69949006604e-05, 0.000433835492004, 0.00756443012506, 0.022563079372, 0.0177699141204, 0.022612972185, 0.111075133085, 0.0777772217989, 0.133058652282, 0.221063539386, 0.11375720799, 0.0952350273728, 0.11612007767, 0.0721230655909, 0.0304497070611, 0.0564753338695, 0.108708769083, 0.0755950286984, 0.0409957692027, 0.0604312233627, 0.0314863473177, 0.0376262106001, 0.036588575691, 0.0295430440456, 0.016463810578, 0.00687276013196, 0.00254694372416, 0.00134610559326, 0.00137440778781, 0.00054533383809, 0.000264935370069, 2.55838367593e-05, 3.48060166289e-05, 5.97814596404e-06, 1.65681308317e-06, 8.33918306853e-07, 1.58727473831e-07, 8.58508542478e-07, 1.91915455616e-06],
        "var": [0.856087803841, 42.713508606, 178.801498413, 245.931625366, 770.466918945, 266.311859131, 574.310241699, 589.905761719, 1020.77648926, 3106.58081055, 1843.65136719, 5882.65869141, 2019.60327148, 1980.35192871, 2062.58984375, 2824.7746582, 7802.54052734, 4506.47314453, 3142.69873047, 1259.05712891, 565.73046875, 985.362609863, 1173.84387207, 548.972106934, 388.08380127, 590.402893066, 378.297851562, 494.745452881, 720.084899902, 367.384185791, 248.693161011, 160.432235718, 130.935531616, 99.9976043701, 74.5677108765, 16.4881534576, 0.462582945824, 0.00162312877364, 9.90611056295e-07, 8.236024307e-09]
    },
    "gfcc": {
        "mean": [15.2292842865, 89.7281112671, -100.016090393, 29.6600799561, -55.9813117981, 26.5046215057, -33.8504180908, 17.8361663818, -20.4741230011, 10.3943443298, -7.45197248459, 3.87260580063, -4.08189821243],
        "cov": [[4799.13183594, -2712.37744141, 331.414428711, 393.601593018, -611.132995605, 206.540466309, -598.98815918, 248.247070312, -586.848266602, 211.871246338, -505.147491455, 220.32232666, -410.680786133], [-2712.37744141, 2868.38452148, -561.034179688, -341.233459473, 602.135620117, -211.52645874, 616.234558105, -421.461883545, 445.467285156, -251.707885742, 314.756072998, -267.602996826, 241.965774536], [331.414428711, -561.034179688, 1127.88537598, 100.551124573, -53.3225364685, 179.459716797, -143.147827148, 171.5209198, -56.3748474121, 133.580703735, -121.188346863, 164.69178772, -87.331413269], [393.601593018, -341.233459473, 100.551124573, 492.037384033, 32.5478134155, 38.1230964661, 32.5841026306, 15.7816705704, 61.4188690186, -41.0302505493, -25.8322753906, 11.9043207169, -22.7715892792], [-611.132995605, 602.135620117, -53.3225364685, 32.5478134155, 541.940063477, 111.014038086, 249.299224854, 31.2455654144, 174.336380005, -5.80496263504, 110.194396973, -58.4175224304, 90.4666061401], [206.540466309, -211.52645874, 179.459716797, 38.1230964661, 111.014038086, 311.019805908, 55.8902931213, 88.510383606, -4.69204568863, 53.488986969, 37.8903007507, 15.2466135025, 13.5971918106], [-598.98815918, 616.234558105, -143.147827148, 32.5841026306, 249.299224854, 55.8902931213, 376.361633301, -60.0931816101, 166.937835693, -26.5415725708, 128.152542114, -36.4682044983, 81.7443389893], [248.247070312, -421.461883545, 171.5209198, 15.7816705704, 31.2455654144, 88.510383606, -60.0931816101, 306.37399292, 1.59863674641, 108.812484741, 35.4113426208, 29.8488197327, 44.3051185608], [-586.848266602, 445.467285156, -56.3748474121, 61.4188690186, 174.336380005, -4.69204568863, 166.937835693, 1.59863674641, 262.745300293, -21.8559551239, 70.8829727173, -14.1549787521, 70.9968261719], [211.871246338, -251.707885742, 133.580703735, -41.0302505493, -5.80496263504, 53.488986969, -26.5415725708, 108.812484741, -21.8559551239, 174.553756714, 21.7960414886, 34.274559021, 5.79659795761], [-505.147491455, 314.756072998, -121.188346863, -25.8322753906, 110.194396973, 37.8903007507, 128.152542114, 35.4113426208, 70.8829727173, 21.7960414886, 201.673492432, -51.4815750122, 104.890007019], [220.32232666, -267.602996826, 164.69178772, 11.9043207169, -58.4175224304, 15.2466135025, -36.4682044983, 29.8488197327, -14.1549787521, 34.274559021, -51.4815750122, 179.863891602, -12.2229309082], [-410.680786133, 241.965774536, -87.331413269, -22.7715892792, 90.4666061401, 13.5971918106, 81.7443389893, 44.3051185608, 70.9968261719, 5.79659795761, 104.890007019, -12.2229309082, 142.409423828]],
        "icov": [[0.000692840956617, 0.000128747764393, 0.000400439166697, -0.000568255200051, 0.000184590448043, -0.00049746298464, -1.43696297528e-05, -0.000438415096141, 0.000853900215589, -0.000668263877742, 0.00107161724009, -0.000258668180322, 0.000798852241132], [0.000128747764393, 0.0025132142473, -0.000642851926386, 0.00194506219123, -0.00136812590063, 0.00156496511772, -0.00143622711767, 0.00259456667118, -0.00180311826989, 0.00165958714206, -0.00117740198039, 0.00185313390102, -0.00138755573425], [0.000400439166697, -0.000642851926386, 0.00180141325109, -0.00110742973629, 0.000449202663731, -0.00140509742778, 0.000710777007043, -0.00137817172799, 0.000870531308465, -0.00146208319347, 0.00145701668225, -0.00152150914073, 0.00146601826418], [-0.000568255200051, 0.00194506219123, -0.00110742973629, 0.00446035386994, -0.00121520960238, 0.0015085573541, -0.00137339229695, 0.00216579018161, -0.00297579821199, 0.00288146943785, -0.00181393499952, 0.00175656052306, -0.00131392537151], [0.000184590448043, -0.00136812590063, 0.000449202663731, -0.00121520960238, 0.00403224583715, -0.0018842756981, -0.000692244560923, -0.0020554352086, 0.000256615661783, -0.00103771814611, 0.00136501831003, -0.000281277723843, 0.00047803594498], [-0.00049746298464, 0.00156496511772, -0.00140509742778, 0.0015085573541, -0.0018842756981, 0.00591489067301, -0.00180949515197, 0.00124215183314, -0.000759940186981, 0.0013418328017, -0.00237693940289, 0.00135808100458, -0.00123805541079], [-1.43696297528e-05, -0.00143622711767, 0.000710777007043, -0.00137339229695, -0.000692244560923, -0.00180949515197, 0.00663151917979, 0.000236803636653, -0.000914399279281, -0.00115880486555, -0.00146942317951, -0.00166337040719, 0.000789952930063], [-0.000438415096141, 0.00259456667118, -0.00137817172799, 0.00216579018161, -0.0020554352086, 0.00124215183314, 0.000236803636653, 0.00853449106216, -0.00307522015646, -0.000227479860769, -0.00269392644987, 0.00212858244777, -0.00406624609604], [0.000853900215589, -0.00180311826989, 0.000870531308465, -0.00297579821199, 0.000256615661783, -0.000759940186981, -0.000914399279281, -0.00307522015646, 0.00899593625218, -0.00176650867797, 0.00239225709811, -0.00208456697874, 0.000621452461928], [-0.000668263877742, 0.00165958714206, -0.00146208319347, 0.00288146943785, -0.00103771814611, 0.0013418328017, -0.00115880486555, -0.000227479860769, -0.00176650867797, 0.0103988396004, -0.00367474160157, 0.000567601935472, -0.000703033350874], [0.00107161724009, -0.00117740198039, 0.00145701668225, -0.00181393499952, 0.00136501831003, -0.00237693940289, -0.00146942317951, -0.00269392644987, 0.00239225709811, -0.00367474160157, 0.0129805095494, 0.000861522275954, -0.00379408476874], [-0.000258668180322, 0.00185313390102, -0.00152150914073, 0.00175656052306, -0.000281277723843, 0.00135808100458, -0.00166337040719, 0.00212858244777, -0.00208456697874, 0.000567601935472, 0.000861522275954, 0.00877939816564, -0.00307005201466], [0.000798852241132, -0.00138755573425, 0.00146601826418, -0.00131392537151, 0.00047803594498, -0.00123805541079, 0.000789952930063, -0.00406624609604, 0.000621452461928, -0.000703033350874, -0.00379408476874, -0.00307005201466, 0.0152481710538]]
    },
    "melbands": {
        "dmean": [0.00301277078688, 0.00267290254124, 0.00137264397927, 0.000855874270201, 0.000348156434484, 0.000219463909161, 0.00018819757679, 0.00019185882411, 0.00015046565386, 0.000111954221211, 7.96703097876e-05, 7.04898047843e-05, 7.1928712714e-05, 4.90048914799e-05, 4.9004185712e-05, 4.62505413452e-05, 5.00962923979e-05, 3.2004332752e-05, 2.29946072068e-05, 1.78821683221e-05, 1.18841444419e-05, 1.03645470517e-05, 1.17526524264e-05, 1.46679640238e-05, 8.68605093274e-06, 8.28977499623e-06, 6.88259297021e-06, 7.07233266439e-06, 6.06090316069e-06, 7.09051982994e-06, 7.02364286553e-06, 7.83578525443e-06, 6.14940063315e-06, 5.39180109627e-06, 4.79782647744e-06, 4.04950696975e-06, 3.82647885999e-06, 3.84968325307e-06, 4.47064303444e-06, 4.06108756579e-06],
        "dmean2": [0.00326602207497, 0.00320695852861, 0.00223077763803, 0.00154153059702, 0.000542309717275, 0.000338469952112, 0.000298564351397, 0.000277280225419, 0.000239625995164, 0.000161904958077, 0.000115733702842, 0.000106303559733, 0.000106489824248, 7.57695233915e-05, 7.50052640797e-05, 7.3096511187e-05, 7.46031946619e-05, 4.96078573633e-05, 3.5794073483e-05, 2.73877594736e-05, 1.77078090928e-05, 1.56570549734e-05, 1.67353555298e-05, 2.14427309402e-05, 1.28268393382e-05, 1.33198518597e-05, 1.04105174614e-05, 1.05574017653e-05, 9.3043609013e-06, 1.14622835099e-05, 1.11995532279e-05, 1.22057435874e-05, 9.51375295699e-06, 8.5827696239e-06, 7.18627597962e-06, 6.33687250229e-06, 5.94282255406e-06, 5.92402466282e-06, 6.94406162438e-06, 6.24880431133e-06],
        "dvar": [1.66939789779e-05, 2.57484116446e-05, 1.03811626104e-05, 4.24208519689e-06, 2.66246701131e-07, 1.46102024701e-07, 1.40648438673e-07, 2.14045016378e-07, 1.09576902219e-07, 1.14570582355e-07, 2.46706743923e-08, 2.2415342471e-08, 1.46557086467e-08, 9.30494525875e-09, 1.74049077373e-08, 2.00083949409e-08, 1.04041362192e-08, 7.19991710696e-09, 3.25460103312e-09, 1.24199850404e-09, 5.37920596955e-10, 4.12970574404e-10, 4.55997017923e-10, 7.64252217067e-10, 2.2543573952e-10, 2.09117431704e-10, 1.84109616441e-10, 1.53321355612e-10, 1.05902807357e-10, 2.0658008637e-10, 1.68818778401e-10, 2.75368144953e-10, 1.09035204476e-10, 1.07488275225e-10, 6.87454329573e-11, 5.71950611872e-11, 4.41947901886e-11, 4.23461890553e-11, 6.21270951351e-11, 5.68241217969e-11],
        "dvar2": [1.47193704834e-05, 4.74893859064e-05, 2.53354719462e-05, 1.20542508739e-05, 6.29334692803e-07, 3.15461875289e-07, 3.40435008184e-07, 3.80973830261e-07, 2.76990220982e-07, 2.49225934112e-07, 4.82099551391e-08, 4.80485198295e-08, 2.80049796686e-08, 1.96506277916e-08, 4.27824886629e-08, 5.70425271462e-08, 2.16860573943e-08, 1.57495083641e-08, 6.46130615678e-09, 2.66179012165e-09, 1.24224341924e-09, 8.4309464965e-10, 9.08913222464e-10, 1.61854007974e-09, 5.02373309619e-10, 5.00657071356e-10, 4.02027994229e-10, 3.23161331028e-10, 2.57679905191e-10, 5.3669751976e-10, 4.06018801913e-10, 6.51305676058e-10, 2.39327335727e-10, 2.69695349386e-10, 1.5439523271e-10, 1.29081426103e-10, 1.0111674692e-10, 9.91301554731e-11, 1.54673412966e-10, 1.32004032705e-10],
        "max": [0.0334843732417, 0.0442931801081, 0.0239874050021, 0.0149749098346, 0.00608156016096, 0.0056222951971, 0.00553428241983, 0.00776899419725, 0.0050713182427, 0.00602668849751, 0.00234279944561, 0.00279775750823, 0.00203196611255, 0.00175320182461, 0.00222927308641, 0.00231556128711, 0.00128038437106, 0.00129121378995, 0.000750680745114, 0.000425052799983, 0.000275158730801, 0.000264299713308, 0.000304040469928, 0.000427970342571, 0.000197265631869, 0.000147307728184, 0.000244359951466, 0.000188213161891, 0.000117001385661, 0.000114430054964, 9.72389098024e-05, 0.000174080108991, 8.22226138553e-05, 8.89665971044e-05, 7.26085781935e-05, 6.40967409709e-05, 6.8328139605e-05, 6.27180852462e-05, 6.02396467002e-05, 7.60866314522e-05],
        "mean": [0.00697217555717, 0.0038581204135, 0.00131901330315, 0.000778991670813, 0.000591890828218, 0.000363257713616, 0.000280754989944, 0.000323075451888, 0.00022040377371, 0.00016933826555, 0.000126036655274, 0.000109277832962, 0.00011190011719, 6.89537264407e-05, 7.11895700078e-05, 5.80495143367e-05, 7.32996486477e-05, 4.95297608722e-05, 2.99179191643e-05, 2.58551481238e-05, 1.73530424945e-05, 1.58906204888e-05, 1.72233030753e-05, 2.10652142414e-05, 1.1955962691e-05, 8.99577935343e-06, 8.23583286547e-06, 1.0052424841e-05, 7.63290609029e-06, 6.8081385507e-06, 6.7267446866e-06, 7.56698636906e-06, 6.4659416239e-06, 5.48142816115e-06, 5.20390813108e-06, 4.68511643703e-06, 4.35496895079e-06, 4.46639842266e-06, 4.7876028475e-06, 4.57807800558e-06],
        "median": [0.00472707021981, 0.00122087949421, 0.000177325782715, 0.000214217288885, 0.000313560914947, 0.000152705353685, 8.88283393579e-05, 0.000101856778201, 0.000110027271148, 5.92467440583e-05, 5.90023155382e-05, 4.90303609695e-05, 5.11118341819e-05, 2.69275096798e-05, 2.38094107772e-05, 1.79316994036e-05, 2.18040659092e-05, 1.68634142028e-05, 7.61720957598e-06, 8.00693214842e-06, 5.36369361726e-06, 3.96833638661e-06, 4.96637221659e-06, 5.51801667825e-06, 4.63102105641e-06, 2.62861931333e-06, 2.72961528935e-06, 3.10984000862e-06, 2.33293508245e-06, 1.40771464885e-06, 9.44729890762e-07, 7.53432971123e-07, 7.88904742421e-07, 8.13098779417e-07, 7.84546671184e-07, 9.69788857219e-07, 9.40835946039e-07, 1.01155535503e-06, 8.87093108304e-07, 5.77546416025e-07],
        "min": [1.86982106243e-07, 1.4218649369e-07, 9.21616845062e-07, 1.4925171854e-06, 8.31272586765e-07, 2.42700480158e-06, 4.3610936018e-07, 8.58045268615e-07, 1.63906281614e-06, 3.23381925682e-07, 3.91301000491e-07, 3.08623356204e-07, 1.89451768051e-07, 7.26534281625e-08, 1.19980299473e-07, 8.11113025634e-08, 1.56840229693e-07, 9.97483553533e-08, 4.71561527604e-08, 6.63237855747e-08, 4.71664876045e-08, 3.04501206472e-08, 2.51783180971e-08, 1.35640743082e-08, 2.63515467225e-08, 1.63394204833e-08, 1.41261757847e-08, 9.72204272642e-09, 5.62613511335e-09, 1.58651081161e-09, 1.04406794321e-09, 7.25815185731e-10, 6.90470347564e-10, 4.71525977985e-11, 2.79505973921e-10, 2.42370401526e-10, 2.33630562813e-11, 4.4782099036e-12, 7.98856206879e-13, 2.78124745456e-13],
