{
"highlevel": {
    "danceability": {
        "all": {
            "danceable": 0.995587706566,
            "not_danceable": 0.00441230786964
        },
        "probability": 0.995587706566,
        "value": "danceable"
    },
    "gender": {
        "all": {
            "female": 0.998828530312,
            "male": 0.00117146584671
        },
        "probability": 0.998828530312,
        "value": "female"
    },
    "genre_dortmund": {
        "all": {
            "alternative": 0.02093411237,
            "blues": 0.2556656003,
            "electronic": 0.0293887834996,
            "folkcountry": 0.131669670343,
            "funksoulrnb": 0.0206376872957,
            "jazz": 0.0957827568054,
            "pop": 0.307270497084,
            "raphiphop": 0.0729073658586,
            "rock": 0.0657435134053
        },
        "probability": 0.307270497084,
        "value": "pop"
    },
    "genre_electronic": {
        "all": {
            "ambient": 0.18308326602,
            "dnb": 0.174866139889,
            "house": 0.578251540661,
            "techno": 0.0190685503185,
            "trance": 0.0447305291891
        },
        "probability": 0.578251540661,
        "value": "house"
    },
    "genre_rosamerica": {
        "all": {
            "cla": 0.00276852585375,
            "dan": 0.0808088257909,
            "hip": 0.0468603558838,
            "jaz": 0.0045230705291,
            "pop": 0.539700388908,
            "rhy": 0.311522394419,
            "roc": 0.0112303812057,
            "spe": 0.0025860760361
        },
        "probability": 0.539700388908,
        "value": "pop"
    },
    "genre_tzanetakis": {
        "all": {
            "blu": 0.0660622343421,
            "cla": 0.0366779305041,
            "cou": 0.0825211331248,
            "dis": 0.0660345107317,
            "hip": 0.110081255436,
            "jaz": 0.330360710621,
            "met": 0.066074848175,
            "pop": 0.0660562589765,
            "reg": 0.0660489574075,
            "roc": 0.110082156956
        },
        "probability": 0.330360710621,
        "value": "jaz"
    },
    "ismir04_rhythm": {
        "all": {
            "ChaChaCha": 0.0473371297121,
            "Jive": 0.0449802801013,
            "Quickstep": 0.201153859496,
            "Rumba-American": 0.0094900643453,
            "Rumba-International": 0.0938347578049,
            "Rumba-Misc": 0.0102791460231,
            "Samba": 0.57520455122,
            "Tango": 0.00623677112162,
            "VienneseWaltz": 0.00612505525351,
            "Waltz": 0.00535836489871
        },
        "probability": 0.57520455122,
        "value": "Samba"
    },
    "mood_acoustic": {
        "all": {
            "acoustic": 0.0477420166135,
            "not_acoustic": 0.952257990837
        },
        "probability": 0.952257990837,
        "value": "not_acoustic"
    },
    "mood_aggressive": {
        "all": {
            "aggressive": 0.0114585878327,
            "not_aggressive": 0.988541424274
        },
        "probability": 0.988541424274,
        "value": "not_aggressive"
    },
    "mood_electronic": {
        "all": {
            "electronic": 0.346221476793,
            "not_electronic": 0.653778553009
        },
        "probability": 0.653778553009,
        "value": "not_electronic"
    },
    "mood_happy": {
        "all": {
            "happy": 0.717863917351,
            "not_happy": 0.282136052847
        },
        "probability": 0.717863917351,
        "value": "happy"
    },
    "mood_party": {
        "all": {
            "not_party": 0.210099577904,
            "party": 0.789900422096
        },
        "probability": 0.789900422096,
        "value": "party"
    },
    "mood_relaxed": {
        "all": {
            "not_relaxed": 0.682204186916,
            "relaxed": 0.317795783281
        },
        "probability": 0.682204186916,
        "value": "not_relaxed"
    },
    "mood_sad": {
        "all": {
            "not_sad": 0.727780103683,
            "sad": 0.272219866514
        },
        "probability": 0.727780103683,
        "value": "not_sad"
    },
    "moods_mirex": {
        "all": {
            "Cluster1": 0.220680862665,
            "Cluster2": 0.219526335597,
            "Cluster3": 0.262980669737,
            "Cluster4": 0.278047263622,
            "Cluster5": 0.0187648870051
        },
        "probability": 0.278047263622,
        "value": "Cluster4"
    },
    "timbre": {
        "all": {
            "bright": 0.999998450279,
            "dark": 1.54574456701e-06
        },
        "probability": 0.999998450279,
        "value": "bright"
    },
    "tonal_atonal": {
        "all": {
            "atonal": 0.379852443933,
            "tonal": 0.620147526264
        },
        "probability": 0.620147526264,
        "value": "tonal"
    },
    "voice_instrumental": {
        "all": {
            "instrumental": 0.00497325882316,
            "voice": 0.995026767254
        },
        "probability": 0.995026767254,
        "value": "voice"
    }
},
"lowlevel": {
    "average_loudness": 0.983622670174,
    "barkbands_crest": {
        "dmean": 3.78030586243,
        "dmean2": 6.10383605957,
        "dvar": 9.54183387756,
        "dvar2": 25.0515823364,
        "max": 25.9304199219,
        "mean": 12.7259206772,
        "median": 12.283873558,
        "min": 2.37253475189,
        "var": 24.9521274567
    },
    "barkbands_flatness_db": {
        "dmean": 0.0393096096814,
        "dmean2": 0.0587138161063,
        "dvar": 0.00114515132736,
        "dvar2": 0.00255928002298,
        "max": 0.427803963423,
        "mean": 0.176090463996,
        "median": 0.17033199966,
        "min": 0.0452669151127,
        "var": 0.00410603685305
    },
    "barkbands_kurtosis": {
        "dmean": 9.65795707703,
        "dmean2": 14.676779747,
        "dvar": 574.075378418,
        "dvar2": 1131.95776367,
        "max": 427.607055664,
        "mean": 12.0499897003,
        "median": 3.70319795609,
        "min": -1.9266512394,
        "var": 956.035766602
    },
    "barkbands_skewness": {
        "dmean": 1.08919084072,
        "dmean2": 1.65869069099,
        "dvar": 1.41404783726,
        "dvar2": 2.94467020035,
        "max": 16.700466156,
        "mean": 2.46647191048,
        "median": 2.09443068504,
        "min": -4.58501720428,
        "var": 4.33666086197
    },
    "barkbands_spread": {
        "dmean": 12.6257820129,
        "dmean2": 19.513420105,
        "dvar": 221.812469482,
        "dvar2": 539.270446777,
        "max": 130.744155884,
        "mean": 28.0517578125,
        "median": 23.2194576263,
        "min": 0.472831964493,
        "var": 440.325561523
    },
    "dissonance": {
        "dmean": 0.0183361433446,
        "dmean2": 0.0301566533744,
        "dvar": 0.000308121932903,
        "dvar2": 0.000797626795247,
        "max": 0.499624401331,
        "mean": 0.46570032835,
        "median": 0.470940858126,
        "min": 0.340515881777,
        "var": 0.000589234929066
    },
    "dynamic_complexity": 1.81432437897,
    "erbbands_crest": {
        "dmean": 3.16437697411,
        "dmean2": 4.9919962883,
        "dvar": 8.68422603607,
        "dvar2": 21.0674190521,
        "max": 31.8276576996,
        "mean": 9.80937862396,
        "median": 8.71775531769,
        "min": 2.59366941452,
        "var": 21.8703632355
    },
    "erbbands_flatness_db": {
        "dmean": 0.021817157045,
        "dmean2": 0.029877057299,
        "dvar": 0.000369795801817,
        "dvar2": 0.0006790815969,
        "max": 0.267073333263,
        "mean": 0.134211912751,
        "median": 0.132055744529,
        "min": 0.0531527400017,
        "var": 0.00142508524004
    },
    "erbbands_kurtosis": {
        "dmean": 1.11058366299,
        "dmean2": 1.76741588116,
        "dvar": 2.66324305534,
        "dvar2": 6.1885433197,
        "max": 21.8531589508,
        "mean": 0.262712210417,
        "median": -0.336720943451,
        "min": -1.89387130737,
        "var": 4.60133552551
    },
    "erbbands_skewness": {
        "dmean": 0.428360462189,
        "dmean2": 0.645458757877,
        "dvar": 0.183100372553,
        "dvar2": 0.428195178509,
        "max": 4.46364974976,
        "mean": 0.0127719249576,
        "median": 0.032268896699,
        "min": -2.91826272011,
        "var": 0.609623074532
    },
    "erbbands_spread": {
        "dmean": 16.5196018219,
        "dmean2": 24.2561702728,
        "dvar": 333.930084229,
        "dvar2": 696.613098145,
        "max": 204.312515259,
        "mean": 54.5239105225,
        "median": 49.5462188721,
        "min": 5.41021347046,
        "var": 891.88092041
    },
    "hfc": {
        "dmean": 16.6386737823,
        "dmean2": 26.1473960876,
        "dvar": 734.345153809,
        "dvar2": 1881.93603516,
        "max": 253.497070312,
        "mean": 23.824930191,
        "median": 15.2676076889,
        "min": 0.140343248844,
        "var": 710.324951172
    },
    "melbands_crest": {
        "dmean": 5.22640419006,
        "dmean2": 8.74211025238,
        "dvar": 19.9956817627,
        "dvar2": 56.1559181213,
        "max": 38.6925506592,
        "mean": 19.7131481171,
        "median": 19.1785449982,
        "min": 4.833111763,
        "var": 45.265171051
    },
    "melbands_flatness_db": {
        "dmean": 0.0498787239194,
        "dmean2": 0.074500195682,
        "dvar": 0.00197323900647,
        "dvar2": 0.0044735185802,
        "max": 0.555423140526,
        "mean": 0.242256954312,
        "median": 0.239601686597,
        "min": 0.04435781762,
        "var": 0.00708806654438
    },
    "melbands_kurtosis": {
        "dmean": 26.333524704,
        "dmean2": 40.7565994263,
        "dvar": 2363.35498047,
        "dvar2": 4863.00830078,
        "max": 782.499023438,
        "mean": 41.2293663025,
        "median": 18.340555191,
        "min": -1.42360520363,
        "var": 5348.64746094
    },
    "melbands_skewness": {
        "dmean": 1.59459328651,
        "dmean2": 2.43282341957,
        "dvar": 2.90827274323,
        "dvar2": 6.59810686111,
        "max": 21.7738571167,
        "mean": 4.52571392059,
        "median": 3.84296011925,
        "min": -0.80011922121,
        "var": 8.88056755066
    },
    "melbands_spread": {
        "dmean": 12.2682924271,
        "dmean2": 20.6149234772,
        "dvar": 327.236663818,
        "dvar2": 814.94140625,
        "max": 227.296020508,
        "mean": 22.2273197174,
        "median": 15.3743247986,
        "min": 0.293877243996,
        "var": 521.5859375
    },
    "pitch_salience": {
        "dmean": 0.101091876626,
        "dmean2": 0.166820883751,
        "dvar": 0.00891995709389,
        "dvar2": 0.0229559801519,
        "max": 0.804669380188,
        "mean": 0.445254206657,
        "median": 0.444002658129,
        "min": 0.0717335417867,
        "var": 0.01952784881
    },
    "silence_rate_20dB": {
        "dmean": 0,
        "dmean2": 0,
        "dvar": 0,
        "dvar2": 0,
        "max": 1,
        "mean": 1,
        "median": 1,
        "min": 1,
        "var": 0
    },
    "silence_rate_30dB": {
        "dmean": 0,
        "dmean2": 0,
        "dvar": 0,
        "dvar2": 0,
        "max": 1,
        "mean": 1,
        "median": 1,
        "min": 1,
        "var": 0
    },
    "silence_rate_60dB": {
        "dmean": 0.00773993786424,
        "dmean2": 0.0154918665066,
        "dvar": 0.00768006034195,
        "dvar2": 0.0198995117098,
        "max": 1,
        "mean": 0.00618716143072,
        "median": 0,
        "min": 0,
        "var": 0.00614891434088
    },
    "spectral_centroid": {
        "dmean": 411.305480957,
        "dmean2": 632.351257324,
        "dvar": 222737.9375,
        "dvar2": 498081.03125,
        "max": 5903.75732422,
        "mean": 1579.30749512,
        "median": 1461.14111328,
        "min": 166.137420654,
        "var": 643253.625
    },
    "spectral_complexity": {
        "dmean": 5.68498468399,
        "dmean2": 8.83268737793,
        "dvar": 50.0889968872,
        "dvar2": 111.459236145,
        "max": 53,
        "mean": 14.6821346283,
        "median": 13,
        "min": 0,
        "var": 84.0807495117
    },
    "spectral_decrease": {
        "dmean": 3.39735262145e-09,
        "dmean2": 5.34502619942e-09,
        "dvar": 1.2802524149e-17,
        "dvar2": 3.06159562477e-17,
        "max": -1.18600365639e-10,
        "mean": -8.23895174307e-09,
        "median": -7.35342897684e-09,
        "min": -3.39813794881e-08,
        "var": 2.35631380667e-17
    },
    "spectral_energy": {
        "dmean": 0.0134388329461,
        "dmean2": 0.0209034010768,
        "dvar": 0.000192408435396,
        "dvar2": 0.000453427317552,
        "max": 0.129969894886,
        "mean": 0.0332566909492,
        "median": 0.0299588385969,
        "min": 0.000515960738994,
        "var": 0.000357077165972
    },
    "spectral_energyband_high": {
        "dmean": 0.00143250904512,
        "dmean2": 0.00231684697792,
        "dvar": 6.11807490714e-06,
        "dvar2": 1.57573340402e-05,
        "max": 0.0241248290986,
        "mean": 0.00154938758351,
        "median": 0.000573021883611,
        "min": 6.88766704116e-07,
        "var": 5.64138508707e-06
    },
    "spectral_energyband_low": {
        "dmean": 0.0107449721545,
        "dmean2": 0.0175872258842,
        "dvar": 0.000165675970493,
        "dvar2": 0.000434471323388,
        "max": 0.123040646315,
        "mean": 0.0202823895961,
        "median": 0.0149583313614,
        "min": 8.43765803893e-07,
        "var": 0.000296989601338
    },
    "spectral_energyband_middle_high": {
        "dmean": 0.00186497566756,
        "dmean2": 0.00286131864414,
        "dvar": 6.50883839626e-06,
        "dvar2": 1.63225377037e-05,
        "max": 0.0292249489576,
        "mean": 0.0038445063401,
        "median": 0.00268757878803,
        "min": 1.06495690488e-05,
        "var": 1.3532317098e-05
    },
    "spectral_energyband_middle_low": {
        "dmean": 0.00488652475178,
        "dmean2": 0.00739188818261,
        "dvar": 6.56107731629e-05,
        "dvar2": 0.00013369890803,
        "max": 0.0676353573799,
        "mean": 0.00842889025807,
        "median": 0.00479562813416,
        "min": 8.42469853524e-06,
        "var": 9.995738219e-05
    },
    "spectral_entropy": {
        "dmean": 0.277190893888,
        "dmean2": 0.375597685575,
        "dvar": 0.066694073379,
        "dvar2": 0.133199885488,
        "max": 8.96484184265,
        "mean": 7.56637430191,
        "median": 7.54125785828,
        "min": 5.760409832,
        "var": 0.221487894654
    },
    "spectral_flux": {
        "dmean": 0.0361722186208,
        "dmean2": 0.0567270964384,
        "dvar": 0.00112303660717,
        "dvar2": 0.00234013586305,
        "max": 0.308853089809,
        "mean": 0.101921513677,
        "median": 0.0933433920145,
        "min": 0.0100822225213,
        "var": 0.00240338314325
    },
    "spectral_kurtosis": {
        "dmean": 1.36085212231,
        "dmean2": 2.04619431496,
        "dvar": 1.86144530773,
        "dvar2": 4.28738451004,
        "max": 18.989068985,
        "mean": 3.28017854691,
        "median": 3.05031824112,
        "min": -1.35024058819,
        "var": 4.8068113327
    },
    "spectral_rms": {
        "dmean": 0.00114396924619,
        "dmean2": 0.00176125753205,
        "dvar": 1.15449677196e-06,
        "dvar2": 2.50250309364e-06,
        "max": 0.0112605467439,
        "mean": 0.00545491883531,
        "median": 0.0054063051939,
        "min": 0.000709490210284,
        "var": 2.68944882009e-06
    },
    "spectral_rolloff": {
        "dmean": 1271.54321289,
        "dmean2": 2304.55371094,
        "dvar": 5271670.5,
        "dvar2": 13895020,
        "max": 13092.1875,
        "mean": 1498.45031738,
        "median": 667.529296875,
        "min": 43.06640625,
        "var": 5179646
    },
    "spectral_skewness": {
        "dmean": 0.240999892354,
        "dmean2": 0.367595285177,
        "dvar": 0.0516890771687,
        "dvar2": 0.11771030724,
        "max": 3.53910040855,
        "mean": 1.39886009693,
        "median": 1.36643564701,
        "min": 0.0259568337351,
        "var": 0.154254883528
    },
    "spectral_spread": {
        "dmean": 1160870,
        "dmean2": 1485870.75,
        "dvar": 1.90702800077e+12,
        "dvar2": 3.20921901466e+12,
        "max": 17723760,
        "mean": 5950522.5,
        "median": 5273009,
        "min": 2147193,
        "var": 6.10798613299e+12
    },
    "spectral_strongpeak": {
        "dmean": 0.465993344784,
        "dmean2": 0.820264101028,
        "dvar": 0.901617765427,
        "dvar2": 2.52767896652,
        "max": 8.67003917694,
        "mean": 0.548825085163,
        "median": 0.266530245543,
        "min": 0,
        "var": 0.714064538479
    },
    "zerocrossingrate": {
        "dmean": 0.0206038057804,
        "dmean2": 0.0253051482141,
        "dvar": 0.000514360843226,
        "dvar2": 0.000727520266082,
        "max": 0.3291015625,
        "mean": 0.0631340444088,
        "median": 0.05224609375,
        "min": 0.001953125,
        "var": 0.00207266188227
    },
    "barkbands": {
        "dmean": [0.00157610315364, 0.00889413617551, 0.00331584992819, 0.00115467165597, 0.00360397924669, 0.000945629144553, 0.000405753118685, 0.000218682311242, 0.000183083277079, 0.000381971505703, 0.000172662214027, 0.000258457672317, 0.000229870944167, 0.000145523663377, 0.000349268957507, 0.000286761991447, 0.000278206425719, 0.000244065129664, 0.000332484196406, 0.000234660285059, 0.000117320218123, 0.000141079421155, 0.000275691068964, 0.000261242530541, 0.00033853133209, 0.000287109694909, 5.2842374032e-08],
        "dmean2": [0.00258510815911, 0.0145218931139, 0.00567197380587, 0.00191736535635, 0.0053887036629, 0.00163859128952, 0.000664181134198, 0.000343330233591, 0.00028477027081, 0.000552481273189, 0.000249349803198, 0.000391544541344, 0.000353638461092, 0.00022746034665, 0.000551169214305, 0.000474555243272, 0.000460402865428, 0.000421893491875, 0.000546535709873, 0.000369368033716, 0.000184890537639, 0.00023068585142, 0.000446998834377, 0.000414469512179, 0.000555229256861, 0.000479174894281, 9.81922525511e-08],
        "dvar": [4.00207363782e-06, 0.000125068429043, 5.27749361936e-05, 4.58316844743e-06, 5.9593046899e-05, 3.67450866179e-06, 5.26356814134e-07, 4.99136092458e-07, 2.13786890413e-07, 6.07500453498e-07, 1.6119481927e-07, 6.40305472643e-07, 4.66387660936e-07, 8.7360419343e-08, 4.94009611884e-07, 3.93472021187e-07, 3.37114329341e-07, 2.35552050754e-07, 3.96155883209e-07, 1.64640766798e-07, 3.56800953227e-08, 9.04338932628e-08, 2.66871751364e-07, 1.87147648489e-07, 5.47730621747e-07, 4.943610179e-07, 4.32252364869e-14],
        "dvar2": [1.16417540994e-05, 0.000362983904779, 0.000140998454299, 1.22364608615e-05, 0.000130010972498, 1.03199836303e-05, 1.32767308969e-06, 1.07101186586e-06, 4.99353291161e-07, 1.16742421596e-06, 2.92879576591e-07, 1.09754523692e-06, 1.03473746549e-06, 1.86777626254e-07, 1.07627136003e-06, 9.51358799739e-07, 8.58758767208e-07, 6.47445688173e-07, 1.03264119389e-06, 4.09529491208e-07, 8.58251141267e-08, 2.38731786339e-07, 6.90264926106e-07, 4.5224163614e-07, 1.43543638842e-06, 1.27947191686e-06, 1.22550922318e-13],
        "max": [0.0136365965009, 0.10371054709, 0.0502842701972, 0.0174436941743, 0.0583319440484, 0.0160680562258, 0.008703767322, 0.0137025434524, 0.00964659638703, 0.0155955236405, 0.00837092194706, 0.0191446375102, 0.0153387673199, 0.00505498796701, 0.00856372062117, 0.00997653417289, 0.00966092385352, 0.00356585974805, 0.00608353689313, 0.00408107694238, 0.00230586831458, 0.00248906342313, 0.00411201408133, 0.00357775599696, 0.00826466456056, 0.00741724856198, 2.88045225716e-06],
        "mean": [0.00205712625757, 0.0139428898692, 0.00355199794285, 0.00172298925463, 0.00408550072461, 0.00120226538274, 0.000561126857065, 0.000279373605736, 0.000348259141902, 0.000707174360286, 0.000309957744321, 0.000390206667362, 0.00033736039768, 0.000242202280788, 0.000494653941132, 0.000298261205899, 0.000336696277373, 0.000233523416682, 0.000443533877842, 0.000326915906044, 0.000199456248083, 0.000129526350065, 0.000242978683673, 0.00026379848714, 0.00032041745726, 0.000228496064665, 3.19523074666e-08],
        "median": [0.00115989311598, 0.00943177100271, 0.00172682944685, 0.000698863936123, 0.000920363818295, 0.000549703720026, 0.000258295680396, 6.47768174531e-05, 6.80656376062e-05, 0.000201659626327, 4.76748718938e-05, 6.25894463155e-05, 6.91031236784e-05, 5.06270807819e-05, 0.000115644572361, 9.08879155759e-05, 0.000116165196232, 7.16543800081e-05, 0.000212492057472, 0.00014008943981, 9.02504034457e-05, 2.5417888537e-05, 3.71872229152e-05, 5.26442818227e-05, 6.37559351162e-05, 1.46874854181e-05, 7.37854111144e-10],
        "min": [9.01621355354e-09, 2.01662146537e-07, 1.35793911227e-07, 2.02076250844e-07, 1.01882994841e-06, 3.54344649622e-07, 2.70425122295e-08, 2.98051219261e-08, 4.06746458737e-08, 1.96490816506e-07, 3.1497955888e-07, 1.90217448903e-07, 3.83034461038e-07, 7.1283568559e-07, 4.32809883932e-07, 4.88507168939e-07, 6.13325255472e-07, 2.21583150051e-07, 6.24053768661e-07, 2.7573605621e-07, 3.46519257732e-08, 1.58084304758e-07, 1.03232880022e-08, 1.07141726602e-08, 7.93036580848e-10, 4.36308385254e-11, 5.4941914733e-12],
        "var": [5.33268212166e-06, 0.00019777927082, 3.97466174036e-05, 7.35138064556e-06, 7.12334440323e-05, 3.50441882802e-06, 6.9007910497e-07, 6.75376725212e-07, 7.94341985966e-07, 1.738703304e-06, 6.22471475253e-07, 1.64371920164e-06, 8.77149204825e-07, 3.23656166756e-07, 1.03862203105e-06, 4.28373141403e-07, 4.16888582322e-07, 1.87109733929e-07, 4.60684049131e-07, 2.20345370394e-07, 8.67346940936e-08, 7.50441628838e-08, 2.25944901899e-07, 2.23018886913e-07, 4.73049880156e-07, 3.88407755736e-07, 2.4542298532e-14]
    },
    "erbbands": {
        "dmean": [0.394878327847, 1.58168613911, 3.41674351692, 3.55475997925, 4.71718883514, 18.5849666595, 8.04384803772, 8.33225154877, 6.62948608398, 4.64199924469, 4.20259618759, 4.67922973633, 7.87799692154, 12.3030118942, 6.4837641716, 12.3667564392, 10.3462104797, 8.26996994019, 15.5221166611, 13.8372058868, 16.7293205261, 12.5643224716, 12.5319471359, 15.1989088058, 17.8160743713, 10.3655605316, 7.66426563263, 3.03254675865, 4.96710968018, 6.84668254852, 7.59768104553, 6.00512218475, 4.00375175476, 3.4690489769, 2.47661781311, 1.58334493637, 0.495129525661, 0.0357114300132, 0.000694760936312, 5.12107690156e-05],
        "dmean2": [0.64290869236, 2.58461642265, 5.67979288101, 5.99827814102, 7.47011518478, 28.0980319977, 12.4844064713, 14.4974298477, 10.7511072159, 7.31809902191, 6.78567123413, 7.14728069305, 11.5665493011, 17.084197998, 9.51378917694, 18.5021533966, 15.7205381393, 12.8342552185, 24.326335907, 21.8967437744, 27.8830280304, 20.8302898407, 21.305562973, 25.2342033386, 29.1193351746, 16.3842086792, 11.9890956879, 4.86560106277, 8.19076061249, 11.1937179565, 12.16913414, 9.93902015686, 6.24807691574, 5.70846176147, 4.06498336792, 2.67218995094, 0.814749538898, 0.0597448945045, 0.00115070655011, 8.17366235424e-05],
        "dvar": [0.249486580491, 5.07326936722, 55.2160835266, 35.0498504639, 75.7644119263, 1977.91540527, 226.820755005, 323.30255127, 132.04460144, 115.358985901, 170.538970947, 146.761154175, 240.606018066, 852.510925293, 266.329681396, 1702.6439209, 734.399780273, 270.033416748, 1173.89440918, 912.940124512, 1134.34729004, 568.346862793, 583.063293457, 883.420593262, 1087.5489502, 358.307403564, 171.841506958, 29.3991413116, 115.477012634, 167.553665161, 183.280334473, 117.072311401, 43.4773979187, 49.6178894043, 29.873708725, 15.3326978683, 1.49956154823, 0.00823276210576, 2.95432846542e-06, 9.22101506262e-09],
        "dvar2": [0.627449214458, 14.7033758163, 144.08644104, 91.248336792, 164.709503174, 4313.29589844, 520.618835449, 901.620178223, 336.381439209, 233.344741821, 374.057159424, 329.158538818, 538.301452637, 1599.51586914, 447.831481934, 2952.08862305, 1552.35510254, 602.856872559, 2785.79833984, 2209.49853516, 2935.22851562, 1479.64489746, 1603.51843262, 2302.13647461, 2873.91015625, 921.268371582, 410.303344727, 75.8387145996, 302.85357666, 431.647949219, 470.136291504, 292.116271973, 103.968528748, 129.154541016, 77.9242095947, 39.6946907043, 3.86393642426, 0.021721528843, 7.74449745222e-06, 2.36623307615e-08],
        "max": [4.89502382278, 27.3490657806, 64.0145187378, 47.3523254395, 74.1866073608, 316.332214355, 137.305480957, 150.598464966, 111.89566803, 240.110900879, 229.201293945, 280.254852295, 216.978546143, 727.93157959, 416.269104004, 989.636108398, 594.051696777, 244.947509766, 549.142028809, 659.393493652, 430.768127441, 248.104049683, 197.591186523, 400.341888428, 323.635650635, 197.765151978, 140.311248779, 55.8442001343, 85.3345031738, 86.8903961182, 100.598205566, 106.684310913, 60.6340103149, 65.8088150024, 62.8609580994, 44.7892303467, 12.16102314, 0.931191444397, 0.0178357381374, 0.00103392812889],
        "mean": [0.586716294289, 2.3849196434, 4.17880964279, 5.33142566681, 6.6417927742, 19.2032985687, 11.9781322479, 9.76468086243, 9.56074142456, 6.14750671387, 6.21135187149, 9.75442218781, 14.2530145645, 22.0725746155, 12.9202270508, 19.9389915466, 16.5928783417, 14.6200819016, 22.9503498077, 19.8814296722, 18.5827331543, 14.8829393387, 13.5976924896, 17.4034748077, 24.1142673492, 14.6179656982, 13.2208251953, 4.25550985336, 4.60238170624, 6.03436040878, 6.82715749741, 5.48615980148, 4.27091026306, 3.34044504166, 2.31733441353, 1.28842020035, 0.390944600105, 0.0277088694274, 0.000564861344174, 7.08576844772e-05],
        "median": [0.350305140018, 1.58950126171, 2.34189391136, 2.54534673691, 2.49935126305, 2.69495415688, 3.31350398064, 4.49403095245, 4.85464096069, 2.63082742691, 1.68989706039, 2.31324315071, 5.47324371338, 5.55724430084, 3.68740749359, 4.45954656601, 4.75028038025, 4.65132045746, 5.64552164078, 6.79849624634, 7.39398527145, 5.79039049149, 4.85693120956, 6.91826915741, 11.7573204041, 6.71411085129, 5.57834434509, 2.08274173737, 1.00063455105, 0.844226241112, 1.07137799263, 0.933900952339, 0.99984151125, 0.682573020458, 0.446404397488, 0.115742884576, 0.019232371822, 0.000925180967897, 4.56124143966e-05, 4.16847760789e-05],
        "min": [9.73946043814e-06, 7.72923158365e-05, 0.000737358699553, 0.000872660719324, 0.00224488251843, 0.00408375635743, 0.00937125459313, 0.00900364853442, 0.00216681975871, 0.00183532864321, 0.00108001148328, 0.002623047214, 0.00927815865725, 0.00553838629276, 0.0172653198242, 0.0122429393232, 0.0213697105646, 0.0303598698229, 0.0173126999289, 0.0467144399881, 0.035174690187, 0.0314079746604, 0.0135994544253, 0.0287036821246, 0.0332823656499, 0.0205463543534, 0.00432623922825, 0.00153540435713, 0.00487134605646, 0.00302987685427, 0.00161829113495, 0.00169474142604, 0.000932534749154, 8.75905388966e-05, 2.50800894719e-05, 1.25763763208e-05, 7.15188298273e-06, 4.58960698779e-07, 4.9651464451e-07, 7.76632191446e-07],
        "var": [0.457963258028, 6.64285993576, 45.7506790161, 48.9941139221, 111.127441406, 2268.24121094, 405.016540527, 265.611328125, 171.172805786, 173.641937256, 264.95022583, 604.69708252, 539.421142578, 2389.09667969, 1204.83129883, 4143.33789062, 1636.82019043, 874.475952148, 2574.43969727, 1951.54138184, 1180.34643555, 665.801818848, 534.370239258, 897.67767334, 1289.47790527, 427.73526001, 377.539672852, 36.228187561, 94.8341369629, 145.263275146, 163.67364502, 117.980171204, 55.4710502625, 45.5186576843, 25.7814254761, 12.0402927399, 1.19353938103, 0.0062821181491, 2.29129159379e-06, 8.21292456266e-09]
    },
    "gfcc": {
        "mean": [2.03133845329, 76.9488754272, -92.8283462524, 52.6236228943, -44.4673118591, 27.0235137939, -39.1090202332, 21.4482421875, -29.889213562, 10.3677339554, -7.8725528717, 1.78654515743, -1.92540097237],
        "cov": [[3656.31103516, -1328.06835938, -30.4881668091, -183.097824097, -365.448608398, -75.9348678589, -372.59753418, 41.9979515076, -356.351379395, 19.2498340607, -345.640686035, 159.804611206, -230.290084839], [-1328.06835938, 1479.85351562, -365.833251953, 58.8273735046, 187.307632446, -117.754608154, 298.760528564, -90.4355316162, 123.831245422, -79.1276397705, 178.685852051, -240.740325928, 244.071014404], [-30.4881668091, -365.833251953, 966.833862305, 87.4217910767, 65.1966247559, 90.3696060181, -166.736068726, 19.1421070099, 29.0488681793, -62.8367004395, -78.8650588989, 127.999214172, -202.379272461], [-183.097824097, 58.8273735046, 87.4217910767, 393.07598877, 27.5263576508, -115.272880554, -84.6198883057, -41.0557403564, 66.1535415649, -90.1282272339, 14.0664834976, 2.87631964684, 23.6814403534], [-365.448608398, 187.307632446, 65.1966247559, 27.5263576508, 273.58190918, 42.4688186646, 94.5478591919, 25.5747928619, 46.557434082, 18.2504634857, 18.3891277313, -27.3916492462, 11.0084915161], [-75.9348678589, -117.754608154, 90.3696060181, -115.272880554, 42.4688186646, 270.068115234, 104.610198975, 12.1403579712, 4.43200540543, 61.2137374878, 17.2188262939, -11.1139554977, -18.8111839294], [-372.59753418, 298.760528564, -166.736068726, -84.6198883057, 94.5478591919, 104.610198975, 320.034393311, 52.6082572937, 13.6258888245, 87.7123794556, 52.156578064, -92.1953277588, 69.5718688965], [41.9979515076, -90.4355316162, 19.1421070099, -41.0557403564, 25.5747928619, 12.1403579712, 52.6082572937, 183.60484314, 33.9314498901, 50.8893203735, 2.70338487625, 4.97225809097, 20.0612621307], [-356.351379395, 123.831245422, 29.0488681793, 66.1535415649, 46.557434082, 4.43200540543, 13.6258888245, 33.9314498901, 170.864379883, -17.9221096039, 41.8077545166, 10.0169782639, 19.141626358], [19.2498340607, -79.1276397705, -62.8367004395, -90.1282272339, 18.2504634857, 61.2137374878, 87.7123794556, 50.8893203735, -17.9221096039, 183.696487427, 22.5875988007, -26.4889183044, 30.1589736938], [-345.640686035, 178.685852051, -78.8650588989, 14.0664834976, 18.3891277313, 17.2188262939, 52.156578064, 2.70338487625, 41.8077545166, 22.5875988007, 153.002120972, 1.64401710033, 34.4976387024], [159.804611206, -240.740325928, 127.999214172, 2.87631964684, -27.3916492462, -11.1139554977, -92.1953277588, 4.97225809097, 10.0169782639, -26.4889183044, 1.64401710033, 156.201339722, -67.5933151245], [-230.290084839, 244.071014404, -202.379272461, 23.6814403534, 11.0084915161, -18.8111839294, 69.5718688965, 20.0612621307, 19.141626358, 30.1589736938, 34.4976387024, -67.5933151245, 179.921661377]],
        "icov": [[0.000620295933913, 0.000233772792853, 0.000309202325298, -7.95392952568e-06, 0.00029219550197, -2.91666310659e-05, 0.000365589774447, -0.00038767780643, 0.000793059472926, -6.36030381429e-05, 0.0008382620872, -0.00013899357873, 0.000419945223257], [0.000233772792853, 0.00293809385039, -0.000386486091884, 0.00124439725187, -0.000999012147076, 0.00250353710726, -0.00215613283217, 0.00206533074379, -0.00121936271898, 0.00235634436831, -0.002244385425, 0.00282639521174, -0.00213171495125], [0.000309202325298, -0.000386486091884, 0.0020545499865, -0.000849586562254, -0.000224022151087, -0.00149738206528, 0.00137922586873, -0.00115664093755, 0.00055330444593, -0.000357980607077, 0.00146968604531, -0.00107259501237, 0.00211205962114], [-7.95392952568e-06, 0.00124439725187, -0.000849586562254, 0.00437170499936, -0.000918981386349, 0.00258899549954, -0.000574259553105, 0.00178381137084, -0.00184457178693, 0.00201531732455, -0.00168143806513, 0.00176624627784, -0.0020348536782], [0.00029219550197, -0.000999012147076, -0.000224022151087, -0.000918981386349, 0.00514977937564, -0.00104505277704, -0.000487822951982, -0.00108488474507, 7.94705265434e-05, -0.00107377313543, 0.00137874891516, -0.000791424536146, 0.00109326490201], [-2.91666310659e-05, 0.00250353710726, -0.00149738206528, 0.00258899549954, -0.00104505277704, 0.00781604647636, -0.00381568353623, 0.00290496484376, -0.0019576784689, 0.001194084296, -0.00274448236451, 0.00262899859808, -0.00190386024769], [0.000365589774447, -0.00215613283217, 0.00137922586873, -0.000574259553105, -0.000487822951982, -0.00381568353623, 0.00806033145636, -0.00317703280598, 0.00169160321821, -0.00275625381619, 0.00143118714914, -0.000102371493995, 0.00185734382831], [-0.00038767780643, 0.00206533074379, -0.00115664093755, 0.00178381137084, -0.00108488474507, 0.00290496484376, -0.00317703280598, 0.00883491989225, -0.00336300674826, 0.000196992230485, -0.00174831692129, 0.00129153591115, -0.00307502457872], [0.000793059472926, -0.00121936271898, 0.00055330444593, -0.00184457178693, 7.94705265434e-05, -0.0019576784689, 0.00169160321821, -0.00336300674826, 0.00941335130483, -0.000223935086979, 0.000601057952736, -0.0023010445293, 0.00110202317592], [-6.36030381429e-05, 0.00235634436831, -0.000357980607077, 0.00201531732455, -0.00107377313543, 0.001194084296, -0.00275625381619, 0.000196992230485, -0.000223935086979, 0.00949116516858, -0.00310386274941, 0.00272157043219, -0.00266098487191], [0.0008382620872, -0.002244385425, 0.00146968604531, -0.00168143806513, 0.00137874891516, -0.00274448236451, 0.00143118714914, -0.00174831692129, 0.000601057952736, -0.00310386274941, 0.0115776620805, -0.00443731062114, 0.00183164968621], [-0.00013899357873, 0.00282639521174, -0.00107259501237, 0.00176624627784, -0.000791424536146, 0.00262899859808, -0.000102371493995, 0.00129153591115, -0.0023010445293, 0.00272157043219, -0.00443731062114, 0.0123733524233, 5.57446946914e-05], [0.000419945223257, -0.00213171495125, 0.00211205962114, -0.0020348536782, 0.00109326490201, -0.00190386024769, 0.00185734382831, -0.00307502457872, 0.00110202317592, -0.00266098487191, 0.00183164968621, 5.57446946914e-05, 0.0109880249947]]
    },
    "melbands": {
        "dmean": [0.00291694095358, 0.0016379362205, 0.000606913876254, 0.000817397551145, 0.000418727460783, 0.000181948984391, 9.70523324213e-05, 5.01162321598e-05, 3.36720768246e-05, 2.93469747703e-05, 4.02687583119e-05, 5.20067587786e-05, 2.05351261684e-05, 3.0911367503e-05, 2.37913754972e-05, 2.4810389732e-05, 1.50455161929e-05, 2.38775010075e-05, 2.28996614169e-05, 1.88794256246e-05, 2.18369950744e-05, 1.38276400321e-05, 1.3610417227e-05, 1.13858832265e-05, 1.27987714222e-05, 1.45989524754e-05, 9.88582814898e-06, 6.84228371028e-06, 5.78205163038e-06, 3.25413338942e-06, 1.53642201894e-06, 2.86221666101e-06, 2.84387306237e-06, 4.68664438813e-06, 4.93292691317e-06, 3.77913966076e-06, 3.6477872527e-06, 2.65074527306e-06, 2.97767087432e-06, 3.14204044116e-06],
        "dmean2": [0.00480443704873, 0.00258758827113, 0.00100937951356, 0.0012291270541, 0.000618468446191, 0.000315936515108, 0.000157499322086, 7.88286852185e-05, 5.50787990505e-05, 4.50704428658e-05, 5.945623343e-05, 7.27350925445e-05, 3.01226482406e-05, 4.50392071798e-05, 3.67423490388e-05, 3.84068698622e-05, 2.32766760746e-05, 3.75181771233e-05, 3.53123687091e-05, 3.0770610465e-05, 3.67916582036e-05, 2.31898611673e-05, 2.25702970056e-05, 1.97195386136e-05, 2.12981158256e-05, 2.40917415795e-05, 1.61562420544e-05, 1.10979235615e-05, 9.13732401386e-06, 5.24269808011e-06, 2.52707627624e-06, 4.78269657833e-06, 4.60547471448e-06, 7.79061883804e-06, 8.03109742264e-06, 6.06254707236e-06, 6.12962185187e-06, 4.16444800067e-06, 4.74857915833e-06, 5.3333969845e-06],
        "dvar": [1.29718937387e-05, 8.70848634804e-06, 1.00249405932e-06, 3.122542239e-06, 7.36223796594e-07, 1.45998953371e-07, 2.88090635792e-08, 1.68535816414e-08, 1.05101491954e-08, 5.82335424326e-09, 6.23151930057e-09, 1.55657549072e-08, 2.50601228657e-09, 7.62880514316e-09, 4.03139788219e-09, 7.82837439317e-09, 1.00959229865e-09, 2.83653744937e-09, 2.44064612964e-09, 2.09907136117e-09, 2.44529818616e-09, 7.95531640563e-10, 7.2472539081e-10, 5.23042109624e-10, 6.90596690944e-10, 7.37097827219e-10, 2.9530314305e-10, 1.84951484683e-10, 1.05488486002e-10, 3.70584535281e-11, 1.12395951921e-11, 4.37487268634e-11, 3.12525734458e-11, 9.05844912968e-11, 8.77463449123e-11, 4.21421994523e-11, 4.52516323024e-11, 1.86397130369e-11, 3.13365340621e-11, 4.38538823311e-11],
        "dvar2": [3.59925579687e-05, 2.16285188799e-05, 2.48906690103e-06, 6.92578078088e-06, 1.555423637e-06, 4.07342668041e-07, 7.36093497267e-08, 3.36399068601e-08, 2.25557172939e-08, 1.34979343258e-08, 1.39605607075e-08, 2.85771548647e-08, 4.6369881268e-09, 1.32702986377e-08, 8.14159761831e-09, 1.67209766033e-08, 2.16724682645e-09, 6.79505207657e-09, 4.8387969187e-09, 5.04639530163e-09, 6.34962216139e-09, 2.09982609078e-09, 1.89193638533e-09, 1.42579237306e-09, 1.79301806735e-09, 1.91427917962e-09, 7.5374495534e-10, 4.81650386241e-10, 2.48594311802e-10, 9.16236322923e-11, 2.97471734745e-11, 1.16200681022e-10, 8.12477723988e-11, 2.37371872158e-10, 2.27597884983e-10, 1.04636757592e-10, 1.14057131795e-10, 4.47520701052e-11, 7.52396478454e-11, 1.16887929891e-10],
        "max": [0.0333756543696, 0.0320562385023, 0.00780747039244, 0.0139257926494, 0.00690776947886, 0.00322785228491, 0.0017337766476, 0.00308108027093, 0.00178668322042, 0.00189441302791, 0.00106311123818, 0.0030357867945, 0.00128037773538, 0.00213269912638, 0.00126439589076, 0.00210464349948, 0.000526792486198, 0.000898360682186, 0.000825768336654, 0.000877572805621, 0.000700125587173, 0.000415349466493, 0.000334201613441, 0.000152761058416, 0.000396157294745, 0.000279451080132, 0.000150977808516, 0.000151290994836, 0.000107256288175, 9.49682071223e-05, 3.90539717046e-05, 5.37260493729e-05, 4.36051450379e-05, 7.71496415837e-05, 7.52184496378e-05, 5.8390036429e-05, 7.03415207681e-05, 4.62593670818e-05, 4.94011037517e-05, 5.9764184698e-05],
        "mean": [0.00450896704569, 0.00252716732211, 0.000953365350142, 0.000896274519619, 0.000556575716473, 0.000219373469008, 0.00014056119835, 6.38581477688e-05, 5.11067373736e-05, 5.92878022871e-05, 7.03133191564e-05, 9.11888055271e-05, 3.76574207621e-05, 4.95415843034e-05, 3.60106896551e-05, 3.57818280463e-05, 2.59375538008e-05, 3.41649065376e-05, 3.07875379804e-05, 2.32351903833e-05, 2.2738788175e-05, 1.54864737851e-05, 1.57716731337e-05, 1.07248552013e-05, 1.3625965039e-05, 1.89333768503e-05, 1.29201771415e-05, 8.92982825462e-06, 9.37313052418e-06, 5.06925562149e-06, 1.66995937434e-06, 2.54185488302e-06, 2.63031347458e-06, 3.90786590287e-06, 4.28483144788e-06, 3.42051271218e-06, 3.27488737639e-06, 2.84945849671e-06, 2.97661131299e-06, 2.84851807919e-06],
        "median": [0.00308071542531, 0.00166843389161, 0.000465161341708, 0.000186673598364, 0.000125836028019, 0.000102967162093, 7.27254810045e-05, 2.49167896982e-05, 1.14946078611e-05, 1.32861941893e-05, 2.16093139898e-05, 1.82125222636e-05, 7.39605775379e-06, 8.87795977178e-06, 1.02201638583e-05, 6.86850398779e-06, 5.43544319953e-06, 6.90259412295e-06, 7.85212978371e-06, 6.78863580106e-06, 8.07849301054e-06, 5.59152294954e-06, 5.25014274899e-06, 3.43207807418e-06, 4.57795022157e-06, 8.34630009194e-06, 6.31171678833e-06, 3.71216015083e-06, 3.57533303941e-06, 2.05898709282e-06, 5.86003636727e-07, 5.24668223534e-07, 4.65747717726e-07, 4.57784295804e-07, 6.32817659607e-07, 5.40625308076e-07, 5.07087804635e-07, 7.18393209809e-07, 6.42216946289e-07, 5.3460377103e-07],
        "min": [1.08412841371e-07, 1.74633427719e-07, 1.41277638477e-07, 2.57483378618e-07, 2.51259734796e-07, 1.480123899e-07, 2.78704312962e-08, 1.72127005982e-08, 2.03402983345e-09, 1.74711658474e-08, 4.72193306678e-08, 1.37735192141e-08, 4.19814938368e-08, 2.94050863658e-08, 3.49969155877e-08, 3.95444530454e-08, 4.50966730625e-08, 2.38324489032e-08, 3.41368355805e-08, 1.89415345631e-08, 3.75888049575e-08, 2.41118076616e-08, 1.42471474618e-08, 1.05007478268e-08, 2.21769997921e-08, 1.47484771063e-08, 2.91653226014e-08, 9.11891628874e-09, 3.17802628658e-09, 5.58744162049e-10, 7.48426251529e-11, 2.95302671205e-11, 6.421542742e-10, 7.07101044384e-10, 3.64174496115e-10, 3.11948817472e-12, 7.0201375095e-13, 1.91131832583e-11, 8.71745297476e-12, 4.92180244043e-13],
