{
"highlevel": {
    "danceability": {
        "all": {
            "danceable": 0.999610424042,
            "not_danceable": 0.000389586115489
        },
        "probability": 0.999610424042,
        "value": "danceable"
    },
    "gender": {
        "all": {
            "female": 0.935633182526,
            "male": 0.0643667951226
        },
        "probability": 0.935633182526,
        "value": "female"
    },
    "genre_dortmund": {
        "all": {
            "alternative": 0.088518589735,
            "blues": 0.0181606058031,
            "electronic": 0.0555859059095,
            "folkcountry": 0.140375420451,
            "funksoulrnb": 0.0329543463886,
            "jazz": 0.19702771306,
            "pop": 0.229649305344,
            "raphiphop": 0.037872761488,
            "rock": 0.199855342507
        },
        "probability": 0.229649305344,
        "value": "pop"
    },
    "genre_electronic": {
        "all": {
            "ambient": 0.319854676723,
            "dnb": 0.409284174442,
            "house": 0.109254814684,
            "techno": 0.0267797783017,
            "trance": 0.134826555848
        },
        "probability": 0.409284174442,
        "value": "dnb"
    },
    "genre_rosamerica": {
        "all": {
            "cla": 0.00155378459021,
            "dan": 0.0378395989537,
            "hip": 0.00619731470942,
            "jaz": 0.00184787309263,
            "pop": 0.641788780689,
            "rhy": 0.0148942712694,
            "roc": 0.295272916555,
            "spe": 0.000605492969044
        },
        "probability": 0.641788780689,
        "value": "pop"
    },
    "genre_tzanetakis": {
        "all": {
            "blu": 0.0620671063662,
            "cla": 0.034474901855,
            "cou": 0.103433981538,
            "dis": 0.0620971247554,
            "hip": 0.15527240932,
            "jaz": 0.310666948557,
            "met": 0.044346679002,
            "pop": 0.0620793737471,
            "reg": 0.0620816536248,
            "roc": 0.103479810059
        },
        "probability": 0.310666948557,
        "value": "jaz"
    },
    "ismir04_rhythm": {
        "all": {
            "ChaChaCha": 0.172095060349,
            "Jive": 0.217579632998,
            "Quickstep": 0.0565585233271,
            "Rumba-American": 0.0174826476723,
            "Rumba-International": 0.0333014577627,
            "Rumba-Misc": 0.0182313360274,
            "Samba": 0.299343645573,
            "Tango": 0.035214651376,
            "VienneseWaltz": 0.124904051423,
            "Waltz": 0.0252889823169
        },
        "probability": 0.299343645573,
        "value": "Samba"
    },
    "mood_acoustic": {
        "all": {
            "acoustic": 0.0516178719699,
            "not_acoustic": 0.948382139206
        },
        "probability": 0.948382139206,
        "value": "not_acoustic"
    },
    "mood_aggressive": {
        "all": {
            "aggressive": 0.418986022472,
            "not_aggressive": 0.581013977528
        },
        "probability": 0.581013977528,
        "value": "not_aggressive"
    },
    "mood_electronic": {
        "all": {
            "electronic": 0.134563028812,
            "not_electronic": 0.865436971188
        },
        "probability": 0.865436971188,
        "value": "not_electronic"
    },
    "mood_happy": {
        "all": {
            "happy": 0.739344477654,
            "not_happy": 0.260655522346
        },
        "probability": 0.739344477654,
        "value": "happy"
    },
    "mood_party": {
        "all": {
            "not_party": 0.555710554123,
            "party": 0.444289445877
        },
        "probability": 0.555710554123,
        "value": "not_party"
    },
    "mood_relaxed": {
        "all": {
            "not_relaxed": 0.636750519276,
            "relaxed": 0.363249480724
        },
        "probability": 0.636750519276,
        "value": "not_relaxed"
    },
    "mood_sad": {
        "all": {
            "not_sad": 0.650489032269,
            "sad": 0.349510967731
        },
        "probability": 0.650489032269,
        "value": "not_sad"
    },
    "moods_mirex": {
        "all": {
            "Cluster1": 0.174150928855,
            "Cluster2": 0.446229577065,
            "Cluster3": 0.196241512895,
            "Cluster4": 0.152967259288,
            "Cluster5": 0.0304107051343
        },
        "probability": 0.446229577065,
        "value": "Cluster2"
    },
    "timbre": {
        "all": {
            "bright": 0.9824655056,
            "dark": 0.0175345111638
        },
        "probability": 0.9824655056,
        "value": "bright"
    },
    "tonal_atonal": {
        "all": {
            "atonal": 0.00427170749754,
            "tonal": 0.995728313923
        },
        "probability": 0.995728313923,
        "value": "tonal"
    },
    "voice_instrumental": {
        "all": {
            "instrumental": 0.0207879766822,
            "voice": 0.97921204567
        },
        "probability": 0.97921204567,
        "value": "voice"
    }
},
"lowlevel": {
    "average_loudness": 0.945814371109,
    "barkbands_crest": {
        "dmean": 2.98128557205,
        "dmean2": 4.48312139511,
        "dvar": 8.60604286194,
        "dvar2": 18.4678974152,
        "max": 25.9223442078,
        "mean": 11.5801029205,
        "median": 10.0687999725,
        "min": 2.29788827896,
        "var": 30.6219673157
    },
    "barkbands_flatness_db": {
        "dmean": 0.0346606001258,
        "dmean2": 0.0477148853242,
        "dvar": 0.0014115391532,
        "dvar2": 0.00276527204551,
        "max": 0.398816406727,
        "mean": 0.161154642701,
        "median": 0.149206370115,
        "min": 0.0386848449707,
        "var": 0.00385004398413
    },
    "barkbands_kurtosis": {
        "dmean": 4.26058101654,
        "dmean2": 6.11895084381,
        "dvar": 89.4847488403,
        "dvar2": 183.842727661,
        "max": 197.072814941,
        "mean": 5.58154392242,
        "median": 1.71866178513,
        "min": -1.873929739,
        "var": 177.313827515
    },
    "barkbands_skewness": {
        "dmean": 0.675519883633,
        "dmean2": 0.961949527264,
        "dvar": 0.680072367191,
        "dvar2": 1.46825933456,
        "max": 13.2341527939,
        "mean": 1.79422783852,
        "median": 1.44097816944,
        "min": -0.499188125134,
        "var": 2.1544046402
    },
    "barkbands_spread": {
        "dmean": 6.69738435745,
        "dmean2": 9.80311012268,
        "dvar": 51.481338501,
        "dvar2": 106.669563293,
        "max": 84.265838623,
        "mean": 22.0261936188,
        "median": 19.7011833191,
        "min": 1.05720376968,
        "var": 144.362884521
    },
    "dissonance": {
        "dmean": 0.0219437833875,
        "dmean2": 0.0361114479601,
        "dvar": 0.000411347660702,
        "dvar2": 0.00112872943282,
        "max": 0.500000059605,
        "mean": 0.460168838501,
        "median": 0.465367138386,
        "min": 0.311493813992,
        "var": 0.00073582387995
    },
    "dynamic_complexity": 1.48705005646,
    "erbbands_crest": {
        "dmean": 2.96022415161,
        "dmean2": 4.71361351013,
        "dvar": 7.7382183075,
        "dvar2": 17.914937973,
        "max": 29.1481132507,
        "mean": 9.39580345154,
        "median": 8.37633037567,
        "min": 2.40449810028,
        "var": 19.7426757812
    },
    "erbbands_flatness_db": {
        "dmean": 0.0259727891535,
        "dmean2": 0.0371426418424,
        "dvar": 0.000671753194183,
        "dvar2": 0.00136603484862,
        "max": 0.303148388863,
        "mean": 0.156854495406,
        "median": 0.154630854726,
        "min": 0.0588229969144,
        "var": 0.00195665541105
    },
    "erbbands_kurtosis": {
        "dmean": 0.887750089169,
        "dmean2": 1.41271567345,
        "dvar": 1.17177045345,
        "dvar2": 2.78771901131,
        "max": 16.3098487854,
        "mean": 0.539070188999,
        "median": 0.184980869293,
        "min": -1.67912054062,
        "var": 2.61724424362
    },
    "erbbands_skewness": {
        "dmean": 0.377693623304,
        "dmean2": 0.551404953003,
        "dvar": 0.0985634252429,
        "dvar2": 0.231373727322,
        "max": 2.5702726841,
        "mean": 0.353317737579,
        "median": 0.378200441599,
        "min": -1.29045677185,
        "var": 0.396679788828
    },
    "erbbands_spread": {
        "dmean": 9.26549243927,
        "dmean2": 13.8720436096,
        "dvar": 111.041297913,
        "dvar2": 270.892700195,
        "max": 124.215812683,
        "mean": 37.1091842651,
        "median": 33.0525665283,
        "min": 6.80806350708,
        "var": 321.496643066
    },
    "hfc": {
        "dmean": 13.0142946243,
        "dmean2": 18.6122207642,
        "dvar": 297.626190186,
        "dvar2": 673.183349609,
        "max": 156.175292969,
        "mean": 32.0676269531,
        "median": 27.1691303253,
        "min": 2.49770450592,
        "var": 537.497192383
    },
    "melbands_crest": {
        "dmean": 3.63058114052,
        "dmean2": 5.68374633789,
        "dvar": 12.763425827,
        "dvar2": 32.2090377808,
        "max": 33.0531654358,
        "mean": 16.2146987915,
        "median": 15.3328380585,
        "min": 2.86240386963,
        "var": 47.147857666
    },
    "melbands_flatness_db": {
        "dmean": 0.0408812053502,
        "dmean2": 0.0556888766587,
        "dvar": 0.00212331186049,
        "dvar2": 0.00443810457364,
        "max": 0.494399249554,
        "mean": 0.21425242722,
        "median": 0.194639846683,
        "min": 0.0511278994381,
        "var": 0.00690350076184
    },
    "melbands_kurtosis": {
        "dmean": 10.4236354828,
        "dmean2": 15.7009315491,
        "dvar": 425.410705566,
        "dvar2": 944.579956055,
        "max": 311.849395752,
        "mean": 16.8713550568,
        "median": 6.85119628906,
        "min": -1.47231090069,
        "var": 920.681091309
    },
    "melbands_skewness": {
        "dmean": 0.944519639015,
        "dmean2": 1.38260066509,
        "dvar": 1.21389830112,
        "dvar2": 2.73790597916,
        "max": 13.2764997482,
        "mean": 2.89321708679,
        "median": 2.31424236298,
        "min": -0.47997790575,
        "var": 4.22265958786
    },
    "melbands_spread": {
        "dmean": 7.21582508087,
        "dmean2": 10.610449791,
        "dvar": 68.3163070679,
        "dvar2": 148.177398682,
        "max": 112.354133606,
        "mean": 21.4518222809,
        "median": 19.6406097412,
        "min": 0.761251986027,
        "var": 181.534011841
    },
    "pitch_salience": {
        "dmean": 0.0894978418946,
        "dmean2": 0.134483829141,
        "dvar": 0.0101449256763,
        "dvar2": 0.0235426276922,
        "max": 0.888060152531,
        "mean": 0.48124602437,
        "median": 0.489655911922,
        "min": 0.0649058222771,
        "var": 0.0244202036411
    },
    "silence_rate_20dB": {
        "dmean": 0,
        "dmean2": 0,
        "dvar": 0,
        "dvar2": 0,
        "max": 1,
        "mean": 1,
        "median": 1,
        "min": 1,
        "var": 0
    },
    "silence_rate_30dB": {
        "dmean": 0.0603715181351,
        "dmean2": 0.120836563408,
        "dvar": 0.0567266456783,
        "dvar2": 0.135670229793,
        "max": 1,
        "mean": 0.928847670555,
        "median": 1,
        "min": 0,
        "var": 0.066089771688
    },
    "silence_rate_60dB": {
        "dmean": 0,
        "dmean2": 0,
        "dvar": 0,
        "dvar2": 0,
        "max": 0,
        "mean": 0,
        "median": 0,
        "min": 0,
        "var": 0
    },
    "spectral_centroid": {
        "dmean": 261.079925537,
        "dmean2": 384.182983398,
        "dvar": 77990.9609375,
        "dvar2": 165519.375,
        "max": 2991.19287109,
        "mean": 1407.42150879,
        "median": 1360.90490723,
        "min": 259.451141357,
        "var": 254513.125
    },
    "spectral_complexity": {
        "dmean": 5.11609888077,
        "dmean2": 7.27730464935,
        "dvar": 31.4029159546,
        "dvar2": 61.8614463806,
        "max": 52,
        "mean": 21.6774940491,
        "median": 21,
        "min": 3,
        "var": 72.2339935303
    },
    "spectral_decrease": {
        "dmean": 3.21051341068e-09,
        "dmean2": 4.68833372125e-09,
        "dvar": 1.22299034069e-17,
        "dvar2": 2.57441221744e-17,
        "max": -1.3008998323e-09,
        "mean": -1.21530829844e-08,
        "median": -1.02481214626e-08,
        "min": -3.67989443362e-08,
        "var": 6.0640339391e-17
    },
    "spectral_energy": {
        "dmean": 0.0127489101142,
        "dmean2": 0.0186398923397,
        "dvar": 0.000183117153938,
        "dvar2": 0.00039621812175,
        "max": 0.142039328814,
        "mean": 0.0487771779299,
        "median": 0.0417284369469,
        "min": 0.00532141607255,
        "var": 0.000894119555596
    },
    "spectral_energyband_high": {
        "dmean": 0.000938890269026,
        "dmean2": 0.00137933646329,
        "dvar": 2.41980296778e-06,
        "dvar2": 5.36162724529e-06,
        "max": 0.0150467744097,
        "mean": 0.00129314383958,
        "median": 0.000584528490435,
        "min": 2.21994241656e-06,
        "var": 3.57597355105e-06
    },
    "spectral_energyband_low": {
        "dmean": 0.0102272536606,
        "dmean2": 0.0145806856453,
        "dvar": 0.000210476704524,
        "dvar2": 0.000403696059948,
        "max": 0.13012740016,
        "mean": 0.0267497748137,
        "median": 0.017036780715,
        "min": 1.35345862873e-06,
        "var": 0.000910761067644
    },
    "spectral_energyband_middle_high": {
        "dmean": 0.00327941845171,
        "dmean2": 0.00481603434309,
        "dvar": 1.90711562027e-05,
        "dvar2": 4.07264706155e-05,
        "max": 0.0595363117754,
        "mean": 0.00832176674157,
        "median": 0.00631540315226,
        "min": 8.87452697498e-05,
        "var": 5.78487051826e-05
    },
    "spectral_energyband_middle_low": {
        "dmean": 0.00565937487409,
        "dmean2": 0.00903749465942,
        "dvar": 5.22460832144e-05,
        "dvar2": 0.000135520705953,
        "max": 0.0796679109335,
        "mean": 0.0134250037372,
        "median": 0.0115031525493,
        "min": 0.000398377567763,
        "var": 9.43347840803e-05
    },
    "spectral_entropy": {
        "dmean": 0.258502393961,
        "dmean2": 0.366645157337,
        "dvar": 0.0847961083055,
        "dvar2": 0.192560046911,
        "max": 8.49792098999,
        "mean": 7.50782632828,
        "median": 7.49198722839,
        "min": 6.17880153656,
        "var": 0.181676790118
    },
    "spectral_flux": {
        "dmean": 0.03542817384,
        "dmean2": 0.0487046800554,
        "dvar": 0.00102911924478,
        "dvar2": 0.00215435796417,
        "max": 0.328867346048,
        "mean": 0.108250804245,
        "median": 0.0944437459111,
        "min": 0.0341788083315,
        "var": 0.00277930195443
    },
    "spectral_kurtosis": {
        "dmean": 1.86695694923,
        "dmean2": 3.03414273262,
        "dvar": 4.73422813416,
        "dvar2": 12.5149593353,
        "max": 22.9018192291,
        "mean": 4.73251628876,
        "median": 4.26478052139,
        "min": -0.903393507004,
        "var": 7.51929187775
    },
    "spectral_rms": {
        "dmean": 0.000909796508495,
        "dmean2": 0.00131248764228,
        "dvar": 7.6842212593e-07,
        "dvar2": 1.61057778314e-06,
        "max": 0.0117717860267,
        "mean": 0.00658401567489,
        "median": 0.00638049142435,
        "min": 0.00227851397358,
        "var": 4.23819210482e-06
    },
    "spectral_rolloff": {
        "dmean": 543.914611816,
        "dmean2": 873.439025879,
        "dvar": 821769.8125,
        "dvar2": 1723342,
        "max": 9754.54101562,
        "mean": 1342.36962891,
        "median": 1119.7265625,
        "min": 64.599609375,
        "var": 1714462.875
    },
    "spectral_skewness": {
        "dmean": 0.248446196318,
        "dmean2": 0.396876692772,
        "dvar": 0.0608966238797,
        "dvar2": 0.147853702307,
        "max": 3.45490717888,
        "mean": 1.6316601038,
        "median": 1.59791243076,
        "min": 0.356357514858,
        "var": 0.151073470712
    },
    "spectral_spread": {
        "dmean": 1080950.375,
        "dmean2": 1621078.375,
        "dvar": 1.89585057382e+12,
        "dvar2": 4.44824341709e+12,
        "max": 13050593,
        "mean": 4780438.5,
        "median": 4355421.5,
        "min": 2007265.875,
        "var": 3.14788937728e+12
    },
    "spectral_strongpeak": {
        "dmean": 0.676783204079,
        "dmean2": 1.1753360033,
        "dvar": 1.47116291523,
        "dvar2": 3.63064670563,
        "max": 10.6644611359,
        "mean": 1.13341391087,
        "median": 0.600509762764,
        "min": 0,
        "var": 2.05246067047
    },
    "zerocrossingrate": {
        "dmean": 0.0142421666533,
        "dmean2": 0.0163129810244,
        "dvar": 0.000206040494959,
        "dvar2": 0.000244146824116,
        "max": 0.279296875,
        "mean": 0.0582957975566,
        "median": 0.05419921875,
        "min": 0.0029296875,
        "var": 0.00126016850118
    },
    "barkbands": {
        "dmean": [0.00034580603824, 0.00868782401085, 0.00301447534002, 0.00134352606256, 0.00147091830149, 0.00103610218503, 0.000842658104375, 0.00132150307763, 0.00199625082314, 0.00116641016211, 0.000427839637268, 0.000683580175973, 0.000625540094916, 0.000788687437307, 0.000724560290109, 0.000305794877931, 0.000235662111663, 0.000252282159636, 0.00024274236057, 0.000198439796804, 0.000138470204547, 0.000148192048073, 0.000153874032549, 0.000162894808454, 0.00019066708046, 0.000165867517353, 1.18480976141e-07],
        "dmean2": [0.000471126666525, 0.0128355547786, 0.00485477549955, 0.00238326052204, 0.00256719789468, 0.00167495314963, 0.00133842136711, 0.00205976516008, 0.00307183340192, 0.001822427148, 0.000699510390405, 0.0010400187457, 0.000964869279414, 0.0012591626728, 0.00109058292583, 0.000480033835629, 0.000373457500245, 0.000399843062041, 0.000373226386728, 0.000301770400256, 0.000216721906327, 0.000229505865718, 0.000236962994677, 0.000247985648457, 0.000296190672088, 0.000273669400485, 2.11811709505e-07],
        "dvar": [4.31950041957e-07, 0.000218337794649, 2.99142884614e-05, 7.93547042122e-06, 6.80439779899e-06, 2.62261164607e-06, 1.52497727868e-06, 3.2958803331e-06, 1.89986149053e-05, 7.48756383473e-06, 1.44307034589e-06, 1.22774247302e-06, 1.57647809829e-06, 2.6611062367e-06, 2.68404892267e-06, 2.64731426114e-07, 1.29801264848e-07, 1.91304366126e-07, 1.33579646899e-07, 7.5986584136e-08, 1.04151041569e-07, 1.54850354761e-07, 6.27859719771e-08, 7.90311105447e-08, 1.2674769323e-07, 8.01768820224e-08, 2.48868281668e-13],
        "dvar2": [7.99651616035e-07, 0.000437208393123, 7.18026494724e-05, 2.18415789277e-05, 1.85351655091e-05, 6.86308612785e-06, 3.84474060411e-06, 7.79614128987e-06, 4.55171393696e-05, 1.71360643435e-05, 3.18721299664e-06, 2.7513351597e-06, 3.29274985233e-06, 6.26600967735e-06, 5.31080149813e-06, 5.5290115597e-07, 3.07691834678e-07, 4.82332268348e-07, 3.17665666216e-07, 1.63579258583e-07, 2.55625167256e-07, 3.88661391071e-07, 1.25389902905e-07, 1.53961210003e-07, 2.90220782517e-07, 2.04439416507e-07, 6.8673262606e-13],
        "max": [0.0104708522558, 0.118082135916, 0.0476854518056, 0.0201675593853, 0.0224053673446, 0.0182056613266, 0.012265175581, 0.0243266504258, 0.0583067312837, 0.0434996299446, 0.0250059012324, 0.017143053934, 0.023971201852, 0.0227661225945, 0.0266999192536, 0.00768167851493, 0.00479075638577, 0.00818656757474, 0.00422524148598, 0.00353465951048, 0.00387357803993, 0.00483805313706, 0.00456438353285, 0.00312683032826, 0.00326711637899, 0.00186387356371, 6.86946805217e-06],
        "mean": [0.000728267419618, 0.0204954128712, 0.00466836057603, 0.00140575494152, 0.00199752440676, 0.00195387727581, 0.00131556717679, 0.00246588885784, 0.00384942675009, 0.00161746004596, 0.000612177827861, 0.00113392702769, 0.00100612442475, 0.00114515784662, 0.0011053676717, 0.000470819941256, 0.000399420503527, 0.000426525133662, 0.000476446584798, 0.000392207090044, 0.00018998455198, 0.000170952014741, 0.000183938856935, 0.000210199606954, 0.00020885936101, 0.000147462356836, 7.85596299124e-08],
        "median": [0.000127694918774, 0.00920115504414, 0.00192599452566, 0.000465930032078, 0.00103351729922, 0.00126497028396, 0.000727327889763, 0.00158703571651, 0.00126282824203, 0.000529687968083, 0.000145539830555, 0.000554972619284, 0.000389865832403, 0.000390996079659, 0.000376885873266, 0.000219240391743, 0.000193850384676, 0.000215487525566, 0.000274427584372, 0.000222279879381, 7.88183824625e-05, 4.93465486215e-05, 5.93713230046e-05, 6.41473307041e-05, 5.16739928571e-05, 2.54406495515e-05, 1.42244205303e-09],
        "min": [3.38168426595e-09, 7.67845307337e-08, 1.70208735994e-07, 7.70500321323e-08, 7.24008259567e-07, 1.53529924773e-06, 9.72053749138e-06, 1.63313416124e-05, 5.35516892342e-06, 7.71115139742e-07, 3.7382312712e-07, 2.76972605207e-06, 1.25449810184e-06, 6.5209155764e-07, 1.67355449321e-06, 1.13848045658e-06, 3.38165341418e-06, 1.57796205258e-06, 2.41672842094e-06, 5.48162972791e-07, 6.58339729398e-07, 9.47014058283e-08, 1.5033572609e-08, 1.05506199333e-08, 3.01126207303e-10, 1.54255549306e-11, 8.05706629886e-12],
        "var": [1.59741409789e-06, 0.000783123599831, 4.3098378228e-05, 6.90609476806e-06, 7.23902212485e-06, 4.79707932755e-06, 2.60869683189e-06, 8.0973486547e-06, 5.06616197526e-05, 1.57836730068e-05, 3.34172364092e-06, 2.7253583994e-06, 3.21154516314e-06, 4.03338572141e-06, 5.28879945705e-06, 5.99576878813e-07, 3.46777710547e-07, 3.42368110751e-07, 3.35507479576e-07, 2.08775219335e-07, 1.1168864944e-07, 1.63649289675e-07, 1.16281292151e-07, 1.40838309903e-07, 1.60668534477e-07, 7.7073387672e-08, 1.58891156525e-13]
    },
    "erbbands": {
        "dmean": [0.287294775248, 2.06652855873, 3.60004854202, 3.81403136253, 4.27834415436, 5.2388215065, 7.78911781311, 8.90726089478, 12.2622442245, 13.40695858, 30.6441688538, 33.4424781799, 52.4763641357, 31.0327625275, 21.1599559784, 22.8770446777, 27.3481407166, 41.8144264221, 35.2000045776, 21.0780715942, 18.4119739532, 11.4762229919, 12.3699131012, 12.1553659439, 12.4687671661, 9.42847156525, 6.91181468964, 4.58875703812, 5.32985067368, 4.62875699997, 4.41030502319, 3.55208969116, 2.71209287643, 2.14245700836, 1.43570244312, 0.801843106747, 0.32395619154, 0.0228835828602, 0.0004409236426, 3.38413265126e-05],
        "dmean2": [0.373824924231, 3.0931828022, 5.6175737381, 6.3418211937, 7.67888402939, 9.14186096191, 12.8826990128, 14.3045463562, 19.4447975159, 20.9350776672, 47.9578819275, 51.7915725708, 82.3203201294, 47.2861480713, 32.8928260803, 35.7575416565, 41.9160041809, 65.8395843506, 54.9702758789, 31.4942569733, 28.984210968, 18.0356311798, 19.1753330231, 18.590265274, 19.2153053284, 14.2824859619, 10.8796539307, 6.9245724678, 8.1954574585, 7.24391746521, 6.81704902649, 5.45371294022, 4.10155153275, 3.28504657745, 2.2970468998, 1.31835830212, 0.551312029362, 0.0394423753023, 0.000749097205698, 5.33931743121e-05],
        "dvar": [0.240045547485, 12.7916488647, 40.2702522278, 52.5061454773, 82.4154815674, 91.5027923584, 166.046447754, 229.551620483, 335.804901123, 416.565460205, 1774.64245605, 3872.84594727, 13877.6289062, 6772.62939453, 1564.17834473, 1340.953125, 3653.11108398, 8480.41796875, 7088.19677734, 1316.81091309, 1010.93487549, 308.349060059, 445.328552246, 344.409973145, 326.843933105, 177.924179077, 287.161834717, 102.281227112, 189.121765137, 92.9278182983, 54.07762146, 36.8865203857, 22.4771728516, 16.0878295898, 7.40717506409, 1.96166372299, 0.347535461187, 0.00178669882007, 6.52680057556e-07, 2.40752395797e-09],
        "dvar2": [0.399884670973, 28.2065963745, 93.4148101807, 136.313369751, 229.736633301, 248.03843689, 432.674957275, 594.885437012, 848.212341309, 1019.2154541, 4191.68017578, 8943.94921875, 34918.9257812, 14844.5712891, 3496.35717773, 3057.08251953, 8041.67480469, 19412.6386719, 14790.9189453, 2392.31958008, 2150.07275391, 716.095153809, 1078.66894531, 799.526916504, 774.592773438, 396.67010498, 745.884094238, 231.414260864, 458.421905518, 215.859924316, 114.092697144, 73.226890564, 44.9811859131, 35.8449134827, 17.4523067474, 4.88934707642, 0.892028450966, 0.00461244862527, 1.67353073266e-06, 6.24187634912e-09],
        "max": [5.57442140579, 28.1868133545, 42.6495399475, 51.2998962402, 65.7607192993, 86.3056488037, 161.973876953, 169.19859314, 189.522033691, 321.942840576, 562.828491211, 789.933410645, 1484.91601562, 1552.02636719, 718.671081543, 878.218261719, 1224.46582031, 1389.69921875, 1504.28540039, 690.253479004, 515.788635254, 178.184204102, 409.572906494, 279.211853027, 213.744293213, 187.227264404, 225.468841553, 121.667388916, 145.118026733, 118.685768127, 109.210418701, 73.9508132935, 51.9803848267, 37.6738395691, 23.9794807434, 11.0926647186, 5.11102151871, 0.349198788404, 0.00731030292809, 0.000527187949046],
        "mean": [0.710015535355, 4.07553577423, 6.03195762634, 5.19238710403, 4.37834787369, 6.73158502579, 13.8193845749, 15.6748161316, 19.8582229614, 24.50041008, 58.5968437195, 65.5127944946, 86.6424713135, 50.013381958, 36.9528579712, 39.4667015076, 44.1864814758, 67.6082687378, 52.4253234863, 38.0560150146, 29.7499065399, 20.0715122223, 23.121301651, 23.9801101685, 25.0316104889, 18.7488880157, 10.0402736664, 6.21286535263, 6.13967895508, 5.47683191299, 5.26519393921, 4.3579916954, 3.49170327187, 2.40841627121, 1.4434401989, 0.739530861378, 0.277316629887, 0.0189268235117, 0.000404324033298, 7.88533652667e-05],
        "median": [0.213605508208, 2.06977176666, 3.48398852348, 2.23677754402, 1.84901416302, 3.32661795616, 6.63245439529, 9.51480770111, 12.4211549759, 14.829208374, 38.0823097229, 25.8155918121, 32.4322967529, 15.9822053909, 17.9367904663, 23.3818187714, 20.0512828827, 22.4684181213, 21.8664646149, 17.4749774933, 14.1900606155, 10.6271505356, 11.7479305267, 13.157948494, 15.3661317825, 10.408454895, 4.97186326981, 2.2296693325, 1.79483091831, 1.62984800339, 1.73904490471, 1.28936243057, 1.06240069866, 0.557358562946, 0.296003431082, 0.12017326802, 0.0471817739308, 0.0030855264049, 9.08073270693e-05, 6.39609424979e-05],
        "min": [2.19649655264e-06, 3.58502802555e-05, 0.00024152934202, 0.00152985739987, 0.00289403717034, 0.00415451638401, 0.0122008072212, 0.0203539207578, 0.183236554265, 0.22120501101, 0.601864278316, 0.428780764341, 0.143490895629, 0.03643348068, 0.185484036803, 0.17732155323, 0.0706808194518, 0.0881790593266, 0.152589350939, 0.0572540350258, 0.113263390958, 0.183606043458, 0.141055047512, 0.120027437806, 0.122853517532, 0.0522978529334, 0.0567127168179, 0.0191505402327, 0.00420532794669, 0.00549407163635, 0.00656253471971, 0.00138194602914, 0.000459149829112, 0.000113919384603, 3.23969870806e-05, 1.63939439517e-05, 9.37145705393e-06, 7.41415931316e-07, 4.9214804676e-06, 6.87640431352e-06],
        "var": [1.29183471203, 30.3588428497, 58.6024513245, 62.9113082886, 57.4002494812, 93.9849472046, 366.878540039, 381.247375488, 540.044677734, 868.713745117, 4248.89306641, 10878.5175781, 25268.0761719, 17405.1015625, 3703.45947266, 3058.2265625, 6652.75097656, 14923.4169922, 12734.3720703, 3811.88989258, 2187.66796875, 658.049133301, 927.901489258, 884.438903809, 766.722412109, 504.361236572, 281.484161377, 127.716705322, 211.006942749, 129.254852295, 94.0282516479, 63.3993797302, 39.102230072, 22.078119278, 8.36332130432, 1.96692657471, 0.309406548738, 0.00153986667283, 5.78502692861e-07, 3.30754379441e-09]
    },
    "gfcc": {
        "mean": [33.6639480591, 84.5965194702, -120.666679382, 21.9117183685, -57.8845596313, 18.9335956573, -34.5222816467, 23.127243042, -21.5238189697, 9.32662391663, -11.718911171, -4.16524791718, -12.9458036423],
        "cov": [[2386.10205078, -1121.52026367, 230.767349243, -99.44921875, -176.402084351, 175.175033569, -287.426452637, -13.6460485458, -340.767486572, 176.259017944, -343.861846924, 199.631607056, -118.491470337], [-1121.52026367, 1581.70202637, 17.6797199249, 441.201782227, 559.847045898, 43.21509552, 402.790161133, 121.622314453, 312.172027588, -195.603881836, 318.679199219, -165.425231934, 192.046859741], [230.767349243, 17.6797199249, 975.339477539, 348.541381836, 316.307830811, 233.362838745, 98.9844360352, 211.670761108, 49.4329605103, 65.5801544189, -67.9845733643, 121.106147766, -88.749168396], [-99.44921875, 441.201782227, 348.541381836, 615.655273438, 386.582214355, 128.554718018, 212.482055664, 192.655197144, 180.049438477, -48.7674751282, 107.39616394, -25.1667556763, 76.1057434082], [-176.402084351, 559.847045898, 316.307830811, 386.582214355, 596.363525391, 224.902374268, 356.936126709, 255.143341064, 192.325408936, 32.8619766235, 150.19960022, 8.9653301239, 76.9548950195], [175.175033569, 43.21509552, 233.362838745, 128.554718018, 224.902374268, 428.939331055, 271.880554199, 128.028900146, 126.447166443, 106.418914795, 54.4011573792, 27.9706821442, 23.5543670654], [-287.426452637, 402.790161133, 98.9844360352, 212.482055664, 356.936126709, 271.880554199, 456.657165527, 207.843826294, 211.320922852, 74.5900268555, 179.903030396, 0.53319644928, 85.7199935913], [-13.6460485458, 121.622314453, 211.670761108, 192.655197144, 255.143341064, 128.028900146, 207.843826294, 316.646850586, 139.973114014, 36.8835906982, 99.1745071411, 43.9940834045, 57.3430290222], [-340.767486572, 312.172027588, 49.4329605103, 180.049438477, 192.325408936, 126.447166443, 211.320922852, 139.973114014, 287.162536621, 5.40652036667, 133.514526367, 7.48634529114, 71.7404632568], [176.259017944, -195.603881836, 65.5801544189, -48.7674751282, 32.8619766235, 106.418914795, 74.5900268555, 36.8835906982, 5.40652036667, 209.718536377, 10.5441732407, 37.7405090332, -5.46854352951], [-343.861846924, 318.679199219, -67.9845733643, 107.39616394, 150.19960022, 54.4011573792, 179.903030396, 99.1745071411, 133.514526367, 10.5441732407, 245.032577515, -0.899208068848, 100.273597717], [199.631607056, -165.425231934, 121.106147766, -25.1667556763, 8.9653301239, 27.9706821442, 0.53319644928, 43.9940834045, 7.48634529114, 37.7405090332, -0.899208068848, 177.305709839, -7.4447016716], [-118.491470337, 192.046859741, -88.749168396, 76.1057434082, 76.9548950195, 23.5543670654, 85.7199935913, 57.3430290222, 71.7404632568, -5.46854352951, 100.273597717, -7.4447016716, 144.936828613]],
        "icov": [[0.00104341458064, 0.00033450659248, 0.000440672010882, -0.0005864900304, -0.000282464607153, -0.00102987501305, 0.000838997249957, -0.000477666268125, 0.00109554221854, -0.000400401302613, 0.00089793902589, -0.000920254562516, -0.000228158140089], [0.00033450659248, 0.0026670913212, -0.000510774552822, 0.000268781004706, -0.00218359264545, 0.000911220442504, -0.00106399215292, 0.00175600952934, -0.000796934065875, 0.00213888171129, -0.00111349008512, 0.00154504482634, -0.00144370819908], [0.000440672010882, -0.000510774552822, 0.00280068698339, -0.0016314900713, -0.000327753718011, -0.00175246002618, 0.00167332042474, -0.00166224641725, 0.00109502964187, -0.00112592242658, 0.00140648719389, -0.00212939712219, 0.00206857803278], [-0.0005864900304, 0.000268781004706, -0.0016314900713, 0.00423822319135, -0.00174182304181, 0.00111484795343, -0.000602255691774, 0.000615536468104, -0.00182616862003, 0.00174308870919, -0.000935295131058, 0.00202740519308, -0.00148290162906], [-0.000282464607153, -0.00218359264545, -0.000327753718011, -0.00174182304181, 0.00682343682274, -0.000606668880209, -0.00182053062599, -0.00237386347726, 0.000963782542385, -0.00163767999038, 0.00053722265875, -0.00104888330679, 0.000903529929928], [-0.00102987501305, 0.000911220442504, -0.00175246002618, 0.00111484795343, -0.000606668880209, 0.00640597566962, -0.00441088108346, 0.0019541408401, -0.00227720360272, 0.000313699914841, -0.000584998866543, 0.00189997814596, -0.000949893321376], [0.000838997249957, -0.00106399215292, 0.00167332042474, -0.000602255691774, -0.00182053062599, -0.00441088108346, 0.00932823307812, -0.00270197633654, -8.53725623529e-07, -0.00240686512552, -0.000675151706673, -0.00118508981541, 0.000987915904261], [-0.000477666268125, 0.00175600952934, -0.00166224641725, 0.000615536468104, -0.00237386347726, 0.0019541408401, -0.00270197633654, 0.00774098653346, -0.00235381675884, 0.0016025477089, -0.00173442438245, 0.000959127850365, -0.00210537086241], [0.00109554221854, -0.000796934065875, 0.00109502964187, -0.00182616862003, 0.000963782542385, -0.00227720360272, -8.53725623529e-07, -0.00235381675884, 0.00810218602419, -0.00081724463962, 9.8535187135e-05, -0.00225113215856, 0.000146141072037], [-0.000400401302613, 0.00213888171129, -0.00112592242658, 0.00174308870919, -0.00163767999038, 0.000313699914841, -0.00240686512552, 0.0016025477089, -0.00081724463962, 0.00837852433324, -0.00182402366772, 0.00130105426069, -0.00110874627717], [0.00089793902589, -0.00111349008512, 0.00140648719389, -0.000935295131058, 0.00053722265875, -0.000584998866543, -0.000675151706673, -0.00173442438245, 9.8535187135e-05, -0.00182402366772, 0.00959275569767, -0.00231451285072, -0.00241594854742], [-0.000920254562516, 0.00154504482634, -0.00212939712219, 0.00202740519308, -0.00104888330679, 0.00189997814596, -0.00118508981541, 0.000959127850365, -0.00225113215856, 0.00130105426069, -0.00231451285072, 0.00912779569626, -0.00136502098758], [-0.000228158140089, -0.00144370819908, 0.00206857803278, -0.00148290162906, 0.000903529929928, -0.000949893321376, 0.000987915904261, -0.00210537086241, 0.000146141072037, -0.00110874627717, -0.00241594854742, -0.00136502098758, 0.0120818167925]]
    },
    "melbands": {
        "dmean": [0.00244166562334, 0.00206388602965, 0.000657169264741, 0.000333698815666, 0.000253573991358, 0.000197828092496, 0.000184618693311, 0.000177101304871, 0.000232183083426, 0.0002563711314, 0.000267842988251, 0.000132923538331, 6.7369590397e-05, 8.68800780154e-05, 4.99984016642e-05, 7.16253634891e-05, 7.721377915e-05, 5.3700285207e-05, 5.27117845195e-05, 1.84616637853e-05, 2.3076619982e-05, 1.1931064364e-05, 1.24018024508e-05, 1.55322650244e-05, 1.00648348962e-05, 1.0002473573e-05, 8.69163432071e-06, 6.43634848529e-06, 4.60410819869e-06, 3.46013985109e-06, 2.65685957856e-06, 3.22466075886e-06, 2.74371882369e-06, 2.76118589682e-06, 2.76729065263e-06, 2.29525062423e-06, 2.31857848121e-06, 1.98945303964e-06, 1.80469180577e-06, 1.90124058008e-06],
        "dmean2": [0.00341410934925, 0.00315101793967, 0.00110273982864, 0.000583623943385, 0.000420942582423, 0.000318144506309, 0.000292642653221, 0.000274595426163, 0.000360930833267, 0.000395400740672, 0.000420158787165, 0.000203569812584, 0.000105164719571, 0.000131538821734, 7.96479725977e-05, 0.000110849148768, 0.000122136843856, 8.47369810799e-05, 7.81368216849e-05, 2.87160291919e-05, 3.69977351511e-05, 1.92983588931e-05, 1.95957272808e-05, 2.46900872298e-05, 1.55968282343e-05, 1.54695189849e-05, 1.36946564453e-05, 9.98529139906e-06, 7.34983132133e-06, 5.43797068531e-06, 4.06424896937e-06, 5.03581350131e-06, 4.41715928901e-06, 4.34793491877e-06, 4.4101830099e-06, 3.57956173502e-06, 3.54880853592e-06, 3.06970264319e-06, 2.78941070064e-06, 3.01348381981e-06],
        "dvar": [1.67893831531e-05, 1.0913294318e-05, 1.52690427058e-06, 4.05462003528e-07, 1.72632383055e-07, 1.09360719591e-07, 7.2480837332e-08, 6.28385663504e-08, 1.00250275636e-07, 2.78448169411e-07, 3.50384993908e-07, 1.32933521968e-07, 2.64186326149e-08, 2.05414423249e-08, 9.4823828789e-09, 1.91953137829e-08, 3.25754605512e-08, 1.63057443103e-08, 1.34951587683e-08, 9.27289522945e-10, 1.65904534555e-09, 3.74764358435e-10, 3.98871241591e-10, 9.87797621477e-10, 2.72813216462e-10, 2.62272203955e-10, 1.52731341463e-10, 9.70599503547e-11, 1.06931213883e-10, 6.91104812267e-11, 3.22678724018e-11, 7.36449026761e-11, 5.74504055439e-11, 2.55893552875e-11, 2.35102649154e-11, 1.72073136989e-11, 1.6302650202e-11, 1.28917094014e-11, 1.21407840378e-11, 1.47124118444e-11],
        "dvar2": [3.08978342218e-05, 2.36381638388e-05, 4.0276722757e-06, 1.11975850814e-06, 4.57179709201e-07, 2.86476250722e-07, 1.8346175068e-07, 1.52814195076e-07, 2.3871450594e-07, 6.60920193241e-07, 8.73378212418e-07, 2.90503521683e-07, 5.83772212792e-08, 4.60927758184e-08, 2.23521556819e-08, 4.3049013243e-08, 7.49344764017e-08, 3.47372264287e-08, 2.46429294748e-08, 1.91390348014e-09, 3.59297125385e-09, 9.23231269212e-10, 9.18514708736e-10, 2.53167620201e-09, 6.55025533813e-10, 6.40668407215e-10, 3.55613871683e-10, 2.28853977435e-10, 2.80150791454e-10, 1.71398603643e-10, 7.35166927335e-11, 1.8026194426e-10, 1.47965889541e-10, 5.64727917207e-11, 5.44807081393e-11, 3.61360143197e-11, 3.55495251292e-11, 2.73256469535e-11, 2.70011270287e-11, 3.37862966771e-11],
        "max": [0.040103726089, 0.0268870778382, 0.00898374058306, 0.00574678694829, 0.00475184479728, 0.00368251325563, 0.00269788084552, 0.00376797420904, 0.00422568339854, 0.00684044603258, 0.00743570597842, 0.00694466428831, 0.00324665219523, 0.00188084470574, 0.00218712026253, 0.0020169543568, 0.00257705664262, 0.00208338070661, 0.00209299498238, 0.00057589187054, 0.000604725966696, 0.000244010720053, 0.000229733544984, 0.000621506478637, 0.000264828879153, 0.00018970714882, 0.00017329446564, 0.000162420619745, 0.00013715690875, 9.23320258153e-05, 6.87312858645e-05, 9.78728712653e-05, 0.000100799901702, 9.30181704462e-05, 8.25272072689e-05, 6.30967260804e-05, 4.82727082272e-05, 3.44765649061e-05, 6.21381914243e-05, 3.3864271245e-05],
        "mean": [0.00597644923255, 0.0039802454412, 0.000888952519745, 0.000374905765057, 0.000449424085673, 0.00035427507828, 0.000300185783999, 0.000330268609105, 0.000444330973551, 0.000491655664518, 0.000437506008893, 0.000204045529244, 0.000109695305582, 0.000146011559991, 7.19627641956e-05, 0.00012186733511, 0.000118066520372, 7.41202020436e-05, 8.2421276602e-05, 3.03542037727e-05, 3.46984415955e-05, 1.8957813154e-05, 1.95057309611e-05, 2.60871529463e-05, 1.79944981937e-05, 1.91731523955e-05, 1.60499694175e-05, 1.17873205454e-05, 6.41788574285e-06, 4.33037348557e-06, 3.3542737583e-06, 3.57785825145e-06, 3.10117843583e-06, 3.10462996822e-06, 3.10750647259e-06, 2.73750288216e-06, 2.64469895228e-06, 2.44766033575e-06, 2.23042320613e-06, 1.97687791115e-06],
        "median": [0.00240018032491, 0.00290653668344, 0.00042348439456, 0.0001701090805, 0.000224881747272, 0.000221948648687, 0.000188707999769, 0.000200619761017, 0.000284874084173, 0.000165999139426, 0.000155192377861, 5.43435598956e-05, 4.29902211181e-05, 6.92456087563e-05, 3.1764346204e-05, 4.50182997156e-05, 3.59312944056e-05, 2.72964807664e-05, 2.60759697994e-05, 1.52486818479e-05, 1.60684794537e-05, 1.00300258055e-05, 8.4974026322e-06, 1.21378980111e-05, 9.10919607122e-06, 1.08894464574e-05, 9.75158218353e-06, 5.86963687965e-06, 2.99936527881e-06, 1.60018350925e-06, 1.1464153431e-06, 1.03446825506e-06, 8.16307078821e-07, 9.05010551833e-07, 9.95063487608e-07, 8.19747697278e-07, 7.15695023246e-07, 7.15178430255e-07, 5.86655005463e-07, 4.11035870229e-07],
        "min": [2.30766836751e-08, 7.5808415545e-08, 1.65513583283e-07, 1.09885391453e-07, 4.36423079009e-07, 2.96849236747e-07, 1.79276526069e-06, 1.80267284122e-06, 1.45417118347e-06, 8.72171881383e-07, 5.62455284125e-07, 4.95099214959e-08, 1.57959291869e-07, 2.6942632303e-07, 2.12893652929e-07, 1.3579945346e-07, 8.35362641283e-08, 2.29615096714e-07, 1.03932734419e-07, 3.72291033557e-08, 1.45485856251e-07, 1.80770285851e-07, 1.49892827039e-07, 9.75347020926e-08, 5.476734799e-08, 1.08178923597e-07, 4.4982400027e-08, 1.25406689477e-08, 2.3074488098e-08, 1.03014419217e-09, 4.40477210262e-09, 1.25943311335e-09, 2.07683492626e-09, 3.49453313508e-11, 5.48300467529e-11, 7.27519877675e-10, 1.42063347197e-10, 1.42830348243e-11, 6.81314640122e-12, 1.38236666038e-12],
