{
"highlevel": {
    "danceability": {
        "all": {
            "danceable": 0.469667673111,
            "not_danceable": 0.530332326889
        },
        "probability": 0.530332326889,
        "value": "not_danceable"
    },
    "gender": {
        "all": {
            "female": 0.193501293659,
            "male": 0.806498706341
        },
        "probability": 0.806498706341,
        "value": "male"
    },
    "genre_dortmund": {
        "all": {
            "alternative": 0.0821783840656,
            "blues": 0.197852998972,
            "electronic": 0.021485907957,
            "folkcountry": 0.138519495726,
            "funksoulrnb": 0.00888648815453,
            "jazz": 0.0103572132066,
            "pop": 0.0271832570434,
            "raphiphop": 0.00763123622164,
            "rock": 0.505905032158
        },
        "probability": 0.505905032158,
        "value": "rock"
    },
    "genre_electronic": {
        "all": {
            "ambient": 0.199685245752,
            "dnb": 0.432631254196,
            "house": 0.17485524714,
            "techno": 0.0158172715455,
            "trance": 0.177010968328
        },
        "probability": 0.432631254196,
        "value": "dnb"
    },
    "genre_rosamerica": {
        "all": {
            "cla": 0.0122793642804,
            "dan": 0.0244434475899,
            "hip": 0.0522641502321,
            "jaz": 0.0133921056986,
            "pop": 0.231989219785,
            "rhy": 0.0645632222295,
            "roc": 0.588492274284,
            "spe": 0.0125762494281
        },
        "probability": 0.588492274284,
        "value": "roc"
    },
    "genre_tzanetakis": {
        "all": {
            "blu": 0.0626613423228,
            "cla": 0.0348169617355,
            "cou": 0.104475811124,
            "dis": 0.0784321576357,
            "hip": 0.15692435205,
            "jaz": 0.313974827528,
            "met": 0.0448166541755,
            "pop": 0.0627359300852,
            "reg": 0.0627360641956,
            "roc": 0.0784258767962
        },
        "probability": 0.313974827528,
        "value": "jaz"
    },
    "ismir04_rhythm": {
        "all": {
            "ChaChaCha": 0.177568137646,
            "Jive": 0.104517407715,
            "Quickstep": 0.114875607193,
            "Rumba-American": 0.0143684186041,
            "Rumba-International": 0.0437051393092,
            "Rumba-Misc": 0.0112772025168,
            "Samba": 0.419126629829,
            "Tango": 0.0321907661855,
            "VienneseWaltz": 0.0686065554619,
            "Waltz": 0.0137641327456
        },
        "probability": 0.419126629829,
        "value": "Samba"
    },
    "mood_acoustic": {
        "all": {
            "acoustic": 0.301940470934,
            "not_acoustic": 0.698059499264
        },
        "probability": 0.698059499264,
        "value": "not_acoustic"
    },
    "mood_aggressive": {
        "all": {
            "aggressive": 0.357374697924,
            "not_aggressive": 0.642625331879
        },
        "probability": 0.642625331879,
        "value": "not_aggressive"
    },
    "mood_electronic": {
        "all": {
            "electronic": 0.302909165621,
            "not_electronic": 0.697090864182
        },
        "probability": 0.697090864182,
        "value": "not_electronic"
    },
    "mood_happy": {
        "all": {
            "happy": 0.230520859361,
            "not_happy": 0.76947915554
        },
        "probability": 0.76947915554,
        "value": "not_happy"
    },
    "mood_party": {
        "all": {
            "not_party": 0.634965121746,
            "party": 0.365034878254
        },
        "probability": 0.634965121746,
        "value": "not_party"
    },
    "mood_relaxed": {
        "all": {
            "not_relaxed": 0.5,
            "relaxed": 0.5
        },
        "probability": 0.5,
        "value": "not_relaxed"
    },
    "mood_sad": {
        "all": {
            "not_sad": 0.72670686245,
            "sad": 0.273293167353
        },
        "probability": 0.72670686245,
        "value": "not_sad"
    },
    "moods_mirex": {
        "all": {
            "Cluster1": 0.264670699835,
            "Cluster2": 0.367300003767,
            "Cluster3": 0.144604280591,
            "Cluster4": 0.144552722573,
            "Cluster5": 0.0788722857833
        },
        "probability": 0.367300003767,
        "value": "Cluster2"
    },
    "timbre": {
        "all": {
            "bright": 0.925843417645,
            "dark": 0.0741565749049
        },
        "probability": 0.925843417645,
        "value": "bright"
    },
    "tonal_atonal": {
        "all": {
            "atonal": 0.0992093086243,
            "tonal": 0.900790691376
        },
        "probability": 0.900790691376,
        "value": "tonal"
    },
    "voice_instrumental": {
        "all": {
            "instrumental": 6.90487795509e-05,
            "voice": 0.999930977821
        },
        "probability": 0.999930977821,
        "value": "voice"
    }
},
"lowlevel": {
    "average_loudness": 0.976251363754,
    "barkbands_crest": {
        "dmean": 3.20456409454,
        "dmean2": 5.38218450546,
        "dvar": 9.75835895538,
        "dvar2": 24.0836734772,
        "max": 23.3674964905,
        "mean": 9.78432369232,
        "median": 8.9589214325,
        "min": 2.99049162865,
        "var": 14.7149801254
    },
    "barkbands_flatness_db": {
        "dmean": 0.0219472162426,
        "dmean2": 0.0367416925728,
        "dvar": 0.000414851267124,
        "dvar2": 0.00115992804058,
        "max": 0.292555123568,
        "mean": 0.152225390077,
        "median": 0.151770874858,
        "min": 0.0480157881975,
        "var": 0.00143936288077
    },
    "barkbands_kurtosis": {
        "dmean": 3.33145880699,
        "dmean2": 5.64524650574,
        "dvar": 30.1018657684,
        "dvar2": 80.9613876343,
        "max": 90.6497116089,
        "mean": 4.16754674911,
        "median": 2.05671834946,
        "min": -1.82304108143,
        "var": 54.4358825684
    },
    "barkbands_skewness": {
        "dmean": 0.620372474194,
        "dmean2": 1.01232993603,
        "dvar": 0.420013487339,
        "dvar2": 1.07677972317,
        "max": 8.65278911591,
        "mean": 1.7651091814,
        "median": 1.6164535284,
        "min": -1.23713874817,
        "var": 1.13536071777
    },
    "barkbands_spread": {
        "dmean": 6.27347612381,
        "dmean2": 9.76660919189,
        "dvar": 46.7916412354,
        "dvar2": 101.269935608,
        "max": 86.8446350098,
        "mean": 24.5024738312,
        "median": 20.7634429932,
        "min": 2.77792596817,
        "var": 204.287124634
    },
    "dissonance": {
        "dmean": 0.0125602269545,
        "dmean2": 0.0209130458534,
        "dvar": 0.000152583103045,
        "dvar2": 0.000415293587139,
        "max": 0.5,
        "mean": 0.47132730484,
        "median": 0.475343048573,
        "min": 0.344452083111,
        "var": 0.000385467050364
    },
    "dynamic_complexity": 1.44947314262,
    "erbbands_crest": {
        "dmean": 2.2444217205,
        "dmean2": 3.6756708622,
        "dvar": 5.15994548798,
        "dvar2": 11.9570465088,
        "max": 25.1516361237,
        "mean": 7.98558568954,
        "median": 7.13167858124,
        "min": 2.54008126259,
        "var": 12.8229541779
    },
    "erbbands_flatness_db": {
        "dmean": 0.0143473893404,
        "dmean2": 0.0206496249884,
        "dvar": 0.000188302539755,
        "dvar2": 0.000383825798053,
        "max": 0.251860588789,
        "mean": 0.152679666877,
        "median": 0.151748880744,
        "min": 0.0625130087137,
        "var": 0.000903944950551
    },
    "erbbands_kurtosis": {
        "dmean": 0.606357991695,
        "dmean2": 0.951526761055,
        "dvar": 0.627506911755,
        "dvar2": 1.40068030357,
        "max": 12.0853843689,
        "mean": -0.269166618586,
        "median": -0.685648918152,
        "min": -1.73735713959,
        "var": 1.66818928719
    },
    "erbbands_skewness": {
        "dmean": 0.311752945185,
        "dmean2": 0.472259789705,
        "dvar": 0.0891627594829,
        "dvar2": 0.18558730185,
        "max": 2.25560212135,
        "mean": 0.00148327869829,
        "median": 0.0309502352029,
        "min": -2.79191684723,
        "var": 0.525738298893
    },
    "erbbands_spread": {
        "dmean": 7.6821937561,
        "dmean2": 12.1090698242,
        "dvar": 50.2572517395,
        "dvar2": 120.727561951,
        "max": 120.171707153,
        "mean": 47.2881126404,
        "median": 46.0945243835,
        "min": 10.2176475525,
        "var": 288.373687744
    },
    "hfc": {
        "dmean": 5.61710691452,
        "dmean2": 8.087018013,
        "dvar": 121.590835571,
        "dvar2": 214.20930481,
        "max": 290.029602051,
        "mean": 23.2635383606,
        "median": 18.9530143738,
        "min": 1.18302500248,
        "var": 369.338684082
    },
    "melbands_crest": {
        "dmean": 3.91436982155,
        "dmean2": 6.58460521698,
        "dvar": 12.952419281,
        "dvar2": 33.4717903137,
        "max": 31.1853656769,
        "mean": 14.0480337143,
        "median": 13.0389881134,
        "min": 5.21306848526,
        "var": 23.7236614227
    },
    "melbands_flatness_db": {
        "dmean": 0.0286272242665,
        "dmean2": 0.0464677736163,
        "dvar": 0.000722030526958,
        "dvar2": 0.00187252752949,
        "max": 0.384460508823,
        "mean": 0.201316222548,
        "median": 0.199889793992,
        "min": 0.0603868402541,
        "var": 0.00291175767779
    },
    "melbands_kurtosis": {
        "dmean": 9.38500785828,
        "dmean2": 15.7862300873,
        "dvar": 239.406784058,
        "dvar2": 632.653564453,
        "max": 327.032836914,
        "mean": 16.6753387451,
        "median": 10.4794025421,
        "min": -1.50899779797,
        "var": 575.35748291
    },
    "melbands_skewness": {
        "dmean": 0.882542848587,
        "dmean2": 1.44216823578,
        "dvar": 0.898554086685,
        "dvar2": 2.33840632439,
        "max": 13.6619205475,
        "mean": 3.18958258629,
        "median": 2.86081361771,
        "min": 0.369327813387,
        "var": 2.49194550514
    },
    "melbands_spread": {
        "dmean": 7.6583609581,
        "dmean2": 12.1785955429,
        "dvar": 92.0511627197,
        "dvar2": 218.774810791,
        "max": 179.021682739,
        "mean": 21.9678897858,
        "median": 18.3795795441,
        "min": 1.32321465015,
        "var": 245.816711426
    },
    "pitch_salience": {
        "dmean": 0.0800631046295,
        "dmean2": 0.133421957493,
        "dvar": 0.00519915018231,
        "dvar2": 0.0140678118914,
        "max": 0.791996657848,
        "mean": 0.534110426903,
        "median": 0.53993588686,
        "min": 0.192784696817,
        "var": 0.00972787290812
    },
    "silence_rate_20dB": {
        "dmean": 0,
        "dmean2": 0,
        "dvar": 0,
        "dvar2": 0,
        "max": 1,
        "mean": 1,
        "median": 1,
        "min": 1,
        "var": 0
    },
    "silence_rate_30dB": {
        "dmean": 0,
        "dmean2": 0,
        "dvar": 0,
        "dvar2": 0,
        "max": 1,
        "mean": 1,
        "median": 1,
        "min": 1,
        "var": 0
    },
    "silence_rate_60dB": {
        "dmean": 0,
        "dmean2": 0,
        "dvar": 0,
        "dvar2": 0,
        "max": 0,
        "mean": 0,
        "median": 0,
        "min": 0,
        "var": 0
    },
    "spectral_centroid": {
        "dmean": 262.835845947,
        "dmean2": 401.108795166,
        "dvar": 70822.84375,
        "dvar2": 151877.421875,
        "max": 4358.0234375,
        "mean": 1433.69628906,
        "median": 1321.23156738,
        "min": 312.186767578,
        "var": 417724.5
    },
    "spectral_complexity": {
        "dmean": 3.8722910881,
        "dmean2": 5.94422912598,
        "dvar": 14.8993673325,
        "dvar2": 28.6769218445,
        "max": 54,
        "mean": 24.0850734711,
        "median": 23,
        "min": 3,
        "var": 80.2525024414
    },
    "spectral_decrease": {
        "dmean": 3.67521635347e-09,
        "dmean2": 6.07481753789e-09,
        "dvar": 2.15777011102e-17,
        "dvar2": 5.57619193058e-17,
        "max": -6.64062804745e-10,
        "mean": -8.96750051993e-09,
        "median": -7.52345119537e-09,
        "min": -3.61212322275e-08,
        "var": 2.53116010127e-17
    },
    "spectral_energy": {
        "dmean": 0.0141081074253,
        "dmean2": 0.0232067424804,
        "dvar": 0.000314526580041,
        "dvar2": 0.000812530517578,
        "max": 0.14115922153,
        "mean": 0.0359555222094,
        "median": 0.0307579264045,
        "min": 0.0026136287488,
        "var": 0.000380136887543
    },
    "spectral_energyband_high": {
        "dmean": 0.000451694184449,
        "dmean2": 0.00060978718102,
        "dvar": 2.39763039644e-06,
        "dvar2": 4.14355690737e-06,
        "max": 0.0440422147512,
        "mean": 0.00117163988762,
        "median": 0.00048036093358,
        "min": 3.17623816954e-05,
        "var": 6.05185505265e-06
    },
    "spectral_energyband_low": {
        "dmean": 0.0107968337834,
        "dmean2": 0.0181917008013,
        "dvar": 0.000260506698396,
        "dvar2": 0.000683443096932,
        "max": 0.112340390682,
        "mean": 0.0160273704678,
        "median": 0.0107442820445,
        "min": 0.000362906517694,
        "var": 0.000264025351498
    },
    "spectral_energyband_middle_high": {
        "dmean": 0.00133944430854,
        "dmean2": 0.00201655668207,
        "dvar": 2.97299834529e-06,
        "dvar2": 6.01192459726e-06,
        "max": 0.0305576678365,
        "mean": 0.00497398618609,
        "median": 0.00398635445163,
        "min": 0.00013364845654,
        "var": 1.54659137479e-05
    },
    "spectral_energyband_middle_low": {
        "dmean": 0.00644353311509,
        "dmean2": 0.0107280584052,
        "dvar": 0.000118016680062,
        "dvar2": 0.00031631521415,
        "max": 0.0948744043708,
        "mean": 0.0152106964961,
        "median": 0.012527323328,
        "min": 0.00089200475486,
        "var": 0.000134342713864
    },
    "spectral_entropy": {
        "dmean": 0.107388325036,
        "dmean2": 0.161587238312,
        "dvar": 0.00946213677526,
        "dvar2": 0.0198636706918,
        "max": 8.41812133789,
        "mean": 7.60164642334,
        "median": 7.59975910187,
        "min": 6.74045944214,
        "var": 0.080341681838
    },
    "spectral_flux": {
        "dmean": 0.0334086380899,
        "dmean2": 0.0533285178244,
        "dvar": 0.00138046522625,
        "dvar2": 0.00271622184664,
        "max": 0.297686964273,
        "mean": 0.100820071995,
        "median": 0.0892066434026,
        "min": 0.0231772158295,
        "var": 0.00245197024196
    },
    "spectral_kurtosis": {
        "dmean": 1.29775714874,
        "dmean2": 2.25986552238,
        "dvar": 1.71994364262,
        "dvar2": 5.06760311127,
        "max": 12.6173048019,
        "mean": 3.23517036438,
        "median": 2.82025098801,
        "min": -0.762185811996,
        "var": 4.28068876266
    },
    "spectral_rms": {
        "dmean": 0.00107472669333,
        "dmean2": 0.0017273160629,
        "dvar": 1.34292326948e-06,
        "dvar2": 3.36500761478e-06,
        "max": 0.0117352595553,
        "mean": 0.00574226817116,
        "median": 0.00547793135047,
        "min": 0.00159683485981,
        "var": 2.10483585761e-06
    },
    "spectral_rolloff": {
        "dmean": 533.047363281,
        "dmean2": 883.747375488,
        "dvar": 667136.5625,
        "dvar2": 1420424.25,
        "max": 8527.1484375,
        "mean": 1353.90917969,
        "median": 882.861328125,
        "min": 64.599609375,
        "var": 1676818.25
    },
    "spectral_skewness": {
        "dmean": 0.190253257751,
        "dmean2": 0.309845983982,
        "dvar": 0.0289864558727,
        "dvar2": 0.0716468170285,
        "max": 2.56452560425,
        "mean": 1.20386719704,
        "median": 1.17988455296,
        "min": -0.00963260326535,
        "var": 0.146339058876
    },
    "spectral_spread": {
        "dmean": 344070.6875,
        "dmean2": 516910.15625,
        "dvar": 136018567168,
        "dvar2": 285807149056,
        "max": 8588837,
        "mean": 4081634.25,
        "median": 3947981.75,
        "min": 2044382,
        "var": 1.02605953434e+12
    },
    "spectral_strongpeak": {
        "dmean": 0.450289458036,
        "dmean2": 0.7844876647,
        "dvar": 0.531307816505,
        "dvar2": 1.40245091915,
        "max": 7.72963523865,
        "mean": 0.700142920017,
        "median": 0.418169915676,
        "min": 0.0444971732795,
        "var": 0.62288248539
    },
    "zerocrossingrate": {
        "dmean": 0.00911181140691,
        "dmean2": 0.0113265365362,
        "dvar": 9.9848555692e-05,
        "dvar2": 0.000126153609017,
        "max": 0.220703125,
        "mean": 0.0552637688816,
        "median": 0.04931640625,
        "min": 0.0126953125,
        "var": 0.000800046254881
    },
    "barkbands": {
        "dmean": [0.00027381410473, 0.00854484550655, 0.00306396838278, 0.00152329111006, 0.0043461881578, 0.000646554632112, 0.0011746280361, 0.00105587986764, 0.000516116735525, 0.000312113057589, 0.00025212240871, 0.000293088669423, 0.000319970014971, 0.000266888120677, 0.000183557684068, 0.00024012097856, 0.000208380428376, 0.000219023058889, 0.000301255029626, 0.000189583763131, 0.000126776329125, 0.000141391254147, 9.43759441725e-05, 9.20502934605e-05, 2.32313086599e-05, 8.66639766173e-06, 2.27160512623e-08],
        "dmean2": [0.000398812728235, 0.0144787309691, 0.00526958052069, 0.00257105310448, 0.0074796108529, 0.00106519332621, 0.00179606606252, 0.00167534756474, 0.000840519671328, 0.000495869200677, 0.00037929834798, 0.000444625853561, 0.000504214258399, 0.000409762869822, 0.000287813512841, 0.000371932372218, 0.000339962425642, 0.000348530156771, 0.00047600347898, 0.000292213342618, 0.000188412857824, 0.000209579346119, 0.000137570867082, 0.000125927603221, 3.32134841301e-05, 1.40463098433e-05, 3.53336915282e-08],
        "dvar": [3.1341485851e-07, 0.000212592771277, 1.75941750058e-05, 5.6063017837e-06, 8.14437808003e-05, 1.04392540834e-06, 6.257185305e-06, 6.60000205244e-06, 1.83528993603e-06, 5.78726599088e-07, 3.99557791297e-07, 4.534693403e-07, 4.4548815481e-07, 3.07584258508e-07, 2.28252417855e-07, 1.80088804314e-07, 7.99210297941e-08, 1.3112143904e-07, 3.29469145299e-07, 9.3419153302e-08, 1.11360094479e-07, 2.95757075719e-07, 1.55807228452e-07, 1.66975112847e-07, 6.56242171715e-09, 4.56417625916e-10, 6.05877517211e-14],
        "dvar2": [5.84801171044e-07, 0.000563244742807, 5.01194735989e-05, 1.47153341459e-05, 0.00022118621564, 2.6052271096e-06, 1.36554399432e-05, 1.69367922354e-05, 4.55290228274e-06, 1.3431096022e-06, 7.7818765476e-07, 9.33657076985e-07, 1.11209965326e-06, 6.9264905278e-07, 5.11695418481e-07, 4.02383932396e-07, 1.90092265484e-07, 2.49874261726e-07, 7.23335688235e-07, 2.23059601012e-07, 2.15065114162e-07, 5.902020348e-07, 2.9090466569e-07, 3.51446061586e-07, 1.06510542608e-08, 1.10648035179e-09, 1.2976577278e-13],
        "max": [0.00764018064365, 0.0936176106334, 0.0378171205521, 0.0297530442476, 0.0766740068793, 0.0154170552269, 0.0376384705305, 0.0341695435345, 0.0189341269433, 0.0170648936182, 0.0135911135003, 0.0130969742313, 0.010837440379, 0.012233922258, 0.0110965315253, 0.0106573849916, 0.00405261851847, 0.00970557983965, 0.0152133284137, 0.00531281065196, 0.010069266893, 0.0146621204913, 0.0122127970681, 0.0087503073737, 0.00255090300925, 0.000267477415036, 5.42509951629e-06],
        "mean": [0.000291133008432, 0.00952706672251, 0.00489698210731, 0.00217343238182, 0.00644786888734, 0.00147363892756, 0.00238169357181, 0.00170112983324, 0.000788503617514, 0.000544391048606, 0.000459088158095, 0.000552307581529, 0.000540586130228, 0.000464524724521, 0.000324675114825, 0.000507363118231, 0.000422898447141, 0.00045656770817, 0.000621317070909, 0.000408925348893, 0.000274082820397, 0.00028667692095, 0.000193418105482, 0.000161482006661, 4.37806302216e-05, 1.1956398339e-05, 1.76101480065e-08],
        "median": [2.18423265324e-05, 0.00479810591787, 0.00367713999003, 0.00131434411742, 0.00412348099053, 0.000945303356275, 0.000958875229117, 0.000596351164859, 0.00026107361191, 0.000272128323559, 0.000156847207109, 0.000298745231703, 0.000257543695625, 0.000238161912421, 0.00015756340872, 0.000278113759123, 0.000307261536364, 0.000296731857816, 0.000390377390431, 0.000232892241911, 0.000114878253953, 9.950454114e-05, 5.46751907677e-05, 3.47244313161e-05, 1.14598988148e-05, 1.66651670952e-06, 5.07990760568e-10],
        "min": [1.71228634827e-07, 2.04773859878e-05, 1.53170767589e-05, 6.94415803082e-06, 9.03601612663e-05, 2.90199805022e-05, 9.31542035687e-06, 3.19262653647e-06, 6.65934658173e-06, 5.26985695615e-06, 4.49983917861e-06, 8.87300484465e-06, 5.94497396378e-06, 4.46359717898e-06, 4.34813682659e-06, 6.76858599036e-06, 1.25890128402e-05, 5.06993956151e-06, 1.14834519991e-05, 4.27386839874e-06, 5.54375537831e-06, 2.90958018923e-06, 1.80516360615e-06, 6.73365150305e-07, 5.28650794251e-08, 1.0115200344e-10, 7.25883459243e-12],
        "var": [5.86823659887e-07, 0.000191999832168, 2.19656267291e-05, 7.62712761571e-06, 6.97576979292e-05, 2.33786204262e-06, 1.55485140567e-05, 1.0736825061e-05, 3.44392242368e-06, 1.37094411912e-06, 1.38398286254e-06, 9.8415659977e-07, 1.20866309317e-06, 6.92208573128e-07, 5.09612505084e-07, 6.06753019383e-07, 1.85651813922e-07, 3.69110637166e-07, 6.38399569652e-07, 2.58686270627e-07, 2.78296823808e-07, 5.47593515421e-07, 3.22846119616e-07, 3.13587236178e-07, 1.91017317519e-08, 8.15568335089e-10, 5.22800457981e-14]
    },
    "erbbands": {
        "dmean": [0.241233229637, 1.95567369461, 3.63073682785, 4.35618638992, 9.73686218262, 17.5585441589, 7.47481489182, 5.26129055023, 10.2778959274, 27.9776325226, 15.384853363, 9.84515476227, 13.9926605225, 7.71322107315, 10.4911184311, 12.0047359467, 14.0288209915, 13.0992298126, 9.94400024414, 7.99104547501, 14.0455007553, 11.0871982574, 12.0595149994, 17.184551239, 9.27847194672, 8.03115177155, 6.14527082443, 5.04492139816, 5.32371425629, 4.11188554764, 2.44301557541, 1.91928017139, 1.52951455116, 0.381483078003, 0.124338105321, 0.0596554353833, 0.0123580088839, 0.000777554232627, 2.44696693699e-05, 1.65018445841e-05],
        "dmean2": [0.407938927412, 3.41742897034, 6.36905956268, 7.33780145645, 16.6759052277, 30.3648433685, 12.5632829666, 8.64492034912, 15.9251670837, 43.8380966187, 23.8245830536, 16.0021038055, 22.0378494263, 11.7843255997, 16.0465545654, 18.2208747864, 22.0754489899, 19.9279232025, 15.7247104645, 12.1273536682, 21.905380249, 18.0109558105, 19.2946853638, 26.7973079681, 14.6812868118, 12.4799985886, 9.1435251236, 7.5881357193, 8.0078754425, 6.17459726334, 3.469394207, 2.63621640205, 2.05371952057, 0.530583739281, 0.181699708104, 0.0981204286218, 0.0204033683985, 0.00129242392723, 3.85336388717e-05, 2.65514336206e-05],
        "dvar": [0.221820890903, 10.8780889511, 27.4633808136, 40.125, 340.397155762, 1534.82714844, 170.99029541, 90.8074951172, 381.364715576, 4767.31103516, 1390.27416992, 601.892272949, 1341.93444824, 400.450012207, 559.578491211, 603.847839355, 721.940979004, 842.894042969, 460.77456665, 326.564819336, 630.30255127, 243.8565979, 410.801605225, 990.317321777, 317.300567627, 200.359634399, 142.394699097, 241.689926147, 373.686828613, 344.990905762, 96.9012832642, 53.0307006836, 54.5549888611, 2.41318845749, 0.105739213526, 0.0231732428074, 0.000930618378334, 4.32355545854e-06, 3.99642585691e-09, 4.39793007567e-10],
        "dvar2": [0.547961950302, 29.9471817017, 78.5091400146, 105.677383423, 912.14630127, 4252.88769531, 471.408538818, 227.789169312, 840.437561035, 11602.6386719, 3286.66577148, 1450.1953125, 3627.09790039, 838.358642578, 1210.58776855, 1142.69775391, 1693.76062012, 2031.30175781, 1035.81677246, 640.275390625, 1474.63671875, 602.918212891, 864.082702637, 2219.45849609, 628.153686523, 493.917175293, 292.914611816, 488.882080078, 792.20880127, 590.876281738, 185.746398926, 110.824325562, 110.948928833, 3.94514942169, 0.173092707992, 0.0569405481219, 0.00226058112457, 1.03111306089e-05, 8.67049188003e-09, 1.08414244249e-09],
        "max": [3.39325904846, 20.0218715668, 52.6908149719, 84.5069580078, 178.888687134, 365.200439453, 209.211471558, 184.305160522, 287.424133301, 1277.68798828, 717.678405762, 377.545471191, 690.930786133, 565.857116699, 595.287841797, 500.828491211, 416.541412354, 710.444641113, 521.062255859, 389.286560059, 557.990112305, 274.016723633, 587.142089844, 825.885253906, 460.067687988, 305.094940186, 311.721679688, 475.785339355, 429.17010498, 576.07043457, 304.225952148, 159.893753052, 147.239028931, 44.6508827209, 9.67011165619, 1.91225922108, 0.479914933443, 0.0319785885513, 0.00127595383674, 0.000265967537416],
        "mean": [0.248373687267, 2.20559740067, 5.50196504593, 7.45959758759, 14.2509336472, 23.8368988037, 13.1667118073, 12.1270799637, 25.9275150299, 49.3290252686, 26.9914112091, 16.1388721466, 22.4204483032, 14.638253212, 20.1516933441, 23.8389549255, 25.4024848938, 24.6683349609, 19.0763206482, 17.6636219025, 30.5640926361, 24.8062381744, 26.7316112518, 35.951915741, 21.1859607697, 17.773601532, 13.6827020645, 10.4254283905, 10.5246572495, 8.28254318237, 4.8682847023, 3.5742828846, 2.52812623978, 0.716590225697, 0.217427566648, 0.0827499330044, 0.0169108323753, 0.00106538727414, 4.83084113512e-05, 4.52431922895e-05],
        "median": [0.0811469182372, 1.24667680264, 3.93871021271, 4.91061067581, 9.20080184937, 12.9124422073, 8.01235675812, 7.49930047989, 11.0727853775, 19.9493999481, 10.9028978348, 7.01072025299, 9.73001861572, 7.00964975357, 8.96040821075, 12.7879524231, 12.9600381851, 12.6377372742, 10.5102853775, 9.6349697113, 17.8218765259, 18.2091407776, 18.7200832367, 21.9157238007, 13.7821855545, 10.2031507492, 6.13922119141, 4.3635931015, 3.50884866714, 2.48439955711, 1.40005660057, 0.983905076981, 0.419223308563, 0.174417600036, 0.0560602657497, 0.0135697172955, 0.00215979572386, 0.000102849233372, 2.34380186157e-05, 3.85447274311e-05],
        "min": [0.000961839454249, 0.0160530284047, 0.0335671566427, 0.0991687849164, 0.282293230295, 0.372304469347, 0.328233957291, 0.245837688446, 0.144812062383, 0.138993054628, 0.183874487877, 0.31759211421, 0.202841028571, 0.219043433666, 0.199869900942, 0.399270564318, 0.297617197037, 0.23712515831, 0.182076722383, 0.229775086045, 0.454519242048, 0.737899422646, 0.541721880436, 0.580496072769, 0.454143881798, 0.190614715219, 0.131889835, 0.313122302294, 0.122815907001, 0.0737907662988, 0.0433129407465, 0.017413424328, 0.00574391521513, 0.00105826056097, 0.000458237453131, 3.88030566683e-05, 1.10281825982e-05, 2.04854450203e-06, 1.52418817834e-06, 3.00944248011e-06],
        "var": [0.224410906434, 8.84189414978, 28.1199703217, 65.385269165, 310.535552979, 1318.93505859, 216.38911438, 186.885864258, 1433.63647461, 7431.28710938, 2733.49682617, 1089.76184082, 2054.48999023, 1182.81286621, 1777.41918945, 1578.45068359, 1619.56054688, 2308.87768555, 1095.15356445, 997.56072998, 1923.12414551, 587.300048828, 1022.56854248, 2210.90185547, 699.514587402, 539.158081055, 465.693115234, 477.856048584, 629.718078613, 755.824707031, 199.017913818, 110.027526855, 97.9287719727, 6.22118091583, 0.335927158594, 0.0397467836738, 0.00167040666565, 8.07988726592e-06, 6.58914967033e-09, 6.53869014489e-10]
    },
    "gfcc": {
        "mean": [21.295753479, 112.035682678, -125.665481567, 59.4168891907, -59.0865058899, 14.096572876, -36.8558044434, 6.78872203827, -19.6688766479, -3.32665109634, -8.13430309296, -5.38277578354, -11.5806665421],
        "cov": [[1345.29016113, -783.684997559, 81.4375915527, 6.79965496063, -197.96031189, 98.8420181274, -37.7420806885, 113.424888611, -133.26020813, 180.450820923, -169.884124756, 88.417755127, -79.819152832], [-783.684997559, 924.596191406, -218.159225464, -163.737258911, 176.402267456, -135.03503418, 85.7638397217, -125.851669312, 129.212142944, -164.715194702, 148.157577515, -87.2091293335, 73.8496551514], [81.4375915527, -218.159225464, 412.344665527, 59.0140762329, -33.5135345459, 112.968208313, -14.2867031097, 52.919303894, -30.7181873322, 63.2789764404, -53.7058944702, 64.1776046753, -9.20832061768], [6.79965496063, -163.737258911, 59.0140762329, 265.277496338, -13.1568641663, -3.66534018517, -24.5956726074, -19.8631191254, 14.8713626862, -16.5433883667, 17.8410663605, -9.30070877075, 29.1661701202], [-197.96031189, 176.402267456, -33.5135345459, -13.1568641663, 280.599334717, -35.1033706665, 28.1432094574, 34.5985145569, -6.47581291199, 13.0236911774, 30.8911380768, 23.4865493774, 8.72657489777], [98.8420181274, -135.03503418, 112.968208313, -3.66534018517, -35.1033706665, 176.83795166, 33.625038147, 19.5606193542, -27.6961555481, 10.3715896606, -20.266002655, 17.1192302704, 6.52517747879], [-37.7420806885, 85.7638397217, -14.2867031097, -24.5956726074, 28.1432094574, 33.625038147, 127.846893311, 26.2863559723, 1.73423576355, -7.17472839355, 9.76861858368, -4.3910741806, -8.09823703766], [113.424888611, -125.851669312, 52.919303894, -19.8631191254, 34.5985145569, 19.5606193542, 26.2863559723, 125.943511963, -3.09266209602, 62.0557861328, -20.4829902649, 29.2733402252, -22.1999168396], [-133.26020813, 129.212142944, -30.7181873322, 14.8713626862, -6.47581291199, -27.6961555481, 1.73423576355, -3.09266209602, 141.218338013, 19.8873653412, 27.1624927521, -22.5071296692, 15.6823635101], [180.450820923, -164.715194702, 63.2789764404, -16.5433883667, 13.0236911774, 10.3715896606, -7.17472839355, 62.0557861328, 19.8873653412, 137.804199219, -20.5694408417, 42.7697525024, -27.9154376984], [-169.884124756, 148.157577515, -53.7058944702, 17.8410663605, 30.8911380768, -20.266002655, 9.76861858368, -20.4829902649, 27.1624927521, -20.5694408417, 95.3721542358, -1.36914098263, 27.1575469971], [88.417755127, -87.2091293335, 64.1776046753, -9.30070877075, 23.4865493774, 17.1192302704, -4.3910741806, 29.2733402252, -22.5071296692, 42.7697525024, -1.36914098263, 81.4401550293, 8.86267757416], [-79.819152832, 73.8496551514, -9.20832061768, 29.1661701202, 8.72657489777, 6.52517747879, -8.09823703766, -22.1999168396, 15.6823635101, -27.9154376984, 27.1575469971, 8.86267757416, 73.2874069214]],
        "icov": [[0.00192673155107, 0.00112839310896, 0.000795847154222, 0.00024906147155, 0.00079438026296, -2.34551534959e-05, -0.000462921074359, 1.54305125761e-05, 0.000797472894192, -0.00134169717785, 0.00142589898314, -0.000755735207349, -0.000295398349408], [0.00112839310896, 0.0128035731614, -0.00330530968495, 0.0109528452158, -0.00642312085256, 0.00740088475868, -0.00760549772531, 0.0081694368273, -0.00880968291312, 0.00910509005189, -0.00910282321274, 0.00666017690673, -0.00678587146103], [0.000795847154222, -0.00330530968495, 0.00543951056898, -0.00440302724019, 0.0026503035333, -0.00451173074543, 0.00279712188058, -0.00312045915052, 0.00303695700131, -0.00396289536729, 0.00512425601482, -0.0050160526298, 0.00263153575361], [0.00024906147155, 0.0109528452158, -0.00440302724019, 0.0140442540869, -0.0059353094548, 0.00713469041511, -0.00605102488771, 0.00743230618536, -0.0082067893818, 0.00871799141169, -0.00954622682184, 0.00756118725985, -0.00755387125537], [0.00079438026296, -0.00642312085256, 0.0026503035333, -0.0059353094548, 0.0084655219689, -0.00309562054463, 0.00302770268172, -0.00583379855379, 0.00624089455232, -0.0063949553296, 0.00498278113082, -0.0051834974438, 0.00287676113658], [-2.34551534959e-05, 0.00740088475868, -0.00451173074543, 0.00713469041511, -0.00309562054463, 0.0127111636102, -0.00719079421833, 0.00476776901633, -0.00414002873003, 0.00548682780936, -0.0056526735425, 0.00503123458475, -0.00654087727889], [-0.000462921074359, -0.00760549772531, 0.00279712188058, -0.00605102488771, 0.00302770268172, -0.00719079421833, 0.014333717525, -0.00740949017927, 0.00461497530341, -0.00380979781039, 0.00423456728458, -0.00376642751507, 0.00598598364741], [1.54305125761e-05, 0.0081694368273, -0.00312045915052, 0.00743230618536, -0.00583379855379, 0.00476776901633, -0.00740949017927, 0.0174594875425, -0.00631094956771, 0.00256232265383, -0.00515707302839, 0.00319127435796, -0.00297351833433], [0.000797472894192, -0.00880968291312, 0.00303695700131, -0.0082067893818, 0.00624089455232, -0.00414002873003, 0.00461497530341, -0.00631094956771, 0.0169926024973, -0.0121579226106, 0.00576565600932, -0.00100959953852, 0.00133561482653], [-0.00134169717785, 0.00910509005189, -0.00396289536729, 0.00871799141169, -0.0063949553296, 0.00548682780936, -0.00380979781039, 0.00256232265383, -0.0121579226106, 0.0222877394408, -0.00798658281565, -0.000321813713526, 0.00011402220116], [0.00142589898314, -0.00910282321274, 0.00512425601482, -0.00954622682184, 0.00498278113082, -0.0056526735425, 0.00423456728458, -0.00515707302839, 0.00576565600932, -0.00798658281565, 0.0233996920288, -0.00863619800657, 0.00208178558387], [-0.000755735207349, 0.00666017690673, -0.0050160526298, 0.00756118725985, -0.0051834974438, 0.00503123458475, -0.00376642751507, 0.00319127435796, -0.00100959953852, -0.000321813713526, -0.00863619800657, 0.024987693876, -0.0101820454001], [-0.000295398349408, -0.00678587146103, 0.00263153575361, -0.00755387125537, 0.00287676113658, -0.00654087727889, 0.00598598364741, -0.00297351833433, 0.00133561482653, 0.00011402220116, 0.00208178558387, -0.0101820454001, 0.023716038093]]
    },
    "melbands": {
        "dmean": [0.00225716689602, 0.00209355307743, 0.000781916896813, 0.00106595957186, 0.000360501464456, 0.000119959062431, 0.000179063601536, 0.000299427221762, 0.000109320382762, 6.81873571011e-05, 7.01722601661e-05, 3.18110505759e-05, 3.70627967641e-05, 2.7256026442e-05, 4.20048017986e-05, 2.82503697235e-05, 2.58741274592e-05, 1.75716104422e-05, 1.41891878229e-05, 1.22354467749e-05, 1.86815977941e-05, 1.25616888909e-05, 1.34433430503e-05, 1.02876920209e-05, 1.62654141604e-05, 9.56579970079e-06, 7.17253124094e-06, 5.43829355593e-06, 4.75101978736e-06, 3.42840735357e-06, 3.01582872453e-06, 3.27964016833e-06, 2.61584364125e-06, 2.33813784689e-06, 1.63280185461e-06, 1.16388468996e-06, 1.23706763588e-06, 1.28070939809e-06, 6.09403230101e-07, 2.57899330336e-07],
        "dmean2": [0.00380241847597, 0.00369699578732, 0.00132110563572, 0.00185605185106, 0.000603658496402, 0.000196923632757, 0.000274978490779, 0.000471241859486, 0.000169553197338, 0.000110181761556, 0.000110265878902, 4.89601552545e-05, 5.58824867767e-05, 4.13709749409e-05, 6.41223450657e-05, 4.55505905848e-05, 3.94326234527e-05, 2.74326594081e-05, 2.19786088564e-05, 1.83612573892e-05, 2.94098099403e-05, 2.07095163205e-05, 2.19436060434e-05, 1.6784077161e-05, 2.56601724686e-05, 1.55016205099e-05, 1.12299867396e-05, 8.48388390295e-06, 7.41012399885e-06, 5.25994209966e-06, 4.63024252895e-06, 5.05963316755e-06, 3.87931868318e-06, 3.67444818039e-06, 2.42063242695e-06, 1.72752186245e-06, 1.70031398739e-06, 1.74980436896e-06, 8.89079785793e-07, 3.74445477291e-07],
        "dvar": [1.66095232998e-05, 9.81989342108e-06, 1.1622803413e-06, 5.61789283893e-06, 4.06461253988e-07, 4.14200052035e-08, 1.18966717366e-07, 5.2646231552e-07, 7.32510372359e-08, 3.06428553642e-08, 3.27092060104e-08, 7.81401698902e-09, 8.62550209035e-09, 3.1060645167e-09, 9.18846687625e-09, 4.7705466244e-09, 3.01646685408e-09, 1.47427059449e-09, 1.63533520059e-09, 3.27391030952e-10, 1.3392600362e-09, 3.46160988762e-10, 3.47698786429e-10, 3.5246092156e-10, 9.42102396095e-10, 2.87460916182e-10, 1.87195314805e-10, 9.30303681312e-11, 6.80094799921e-11, 8.87522347282e-11, 8.71477889852e-11, 1.12855357004e-10, 1.19991488967e-10, 1.09547967919e-10, 5.11475167775e-11, 1.30149276772e-11, 2.43794064797e-11, 3.95985536028e-11, 7.84466328702e-12, 9.10773735076e-13],
        "dvar2": [4.26020851592e-05, 2.76847822533e-05, 3.06680158246e-06, 1.52725078806e-05, 1.12113866635e-06, 1.00753524634e-07, 2.55351949363e-07, 1.30996863845e-06, 1.70077001371e-07, 7.37880299084e-08, 8.72753176395e-08, 1.63204809667e-08, 1.75783156919e-08, 5.85828141553e-09, 1.88730808759e-08, 1.29895587619e-08, 7.0320940182e-09, 3.20877524551e-09, 3.76180064876e-09, 6.56441789815e-10, 3.07954550749e-09, 8.75239103415e-10, 8.49827097582e-10, 6.9215300158e-10, 2.21089191399e-09, 5.80141157336e-10, 4.55078419392e-10, 2.32748223472e-10, 1.65081504022e-10, 1.77487094466e-10, 1.77251213707e-10, 2.42599829114e-10, 2.32119906629e-10, 1.92967891666e-10, 1.08887045214e-10, 2.44661357146e-11, 5.37408277601e-11, 8.35359420526e-11, 1.5264164932e-11, 1.53470508871e-12],
        "max": [0.0286351460963, 0.0274071246386, 0.0118873557076, 0.0202257335186, 0.00771624408662, 0.00363386468962, 0.00485664000735, 0.0131605183706, 0.00476399622858, 0.00289559946395, 0.00342444283888, 0.00238024047576, 0.00219959532842, 0.00185016042087, 0.00223345635459, 0.00122884928714, 0.00133001920767, 0.000749257043935, 0.000812131795101, 0.000344470929122, 0.000771407561842, 0.000316411402309, 0.000424383557402, 0.00047839738545, 0.000744859687984, 0.000428425875725, 0.000242619396886, 0.00019952414732, 0.000166150392033, 0.000264489324763, 0.000280922075035, 0.000233114391449, 0.000286502501694, 0.000313785101753, 0.000223748051212, 6.16571414866e-05, 0.000109981679998, 0.000130660409923, 5.59392319701e-05, 3.14435819746e-05],
        "mean": [0.00244945613667, 0.00301447813399, 0.00142418930773, 0.00147023645695, 0.00060524296714, 0.000285789894406, 0.000427865918027, 0.000521926791407, 0.000184969831025, 0.000106193489046, 0.000111655819637, 5.68053183088e-05, 6.78633223288e-05, 5.45119182789e-05, 7.18105511623e-05, 4.91906685056e-05, 4.56938651041e-05, 3.12820557156e-05, 2.48534888669e-05, 2.53756552411e-05, 3.81862773793e-05, 2.39030596276e-05, 2.68890798907e-05, 2.08149849641e-05, 3.16818150168e-05, 1.83529155038e-05, 1.36473818202e-05, 1.10553719423e-05, 9.56547955866e-06, 6.40545249553e-06, 5.86339319852e-06, 6.25511120234e-06, 4.90320780955e-06, 4.4531839194e-06, 2.88155342787e-06, 2.30553655456e-06, 2.09919608096e-06, 2.0315474103e-06, 1.02786498246e-06, 4.51970521453e-07],
        "median": [0.00106078246608, 0.00213079201058, 0.0010608608136, 0.000906454515643, 0.000362897204468, 0.000172543615918, 0.000190857987036, 0.000219584835577, 6.75574847264e-05, 4.13613743149e-05, 4.70567974844e-05, 2.54301576206e-05, 2.4940683943e-05, 3.0875653465e-05, 3.46680608345e-05, 2.36334490182e-05, 2.25064832193e-05, 1.65280634974e-05, 1.1247087059e-05, 1.49238603626e-05, 2.10824273381e-05, 1.67874786712e-05, 1.90076261788e-05, 1.253308983e-05, 1.81294108188e-05, 1.14683871288e-05, 6.38862729829e-06, 6.06098546996e-06, 4.2605111048e-06, 2.52089603237e-06, 2.32921775023e-06, 2.0349107217e-06, 1.62610911048e-06, 1.20120216707e-06, 7.44804481201e-07, 6.82945653807e-07, 5.48804166556e-07, 3.11927607299e-07, 1.89094350844e-07, 1.22020594517e-07],
        "min": [5.25376890437e-06, 4.8622754548e-05, 2.30791483773e-05, 1.95152915694e-05, 1.23251402329e-05, 3.2878285765e-06, 1.96877635972e-06, 1.41647387863e-06, 1.59055480253e-06, 1.21327298075e-06, 8.36080118916e-07, 5.96769837102e-07, 6.41428812287e-07, 9.2691266218e-07, 8.30904809845e-07, 5.1663295153e-07, 4.24511313213e-07, 2.78052084468e-07, 3.09663391818e-07, 4.07808272485e-07, 3.12201336783e-07, 6.75851197229e-07, 6.31203249668e-07, 8.09738907037e-08, 4.60395426671e-07, 3.8031075178e-07, 1.44264234336e-07, 1.23158244492e-07, 6.70060842367e-08, 8.87374653757e-08, 1.03361578851e-07, 7.89247565081e-08, 3.63019836414e-08, 3.87176477545e-08, 2.42656970073e-08, 1.32343247472e-08, 8.12818434781e-09, 1.60688984341e-09, 1.20348842003e-09, 3.27026357383e-11],
