{
"highlevel": {
    "danceability": {
        "all": {
            "danceable": 0.997729361057,
            "not_danceable": 0.00227065873332
        },
        "probability": 0.997729361057,
        "value": "danceable"
    },
    "gender": {
        "all": {
            "female": 0.534873843193,
            "male": 0.465126156807
        },
        "probability": 0.534873843193,
        "value": "female"
    },
    "genre_dortmund": {
        "all": {
            "alternative": 0.0389714241028,
            "blues": 0.0444093421102,
            "electronic": 0.0434953570366,
            "folkcountry": 0.029951678589,
            "funksoulrnb": 0.102128185332,
            "jazz": 0.147467911243,
            "pop": 0.0564753934741,
            "raphiphop": 0.392130792141,
            "rock": 0.144969910383
        },
        "probability": 0.392130792141,
        "value": "raphiphop"
    },
    "genre_electronic": {
        "all": {
            "ambient": 0.433893501759,
            "dnb": 0.173553392291,
            "house": 0.154528036714,
            "techno": 0.023906879127,
            "trance": 0.214118167758
        },
        "probability": 0.433893501759,
        "value": "ambient"
    },
    "genre_rosamerica": {
        "all": {
            "cla": 0.00459483452141,
            "dan": 0.136996418238,
            "hip": 0.0983900353312,
            "jaz": 0.0186205506325,
            "pop": 0.629884839058,
            "rhy": 0.0815203562379,
            "roc": 0.0197881627828,
            "spe": 0.0102048208937
        },
        "probability": 0.629884839058,
        "value": "pop"
    },
    "genre_tzanetakis": {
        "all": {
            "blu": 2.14496795976e-14,
            "cla": 1.17827458334e-14,
            "cou": 1.89000731569e-14,
            "dis": 1.53026276682e-14,
            "hip": 4.30095209122e-14,
            "jaz": 0.999999880791,
            "met": 2.0000017642e-08,
            "pop": 2.0000017642e-08,
            "reg": 1.66666822565e-08,
            "roc": 5.00000432169e-08
        },
        "probability": 0.999999880791,
        "value": "jaz"
    },
    "ismir04_rhythm": {
        "all": {
            "ChaChaCha": 0.0242177657783,
            "Jive": 0.0436922498047,
            "Quickstep": 0.285063832998,
            "Rumba-American": 0.0155773153529,
            "Rumba-International": 0.0558912418783,
            "Rumba-Misc": 0.00849093031138,
            "Samba": 0.543572306633,
            "Tango": 0.00632687658072,
            "VienneseWaltz": 0.0121160699055,
            "Waltz": 0.00505139678717
        },
        "probability": 0.543572306633,
        "value": "Samba"
    },
    "mood_acoustic": {
        "all": {
            "acoustic": 0.148609489202,
            "not_acoustic": 0.851390480995
        },
        "probability": 0.851390480995,
        "value": "not_acoustic"
    },
    "mood_aggressive": {
        "all": {
            "aggressive": 0.280827462673,
            "not_aggressive": 0.719172537327
        },
        "probability": 0.719172537327,
        "value": "not_aggressive"
    },
    "mood_electronic": {
        "all": {
            "electronic": 0.777787923813,
            "not_electronic": 0.222212091088
        },
        "probability": 0.777787923813,
        "value": "electronic"
    },
    "mood_happy": {
        "all": {
            "happy": 0.760859191418,
            "not_happy": 0.239140808582
        },
        "probability": 0.760859191418,
        "value": "happy"
    },
    "mood_party": {
        "all": {
            "not_party": 0.273906320333,
            "party": 0.726093709469
        },
        "probability": 0.726093709469,
        "value": "party"
    },
    "mood_relaxed": {
        "all": {
            "not_relaxed": 0.478657394648,
            "relaxed": 0.521342635155
        },
        "probability": 0.521342635155,
        "value": "relaxed"
    },
    "mood_sad": {
        "all": {
            "not_sad": 0.542626142502,
            "sad": 0.457373827696
        },
        "probability": 0.542626142502,
        "value": "not_sad"
    },
    "moods_mirex": {
        "all": {
            "Cluster1": 0.385529994965,
            "Cluster2": 0.214036032557,
            "Cluster3": 0.124430969357,
            "Cluster4": 0.193015068769,
            "Cluster5": 0.0829879567027
        },
        "probability": 0.385529994965,
        "value": "Cluster1"
    },
    "timbre": {
        "all": {
            "bright": 0.641236960888,
            "dark": 0.358763068914
        },
        "probability": 0.641236960888,
        "value": "bright"
    },
    "tonal_atonal": {
        "all": {
            "atonal": 0.203013390303,
            "tonal": 0.796986579895
        },
        "probability": 0.796986579895,
        "value": "tonal"
    },
    "voice_instrumental": {
        "all": {
            "instrumental": 0.00175204593688,
            "voice": 0.998247981071
        },
        "probability": 0.998247981071,
        "value": "voice"
    }
},
"lowlevel": {
    "average_loudness": 0.977109670639,
    "barkbands_crest": {
        "dmean": 3.40383124352,
        "dmean2": 5.24583005905,
        "dvar": 8.87907028198,
        "dvar2": 20.0140895844,
        "max": 25.9066104889,
        "mean": 11.4747724533,
        "median": 10.2513141632,
        "min": 2.77635645866,
        "var": 24.2333641052
    },
    "barkbands_flatness_db": {
        "dmean": 0.0308858286589,
        "dmean2": 0.0440074838698,
        "dvar": 0.000795773230493,
        "dvar2": 0.00149549753405,
        "max": 0.387833178043,
        "mean": 0.150784596801,
        "median": 0.14939302206,
        "min": 0.0313461385667,
        "var": 0.00263846013695
    },
    "barkbands_kurtosis": {
        "dmean": 4.66280984879,
        "dmean2": 6.97135066986,
        "dvar": 132.666534424,
        "dvar2": 296.098236084,
        "max": 230.061264038,
        "mean": 5.08145475388,
        "median": 1.48893022537,
        "min": -1.87843310833,
        "var": 188.069839478
    },
    "barkbands_skewness": {
        "dmean": 0.764435946941,
        "dmean2": 1.06668436527,
        "dvar": 0.774897634983,
        "dvar2": 1.60427117348,
        "max": 12.9749336243,
        "mean": 1.58816421032,
        "median": 1.27037405968,
        "min": -3.10021495819,
        "var": 2.35854387283
    },
    "barkbands_spread": {
        "dmean": 9.56876373291,
        "dmean2": 14.15670681,
        "dvar": 127.617927551,
        "dvar2": 240.358779907,
        "max": 103.864822388,
        "mean": 25.6963214874,
        "median": 21.5874538422,
        "min": 0.555338561535,
        "var": 254.91242981
    },
    "dissonance": {
        "dmean": 0.0232270620763,
        "dmean2": 0.0383340455592,
        "dvar": 0.00049492972903,
        "dvar2": 0.0012646013638,
        "max": 0.499991953373,
        "mean": 0.455299466848,
        "median": 0.462280988693,
        "min": 0.327359616756,
        "var": 0.000962874270044
    },
    "dynamic_complexity": 1.86093771458,
    "erbbands_crest": {
        "dmean": 2.99374175072,
        "dmean2": 4.75486898422,
        "dvar": 7.20016813278,
        "dvar2": 16.5794715881,
        "max": 27.0578155518,
        "mean": 9.68601322174,
        "median": 8.78314876556,
        "min": 2.37799048424,
        "var": 20.797334671
    },
    "erbbands_flatness_db": {
        "dmean": 0.0236199144274,
        "dmean2": 0.031553722918,
        "dvar": 0.000514563114848,
        "dvar2": 0.000851890363265,
        "max": 0.312806963921,
        "mean": 0.154650360346,
        "median": 0.151826664805,
        "min": 0.0550587587059,
        "var": 0.0025027859956
    },
    "erbbands_kurtosis": {
        "dmean": 1.18468654156,
        "dmean2": 1.78075873852,
        "dvar": 2.60102701187,
        "dvar2": 5.19719696045,
        "max": 25.4740276337,
        "mean": 0.668582499027,
        "median": -0.00423550605774,
        "min": -1.73446881771,
        "var": 5.33147859573
    },
    "erbbands_skewness": {
        "dmean": 0.447807699442,
        "dmean2": 0.649105191231,
        "dvar": 0.206864863634,
        "dvar2": 0.383763790131,
        "max": 2.75323057175,
        "mean": 0.361375033855,
        "median": 0.436730414629,
        "min": -4.54791069031,
        "var": 0.711594164371
    },
    "erbbands_spread": {
        "dmean": 13.6596517563,
        "dmean2": 18.8890209198,
        "dvar": 200.529373169,
        "dvar2": 411.209381104,
        "max": 142.478240967,
        "mean": 44.4822807312,
        "median": 38.3579025269,
        "min": 7.90451622009,
        "var": 631.022705078
    },
    "hfc": {
        "dmean": 16.167930603,
        "dmean2": 22.9690341949,
        "dvar": 607.272277832,
        "dvar2": 1332.82873535,
        "max": 191.404586792,
        "mean": 30.8397674561,
        "median": 22.244644165,
        "min": 0.608579039574,
        "var": 895.391601562
    },
    "melbands_crest": {
        "dmean": 3.96065926552,
        "dmean2": 6.24813079834,
        "dvar": 12.9965171814,
        "dvar2": 30.646987915,
        "max": 34.9242248535,
        "mean": 15.6425905228,
        "median": 15.0646829605,
        "min": 3.56956410408,
        "var": 34.6355018616
    },
    "melbands_flatness_db": {
        "dmean": 0.0363730490208,
        "dmean2": 0.0501744672656,
        "dvar": 0.00114542525262,
        "dvar2": 0.00211423542351,
        "max": 0.489918529987,
        "mean": 0.19436390698,
        "median": 0.19065284729,
        "min": 0.0316489115357,
        "var": 0.0046379128471
    },
    "melbands_kurtosis": {
        "dmean": 12.1648006439,
        "dmean2": 18.2019710541,
        "dvar": 610.11895752,
        "dvar2": 1280.53723145,
        "max": 371.532318115,
        "mean": 18.3464832306,
        "median": 6.68483352661,
        "min": -1.69275987148,
        "var": 1102.9855957
    },
    "melbands_skewness": {
        "dmean": 1.07541465759,
        "dmean2": 1.52352464199,
        "dvar": 1.47635817528,
        "dvar2": 2.90886473656,
        "max": 15.3864898682,
        "mean": 2.89660453796,
        "median": 2.25229120255,
        "min": -1.49321627617,
        "var": 5.10521459579
    },
    "melbands_spread": {
        "dmean": 11.2503662109,
        "dmean2": 16.5204429626,
        "dvar": 369.045196533,
        "dvar2": 670.919799805,
        "max": 264.067230225,
        "mean": 27.4229259491,
        "median": 21.810880661,
        "min": 0.584794223309,
        "var": 778.578186035
    },
    "pitch_salience": {
        "dmean": 0.0883767753839,
        "dmean2": 0.135279580951,
        "dvar": 0.00661554653198,
        "dvar2": 0.0143006341532,
        "max": 0.833240330219,
        "mean": 0.500762939453,
        "median": 0.502039670944,
        "min": 0.0678972154856,
        "var": 0.0196963176131
    },
    "silence_rate_20dB": {
        "dmean": 0,
        "dmean2": 0,
        "dvar": 0,
        "dvar2": 0,
        "max": 1,
        "mean": 1,
        "median": 1,
        "min": 1,
        "var": 0
    },
    "silence_rate_30dB": {
        "dmean": 0.00464396271855,
        "dmean2": 0.00929511990398,
        "dvar": 0.00462237931788,
        "dvar2": 0.0123071456328,
        "max": 1,
        "mean": 0.996906399727,
        "median": 1,
        "min": 0,
        "var": 0.00308400508948
    },
    "silence_rate_60dB": {
        "dmean": 0.0139318881556,
        "dmean2": 0.0278853606433,
        "dvar": 0.0137378331274,
        "dvar2": 0.0302063263953,
        "max": 1,
        "mean": 0.0208816714585,
        "median": 0,
        "min": 0,
        "var": 0.0204456429929
    },
    "spectral_centroid": {
        "dmean": 368.751556396,
        "dmean2": 532.779968262,
        "dvar": 178155.921875,
        "dvar2": 318115.875,
        "max": 5825.17626953,
        "mean": 1474.48596191,
        "median": 1332.66931152,
        "min": 260.443817139,
        "var": 554784.625
    },
    "spectral_complexity": {
        "dmean": 5.81346750259,
        "dmean2": 8.595662117,
        "dvar": 53.7149887085,
        "dvar2": 101.628639221,
        "max": 58,
        "mean": 18.0827541351,
        "median": 15,
        "min": 2,
        "var": 105.61656189
    },
    "spectral_decrease": {
        "dmean": 3.35946692687e-09,
        "dmean2": 5.10504616358e-09,
        "dvar": 1.82273466597e-17,
        "dvar2": 3.73842855093e-17,
        "max": -9.83864378856e-11,
        "mean": -8.96875196332e-09,
        "median": -7.44601669211e-09,
        "min": -3.42034915946e-08,
        "var": 4.25610266281e-17
    },
    "spectral_energy": {
        "dmean": 0.0134820379317,
        "dmean2": 0.0206496734172,
        "dvar": 0.000291742762784,
        "dvar2": 0.000601273786742,
        "max": 0.131704956293,
        "mean": 0.036647349596,
        "median": 0.0302597228438,
        "min": 0.000443795433966,
        "var": 0.000664959894493
    },
    "spectral_energyband_high": {
        "dmean": 0.0015482037561,
        "dmean2": 0.00222876854241,
        "dvar": 6.59010720483e-06,
        "dvar2": 1.36093449328e-05,
        "max": 0.0182963646948,
        "mean": 0.00202213111334,
        "median": 0.000685533101205,
        "min": 5.21727270097e-06,
        "var": 1.00561455838e-05
    },
    "spectral_energyband_low": {
        "dmean": 0.00865474436432,
        "dmean2": 0.0134442327544,
        "dvar": 0.000237524785916,
        "dvar2": 0.000492911203764,
        "max": 0.115913331509,
        "mean": 0.0162959787995,
        "median": 0.0095442943275,
        "min": 2.09867081935e-07,
        "var": 0.000510767975356
    },
    "spectral_energyband_middle_high": {
        "dmean": 0.00255818804726,
        "dmean2": 0.00385996652767,
        "dvar": 9.69351276581e-06,
        "dvar2": 2.16404860112e-05,
        "max": 0.028105719015,
        "mean": 0.00633185310289,
        "median": 0.00501010101289,
        "min": 0.000105859915493,
        "var": 2.80936073978e-05
    },
    "spectral_energyband_middle_low": {
        "dmean": 0.00656454637647,
        "dmean2": 0.0102398758754,
        "dvar": 9.04319749679e-05,
        "dvar2": 0.00021935866971,
        "max": 0.0641495287418,
        "mean": 0.0128746284172,
        "median": 0.00934036727995,
        "min": 9.0790563263e-05,
        "var": 0.000136666669277
    },
    "spectral_entropy": {
        "dmean": 0.239031881094,
        "dmean2": 0.306419640779,
        "dvar": 0.0482534728944,
        "dvar2": 0.0785844475031,
        "max": 8.62267971039,
        "mean": 7.64785957336,
        "median": 7.63799142838,
        "min": 6.49278068542,
        "var": 0.190281957388
    },
    "spectral_flux": {
        "dmean": 0.0382430367172,
        "dmean2": 0.0600365847349,
        "dvar": 0.00172200286761,
        "dvar2": 0.00369126372971,
        "max": 0.335311710835,
        "mean": 0.104065611959,
        "median": 0.0908102914691,
        "min": 0.011033414863,
        "var": 0.00351749127731
    },
    "spectral_kurtosis": {
        "dmean": 1.27451848984,
        "dmean2": 1.93587779999,
        "dvar": 1.73801910877,
        "dvar2": 3.8732521534,
        "max": 13.9577579498,
        "mean": 2.88092803955,
        "median": 2.46806621552,
        "min": -1.29477858543,
        "var": 4.67391347885
    },
    "spectral_rms": {
        "dmean": 0.00110027345363,
        "dmean2": 0.00164764525834,
        "dvar": 1.58368038683e-06,
        "dvar2": 2.95500535685e-06,
        "max": 0.0113354595378,
        "mean": 0.00559172173962,
        "median": 0.00543338572606,
        "min": 0.00065800541779,
        "var": 4.48616447102e-06
    },
    "spectral_rolloff": {
        "dmean": 847.745727539,
        "dmean2": 1387.84851074,
        "dvar": 1859158.25,
        "dvar2": 3580066.5,
        "max": 10163.671875,
        "mean": 1690.39941406,
        "median": 1119.7265625,
        "min": 64.599609375,
        "var": 3149871.25
    },
    "spectral_skewness": {
        "dmean": 0.247915044427,
        "dmean2": 0.353220641613,
        "dvar": 0.0508586540818,
        "dvar2": 0.0920694544911,
        "max": 3.35109567642,
        "mean": 1.33364498615,
        "median": 1.34765863419,
        "min": -0.3130838871,
        "var": 0.199681594968
    },
    "spectral_spread": {
        "dmean": 803059.9375,
        "dmean2": 1092312,
        "dvar": 759084351488,
        "dvar2": 1.36117682176e+12,
        "max": 12484424,
        "mean": 5488307,
        "median": 5350996.5,
        "min": 2301178.75,
        "var": 2.79543257498e+12
    },
    "spectral_strongpeak": {
        "dmean": 0.719731688499,
        "dmean2": 1.25237262249,
        "dvar": 1.26221764088,
        "dvar2": 3.08633494377,
        "max": 9.35221672058,
        "mean": 1.11812114716,
        "median": 0.643146514893,
        "min": 0.0244055315852,
        "var": 1.59795403481
    },
    "zerocrossingrate": {
        "dmean": 0.0183736607432,
        "dmean2": 0.0198410116136,
        "dvar": 0.000383074220736,
        "dvar2": 0.000372665992472,
        "max": 0.36328125,
        "mean": 0.0699073001742,
        "median": 0.06103515625,
        "min": 0.005859375,
        "var": 0.0019290301716
    },
    "barkbands": {
        "dmean": [0.00036972280941, 0.00792084634304, 0.00286184740253, 0.00171675719321, 0.00361932511441, 0.000730583618861, 0.00123450660612, 0.00120793376118, 0.000578484789003, 0.000521957292221, 0.000315822660923, 0.000933737843297, 0.000389449327486, 0.000424141704571, 0.000220674133743, 0.000183353855391, 0.000298105558613, 0.000261503766524, 0.000285292888293, 0.000236736406805, 0.000226846357691, 0.000338289595675, 0.00034782954026, 0.000331161922077, 0.000233697312069, 0.000118486794236, 4.64678066692e-07],
        "dmean2": [0.000586358830333, 0.0124507024884, 0.00497681647539, 0.00312879937701, 0.00526133133098, 0.00120967219118, 0.00196454580873, 0.00180725718383, 0.000823671929538, 0.000788959092461, 0.000487358047394, 0.00134990329389, 0.000613887270447, 0.0006677704514, 0.000327995890984, 0.000293486111332, 0.00051359605277, 0.000424500118243, 0.000445610174211, 0.000383337988751, 0.000348539673723, 0.000504854950123, 0.000511647958774, 0.000468311511213, 0.000352405215381, 0.00018261995865, 7.88498766724e-07],
        "dvar": [4.00509293286e-07, 0.000232361839153, 6.76119161653e-05, 3.01941909129e-05, 3.70230627595e-05, 2.44293664764e-06, 4.91741502628e-06, 3.78562117476e-06, 1.65310461853e-06, 1.2291047824e-06, 4.39755098114e-07, 2.76217883766e-06, 6.54507005038e-07, 8.76642616277e-07, 2.45414469191e-07, 1.53007150061e-07, 4.27898385169e-07, 1.93420007122e-07, 1.83560132427e-07, 1.98147461106e-07, 1.65483982073e-07, 3.43663174363e-07, 3.76369484911e-07, 3.53273406972e-07, 2.83396218492e-07, 9.69459392763e-08, 2.11579213351e-12],
        "dvar2": [9.6787982784e-07, 0.000505237665493, 0.000182653879165, 8.64837056724e-05, 7.61669361964e-05, 5.77550417802e-06, 1.12259504021e-05, 7.69990492699e-06, 3.02338094116e-06, 2.46321087616e-06, 9.31448084884e-07, 5.4036304391e-06, 1.50807659338e-06, 1.99458804673e-06, 4.88959528866e-07, 3.62759834616e-07, 1.18418529382e-06, 4.92579374622e-07, 4.54553259033e-07, 4.98563963447e-07, 3.61457750842e-07, 7.47707872506e-07, 7.67158212511e-07, 6.9401158953e-07, 6.51520053907e-07, 2.19746482344e-07, 5.28706809236e-12],
        "max": [0.0067075304687, 0.112885706127, 0.0694691687822, 0.0466135591269, 0.0597840771079, 0.0194168798625, 0.0290419552475, 0.0259889829904, 0.0165956541896, 0.0151849808171, 0.00783608015627, 0.0198149457574, 0.0111821033061, 0.0157544091344, 0.00853690970689, 0.00742389122024, 0.007700052578, 0.0050741690211, 0.00376081489958, 0.00429140217602, 0.00339705985971, 0.00472339708358, 0.00502235861495, 0.00718279881403, 0.00431913184002, 0.00280943303369, 1.65394394571e-05],
        "mean": [0.000616898352746, 0.012076003477, 0.00281242653728, 0.00144779728726, 0.00526838842779, 0.0010026213713, 0.00163216865622, 0.00233991490677, 0.00104943977203, 0.000976622337475, 0.00041854113806, 0.001959458692, 0.000599786173552, 0.000605434179306, 0.000314403267112, 0.000224362185691, 0.000323851592839, 0.00036222874769, 0.000402410922106, 0.000320372724673, 0.000291807431495, 0.000393534486648, 0.000437372509623, 0.00041628931649, 0.000245834438829, 0.000109028485895, 3.40378988994e-07],
        "median": [0.000209353704122, 0.00653723813593, 0.000729072722606, 0.000336757890182, 0.00156515219714, 0.00036999740405, 0.0005713737919, 0.000788440462202, 0.000321608851664, 0.000302429340081, 0.000110285887786, 0.00036165639176, 0.000178839211003, 0.000176777408342, 0.00010572730389, 8.50401047501e-05, 0.000124832746224, 0.000163102158695, 0.000225839568884, 0.000108773856482, 0.000112490160973, 9.0406385425e-05, 0.000130386732053, 0.000120715318189, 5.63155153941e-05, 1.12846928459e-05, 1.32244426521e-09],
        "min": [1.60690638573e-09, 1.85160740074e-08, 2.62354529212e-08, 7.05411267177e-08, 6.22568620656e-07, 1.84449345397e-06, 6.82319614498e-06, 5.83619657846e-06, 3.38254176313e-06, 5.42520319868e-06, 7.79999652423e-07, 1.48768060626e-06, 2.57358328781e-06, 1.88819012692e-06, 1.6520839381e-06, 1.09039422114e-06, 1.87560942777e-06, 2.83510348709e-06, 1.00386591839e-06, 5.96822701482e-07, 3.56789286116e-07, 6.62513400584e-07, 2.95674539075e-07, 1.10301073164e-07, 3.05890672792e-08, 5.68060052122e-12, 4.84225897227e-12],
        "var": [8.59327030867e-07, 0.000373958377168, 5.13170634804e-05, 1.78860573214e-05, 7.0030153438e-05, 4.00095859732e-06, 8.60181626194e-06, 1.3231399862e-05, 4.76335890198e-06, 3.84964414479e-06, 8.00540192358e-07, 1.1034747331e-05, 1.24626569686e-06, 1.72209990978e-06, 4.9114862577e-07, 1.83126857678e-07, 3.40291308021e-07, 2.47852938173e-07, 2.46997814202e-07, 2.64768885927e-07, 2.35120680259e-07, 5.12553071985e-07, 5.68389793898e-07, 6.4258756538e-07, 3.17901282187e-07, 9.92952564616e-08, 1.68342488387e-12]
    },
    "erbbands": {
        "dmean": [0.239987939596, 1.81720030308, 2.90958833694, 4.84655761719, 9.13625431061, 13.9665622711, 5.46793699265, 6.6045126915, 13.5430049896, 23.5356693268, 23.6239814758, 11.9385929108, 16.0868473053, 11.225151062, 20.1807613373, 30.1898937225, 17.3372306824, 21.8167514801, 13.1372509003, 10.5528383255, 11.1659288406, 17.1682052612, 14.3197383881, 15.0287208557, 13.9855327606, 10.1992435455, 8.63823413849, 10.266415596, 11.8227558136, 11.5694007874, 9.87190341949, 6.7298784256, 5.87866401672, 2.97758221626, 1.42138898373, 0.706131696701, 0.174783200026, 0.0162541177124, 0.000365229410818, 3.74409646611e-05],
        "dmean2": [0.378625899553, 2.84716033936, 4.77399635315, 8.7118434906, 14.5839710236, 19.9212341309, 8.76437664032, 10.6470527649, 21.6766815186, 37.6229934692, 33.2439727783, 17.2799415588, 24.1691436768, 16.9397411346, 29.917263031, 43.2831497192, 26.7532348633, 34.5116844177, 20.4706516266, 15.7546443939, 17.8781814575, 29.3623561859, 23.3267059326, 23.9224090576, 22.0820903778, 16.3101558685, 13.1150903702, 15.6817588806, 17.8643741608, 17.193944931, 14.4866113663, 9.52735996246, 8.87672233582, 4.50055027008, 2.17482829094, 1.09118366241, 0.270048946142, 0.0263832006603, 0.000578402017709, 5.75536396354e-05],
        "dvar": [0.15985237062, 14.0227966309, 58.6702537537, 209.376907349, 290.525177002, 635.741333008, 133.731018066, 223.597396851, 766.225219727, 1647.1685791, 1472.45495605, 874.454040527, 1016.60974121, 331.914001465, 1084.62573242, 3334.37255859, 1420.06665039, 2699.15429688, 624.749023438, 697.245544434, 564.80670166, 1380.73193359, 642.096923828, 591.30847168, 549.301208496, 323.311462402, 238.461883545, 356.127166748, 451.148040771, 367.054870605, 313.338562012, 143.320495605, 149.690460205, 43.9528541565, 10.2633113861, 3.27605652809, 0.212334036827, 0.00252014119178, 1.06732670702e-06, 5.46141842861e-09],
        "dvar2": [0.401753485203, 30.5747928619, 146.687942505, 582.28302002, 727.563415527, 1308.18713379, 341.042724609, 517.73828125, 1672.48950195, 3905.2265625, 2756.55810547, 1734.60046387, 2081.44824219, 674.801940918, 2255.57861328, 6510.11376953, 3216.00463867, 6243.00292969, 1404.04467773, 1402.4810791, 1359.57214355, 3811.19091797, 1641.4309082, 1474.734375, 1456.86120605, 793.67010498, 515.801330566, 801.483825684, 992.090820312, 814.24206543, 645.533508301, 244.311004639, 343.297668457, 98.8648300171, 23.7714309692, 7.42805337906, 0.481541097164, 0.00646964227781, 2.64580148723e-06, 1.29430750562e-08],
        "max": [2.81240510941, 28.3798408508, 73.0535583496, 110.513130188, 120.93296814, 246.133331299, 127.892349243, 233.109786987, 432.573486328, 410.088592529, 571.188049316, 494.469696045, 537.615844727, 218.852233887, 572.127746582, 907.308349609, 578.246398926, 912.49395752, 418.624359131, 425.575469971, 488.868499756, 445.509368896, 290.929595947, 210.310089111, 240.359466553, 143.839141846, 131.725784302, 208.218017578, 160.758560181, 137.62071228, 163.585067749, 184.225448608, 108.553092957, 51.2776985168, 27.1828708649, 16.5574836731, 4.25905656815, 0.494729548693, 0.00930015090853, 0.000607447349466],
        "mean": [0.354178905487, 2.6243584156, 3.71366524696, 4.59774065018, 10.8946914673, 20.2528820038, 8.93012905121, 9.65920829773, 18.8106231689, 34.9835357666, 50.4291419983, 23.0457401276, 29.0476417542, 21.1799888611, 43.4300880432, 62.5901489258, 30.325630188, 32.6489486694, 21.1949748993, 14.3305158615, 14.6814250946, 19.5458698273, 19.4576396942, 20.8612728119, 19.564994812, 14.5474462509, 11.4633131027, 12.449174881, 13.7454051971, 13.5440292358, 12.3901233673, 9.10503387451, 6.66590547562, 3.26601052284, 1.44197165966, 0.644283235073, 0.166886031628, 0.0138677768409, 0.00033896783134, 6.64134931867e-05],
        "median": [0.194899186492, 0.981084823608, 1.33836567402, 1.44584274292, 2.95626306534, 4.87390565872, 3.25413894653, 3.32113456726, 6.46524477005, 16.1742572784, 16.8764076233, 8.45810031891, 11.899055481, 10.5088748932, 16.7164783478, 14.1027011871, 11.706580162, 10.1734762192, 7.44625759125, 5.1828289032, 6.00264072418, 8.26109409332, 9.04372882843, 11.36054039, 10.4962902069, 5.5783996582, 4.73253536224, 3.58377122879, 3.19912385941, 3.797768116, 3.59035420418, 2.76948571205, 1.79509925842, 0.780502438545, 0.313033521175, 0.0829448252916, 0.0151944225654, 0.000805070449132, 4.60579394712e-05, 4.23879246227e-05],
        "min": [2.14237843466e-06, 1.6685891751e-05, 5.20994290127e-05, 0.000160773983225, 0.000612394302152, 0.00286154146306, 0.0105459606275, 0.0227563437074, 0.100389644504, 0.123083651066, 0.203900873661, 0.135666534305, 0.211461871862, 0.164499744773, 0.193991482258, 0.0872091203928, 0.241796582937, 0.320986539125, 0.177890658379, 0.097615249455, 0.0776600688696, 0.131521627307, 0.202974259853, 0.122216306627, 0.0757127553225, 0.0801307186484, 0.0217583440244, 0.0150469420478, 0.0297408234328, 0.00572445848957, 0.00442302739248, 0.00291165779345, 0.000818551867269, 0.00067644653609, 6.70760055073e-05, 8.00526140665e-06, 1.28236024466e-06, 2.80361120986e-07, 3.67821257896e-07, 7.06311425347e-07],
        "var": [0.230009779334, 22.1793117523, 61.0438537598, 138.08026123, 337.510620117, 1235.8984375, 226.259155273, 419.444122314, 1466.80957031, 2550.45483398, 6346.03955078, 2234.45947266, 2656.27636719, 858.59185791, 4297.48193359, 13847.7832031, 2812.5546875, 5126.60009766, 1407.06872559, 1242.37487793, 733.860046387, 1118.88745117, 760.413085938, 719.036132812, 668.938781738, 466.855041504, 323.626037598, 516.449523926, 656.983398438, 503.391387939, 478.874237061, 324.724182129, 186.97668457, 51.9477882385, 11.2001171112, 3.3030371666, 0.224536463618, 0.00214629550464, 9.6500662039e-07, 6.43246211851e-09]
    },
    "gfcc": {
        "mean": [18.3787250519, 76.1273422241, -117.04095459, 36.9871826172, -72.0086364746, 26.8889522552, -36.8761177063, 17.2974529266, -22.7299442291, 2.45504498482, -6.92997312546, -0.413321256638, -13.8178653717],
        "cov": [[3634.01318359, -861.499511719, 1020.77301025, 412.852752686, 108.44052124, 169.848770142, -62.9996414185, 176.065872192, -292.014068604, 64.1285324097, -400.895721436, 108.336204529, -148.715652466], [-861.499511719, 1121.21618652, -96.9101257324, -66.9716186523, 290.675384521, -9.10824489594, 169.952453613, 40.0169296265, 128.421722412, -63.8435134888, 215.447341919, -57.1449127197, 90.5092849731], [1020.77301025, -96.9101257324, 1410.54602051, 533.493103027, 374.403747559, 303.05847168, 121.011039734, 190.431930542, -30.1294441223, 112.479766846, -219.351852417, 107.215423584, -47.0415344238], [412.852752686, -66.9716186523, 533.493103027, 541.001464844, 220.969696045, 108.558677673, 43.3356399536, 55.7368354797, 81.2447357178, 55.7771606445, -75.8115692139, 37.2548599243, 59.278881073], [108.44052124, 290.675384521, 374.403747559, 220.969696045, 469.586730957, 168.274337769, 99.2874221802, 134.788696289, 113.871009827, 77.5393371582, -2.93371415138, 11.2416124344, 26.9171104431], [169.848770142, -9.10824489594, 303.05847168, 108.558677673, 168.274337769, 327.411437988, 203.615249634, 111.560997009, 72.6160812378, 95.4979476929, 26.336856842, 39.0743865967, -22.6871204376], [-62.9996414185, 169.952453613, 121.011039734, 43.3356399536, 99.2874221802, 203.615249634, 348.980560303, 131.200485229, 63.8677024841, 69.2053985596, 96.6486129761, 54.6699028015, -28.8282527924], [176.065872192, 40.0169296265, 190.431930542, 55.7368354797, 134.788696289, 111.560997009, 131.200485229, 213.796539307, 63.5076026917, 58.8064842224, 41.3873443604, 42.7848587036, -13.9483976364], [-292.014068604, 128.421722412, -30.1294441223, 81.2447357178, 113.871009827, 72.6160812378, 63.8677024841, 63.5076026917, 230.788391113, 88.6055908203, 98.5096359253, -3.99568629265, 22.9004020691], [64.1285324097, -63.8435134888, 112.479766846, 55.7771606445, 77.5393371582, 95.4979476929, 69.2053985596, 58.8064842224, 88.6055908203, 162.311416626, 21.6121768951, 23.8813591003, -6.21913003922], [-400.895721436, 215.447341919, -219.351852417, -75.8115692139, -2.93371415138, 26.336856842, 96.6486129761, 41.3873443604, 98.5096359253, 21.6121768951, 223.146255493, 47.6814842224, 18.3182353973], [108.336204529, -57.1449127197, 107.215423584, 37.2548599243, 11.2416124344, 39.0743865967, 54.6699028015, 42.7848587036, -3.99568629265, 23.8813591003, 47.6814842224, 165.558441162, 9.80733108521], [-148.715652466, 90.5092849731, -47.0415344238, 59.278881073, 26.9171104431, -22.6871204376, -28.8282527924, -13.9483976364, 22.9004020691, -6.21913003922, 18.3182353973, 9.80733108521, 114.7368927]],
        "icov": [[0.000527604948729, 0.000147129525431, -1.08327703856e-05, -0.000371666334104, -2.73999557976e-05, -0.000167043312103, 0.000274977035588, -0.000577356608119, 0.000730507308617, -0.000211597391171, 0.000372503796825, -0.000194506603293, 0.000527552329004], [0.000147129525431, 0.00315102818422, -0.00126743293367, 0.00176899123471, -0.00267194770277, 0.00228742929175, -0.00244490569457, 0.00155779591296, -0.000786399003118, 0.00228962209076, -0.00308753061108, 0.00214750366285, -0.00248389877379], [-1.08327703856e-05, -0.00126743293367, 0.00278452644125, -0.0024073231034, 0.000433767942013, -0.00208870950155, 0.00142096937634, -0.00172342010774, 0.00149874575436, -0.00136583100539, 0.00277569051832, -0.00195798510686, 0.00235493993387], [-0.000371666334104, 0.00176899123471, -0.0024073231034, 0.00554698798805, -0.00197881902568, 0.00206243223511, -0.00234052771702, 0.00238970690407, -0.0032102020923, 0.00204363558441, -0.00124163459986, 0.00120806600899, -0.00430908426642], [-2.73999557976e-05, -0.00267194770277, 0.000433767942013, -0.00197881902568, 0.00603324407712, -0.00278237438761, 0.00227609206922, -0.00269701355137, -0.000359697995009, -0.0018484093016, 0.00268932292238, -0.00113464123569, 0.00119011080824], [-0.000167043312103, 0.00228742929175, -0.00208870950155, 0.00206243223511, -0.00278237438761, 0.00849332660437, -0.00505824992433, 0.00182538188528, -0.00172434304841, 0.000454256340163, -0.00257427804172, 0.00192571780644, -0.00204453640617], [0.000274977035588, -0.00244490569457, 0.00142096937634, -0.00234052771702, 0.00227609206922, -0.00505824992433, 0.00809041690081, -0.0036576166749, 0.00213893223554, -0.00229165772907, 0.000692149798851, -0.0021379312966, 0.00365195679478], [-0.000577356608119, 0.00155779591296, -0.00172342010774, 0.00238970690407, -0.00269701355137, 0.00182538188528, -0.0036576166749, 0.00950913224369, -0.0025572583545, 0.00114981131628, -0.00284250243567, 0.000689504668117, -0.00172015291173], [0.000730507308617, -0.000786399003118, 0.00149874575436, -0.0032102020923, -0.000359697995009, -0.00172434304841, 0.00213893223554, -0.0025572583545, 0.0105493022129, -0.00484923832119, -0.00232302444056, 0.000908642075956, 0.00173500867095], [-0.000211597391171, 0.00228962209076, -0.00136583100539, 0.00204363558441, -0.0018484093016, 0.000454256340163, -0.00229165772907, 0.00114981131628, -0.00484923832119, 0.0112455291674, -0.0014676314313, 0.000624422624242, -0.00185044715181], [0.000372503796825, -0.00308753061108, 0.00277569051832, -0.00124163459986, 0.00268932292238, -0.00257427804172, 0.000692149798851, -0.00284250243567, -0.00232302444056, -0.0014676314313, 0.0132083389908, -0.00567218195647, 0.00214649736881], [-0.000194506603293, 0.00214750366285, -0.00195798510686, 0.00120806600899, -0.00113464123569, 0.00192571780644, -0.0021379312966, 0.000689504668117, 0.000908642075956, 0.000624422624242, -0.00567218195647, 0.00981375854462, -0.00326021574438], [0.000527552329004, -0.00248389877379, 0.00235493993387, -0.00430908426642, 0.00119011080824, -0.00204453640617, 0.00365195679478, -0.00172015291173, 0.00173500867095, -0.00185044715181, 0.00214649736881, -0.00326021574438, 0.0140649573877]]
    },
    "melbands": {
        "dmean": [0.00220076739788, 0.00161501974799, 0.000855155696627, 0.00098757899832, 0.000224098315812, 0.000145781523315, 0.00022082128271, 0.000265627750196, 0.000176585497684, 7.39269235055e-05, 8.46832263051e-05, 5.2714265621e-05, 5.66781745874e-05, 0.000105039114715, 5.46538030903e-05, 4.32641645602e-05, 4.16513539676e-05, 2.40334156842e-05, 1.50340592882e-05, 1.29770169224e-05, 1.29663085318e-05, 1.88643134607e-05, 1.65614455909e-05, 1.18330808618e-05, 1.29515537992e-05, 1.11581111923e-05, 1.01418463601e-05, 6.18103922534e-06, 5.53907375433e-06, 5.61329170523e-06, 6.32484170637e-06, 7.43570171835e-06, 6.08268055657e-06, 6.67489848638e-06, 5.98354336034e-06, 5.06301694259e-06, 4.08561891163e-06, 3.96623090637e-06, 4.32243405157e-06, 2.09213999369e-06],
        "dmean2": [0.00344446115196, 0.00241889129393, 0.00151090940926, 0.0014446960995, 0.000346594810253, 0.000235630184761, 0.000351370224962, 0.000419151299866, 0.000245565461228, 0.000107853898953, 0.000127212508232, 7.94490624685e-05, 8.47535993671e-05, 0.000150235558976, 8.19345586933e-05, 6.66354244458e-05, 6.56380361761e-05, 3.82212456316e-05, 2.27127875405e-05, 2.04294883588e-05, 2.11081351154e-05, 3.254677722e-05, 2.78511706711e-05, 1.96087949007e-05, 2.07972334465e-05, 1.74982815224e-05, 1.66713689396e-05, 9.9381131804e-06, 8.64490721142e-06, 8.66585014592e-06, 9.77656145551e-06, 1.13435462481e-05, 9.20130787563e-06, 9.95822847472e-06, 8.93164997251e-06, 7.38160497349e-06, 5.95784695179e-06, 5.8949653976e-06, 6.81056280882e-06, 3.2106343042e-06],
        "dvar": [1.5843384972e-05, 1.15308102977e-05, 5.74684327148e-06, 3.03076126329e-06, 1.727229062e-07, 1.02591450002e-07, 1.81864379556e-07, 1.85584141832e-07, 8.97544936151e-08, 3.07197431937e-08, 2.85322787619e-08, 7.93471688354e-09, 9.84938353099e-09, 3.71631756479e-08, 1.98560847764e-08, 8.0502955413e-09, 1.13508846766e-08, 2.37202102404e-09, 1.54189827573e-09, 6.96599888883e-10, 7.51168682811e-10, 1.63259805674e-09, 1.01434627364e-09, 4.60146643011e-10, 4.45969539076e-10, 2.76113992781e-10, 4.06933292618e-10, 1.18470414034e-10, 1.01119855545e-10, 1.10208828175e-10, 1.39619107942e-10, 2.00174238296e-10, 1.03834503495e-10, 1.26978483284e-10, 1.17517218179e-10, 8.1593669321e-11, 6.07806166508e-11, 5.84384624025e-11, 1.23588542178e-10, 2.07167893951e-11],
        "dvar2": [3.61548591172e-05, 2.4775199563e-05, 1.57754911925e-05, 6.27761710348e-06, 3.96188767127e-07, 2.38642883232e-07, 4.02217949613e-07, 4.32180570442e-07, 1.65114229844e-07, 6.12837354197e-08, 5.78541694551e-08, 1.52664636488e-08, 2.04839736284e-08, 7.312474537e-08, 4.16592378372e-08, 1.73333916109e-08, 2.65626436402e-08, 5.57359225439e-09, 3.35182304134e-09, 1.58309421128e-09, 1.84012916016e-09, 4.45736780819e-09, 2.73455547095e-09, 1.19995957615e-09, 1.10393405528e-09, 6.92803203695e-10, 1.07887809797e-09, 2.85032303315e-10, 2.24912283242e-10, 2.41445391458e-10, 3.18098103413e-10, 4.53232923414e-10, 2.3303442509e-10, 2.84970769204e-10, 2.50164861049e-10, 1.64704763717e-10, 1.10233530637e-10, 1.33834110461e-10, 3.08716496811e-10, 4.51196580098e-11],
        "max": [0.027673009783, 0.0305470507592, 0.0184801407158, 0.0168511047959, 0.00490888813511, 0.00465380167589, 0.00659329490736, 0.00463035423309, 0.00514089362696, 0.00280763907358, 0.0027470162604, 0.00123826554045, 0.00137566251215, 0.00291588413529, 0.0020813064184, 0.0012208330445, 0.00200465973467, 0.000677635194734, 0.000781909096986, 0.000322823674651, 0.000571105862036, 0.000447590835392, 0.000349906535121, 0.000237969186855, 0.000184398479178, 0.000140261603519, 0.000201099159312, 0.000115673727123, 9.62105987128e-05, 9.04089101823e-05, 0.000146483522258, 0.000121396202303, 0.000105124301626, 9.08320071176e-05, 9.28632653086e-05, 0.000121192308143, 0.000135334790684, 8.7554937636e-05, 0.000102524609247, 3.95844108425e-05],
        "mean": [0.00333955953829, 0.00258031045087, 0.000866665621288, 0.00132425641641, 0.000394800008507, 0.000206218654057, 0.000303254200844, 0.000429775682278, 0.000382018915843, 0.000129361345898, 0.000152212916873, 9.59473400144e-05, 0.000104774939246, 0.000235589497606, 8.03678849479e-05, 6.98566727806e-05, 5.83410437685e-05, 3.66045278497e-05, 2.05619162443e-05, 1.6243864593e-05, 1.64484063134e-05, 2.02521696337e-05, 1.93548949028e-05, 1.59535538842e-05, 1.70550429175e-05, 1.54909776029e-05, 1.28909669002e-05, 8.63827426656e-06, 7.09188088877e-06, 6.8517906584e-06, 7.36291258363e-06, 8.22413403512e-06, 7.01054705132e-06, 7.67793608247e-06, 7.26225880499e-06, 6.2407830228e-06, 5.34835407962e-06, 4.53375287179e-06, 4.28059320257e-06, 2.29809620578e-06],
        "median": [0.0019070066046, 0.00103148724884, 0.000304635352222, 0.000298113183817, 0.000140793592436, 6.89925509505e-05, 0.000106273058918, 0.000195338492631, 0.000122104873299, 4.13080779254e-05, 6.02926775173e-05, 3.81106474379e-05, 3.88975895476e-05, 3.7964538933e-05, 1.91325143533e-05, 1.91051185539e-05, 1.60518666235e-05, 1.07030655272e-05, 6.86272460371e-06, 5.44784825252e-06, 6.46765693091e-06, 7.38881544748e-06, 7.77423974796e-06, 7.31470072424e-06, 8.64872345119e-06, 8.5362316895e-06, 4.68185544378e-06, 3.20460526382e-06, 2.81309303318e-06, 2.14001556742e-06, 1.83054044101e-06, 1.66905215337e-06, 1.94575409296e-06, 2.10569987757e-06, 2.0947613848e-06, 1.72745501459e-06, 1.67284918007e-06, 1.29833699702e-06, 8.87380053882e-07, 5.71648001824e-07],
        "min": [1.13145004477e-08, 3.09793541931e-08, 4.49004495806e-08, 9.04350088149e-08, 3.14795300937e-07, 4.72555626629e-07, 2.05869127967e-06, 1.36972289511e-06, 1.6762969608e-06, 4.32565514075e-07, 1.06884408524e-06, 3.66964940213e-07, 1.44985293105e-07, 2.07462065305e-07, 2.17255816892e-07, 3.29790395881e-07, 2.20461799927e-07, 1.35478828156e-07, 1.22500907196e-07, 7.32084188826e-08, 6.5905403801e-08, 1.18149273476e-07, 6.04768217727e-08, 1.00499512712e-07, 6.15338109355e-08, 3.97325763402e-08, 3.27617009077e-08, 6.20204287927e-09, 8.29445312434e-09, 5.93585669506e-09, 5.83722092884e-09, 5.01982944101e-09, 7.18103088104e-09, 7.02051194956e-10, 1.8827845949e-09, 1.15604281703e-09, 1.29708954688e-09, 7.64827756683e-10, 7.05862382433e-11, 3.98921035094e-10],
