{
"highlevel": {
    "danceability": {
        "all": {
            "danceable": 0.0538543276489,
            "not_danceable": 0.946145653725
        },
        "probability": 0.946145653725,
        "value": "not_danceable"
    },
    "gender": {
        "all": {
            "female": 0.385442107916,
            "male": 0.614557921886
        },
        "probability": 0.614557921886,
        "value": "male"
    },
    "genre_dortmund": {
        "all": {
            "alternative": 0.0776673406363,
            "blues": 0.0267075709999,
            "electronic": 0.0168876964599,
            "folkcountry": 0.126599311829,
            "funksoulrnb": 0.0212308429182,
            "jazz": 0.0229633916169,
            "pop": 0.106906123459,
            "raphiphop": 0.00334904016927,
            "rock": 0.597688674927
        },
        "probability": 0.597688674927,
        "value": "rock"
    },
    "genre_electronic": {
        "all": {
            "ambient": 0.28099194169,
            "dnb": 0.416152387857,
            "house": 0.103310234845,
            "techno": 0.0107127483934,
            "trance": 0.188832715154
        },
        "probability": 0.416152387857,
        "value": "dnb"
    },
    "genre_rosamerica": {
        "all": {
            "cla": 0.0293878428638,
            "dan": 0.0436285026371,
            "hip": 0.113530911505,
            "jaz": 0.0251438003033,
            "pop": 0.127077594399,
            "rhy": 0.0702270269394,
            "roc": 0.580435752869,
            "spe": 0.0105685675517
        },
        "probability": 0.580435752869,
        "value": "roc"
    },
    "genre_tzanetakis": {
        "all": {
            "blu": 0.0626613423228,
            "cla": 0.0348169617355,
            "cou": 0.104475811124,
            "dis": 0.0784321576357,
            "hip": 0.15692435205,
            "jaz": 0.313974827528,
            "met": 0.0448166541755,
            "pop": 0.0627359300852,
            "reg": 0.0627360641956,
            "roc": 0.0784258767962
        },
        "probability": 0.313974827528,
        "value": "jaz"
    },
    "ismir04_rhythm": {
        "all": {
            "ChaChaCha": 0.215889826417,
            "Jive": 0.711107969284,
            "Quickstep": 0.0246751364321,
            "Rumba-American": 0.000771159830038,
            "Rumba-International": 0.000860924541485,
            "Rumba-Misc": 0.000177810754394,
            "Samba": 0.0424954071641,
            "Tango": 0.000492698629387,
            "VienneseWaltz": 0.00340729439631,
            "Waltz": 0.000121800381748
        },
        "probability": 0.711107969284,
        "value": "Jive"
    },
    "mood_acoustic": {
        "all": {
            "acoustic": 0.00489665893838,
            "not_acoustic": 0.995103359222
        },
        "probability": 0.995103359222,
        "value": "not_acoustic"
    },
    "mood_aggressive": {
        "all": {
            "aggressive": 0.64237678051,
            "not_aggressive": 0.357623249292
        },
        "probability": 0.64237678051,
        "value": "aggressive"
    },
    "mood_electronic": {
        "all": {
            "electronic": 0.372734308243,
            "not_electronic": 0.627265691757
        },
        "probability": 0.627265691757,
        "value": "not_electronic"
    },
    "mood_happy": {
        "all": {
            "happy": 0.873038828373,
            "not_happy": 0.126961171627
        },
        "probability": 0.873038828373,
        "value": "happy"
    },
    "mood_party": {
        "all": {
            "not_party": 0.235980808735,
            "party": 0.764019191265
        },
        "probability": 0.764019191265,
        "value": "party"
    },
    "mood_relaxed": {
        "all": {
            "not_relaxed": 0.989391446114,
            "relaxed": 0.0106085576117
        },
        "probability": 0.989391446114,
        "value": "not_relaxed"
    },
    "mood_sad": {
        "all": {
            "not_sad": 0.887100934982,
            "sad": 0.112899042666
        },
        "probability": 0.887100934982,
        "value": "not_sad"
    },
    "moods_mirex": {
        "all": {
            "Cluster1": 0.35126927495,
            "Cluster2": 0.31182166934,
            "Cluster3": 0.149766474962,
            "Cluster4": 0.0935971066356,
            "Cluster5": 0.093545474112
        },
        "probability": 0.35126927495,
        "value": "Cluster1"
    },
    "timbre": {
        "all": {
            "bright": 0.877596497536,
            "dark": 0.122403487563
        },
        "probability": 0.877596497536,
        "value": "bright"
    },
    "tonal_atonal": {
        "all": {
            "atonal": 0.011664269492,
            "tonal": 0.988335728645
        },
        "probability": 0.988335728645,
        "value": "tonal"
    },
    "voice_instrumental": {
        "all": {
            "instrumental": 0.000479236652609,
            "voice": 0.999520778656
        },
        "probability": 0.999520778656,
        "value": "voice"
    }
},
"lowlevel": {
    "average_loudness": 0.93656116724,
    "barkbands_crest": {
        "dmean": 1.90756440163,
        "dmean2": 3.12241911888,
        "dvar": 4.22828388214,
        "dvar2": 9.57075691223,
        "max": 21.7326259613,
        "mean": 5.90728902817,
        "median": 5.21080350876,
        "min": 2.2111697197,
        "var": 7.57178020477
    },
    "barkbands_flatness_db": {
        "dmean": 0.0149424243718,
        "dmean2": 0.0233845114708,
        "dvar": 0.000208447221667,
        "dvar2": 0.000469981925562,
        "max": 0.200502157211,
        "mean": 0.0899771526456,
        "median": 0.0851114615798,
        "min": 0.044524513185,
        "var": 0.000550702097826
    },
    "barkbands_kurtosis": {
        "dmean": 0.745894253254,
        "dmean2": 1.19771528244,
        "dvar": 2.13687682152,
        "dvar2": 5.07800531387,
        "max": 18.2553348541,
        "mean": -0.649686694145,
        "median": -1.126308918,
        "min": -1.90154182911,
        "var": 2.57535147667
    },
    "barkbands_skewness": {
        "dmean": 0.424030065536,
        "dmean2": 0.639917135239,
        "dvar": 0.219238519669,
        "dvar2": 0.465345323086,
        "max": 3.5994644165,
        "mean": 0.1574010849,
        "median": 0.106519408524,
        "min": -3.50727009773,
        "var": 0.593873023987
    },
    "barkbands_spread": {
        "dmean": 7.88085460663,
        "dmean2": 12.2955780029,
        "dvar": 65.4448242188,
        "dvar2": 154.100708008,
        "max": 88.8620071411,
        "mean": 47.0526123047,
        "median": 45.7316169739,
        "min": 7.90277194977,
        "var": 203.246643066
    },
    "dissonance": {
        "dmean": 0.00754025485367,
        "dmean2": 0.012735882774,
        "dvar": 4.99152702105e-05,
        "dvar2": 0.000129478547024,
        "max": 0.49980160594,
        "mean": 0.486513972282,
        "median": 0.488496541977,
        "min": 0.437895357609,
        "var": 9.45743522607e-05
    },
    "dynamic_complexity": 2.64463877678,
    "erbbands_crest": {
        "dmean": 2.03756093979,
        "dmean2": 3.31402206421,
        "dvar": 3.9136531353,
        "dvar2": 9.34315776825,
        "max": 30.5482292175,
        "mean": 6.73495149612,
        "median": 6.14795923233,
        "min": 2.69028139114,
        "var": 7.58373451233
    },
    "erbbands_flatness_db": {
        "dmean": 0.0151343997568,
        "dmean2": 0.0228549577296,
        "dvar": 0.00020315956499,
        "dvar2": 0.000419354415499,
        "max": 0.263012528419,
        "mean": 0.137611508369,
        "median": 0.135111019015,
        "min": 0.0591885559261,
        "var": 0.00085480051348
    },
    "erbbands_kurtosis": {
        "dmean": 0.8959197402,
        "dmean2": 1.40816664696,
        "dvar": 1.66166889668,
        "dvar2": 3.66820025444,
        "max": 14.9580116272,
        "mean": 0.703797221184,
        "median": 0.30721950531,
        "min": -1.74809849262,
        "var": 3.19173169136
    },
    "erbbands_skewness": {
        "dmean": 0.305689483881,
        "dmean2": 0.462027281523,
        "dvar": 0.0849630832672,
        "dvar2": 0.182419016957,
        "max": 1.3557497263,
        "mean": -0.610178768635,
        "median": -0.56805729866,
        "min": -3.51085829735,
        "var": 0.382329434156
    },
    "erbbands_spread": {
        "dmean": 9.01055812836,
        "dmean2": 13.7813844681,
        "dvar": 99.0342636108,
        "dvar2": 217.204879761,
        "max": 125.799247742,
        "mean": 39.9533195496,
        "median": 37.5067138672,
        "min": 9.16703033447,
        "var": 236.997436523
    },
    "hfc": {
        "dmean": 15.8654661179,
        "dmean2": 21.6215286255,
        "dvar": 1122.15783691,
        "dvar2": 2366.58764648,
        "max": 514.099182129,
        "mean": 35.6849975586,
        "median": 22.3141536713,
        "min": 0.45892611146,
        "var": 1907.02807617
    },
    "melbands_crest": {
        "dmean": 2.9610915184,
        "dmean2": 4.76284503937,
        "dvar": 8.28971290588,
        "dvar2": 19.3848800659,
        "max": 27.6844673157,
        "mean": 10.2395143509,
        "median": 9.29753684998,
        "min": 2.97222805023,
        "var": 19.016494751
    },
    "melbands_flatness_db": {
        "dmean": 0.0206336416304,
        "dmean2": 0.0314936898649,
        "dvar": 0.000494792242534,
        "dvar2": 0.00102939794306,
        "max": 0.275577872992,
        "mean": 0.094284825027,
        "median": 0.0873013734818,
        "min": 0.0267304256558,
        "var": 0.001640043105
    },
    "melbands_kurtosis": {
        "dmean": 3.01870846748,
        "dmean2": 4.74301671982,
        "dvar": 45.1992988586,
        "dvar2": 108.590652466,
        "max": 103.405860901,
        "mean": 3.38142466545,
        "median": 1.05329561234,
        "min": -1.81995511055,
        "var": 66.143196106
    },
    "melbands_skewness": {
        "dmean": 0.58698797226,
        "dmean2": 0.892279207706,
        "dvar": 0.496128767729,
        "dvar2": 1.0932803154,
        "max": 9.59013652802,
        "mean": 1.60434401035,
        "median": 1.3751475811,
        "min": -1.74327421188,
        "var": 1.28303599358
    },
    "melbands_spread": {
        "dmean": 17.0445327759,
        "dmean2": 26.0576400757,
        "dvar": 407.036193848,
        "dvar2": 837.13458252,
        "max": 230.136535645,
        "mean": 69.4818649292,
        "median": 63.8661613464,
        "min": 6.92521429062,
        "var": 1162.3125
    },
    "pitch_salience": {
        "dmean": 0.0630281493068,
        "dmean2": 0.100352697074,
        "dvar": 0.00366453151219,
        "dvar2": 0.00889777205884,
        "max": 0.816177785397,
        "mean": 0.608725309372,
        "median": 0.618373095989,
        "min": 0.276840299368,
        "var": 0.00767760630697
    },
    "silence_rate_20dB": {
        "dmean": 0,
        "dmean2": 0,
        "dvar": 0,
        "dvar2": 0,
        "max": 1,
        "mean": 1,
        "median": 1,
        "min": 1,
        "var": 0
    },
    "silence_rate_30dB": {
        "dmean": 0,
        "dmean2": 0,
        "dvar": 0,
        "dvar2": 0,
        "max": 1,
        "mean": 1,
        "median": 1,
        "min": 1,
        "var": 0
    },
    "silence_rate_60dB": {
        "dmean": 0.0356037169695,
        "dmean2": 0.0704879909754,
        "dvar": 0.0343360677361,
        "dvar2": 0.0779127553105,
        "max": 1,
        "mean": 0.0587780363858,
        "median": 0,
        "min": 0,
        "var": 0.0553232766688
    },
    "spectral_centroid": {
        "dmean": 306.997497559,
        "dmean2": 465.782928467,
        "dvar": 107654.796875,
        "dvar2": 231179.453125,
        "max": 5009.02490234,
        "mean": 2611.81225586,
        "median": 2634.97973633,
        "min": 685.674987793,
        "var": 358545.125
    },
    "spectral_complexity": {
        "dmean": 5.46904039383,
        "dmean2": 7.92486429214,
        "dvar": 32.0493927002,
        "dvar2": 57.327507019,
        "max": 60,
        "mean": 24.3998451233,
        "median": 24,
        "min": 0,
        "var": 146.263046265
    },
    "spectral_decrease": {
        "dmean": 1.05867870026e-09,
        "dmean2": 1.54757817672e-09,
        "dvar": 2.15056722904e-18,
        "dvar2": 4.49520840057e-18,
        "max": -6.78979580893e-11,
        "mean": -2.9649847022e-09,
        "median": -2.41063746742e-09,
        "min": -1.66463127727e-08,
        "var": 4.73359523566e-18
    },
    "spectral_energy": {
        "dmean": 0.00524052837864,
        "dmean2": 0.00741073256359,
        "dvar": 5.97352263867e-05,
        "dvar2": 0.000123584584799,
        "max": 0.101755864918,
        "mean": 0.0144272781909,
        "median": 0.0112416576594,
        "min": 0.000337882956956,
        "var": 0.00012946818606
    },
    "spectral_energyband_high": {
        "dmean": 0.00179441645741,
        "dmean2": 0.0024626199156,
        "dvar": 1.82521707757e-05,
        "dvar2": 3.81688878406e-05,
        "max": 0.0639345422387,
        "mean": 0.0032858804334,
        "median": 0.00161797483452,
        "min": 7.28383429305e-06,
        "var": 2.8196387575e-05
    },
    "spectral_energyband_low": {
        "dmean": 0.00131230324041,
        "dmean2": 0.00201802980155,
        "dvar": 6.56037082081e-06,
        "dvar2": 1.41602267831e-05,
        "max": 0.026707533747,
        "mean": 0.00246234517545,
        "median": 0.0013915868476,
        "min": 1.74784254341e-05,
        "var": 9.83318295766e-06
    },
    "spectral_energyband_middle_high": {
        "dmean": 0.0019272014033,
        "dmean2": 0.00291405408643,
        "dvar": 7.11876236892e-06,
        "dvar2": 1.4846211343e-05,
        "max": 0.0320937409997,
        "mean": 0.00513447355479,
        "median": 0.0039407745935,
        "min": 2.65932412731e-05,
        "var": 2.00841950573e-05
    },
    "spectral_energyband_middle_low": {
        "dmean": 0.00171055656392,
        "dmean2": 0.00271616852842,
        "dvar": 7.76526121626e-06,
        "dvar2": 1.90060018213e-05,
        "max": 0.0365346744657,
        "mean": 0.0038578028325,
        "median": 0.0027851194609,
        "min": 6.00207858952e-05,
        "var": 1.24625421449e-05
    },
    "spectral_entropy": {
        "dmean": 0.121565900743,
        "dmean2": 0.181791871786,
        "dvar": 0.01586115174,
        "dvar2": 0.0298365000635,
        "max": 8.80008220673,
        "mean": 8.00100326538,
        "median": 8.00618553162,
        "min": 7.01474761963,
        "var": 0.0553598850965
    },
    "spectral_flux": {
        "dmean": 0.0176930334419,
        "dmean2": 0.0255145151168,
        "dvar": 0.000446512654889,
        "dvar2": 0.000846338865813,
        "max": 0.228474929929,
        "mean": 0.0721166655421,
        "median": 0.0636900737882,
        "min": 0.0126949315891,
        "var": 0.0012222097721
    },
    "spectral_kurtosis": {
        "dmean": 0.840535461903,
        "dmean2": 1.35560548306,
        "dvar": 0.72950065136,
        "dvar2": 1.99112832546,
        "max": 8.81201076508,
        "mean": 2.18540239334,
        "median": 2.00950050354,
        "min": -0.740287780762,
        "var": 1.80627131462
    },
    "spectral_rms": {
        "dmean": 0.000636030687019,
        "dmean2": 0.000878432358149,
        "dvar": 5.613641747e-07,
        "dvar2": 1.07713287889e-06,
        "max": 0.00996363442391,
        "mean": 0.00350674521178,
        "median": 0.00331171718426,
        "min": 0.000574144534767,
        "var": 1.77811614321e-06
    },
    "spectral_rolloff": {
        "dmean": 1003.6116333,
        "dmean2": 1574.79248047,
        "dvar": 1541082.5,
        "dvar2": 3366245,
        "max": 11864.7949219,
        "mean": 4548.60107422,
        "median": 3983.64257812,
        "min": 129.19921875,
        "var": 4459103
    },
    "spectral_skewness": {
        "dmean": 0.163565590978,
        "dmean2": 0.253634959459,
        "dvar": 0.0234656333923,
        "dvar2": 0.0554836653173,
        "max": 1.9188773632,
        "mean": 1.04698622227,
        "median": 1.08305549622,
        "min": -0.0737330019474,
        "var": 0.0992930978537
    },
    "spectral_spread": {
        "dmean": 631762.5,
        "dmean2": 954267.1875,
        "dvar": 521562292224,
        "dvar2": 1.10089850061e+12,
        "max": 14809939,
        "mean": 5133930.5,
        "median": 5029163,
        "min": 2294034.75,
        "var": 1.73705304474e+12
    },
    "spectral_strongpeak": {
        "dmean": 0.650718092918,
        "dmean2": 1.13272714615,
        "dvar": 1.69306993484,
        "dvar2": 4.27371025085,
        "max": 15.5464916229,
        "mean": 0.840295672417,
        "median": 0.285679101944,
        "min": 0,
        "var": 1.90003907681
    },
    "zerocrossingrate": {
        "dmean": 0.0175648983568,
        "dmean2": 0.0196957755834,
        "dvar": 0.00030933963717,
        "dvar2": 0.000384036218747,
        "max": 0.3203125,
        "mean": 0.141953900456,
        "median": 0.134765625,
        "min": 0.0322265625,
        "var": 0.00238275062293
    },
    "barkbands": {
        "dmean": [4.80484777654e-05, 0.000894577533472, 0.000554595142603, 0.000252988189459, 0.000739167269785, 0.00037043762859, 0.000308182119625, 0.000483570445795, 0.000283284840407, 0.000229671873967, 0.000173401960637, 0.000211435733945, 0.000294881465379, 0.000379540637368, 0.000361512065865, 0.00027221700293, 0.000402262783609, 0.000329057045747, 0.00036959501449, 0.000429229461588, 0.000294750498142, 0.000417073257267, 0.000527548138052, 0.0003899569856, 0.000133236171678, 7.92492792243e-05, 1.53590402618e-08],
        "dmean2": [7.66760858824e-05, 0.00136627303436, 0.000944437051658, 0.000421670265496, 0.00121220201254, 0.00060197734274, 0.00049790693447, 0.000801512214821, 0.000451346772024, 0.000360898644431, 0.000277328072116, 0.000342325452948, 0.000481614755699, 0.000633607909549, 0.00061074772384, 0.000458945898572, 0.000665764673613, 0.000516710279044, 0.000579873158131, 0.000663891085424, 0.000443780998467, 0.000605185050517, 0.000782573362812, 0.000572208140511, 0.000203207746381, 0.000123989244457, 3.02704670219e-08],
        "dvar": [7.53989404245e-09, 3.72021736439e-06, 1.40304223351e-06, 1.28669981336e-07, 1.34855747547e-06, 6.42224165404e-07, 5.27613224222e-07, 1.37532435929e-06, 5.79476875373e-07, 7.22655954633e-07, 4.34102872759e-07, 2.76355194728e-07, 3.47796230926e-07, 3.70787489601e-07, 4.58301030903e-07, 3.10416623961e-07, 2.97753729228e-07, 2.80580763956e-07, 5.04677700519e-07, 5.45320062884e-07, 3.05157755065e-07, 9.67807409324e-07, 2.43001477429e-06, 1.90726791516e-06, 8.91111611168e-08, 3.43377202228e-08, 4.15125528082e-14],
        "dvar2": [1.65889151305e-08, 7.72896419221e-06, 3.95601864511e-06, 3.56931622036e-07, 3.49356150764e-06, 1.70748251094e-06, 1.3711999145e-06, 3.68547330254e-06, 1.45379078731e-06, 1.85699627764e-06, 9.93712660602e-07, 6.65999948524e-07, 8.85725171429e-07, 9.16643898563e-07, 1.26204429307e-06, 8.45750548706e-07, 7.28477687062e-07, 6.43116436549e-07, 1.1827067965e-06, 1.30691614686e-06, 6.00074031354e-07, 2.00012027562e-06, 5.52017490918e-06, 4.3655591071e-06, 2.07233071592e-07, 8.33756956808e-08, 1.23952768622e-13],
        "max": [0.000903477717657, 0.0168524868786, 0.0144100915641, 0.00420010928065, 0.0103916851804, 0.0135502070189, 0.0101731801406, 0.0184940546751, 0.00936361961067, 0.0196271147579, 0.0169339738786, 0.0137033583596, 0.00835269037634, 0.0130811966956, 0.010959261097, 0.00784971285611, 0.00616774987429, 0.00890075229108, 0.00974786933511, 0.0104721328244, 0.00609429273754, 0.0140249943361, 0.0233637541533, 0.0259697977453, 0.0051248120144, 0.00270228437148, 4.29514830103e-06],
        "mean": [8.04832379799e-05, 0.00127254112158, 0.000870365765877, 0.000470561702969, 0.00127080851234, 0.000616036704741, 0.000381260499125, 0.00060295779258, 0.000395638810005, 0.000299988460029, 0.000268092670012, 0.000291193660814, 0.000407271727454, 0.000572172866669, 0.000545189599507, 0.000430095504271, 0.00074927037349, 0.000580664549489, 0.000662771635689, 0.000726856349502, 0.000504342780914, 0.000634228810668, 0.000836901832372, 0.000616809935309, 0.000225137686357, 0.000115627131891, 8.08797562257e-09],
        "median": [5.14765270054e-05, 0.000505320494995, 0.000337970006512, 0.000366403313819, 0.000921470404137, 0.000360454490874, 0.00016064447118, 0.00027290196158, 0.000114680522529, 7.91586426203e-05, 6.36471013422e-05, 0.000159721210366, 0.000193863874301, 0.000371580710635, 0.000276490580291, 0.000268996431259, 0.000604434404522, 0.000397382827941, 0.000315036915708, 0.000458817870822, 0.000248420226853, 0.000180472488864, 0.000270304008154, 0.000287157396087, 0.000121469485748, 2.40410827246e-05, 2.36031166834e-10],
        "min": [6.07877245784e-06, 8.57768043261e-07, 1.08595770598e-06, 6.74627926855e-08, 1.14501253847e-05, 4.92047547596e-06, 5.26350959262e-07, 2.909151533e-07, 3.01207961684e-07, 7.21210653865e-07, 2.59704478367e-07, 2.0608548823e-07, 4.87229499413e-07, 3.30116392888e-07, 9.93590333564e-07, 7.79094477821e-07, 1.85432372746e-06, 3.24672214447e-06, 2.63434412773e-06, 3.35500567417e-06, 2.46747595156e-06, 1.01902230654e-06, 2.20161325615e-07, 1.1135827549e-07, 7.32079463717e-09, 2.23904783603e-11, 1.95010934484e-11],
        "var": [9.12581743506e-09, 4.74794615002e-06, 1.5560610791e-06, 2.09331517453e-07, 1.79378218945e-06, 7.50863762278e-07, 5.49650735593e-07, 1.36937273965e-06, 9.58655732575e-07, 9.52145001065e-07, 1.11079896215e-06, 3.23679302028e-07, 4.77233527363e-07, 5.44605882169e-07, 7.05152672253e-07, 4.0661890921e-07, 4.6423377853e-07, 5.46562034742e-07, 9.60020656748e-07, 7.60476382311e-07, 5.40299367913e-07, 1.51488291067e-06, 3.21900097333e-06, 2.24615882871e-06, 1.25875772028e-07, 5.18325329324e-08, 2.1043876277e-14]
    },
    "erbbands": {
        "dmean": [0.0242118649185, 0.226195469499, 0.606969892979, 0.722715556622, 1.68761312962, 2.68643116951, 3.66326284409, 2.67251849174, 2.53829956055, 9.31991577148, 9.033203125, 6.36744737625, 7.16665887833, 7.24192619324, 5.77201223373, 9.39631938934, 12.6907014847, 14.0305986404, 21.0889797211, 17.9561843872, 17.1596603394, 21.6950130463, 17.8027896881, 17.2028274536, 18.8660984039, 19.5589466095, 14.5848388672, 11.1932134628, 13.5913114548, 18.7874031067, 13.9205522537, 10.1740484238, 5.48223686218, 2.08682584763, 0.74684625864, 0.386328905821, 0.157170653343, 0.0145536409691, 0.000261590932496, 2.07959637919e-05],
        "dmean2": [0.0359829925001, 0.354936599731, 1.02952921391, 1.19396293163, 2.81187033653, 4.45217847824, 5.69180965424, 4.42249393463, 4.09340524673, 15.860827446, 14.5255174637, 10.2443628311, 11.2200050354, 11.7795972824, 8.90837001801, 15.0666875839, 20.6140804291, 22.9531860352, 35.894821167, 30.4219303131, 28.7690677643, 35.8304443359, 28.013053894, 26.0768928528, 29.0263538361, 30.1860027313, 22.5546627045, 16.6054935455, 19.7393836975, 27.3774604797, 20.9170150757, 15.34420681, 8.22958183289, 3.18999409676, 1.18933582306, 0.610804140568, 0.255262494087, 0.0239094570279, 0.000417015573476, 2.96119178529e-05],
        "dvar": [0.00318947364576, 0.23952691257, 1.78246200085, 1.3047825098, 8.2153339386, 20.3050289154, 53.6983108521, 34.4131813049, 29.0301094055, 425.061676025, 635.207763672, 311.87210083, 476.993530273, 674.0234375, 265.004364014, 497.762542725, 635.127075195, 791.462219238, 943.755126953, 932.331054688, 1204.72180176, 837.194641113, 739.768554688, 1470.8939209, 952.960144043, 1162.99267578, 742.026000977, 560.764221191, 1033.12207031, 2745.76123047, 1599.49511719, 1429.32165527, 273.195343018, 25.9155139923, 2.54450726509, 0.820569038391, 0.13941475749, 0.00122769642621, 3.69206389905e-07, 1.7418755327e-09],
        "dvar2": [0.0067535219714, 0.541855096817, 4.92745161057, 3.56410217285, 20.7364044189, 53.9906425476, 129.920928955, 90.3056106567, 67.9763183594, 1167.19177246, 1645.38464355, 842.670227051, 1203.14697266, 1709.22814941, 587.915100098, 1240.9753418, 1597.69494629, 1893.83093262, 2490.55859375, 2549.78320312, 3260.45117188, 2050.42407227, 1736.72717285, 3438.2199707, 2115.265625, 2802.54663086, 1713.89599609, 1161.99694824, 2175.40087891, 6436.65283203, 3326.05395508, 3277.10449219, 601.466674805, 59.7825279236, 5.96706438065, 2.04794430733, 0.340595453978, 0.00293384655379, 8.75653711319e-07, 3.8723051432e-09],
        "max": [0.532243192196, 4.22775220871, 15.8233156204, 12.5407686234, 40.0450592041, 45.23279953, 117.055435181, 68.2752380371, 68.0861206055, 244.424575806, 487.343688965, 272.187255859, 330.984130859, 576.579711914, 320.679077148, 555.770141602, 318.169036865, 753.94140625, 392.10458374, 441.067321777, 539.948547363, 341.2265625, 450.085723877, 606.229125977, 336.623199463, 497.459716797, 362.839630127, 274.745574951, 486.297241211, 943.153198242, 659.473022461, 690.311218262, 283.184997559, 79.0618286133, 29.7772693634, 14.4241676331, 4.96147298813, 0.424780786037, 0.00741601875052, 0.000610400107689],
        "mean": [0.0307029616088, 0.307574957609, 0.921629548073, 1.50377583504, 2.74660944939, 4.11036252975, 6.58753633499, 3.8601000309, 3.5401263237, 11.0315170288, 12.2194843292, 9.2394323349, 10.2515230179, 10.1442117691, 9.30181026459, 13.9632015228, 18.3387928009, 22.6263694763, 32.8312606812, 28.4568042755, 28.6792011261, 40.193447113, 33.755821228, 30.9386997223, 35.6655464172, 33.5691566467, 23.631690979, 18.3874435425, 20.5841712952, 27.7309703827, 22.4713687897, 15.3656377792, 8.79742527008, 3.39637255669, 1.20571756363, 0.575314342976, 0.208374276757, 0.0179505590349, 0.000355520460289, 4.3093572458e-05],
        "median": [0.010511605069, 0.133212059736, 0.41622209549, 1.03606128693, 1.83122181892, 2.70003008842, 3.86882615089, 2.04805755615, 1.77175319195, 4.22067832947, 5.59076213837, 3.00124049187, 3.06300854683, 2.86366844177, 3.63774633408, 8.34720134735, 8.84956550598, 15.2163619995, 20.2280158997, 15.889169693, 19.912902832, 33.1166152954, 25.7940940857, 12.5913553238, 20.7612247467, 20.4575061798, 13.579870224, 7.50214910507, 6.36869812012, 7.39646816254, 8.08590698242, 6.53923559189, 4.24807691574, 1.75787651539, 0.60971903801, 0.181488990784, 0.0273897014558, 0.00133255904075, 6.82806712575e-05, 2.84007728624e-05],
        "min": [0.00010407382797, 0.00028586157714, 0.00229178648442, 0.00479002296925, 0.0167282130569, 0.0322642177343, 0.0158629585057, 0.0213408451527, 0.0116172283888, 0.00900127086788, 0.00801202002913, 0.0171109605581, 0.0727564021945, 0.0297518689185, 0.0130192292854, 0.0137470904738, 0.0269786287099, 0.0264177750796, 0.0362060703337, 0.059800170362, 0.0644394531846, 0.181708440185, 0.17658431828, 0.196709990501, 0.216797962785, 0.22187897563, 0.14351657033, 0.0753553062677, 0.0415794029832, 0.0174566879869, 0.00625048251823, 0.00370612065308, 0.00127179943956, 0.000273822020972, 0.000148122955579, 3.73198890884e-05, 5.34063883606e-06, 4.53594793726e-07, 9.45461408719e-07, 6.17295597749e-07],
        "var": [0.00384227815084, 0.26849386096, 1.7921615839, 2.48035573959, 11.2284517288, 24.3121700287, 96.1498947144, 33.9626655579, 34.2244415283, 429.979888916, 654.096618652, 500.305297852, 829.420166016, 997.503112793, 628.074584961, 555.612976074, 865.717590332, 1079.08312988, 1694.0802002, 1796.12646484, 1423.71862793, 1248.95825195, 1261.82995605, 2830.73120117, 1802.95727539, 1643.48742676, 995.742919922, 929.359985352, 1599.06298828, 3462.03027344, 2381.8918457, 1665.83618164, 354.204528809, 33.8953018188, 3.70812296867, 1.11680102348, 0.192509442568, 0.00184317165986, 5.68034067783e-07, 2.81938761226e-09]
    },
    "gfcc": {
        "mean": [17.894826889, 41.3821220398, -128.944259644, 57.403339386, -65.6921157837, 22.6304798126, -52.0723724365, 10.8556928635, -25.7013187408, 2.57688450813, -15.4359016418, -4.38162565231, -12.4710474014],
        "cov": [[2855.08447266, -625.242980957, 10.7226991653, -235.665679932, -47.389629364, 44.2722396851, -30.9747390747, 135.766067505, -27.1234302521, 140.177536011, -65.1461486816, 125.707939148, -169.018798828], [-625.242980957, 1254.59960938, -483.016143799, 149.821228027, 77.1742858887, 4.92214870453, 67.245223999, -29.1071624756, 146.692443848, -116.779342651, 160.484817505, -246.065765381, 154.304351807], [10.7226991653, -483.016143799, 700.508300781, 43.9753227234, 86.187538147, 56.3985748291, 10.1149358749, 21.9735851288, -85.8310775757, 76.9044570923, -135.915588379, 151.618377686, -94.9245986938], [-235.665679932, 149.821228027, 43.9753227234, 287.673553467, 1.94537472725, 24.9835186005, 42.5949440002, -55.5505752563, 47.0422744751, -67.2434539795, 8.96430110931, -53.3310508728, 32.631526947], [-47.389629364, 77.1742858887, 86.187538147, 1.94537472725, 268.073272705, 17.7210426331, 42.746761322, 41.9200057983, -6.42839431763, 53.6460380554, -8.35476112366, 26.2273521423, 1.37495303154], [44.2722396851, 4.92214870453, 56.3985748291, 24.9835186005, 17.7210426331, 133.138824463, 21.2460823059, 25.3778152466, 0.240429237485, -4.03340768814, 6.16147851944, -9.5088968277, 5.42638158798], [-30.9747390747, 67.245223999, 10.1149358749, 42.5949440002, 42.746761322, 21.2460823059, 104.381988525, 14.7330083847, 6.33994102478, -12.0435256958, -3.91469669342, -11.6709365845, -9.50034713745], [135.766067505, -29.1071624756, 21.9735851288, -55.5505752563, 41.9200057983, 25.3778152466, 14.7330083847, 116.175720215, 18.8548316956, 29.0431652069, 1.89046740532, 7.64186525345, -11.7353591919], [-27.1234302521, 146.692443848, -85.8310775757, 47.0422744751, -6.42839431763, 0.240429237485, 6.33994102478, 18.8548316956, 111.815788269, 3.49489092827, 31.1203689575, -36.2717971802, 13.1065568924], [140.177536011, -116.779342651, 76.9044570923, -67.2434539795, 53.6460380554, -4.03340768814, -12.0435256958, 29.0431652069, 3.49489092827, 109.529800415, 4.13358831406, 48.7257804871, -21.7420730591], [-65.1461486816, 160.484817505, -135.915588379, 8.96430110931, -8.35476112366, 6.16147851944, -3.91469669342, 1.89046740532, 31.1203689575, 4.13358831406, 95.3508987427, -22.1545467377, 35.8061828613], [125.707939148, -246.065765381, 151.618377686, -53.3310508728, 26.2273521423, -9.5088968277, -11.6709365845, 7.64186525345, -36.2717971802, 48.7257804871, -22.1545467377, 118.010269165, -22.0077514648], [-169.018798828, 154.304351807, -94.9245986938, 32.631526947, 1.37495303154, 5.42638158798, -9.50034713745, -11.7353591919, 13.1065568924, -21.7420730591, 35.8061828613, -22.0077514648, 86.6505126953]],
        "icov": [[0.000509383156896, 7.21158066881e-05, 0.000528812059201, -0.000186983001186, 0.000169737963006, -0.000440408999566, 0.000184125659871, -0.000511277001351, 0.000157620539539, -0.000566264556255, 0.000532474252395, -0.000619124970399, 0.000947518914472], [7.21158066881e-05, 0.00260832975619, -0.000261361361481, 0.000870762916747, -0.00152497086674, 0.000581998494454, -0.00117309670895, 0.00104245450348, -0.00187488645315, 0.00165469700005, -0.00269057624973, 0.00410656677559, -0.0022644859273], [0.000528812059201, -0.000261361361481, 0.0048392098397, -0.00311211613007, 0.000212281403947, -0.00235143280588, 0.00119785370771, -0.00179452321026, 0.00235996488482, -0.00316826091148, 0.00514157116413, -0.00509530026466, 0.0034316976089], [-0.000186983001186, 0.000870762916747, -0.00311211613007, 0.00788995530456, -0.00124842894729, 0.00040367685142, -0.00281558814459, 0.00449327705428, -0.00491569377482, 0.00491132074967, -0.00336288451217, 0.00449781073257, -0.00349366362207], [0.000169737963006, -0.00152497086674, 0.000212281403947, -0.00124842894729, 0.00595112750307, -0.000455215020338, -0.00130568619352, -0.00224049622193, 0.00207952107303, -0.00416779285297, 0.00245446362533, -0.00268644536845, 0.000180012415512], [-0.000440408999566, 0.000581998494454, -0.00235143280588, 0.00040367685142, -0.000455215020338, 0.0097542675212, -0.00180977804121, -0.00132383336313, -9.78842945187e-05, 0.00173714093398, -0.00352908903733, 0.00375902839005, -0.00274106208235], [0.000184125659871, -0.00117309670895, 0.00119785370771, -0.00281558814459, -0.00130568619352, -0.00180977804121, 0.0128744225949, -0.00262351054698, 0.00147401855793, 0.000478069094243, 0.00189938955009, -0.0024127184879, 0.00451034028083], [-0.000511277001351, 0.00104245450348, -0.00179452321026, 0.00449327705428, -0.00224049622193, -0.00132383336313, -0.00262351054698, 0.0134967388585, -0.00504099018872, 0.0013418730814, -0.00249620131217, 0.00339324166998, -0.0018604202196], [0.000157620539539, -0.00187488645315, 0.00235996488482, -0.00491569377482, 0.00207952107303, -9.78842945187e-05, 0.00147401855793, -0.00504099018872, 0.0151896243915, -0.00567424856126, 0.00128351617604, -0.00153666746337, 0.00289273587987], [-0.000566264556255, 0.00165469700005, -0.00316826091148, 0.00491132074967, -0.00416779285297, 0.00173714093398, 0.000478069094243, 0.0013418730814, -0.00567424856126, 0.0188603680581, -0.00733953341842, 0.000374861439923, -0.000461265677586], [0.000532474252395, -0.00269057624973, 0.00514157116413, -0.00336288451217, 0.00245446362533, -0.00352908903733, 0.00189938955009, -0.00249620131217, 0.00128351617604, -0.00733953341842, 0.0218535661697, -0.00728077115491, -0.000134280708153], [-0.000619124970399, 0.00410656677559, -0.00509530026466, 0.00449781073257, -0.00268644536845, 0.00375902839005, -0.0024127184879, 0.00339324166998, -0.00153666746337, 0.000374861439923, -0.00728077115491, 0.0235129892826, -0.00648691272363], [0.000947518914472, -0.0022644859273, 0.0034316976089, -0.00349366362207, 0.000180012415512, -0.00274106208235, 0.00451034028083, -0.0018604202196, 0.00289273587987, -0.000461265677586, -0.000134280708153, -0.00648691272363, 0.0207623858005]]
    },
    "melbands": {
        "dmean": [0.000228871576837, 0.000302560132695, 0.000142095421324, 0.000161318515893, 0.000122195560834, 6.0328089603e-05, 4.42051823484e-05, 0.00010540385847, 6.84327314957e-05, 3.97364929086e-05, 3.63108192687e-05, 3.00082811009e-05, 2.20454803639e-05, 2.45323426498e-05, 2.43802405748e-05, 2.79678297375e-05, 2.90491334454e-05, 3.96277755499e-05, 2.37262174778e-05, 1.97161807591e-05, 2.29510987992e-05, 2.62244338955e-05, 2.25192598009e-05, 1.39898220368e-05, 1.49967518155e-05, 1.46478732859e-05, 1.46368447531e-05, 1.35810778374e-05, 1.09346819954e-05, 6.69037399348e-06, 6.98177564118e-06, 7.26674898033e-06, 1.03723778011e-05, 1.09968923425e-05, 8.68699953571e-06, 7.61660385251e-06, 6.0473139456e-06, 4.36148548033e-06, 2.78539414467e-06, 1.59691830959e-06],
        "dmean2": [0.000345145323081, 0.000487299781526, 0.000231358688325, 0.000269279291388, 0.000189478392713, 9.97381430352e-05, 7.1344031312e-05, 0.000178662463441, 0.000110175722511, 6.37871271465e-05, 5.69726034882e-05, 4.87018551212e-05, 3.43735555361e-05, 3.94057242374e-05, 3.93597474613e-05, 4.65253797302e-05, 4.80626549688e-05, 6.7362387199e-05, 4.07392944908e-05, 3.28145142703e-05, 3.85586718039e-05, 4.41993215645e-05, 3.73807633878e-05, 2.19313533307e-05, 2.31704725593e-05, 2.30445366469e-05, 2.2718033506e-05, 2.15689742618e-05, 1.74636552401e-05, 1.04522141555e-05, 1.06507286546e-05, 1.09018546937e-05, 1.5535935745e-05, 1.62116848514e-05, 1.32105833472e-05, 1.16692708616e-05, 9.33334558795e-06, 6.81938217895e-06, 4.31991338701e-06, 2.51057917922e-06],
        "dvar": [2.59505128497e-07, 4.04660369213e-07, 4.35108127306e-08, 7.57603757506e-08, 5.22615941634e-08, 1.75397243396e-08, 9.88944837133e-09, 5.20986844776e-08, 3.43417845272e-08, 1.22519665524e-08, 1.25243220239e-08, 1.32174644563e-08, 5.97942939606e-09, 4.68490268801e-09, 2.1780195425e-09, 3.58319374172e-09, 3.64211105719e-09, 2.96360891383e-09, 2.49376963524e-09, 1.16851850418e-09, 2.10134976086e-09, 1.28394839205e-09, 8.4855689142e-10, 6.38609887194e-10, 1.26376165088e-09, 6.60905719041e-10, 6.11958983487e-10, 6.2962940417e-10, 4.45481290745e-10, 1.66612237895e-10, 2.40467257218e-10, 2.8502386562e-10, 6.32364272057e-10, 1.03505193305e-09, 6.04939764948e-10, 5.76734049407e-10, 5.76471037572e-10, 1.8408823077e-10, 4.75167682978e-11, 1.45005370558e-11],
        "dvar2": [5.27146085005e-07, 1.04130788259e-06, 1.16754932833e-07, 2.04826179129e-07, 1.27244462078e-07, 4.63095908287e-08, 2.40338469126e-08, 1.43357311799e-07, 8.80909780676e-08, 3.22944906372e-08, 3.13645678318e-08, 3.37895684765e-08, 1.36361588687e-08, 1.09491899991e-08, 5.28644061859e-09, 9.53078060917e-09, 8.64783356036e-09, 7.77591235845e-09, 6.87538825872e-09, 3.1558931024e-09, 5.74379610541e-09, 3.26466720324e-09, 2.09295714093e-09, 1.44995748741e-09, 3.05462566352e-09, 1.53797030666e-09, 1.39361089335e-09, 1.58697910368e-09, 1.08993802872e-09, 3.36943001278e-10, 5.37028865821e-10, 6.22318863108e-10, 1.39792921683e-09, 2.48729348229e-09, 1.27860699806e-09, 1.29893806822e-09, 1.34644562166e-09, 4.16692763627e-10, 1.12553966147e-10, 3.35810303176e-11],
        "max": [0.00458169588819, 0.00712798489258, 0.00249477662146, 0.00241262675263, 0.00328187644482, 0.00177686393727, 0.00139119441155, 0.00239715143107, 0.00353511655703, 0.00149441149551, 0.00161222869065, 0.00272498838603, 0.00168938422576, 0.00192448287271, 0.00070749851875, 0.000971590343397, 0.00166607147548, 0.000584468187299, 0.00089423044119, 0.000496418098919, 0.000749368744437, 0.000391886045691, 0.000409599451814, 0.00039514596574, 0.000559888605494, 0.000258921616478, 0.00027862295974, 0.000421796372393, 0.000330378155923, 0.00015056724078, 0.000176208239282, 0.000234124308918, 0.000389187276596, 0.000591454969253, 0.000375844188966, 0.000410392472986, 0.00049451761879, 0.000235435974901, 9.21816681512e-05, 6.20255668764e-05],
        "mean": [0.000319373735692, 0.000474877393572, 0.00028871835093, 0.000250850280281, 0.000221568072448, 9.11412789719e-05, 5.97140970058e-05, 0.000125569204101, 9.45079009398e-05, 5.51202028873e-05, 5.06264805153e-05, 4.03285703214e-05, 3.43487408827e-05, 3.3489024645e-05, 3.68837318092e-05, 3.82144353352e-05, 4.34408320871e-05, 5.94126868236e-05, 3.5103312257e-05, 3.2224746974e-05, 3.5052838939e-05, 4.27458107879e-05, 3.97515905206e-05, 2.43400118052e-05, 2.46698527917e-05, 2.62184494204e-05, 2.54031656368e-05, 2.16293956328e-05, 1.59572355187e-05, 1.15519433166e-05, 1.02471331047e-05, 1.0275142813e-05, 1.4755742086e-05, 1.57653466886e-05, 1.3484590454e-05, 1.10568444143e-05, 8.72143937158e-06, 6.64962681185e-06, 4.2862779992e-06, 2.37318431573e-06],
        "median": [0.00012346485164, 0.000250601471635, 0.000207235774724, 0.000170581944985, 0.00013805947674, 5.29573226231e-05, 2.82053788396e-05, 5.05082134623e-05, 4.07867046306e-05, 1.66466088558e-05, 1.40083402584e-05, 1.06655706986e-05, 9.69394113781e-06, 1.79918970389e-05, 1.96841247089e-05, 2.02030041692e-05, 2.70853452093e-05, 3.69000881619e-05, 1.78399186552e-05, 1.98258530872e-05, 2.34719664149e-05, 3.42846324202e-05, 2.87519451376e-05, 1.50927744471e-05, 8.25535153126e-06, 1.33517251015e-05, 1.4789035049e-05, 1.28793999465e-05, 8.74937268236e-06, 5.90447643845e-06, 3.49891683982e-06, 3.00508486362e-06, 3.94366861656e-06, 3.78411391466e-06, 4.46993544756e-06, 4.31520584243e-06, 3.73687248612e-06, 3.0210985642e-06, 2.07930793295e-06, 1.17913964459e-06],
        "min": [1.51162237216e-06, 1.35861466788e-06, 9.87182943391e-07, 2.14383271668e-06, 7.03137970959e-07, 5.47364265913e-07, 1.66422466918e-07, 7.04534670604e-08, 5.41057332271e-08, 1.27915910753e-07, 2.565064392e-07, 7.994847806e-08, 4.57953746036e-08, 2.36947812482e-08, 7.31147764554e-08, 5.3478068196e-08, 3.19142046123e-08, 3.85689453708e-08, 7.08125043047e-08, 4.85170090769e-08, 8.20138978952e-08, 1.3755719408e-07, 1.34007763108e-07, 1.3108952146e-07, 8.43154666086e-08, 8.45058423238e-08, 1.61867731663e-07, 9.61646478004e-08, 9.74334852799e-08, 5.78856536038e-08, 4.15043643898e-08, 1.9762829595e-08, 1.55971768834e-08, 7.61786189685e-09, 3.33472316427e-09, 2.98375524288e-09, 1.75647152378e-09, 1.00769304012e-09, 4.62759636166e-10, 1.26296429911e-11],
