{
"highlevel": {
    "danceability": {
        "all": {
            "danceable": 0.376651674509,
            "not_danceable": 0.623348355293
        },
        "probability": 0.623348355293,
        "value": "not_danceable"
    },
    "gender": {
        "all": {
            "female": 0.159443750978,
            "male": 0.840556263924
        },
        "probability": 0.840556263924,
        "value": "male"
    },
    "genre_dortmund": {
        "all": {
            "alternative": 0.116521656513,
            "blues": 0.0191962812096,
            "electronic": 0.033087965101,
            "folkcountry": 0.0105476863682,
            "funksoulrnb": 0.00522553361952,
            "jazz": 0.00326832430437,
            "pop": 0.0151853235438,
            "raphiphop": 0.0359890758991,
            "rock": 0.760978162289
        },
        "probability": 0.760978162289,
        "value": "rock"
    },
    "genre_electronic": {
        "all": {
            "ambient": 0.177464395761,
            "dnb": 0.295235991478,
            "house": 0.0255294926465,
            "techno": 0.0147143751383,
            "trance": 0.487055748701
        },
        "probability": 0.487055748701,
        "value": "trance"
    },
    "genre_rosamerica": {
        "all": {
            "cla": 5.81305321248e-05,
            "dan": 0.000641155056655,
            "hip": 0.002302542096,
            "jaz": 2.77547223959e-05,
            "pop": 0.00111048447434,
            "rhy": 0.000203225397854,
            "roc": 0.995645344257,
            "spe": 1.1334897863e-05
        },
        "probability": 0.995645344257,
        "value": "roc"
    },
    "genre_tzanetakis": {
        "all": {
            "blu": 0.0626541376114,
            "cla": 0.0348133966327,
            "cou": 0.0783501937985,
            "dis": 0.104547761381,
            "hip": 0.15693578124,
            "jaz": 0.313987255096,
            "met": 0.044816005975,
            "pop": 0.0627349764109,
            "reg": 0.0627352520823,
            "roc": 0.0784252434969
        },
        "probability": 0.313987255096,
        "value": "jaz"
    },
    "ismir04_rhythm": {
        "all": {
            "ChaChaCha": 0.00292558548972,
            "Jive": 0.974199593067,
            "Quickstep": 0.000495944288559,
            "Rumba-American": 0.000551341858227,
            "Rumba-International": 0.000415796268499,
            "Rumba-Misc": 0.000136443559313,
            "Samba": 0.0153347970918,
            "Tango": 0.000413513189415,
            "VienneseWaltz": 0.00532975047827,
            "Waltz": 0.000197259127162
        },
        "probability": 0.974199593067,
        "value": "Jive"
    },
    "mood_acoustic": {
        "all": {
            "acoustic": 5.67509414395e-06,
            "not_acoustic": 0.999994337559
        },
        "probability": 0.999994337559,
        "value": "not_acoustic"
    },
    "mood_aggressive": {
        "all": {
            "aggressive": 0.999804913998,
            "not_aggressive": 0.000195091939531
        },
        "probability": 0.999804913998,
        "value": "aggressive"
    },
    "mood_electronic": {
        "all": {
            "electronic": 0.134907692671,
            "not_electronic": 0.865092277527
        },
        "probability": 0.865092277527,
        "value": "not_electronic"
    },
    "mood_happy": {
        "all": {
            "happy": 0.210449203849,
            "not_happy": 0.78955078125
        },
        "probability": 0.78955078125,
        "value": "not_happy"
    },
    "mood_party": {
        "all": {
            "not_party": 0.150606632233,
            "party": 0.849393367767
        },
        "probability": 0.849393367767,
        "value": "party"
    },
    "mood_relaxed": {
        "all": {
            "not_relaxed": 0.997054457664,
            "relaxed": 0.00294554932043
        },
        "probability": 0.997054457664,
        "value": "not_relaxed"
    },
    "mood_sad": {
        "all": {
            "not_sad": 0.987187743187,
            "sad": 0.0128122782335
        },
        "probability": 0.987187743187,
        "value": "not_sad"
    },
    "moods_mirex": {
        "all": {
            "Cluster1": 0.248663634062,
            "Cluster2": 0.0203747656196,
            "Cluster3": 0.0237915161997,
            "Cluster4": 0.0596102364361,
            "Cluster5": 0.647559821606
        },
        "probability": 0.647559821606,
        "value": "Cluster5"
    },
    "timbre": {
        "all": {
            "bright": 0.366286456585,
            "dark": 0.633713543415
        },
        "probability": 0.633713543415,
        "value": "dark"
    },
    "tonal_atonal": {
        "all": {
            "atonal": 0.00853649526834,
            "tonal": 0.99146348238
        },
        "probability": 0.99146348238,
        "value": "tonal"
    },
    "voice_instrumental": {
        "all": {
            "instrumental": 0.00191775988787,
            "voice": 0.998082220554
        },
        "probability": 0.998082220554,
        "value": "voice"
    }
},
"lowlevel": {
    "average_loudness": 0.974830508232,
    "barkbands_crest": {
        "dmean": 3.43110704422,
        "dmean2": 5.76874685287,
        "dvar": 11.456905365,
        "dvar2": 31.0375137329,
        "max": 23.6632518768,
        "mean": 8.17148399353,
        "median": 7.05587100983,
        "min": 2.8187110424,
        "var": 15.4565372467
    },
    "barkbands_flatness_db": {
        "dmean": 0.0203721467406,
        "dmean2": 0.0346026830375,
        "dvar": 0.000465718389023,
        "dvar2": 0.00126337446272,
        "max": 0.256091684103,
        "mean": 0.100660912693,
        "median": 0.094406761229,
        "min": 0.0441043227911,
        "var": 0.000741342839319
    },
    "barkbands_kurtosis": {
        "dmean": 1.93864119053,
        "dmean2": 3.45978236198,
        "dvar": 18.3669261932,
        "dvar2": 50.6453742981,
        "max": 62.2537307739,
        "mean": 0.306050181389,
        "median": -0.709473371506,
        "min": -1.84655606747,
        "var": 13.106844902
    },
    "barkbands_skewness": {
        "dmean": 0.669578909874,
        "dmean2": 1.07252526283,
        "dvar": 0.646005809307,
        "dvar2": 1.63539290428,
        "max": 7.44665908813,
        "mean": 0.620160758495,
        "median": 0.446831434965,
        "min": -2.91292500496,
        "var": 0.941166341305
    },
    "barkbands_spread": {
        "dmean": 8.70915985107,
        "dmean2": 13.9563970566,
        "dvar": 83.6362609863,
        "dvar2": 195.740646362,
        "max": 98.7976226807,
        "mean": 37.3508987427,
        "median": 35.7699394226,
        "min": 3.36579918861,
        "var": 213.927429199
    },
    "dissonance": {
        "dmean": 0.00936615467072,
        "dmean2": 0.0157314892858,
        "dvar": 8.36219114717e-05,
        "dvar2": 0.000226238960749,
        "max": 0.499920219183,
        "mean": 0.484041213989,
        "median": 0.487427383661,
        "min": 0.403920978308,
        "var": 0.000165286211995
    },
    "dynamic_complexity": 1.08013474941,
    "erbbands_crest": {
        "dmean": 2.64565420151,
        "dmean2": 4.37335062027,
        "dvar": 5.6465010643,
        "dvar2": 15.4410867691,
        "max": 23.3995857239,
        "mean": 8.22609615326,
        "median": 7.49178552628,
        "min": 3.06055784225,
        "var": 11.3634939194
    },
    "erbbands_flatness_db": {
        "dmean": 0.0160991363227,
        "dmean2": 0.0246310513467,
        "dvar": 0.000183746800758,
        "dvar2": 0.000389574677683,
        "max": 0.247478187084,
        "mean": 0.135328128934,
        "median": 0.133544236422,
        "min": 0.0710179358721,
        "var": 0.000702917051967
    },
    "erbbands_kurtosis": {
        "dmean": 0.915342092514,
        "dmean2": 1.47869598866,
        "dvar": 1.06967008114,
        "dvar2": 2.68601036072,
        "max": 14.9130249023,
        "mean": 0.700206935406,
        "median": 0.353258371353,
        "min": -1.46547412872,
        "var": 2.26258015633
    },
    "erbbands_skewness": {
        "dmean": 0.301497131586,
        "dmean2": 0.458672821522,
        "dvar": 0.0654419660568,
        "dvar2": 0.149421870708,
        "max": 1.28187394142,
        "mean": -0.381785064936,
        "median": -0.400873482227,
        "min": -2.88693714142,
        "var": 0.360546946526
    },
    "erbbands_spread": {
        "dmean": 8.81109523773,
        "dmean2": 14.1614513397,
        "dvar": 77.233543396,
        "dvar2": 192.409240723,
        "max": 113.064834595,
        "mean": 34.115146637,
        "median": 31.1903171539,
        "min": 8.43926239014,
        "var": 180.194152832
    },
    "hfc": {
        "dmean": 9.40875720978,
        "dmean2": 13.7506971359,
        "dvar": 100.264709473,
        "dvar2": 203.61315918,
        "max": 149.549118042,
        "mean": 40.738899231,
        "median": 37.7546195984,
        "min": 0.2388523072,
        "var": 369.659484863
    },
    "melbands_crest": {
        "dmean": 4.06527090073,
        "dmean2": 6.50451135635,
        "dvar": 13.5830774307,
        "dvar2": 29.7612037659,
        "max": 29.305109024,
        "mean": 12.561671257,
        "median": 11.172794342,
        "min": 3.91367101669,
        "var": 28.9602489471
    },
    "melbands_flatness_db": {
        "dmean": 0.033141952008,
        "dmean2": 0.0530213974416,
        "dvar": 0.00140459346585,
        "dvar2": 0.00334670906886,
        "max": 0.3605466187,
        "mean": 0.12982955575,
        "median": 0.118674829602,
        "min": 0.0313627570868,
        "var": 0.0025442186743
    },
    "melbands_kurtosis": {
        "dmean": 7.0004491806,
        "dmean2": 12.2980613708,
        "dvar": 212.473220825,
        "dvar2": 579.945251465,
        "max": 152.034317017,
        "mean": 5.73370742798,
        "median": 1.86181926727,
        "min": -1.79845833778,
        "var": 160.824478149
    },
    "melbands_skewness": {
        "dmean": 0.979909241199,
        "dmean2": 1.59816420078,
        "dvar": 1.63531625271,
        "dvar2": 4.16657781601,
        "max": 10.5578689575,
        "mean": 1.87989902496,
        "median": 1.53269588947,
        "min": -0.999292135239,
        "var": 2.09812951088
    },
    "melbands_spread": {
        "dmean": 15.6111030579,
        "dmean2": 24.242395401,
        "dvar": 272.963653564,
        "dvar2": 557.781982422,
        "max": 223.907287598,
        "mean": 47.7637863159,
        "median": 44.7994270325,
        "min": 1.89622581005,
        "var": 677.776123047
    },
    "pitch_salience": {
        "dmean": 0.0848140344024,
        "dmean2": 0.136915028095,
        "dvar": 0.00623349519446,
        "dvar2": 0.0151088386774,
        "max": 0.855488061905,
        "mean": 0.573148190975,
        "median": 0.584445416927,
        "min": 0.224289163947,
        "var": 0.0117581430823
    },
    "silence_rate_20dB": {
        "dmean": 0,
        "dmean2": 0,
        "dvar": 0,
        "dvar2": 0,
        "max": 1,
        "mean": 1,
        "median": 1,
        "min": 1,
        "var": 0
    },
    "silence_rate_30dB": {
        "dmean": 0.00154798757285,
        "dmean2": 0.00309837330133,
        "dvar": 0.0015455869725,
        "dvar2": 0.00463793706149,
        "max": 1,
        "mean": 0.999226629734,
        "median": 1,
        "min": 0,
        "var": 0.000772796280216
    },
    "silence_rate_60dB": {
        "dmean": 0.00232198135927,
        "dmean2": 0.00387296662666,
        "dvar": 0.0023165892344,
        "dvar2": 0.00385793438181,
        "max": 1,
        "mean": 0.00696055684239,
        "median": 0,
        "min": 0,
        "var": 0.00691212387756
    },
    "spectral_centroid": {
        "dmean": 313.726898193,
        "dmean2": 489.567230225,
        "dvar": 94700.1015625,
        "dvar2": 208141.265625,
        "max": 4449.28857422,
        "mean": 2112.37231445,
        "median": 2106.74536133,
        "min": 630.497253418,
        "var": 278113.71875
    },
    "spectral_complexity": {
        "dmean": 4.84674930573,
        "dmean2": 7.49728870392,
        "dvar": 14.8185787201,
        "dvar2": 34.8356018066,
        "max": 55,
        "mean": 34.4825973511,
        "median": 35,
        "min": 1,
        "var": 60.0997009277
    },
    "spectral_decrease": {
        "dmean": 4.50432846577e-09,
        "dmean2": 7.6113035874e-09,
        "dvar": 5.21371973179e-17,
        "dvar2": 1.34853812662e-16,
        "max": -1.03436793852e-10,
        "mean": -8.46022540912e-09,
        "median": -6.56108012365e-09,
        "min": -4.13919423181e-08,
        "var": 4.60774706737e-17
    },
    "spectral_energy": {
        "dmean": 0.0173656959087,
        "dmean2": 0.0292182061821,
        "dvar": 0.000745806493796,
        "dvar2": 0.0019283980364,
        "max": 0.161815240979,
        "mean": 0.0356259867549,
        "median": 0.0286930948496,
        "min": 0.000419598276494,
        "var": 0.00067023106385
    },
    "spectral_energyband_high": {
        "dmean": 0.000868625298608,
        "dmean2": 0.0012313881889,
        "dvar": 1.68748420037e-06,
        "dvar2": 2.73559385278e-06,
        "max": 0.0158649496734,
        "mean": 0.00231696921401,
        "median": 0.00158827705309,
        "min": 1.69873464984e-06,
        "var": 5.57490830033e-06
    },
    "spectral_energyband_low": {
        "dmean": 0.0146418176591,
        "dmean2": 0.025603113696,
        "dvar": 0.000798553344794,
        "dvar2": 0.00211239722557,
        "max": 0.147950589657,
        "mean": 0.0146499816328,
        "median": 0.00619452632964,
        "min": 1.43382294482e-05,
        "var": 0.000623515690677
    },
    "spectral_energyband_middle_high": {
        "dmean": 0.00289204856381,
        "dmean2": 0.00443479185924,
        "dvar": 7.51742663851e-06,
        "dvar2": 1.77072070073e-05,
        "max": 0.0330356620252,
        "mean": 0.0107360025868,
        "median": 0.00993878208101,
        "min": 6.64130275254e-05,
        "var": 3.00989995594e-05
    },
    "spectral_energyband_middle_low": {
        "dmean": 0.00461861537769,
        "dmean2": 0.00745984818786,
        "dvar": 4.64336262667e-05,
        "dvar2": 0.000119752694445,
        "max": 0.0685220211744,
        "mean": 0.00907819718122,
        "median": 0.00715959444642,
        "min": 0.000148105798871,
        "var": 5.44241338503e-05
    },
    "spectral_entropy": {
        "dmean": 0.100871250033,
        "dmean2": 0.147438839078,
        "dvar": 0.00899810437113,
        "dvar2": 0.0165290441364,
        "max": 8.67420768738,
        "mean": 7.96508407593,
        "median": 7.94676828384,
        "min": 7.34028720856,
        "var": 0.0417081341147
    },
    "spectral_flux": {
        "dmean": 0.0373580120504,
        "dmean2": 0.0580357387662,
        "dvar": 0.00223481911235,
        "dvar2": 0.00389643781818,
        "max": 0.367738544941,
        "mean": 0.127486377954,
        "median": 0.108643114567,
        "min": 0.0150142451748,
        "var": 0.00363936205395
    },
    "spectral_kurtosis": {
        "dmean": 0.933479726315,
        "dmean2": 1.47672104836,
        "dvar": 0.78590798378,
        "dvar2": 1.90081834793,
        "max": 11.7934274673,
        "mean": 3.50965881348,
        "median": 3.5009469986,
        "min": -0.904545783997,
        "var": 2.64077067375
    },
    "spectral_rms": {
        "dmean": 0.00122256146278,
        "dmean2": 0.00197697989643,
        "dvar": 2.64178697762e-06,
        "dvar2": 6.5121444095e-06,
        "max": 0.0125645743683,
        "mean": 0.00561932334676,
        "median": 0.00529086589813,
        "min": 0.000639815698378,
        "var": 3.18025490742e-06
    },
    "spectral_rolloff": {
        "dmean": 868.645324707,
        "dmean2": 1405.81347656,
        "dvar": 1391566.75,
        "dvar2": 2741129.5,
        "max": 9754.54101562,
        "mean": 2690.26757812,
        "median": 2454.78515625,
        "min": 86.1328125,
        "var": 3083066.25
    },
    "spectral_skewness": {
        "dmean": 0.165023684502,
        "dmean2": 0.251228064299,
        "dvar": 0.0231189616024,
        "dvar2": 0.0457517616451,
        "max": 2.8840136528,
        "mean": 1.3474957943,
        "median": 1.35880482197,
        "min": 0.350783616304,
        "var": 0.0924526080489
    },
    "spectral_spread": {
        "dmean": 553057.3125,
        "dmean2": 808799.6875,
        "dvar": 288345915392,
        "dvar2": 529707630592,
        "max": 9617556,
        "mean": 4667819.5,
        "median": 4485949.5,
        "min": 2001378,
        "var": 1.18315050598e+12
    },
    "spectral_strongpeak": {
        "dmean": 0.912478685379,
        "dmean2": 1.61352741718,
        "dvar": 1.95149183273,
        "dvar2": 4.81326580048,
        "max": 9.39975261688,
        "mean": 1.17779541016,
        "median": 0.438977956772,
        "min": 0.0214108619839,
        "var": 2.58262443542
    },
    "zerocrossingrate": {
        "dmean": 0.0164825152606,
        "dmean2": 0.019036160782,
        "dvar": 0.000332960538799,
        "dvar2": 0.00035981964902,
        "max": 0.29345703125,
        "mean": 0.0951351597905,
        "median": 0.08740234375,
        "min": 0.021484375,
        "var": 0.00167892221361
    },
    "barkbands": {
        "dmean": [0.000307620794047, 0.0109060006216, 0.00444495351985, 0.00130388780963, 0.00244408752769, 0.000684563419782, 0.000937296892516, 0.000768290890846, 0.000705212063622, 0.000747362093534, 0.000585172965657, 0.000583625107538, 0.00062239804538, 0.000702244462445, 0.000794965482783, 0.000845336122438, 0.000809133227449, 0.000440815783804, 0.000293432734907, 0.000307323702145, 0.000218879067688, 0.00019057985628, 0.000187533150893, 0.000252892379649, 0.000108570573502, 5.66436101508e-05, 5.3487163143e-08],
        "dmean2": [0.00049024814507, 0.0193082448095, 0.00832649599761, 0.00221958290786, 0.0041009131819, 0.00113196705934, 0.00147463066969, 0.00120019936003, 0.00111018959433, 0.0011092905188, 0.000897363002878, 0.000948593660723, 0.000997545546852, 0.00112818740308, 0.00126669055317, 0.00136303168256, 0.00128818571102, 0.000693224254064, 0.000472305924632, 0.000491666549351, 0.00034303785651, 0.000284053909127, 0.000269152311375, 0.000349803391146, 0.000157204762218, 8.4064566181e-05, 1.00096684719e-07],
        "dvar": [2.5505445933e-07, 0.00044236597023, 0.000100745215605, 4.17227875005e-06, 2.83373374259e-05, 1.52530583364e-06, 2.59932744484e-06, 1.88465378415e-06, 1.94983795154e-06, 2.22590142585e-06, 1.33003595693e-06, 1.19397054732e-06, 1.58917362114e-06, 9.80869231171e-07, 1.46183867855e-06, 1.56233977577e-06, 1.24386065181e-06, 2.76767337937e-07, 1.34387448725e-07, 1.90137527056e-07, 9.42569471363e-08, 1.07775889546e-07, 1.73025057393e-07, 4.08194239299e-07, 5.33066284447e-08, 3.9285792397e-09, 5.14438006625e-14],
        "dvar2": [5.67589495404e-07, 0.00119774427731, 0.000286615570076, 1.1414628716e-05, 7.51108527766e-05, 3.93556774725e-06, 5.74278237764e-06, 4.15203749071e-06, 4.59527927887e-06, 4.64951062895e-06, 2.86855924969e-06, 2.9438740512e-06, 3.78121808353e-06, 2.42438864007e-06, 3.36943594448e-06, 3.94825883632e-06, 3.01638851852e-06, 6.76484319229e-07, 2.94268829748e-07, 4.50632313687e-07, 2.10519999655e-07, 2.05113650509e-07, 3.47600206396e-07, 7.37882430712e-07, 1.10637706996e-07, 7.86708476141e-09, 1.471420235e-13],
        "max": [0.0035396409221, 0.116907052696, 0.0608117207885, 0.0158642791212, 0.0491631217301, 0.0164340920746, 0.0239336714149, 0.0147714056075, 0.0146139282733, 0.0148524912074, 0.014091742225, 0.0159427244216, 0.0205606799573, 0.00959264487028, 0.0146511867642, 0.0172611866146, 0.0152569217607, 0.00609881523997, 0.00582463014871, 0.00686839874834, 0.00470450520515, 0.0048867338337, 0.00592433847487, 0.00881484895945, 0.00399979110807, 0.000591340300161, 4.01094985136e-06],
        "mean": [0.000321675121086, 0.00970659311861, 0.00371453445405, 0.00161665328778, 0.0028056926094, 0.000996888265945, 0.00122750224546, 0.00102966534905, 0.000935399148148, 0.00112510775216, 0.000862797198351, 0.000814029830508, 0.000913388677873, 0.00111771537922, 0.00128283281811, 0.00146158295684, 0.00155600707512, 0.00089705461869, 0.000623449741397, 0.000672792724799, 0.000472368934425, 0.000384480546927, 0.000344194617355, 0.000444867269835, 0.000206580371014, 9.21183673199e-05, 3.20934852027e-08],
        "median": [5.80140585953e-05, 0.00324140815064, 0.00122473970987, 0.000935476098675, 0.00148005620576, 0.000553534540813, 0.000582372478675, 0.00043872196693, 0.000378459109925, 0.000383641890949, 0.000347927678376, 0.00046023534378, 0.000487207231345, 0.000721955206245, 0.000653339491691, 0.00101080955938, 0.000999245559797, 0.000634779280517, 0.000473809021059, 0.000522303045727, 0.000356819655281, 0.000243674352532, 0.000163685414009, 0.000164013894391, 0.000125850565382, 6.12668955e-05, 8.44045278114e-10],
        "min": [2.37008741522e-08, 5.46232331544e-06, 1.19552726119e-06, 2.0467214199e-06, 1.95434004127e-05, 7.56941199143e-06, 6.00809562457e-06, 4.02119809451e-07, 6.18363719695e-06, 3.37374740411e-06, 1.41282714594e-06, 2.53434564002e-06, 4.04753563998e-06, 6.05223567618e-06, 1.27096736833e-05, 3.27323778038e-06, 3.51788958142e-06, 1.5779108935e-06, 2.24544601224e-06, 1.02230558241e-06, 6.4385000087e-07, 3.75897371896e-07, 1.50134667365e-07, 1.01623086834e-07, 1.84794970437e-08, 1.64748836795e-09, 7.91322302823e-12],
        "var": [3.11493550953e-07, 0.000333322444931, 6.20229984634e-05, 4.00282124247e-06, 2.29608504014e-05, 2.14863962356e-06, 3.73744569515e-06, 3.09073629978e-06, 2.79580899587e-06, 4.52597123513e-06, 2.51986239164e-06, 1.51568178808e-06, 2.36468054027e-06, 1.58480168011e-06, 3.0217092899e-06, 2.43104568654e-06, 3.04462605527e-06, 6.75077956203e-07, 3.0559743891e-07, 3.33608937808e-07, 1.90723184801e-07, 2.32627058949e-07, 3.69719316495e-07, 1.02410183445e-06, 1.07676406458e-07, 8.57011617228e-09, 2.91795057626e-14]
    },
    "erbbands": {
        "dmean": [0.276484668255, 2.6362195015, 5.29440355301, 4.95663833618, 7.19399738312, 8.03546047211, 4.4516415596, 6.53455972672, 10.3415107727, 18.126789093, 12.6792430878, 14.7098655701, 25.905670166, 18.1682300568, 23.759311676, 22.3625411987, 25.8187274933, 29.9244289398, 37.5889053345, 34.3855171204, 43.5096168518, 40.7724533081, 25.9659080505, 14.8064079285, 14.9132623672, 15.2127180099, 9.99266529083, 8.27281856537, 6.80884408951, 6.04947042465, 5.4929523468, 5.33611869812, 4.11809682846, 1.72585070133, 0.558083355427, 0.237727805972, 0.117972463369, 0.0127918077633, 0.000226531585213, 2.64892787527e-05],
        "dmean2": [0.47782972455, 4.78358602524, 9.74940776825, 8.79650878906, 11.9356241226, 13.9214468002, 7.42444372177, 10.7908792496, 16.4937763214, 28.3130149841, 19.6347351074, 22.8953094482, 38.9775238037, 27.6667938232, 37.0895004272, 35.8530464172, 41.0550765991, 47.8434791565, 60.6991920471, 54.0366363525, 70.2396850586, 64.7871322632, 40.5711402893, 23.9888305664, 23.7121143341, 24.3056488037, 15.8091459274, 12.9569635391, 10.2302732468, 8.91868495941, 8.00550270081, 7.70566368103, 5.7461643219, 2.48362278938, 0.82024949789, 0.356259435415, 0.177446529269, 0.0198256038129, 0.00034565711394, 4.26042170147e-05],
        "dvar": [0.257032066584, 27.967924118, 137.173416138, 90.5365982056, 202.217193604, 330.692596436, 43.1614151001, 166.538711548, 418.399627686, 903.077880859, 649.285583496, 803.860351562, 3101.46362305, 1423.35559082, 2406.5012207, 1512.11230469, 2619.94995117, 2107.77880859, 2726.23217773, 2647.91015625, 4240.72070312, 3662.33081055, 909.754943848, 327.205627441, 419.93145752, 512.463745117, 155.306488037, 172.480270386, 140.198287964, 140.032104492, 155.511352539, 181.608947754, 129.155776978, 20.2930088043, 0.605146884918, 0.0690853521228, 0.0184959769249, 0.000242556183366, 6.81706566752e-08, 1.02298081117e-09],
        "dvar2": [0.675259709358, 76.6052093506, 386.522674561, 252.25177002, 516.259460449, 923.428649902, 111.884864807, 426.003692627, 937.453613281, 2015.94873047, 1441.19152832, 1852.7064209, 7025.56787109, 2969.39135742, 5372.79150391, 3591.83300781, 6389.85351562, 5170.39941406, 6844.26806641, 6151.36523438, 10962.6845703, 8590.4921875, 2168.09863281, 754.808959961, 948.809143066, 1216.62573242, 358.215240479, 385.546417236, 287.033721924, 241.443740845, 325.672943115, 335.743835449, 255.756759644, 42.4727363586, 1.26335930824, 0.146760597825, 0.038845654577, 0.000539506203495, 1.50760286033e-07, 2.60053356627e-09],
        "max": [2.69060730934, 29.1960735321, 72.0959320068, 67.2171630859, 98.2573547363, 195.488296509, 89.0282516479, 182.443389893, 350.578491211, 371.670715332, 390.992919922, 337.646392822, 645.70501709, 581.978393555, 656.237304688, 469.79019165, 843.888977051, 566.468811035, 574.952331543, 845.757202148, 1044.04223633, 989.832824707, 423.898986816, 247.571670532, 357.855224609, 346.782409668, 141.218490601, 207.954086304, 189.882629395, 177.179000854, 150.398712158, 187.065948486, 187.672790527, 74.0648574829, 12.6238861084, 2.68825483322, 1.1010736227, 0.129354313016, 0.00218652654439, 0.0002593161189],
        "mean": [0.259219527245, 2.2011961937, 4.45780658722, 5.39386415482, 8.27543544769, 8.74517345428, 6.40262174606, 9.62712478638, 14.5412712097, 25.1871986389, 17.4808864594, 20.4658050537, 36.0529632568, 31.4550132751, 37.2662849426, 35.8439483643, 41.0918617249, 50.4498214722, 65.8262023926, 68.0599899292, 87.4497299194, 84.5771636963, 56.8069725037, 32.3769760132, 32.2830619812, 32.5315093994, 23.0967597961, 16.8621101379, 13.7708530426, 11.7332830429, 9.86902523041, 9.44407272339, 6.92899417877, 3.11935472488, 1.0565700531, 0.419840782881, 0.176235154271, 0.0167100261897, 0.000334388780175, 6.24598906143e-05],
        "median": [0.0583147443831, 0.741766750813, 1.63995027542, 2.92932724953, 4.18615245819, 4.46085929871, 4.31165981293, 4.91712903976, 7.32758188248, 11.9441232681, 8.98081874847, 9.45860958099, 12.9114513397, 13.0391359329, 16.2149505615, 20.2539253235, 24.5335350037, 33.8460769653, 41.3732147217, 42.5958747864, 62.242805481, 57.527179718, 40.6427650452, 25.868724823, 23.5520496368, 24.9811916351, 18.430475235, 11.995054245, 8.92976284027, 6.279733181, 4.5976061821, 3.60462617874, 2.53672170639, 1.534481287, 0.762595176697, 0.302773654461, 0.108970202506, 0.00864210631698, 0.000204197087442, 5.36326042493e-05],
        "min": [8.34413731354e-05, 0.00152087479364, 0.00769882183522, 0.0117236636579, 0.0774654597044, 0.078583791852, 0.0186553373933, 0.0579324290156, 0.114996559918, 0.0914432033896, 0.035817630589, 0.150605499744, 0.106736764312, 0.111862644553, 0.0587349496782, 0.139391243458, 0.17224368453, 0.269161462784, 0.87697070837, 0.328497767448, 0.219935521483, 0.163128897548, 0.117390669882, 0.0886827707291, 0.0957658737898, 0.0492512136698, 0.022589776665, 0.0281161889434, 0.0144491186365, 0.00644186977297, 0.00451535312459, 0.0024061948061, 0.00131867721211, 0.000326990353642, 0.000120073600556, 6.78768774378e-05, 2.02952869586e-05, 1.65998631019e-06, 4.07115464895e-07, 5.28063083038e-07],
        "var": [0.228642657399, 19.1856060028, 85.7057952881, 65.4319076538, 179.927093506, 241.193664551, 47.4942855835, 246.024124146, 575.925598145, 1462.35168457, 893.575134277, 1210.32739258, 4931.14746094, 3511.52905273, 4500.14599609, 2415.96484375, 3936.81005859, 3158.71044922, 4890.79833984, 5994.13037109, 7395.42773438, 8114.53662109, 2579.18554688, 617.29309082, 900.24432373, 855.844177246, 319.038635254, 318.351837158, 279.148925781, 333.64050293, 319.256958008, 459.818145752, 267.187591553, 38.969367981, 1.27546060085, 0.158730939031, 0.0354871749878, 0.000384324404877, 1.16418554796e-07, 1.2849074027e-09]
    },
    "gfcc": {
        "mean": [63.1063842773, 61.2726631165, -127.447761536, 44.6424484253, -49.722820282, 22.914478302, -42.785861969, 16.4608402252, -24.0328769684, 8.02419567108, -20.2571105957, 2.42456793785, -12.0126123428],
        "cov": [[1030.85144043, -268.202453613, 149.482513428, -40.4421768188, -9.54111099243, 47.2226066589, -25.0162200928, 43.9216575623, -51.4987678528, 36.372718811, -67.4173431396, 46.8672409058, -53.8336830139], [-268.202453613, 647.664672852, -98.9516220093, 16.6461467743, 112.117004395, -23.0947742462, 129.129714966, -16.3733348846, 51.9446907043, -46.2071876526, 28.5026702881, -55.8278388977, 23.2016582489], [149.482513428, -98.9516220093, 387.217407227, 65.3564224243, 105.805549622, 46.2806434631, -8.89605522156, 63.364944458, -1.74957180023, 55.7133865356, -22.1841030121, 27.4777050018, -28.8307609558], [-40.4421768188, 16.6461467743, 65.3564224243, 285.075775146, 4.05966806412, 67.5319900513, 0.272645026445, -23.3450279236, 51.0283966064, -48.9138526917, 50.8731002808, -50.9113883972, 28.9080791473], [-9.54111099243, 112.117004395, 105.805549622, 4.05966806412, 253.422531128, 9.51828670502, 53.3418998718, 73.5605010986, 24.0599708557, 56.0629348755, -18.3357791901, 38.6221923828, -13.5080041885], [47.2226066589, -23.0947742462, 46.2806434631, 67.5319900513, 9.51828670502, 169.675292969, 64.39012146, 1.93940794468, 4.09646081924, -34.0690422058, 25.2129611969, -27.2256126404, 19.9465618134], [-25.0162200928, 129.129714966, -8.89605522156, 0.272645026445, 53.3418998718, 64.39012146, 147.549942017, 40.3089942932, 15.9412460327, -2.08564186096, 6.85751104355, -3.65501308441, -0.501149475574], [43.9216575623, -16.3733348846, 63.364944458, -23.3450279236, 73.5605010986, 1.93940794468, 40.3089942932, 104.739562988, 35.7103271484, 34.3120765686, -10.5396556854, 22.8279056549, -4.66340112686], [-51.4987678528, 51.9446907043, -1.74957180023, 51.0283966064, 24.0599708557, 4.09646081924, 15.9412460327, 35.7103271484, 86.5852203369, 19.7402801514, 18.4850482941, -14.2724914551, 7.21823835373], [36.372718811, -46.2071876526, 55.7133865356, -48.9138526917, 56.0629348755, -34.0690422058, -2.08564186096, 34.3120765686, 19.7402801514, 103.953994751, 7.17473268509, 36.6171379089, -22.7890033722], [-67.4173431396, 28.5026702881, -22.1841030121, 50.8731002808, -18.3357791901, 25.2129611969, 6.85751104355, -10.5396556854, 18.4850482941, 7.17473268509, 83.3990325928, 0.760678768158, 12.755856514], [46.8672409058, -55.8278388977, 27.4777050018, -50.9113883972, 38.6221923828, -27.2256126404, -3.65501308441, 22.8279056549, -14.2724914551, 36.6171379089, 0.760678768158, 80.2995529175, 3.34806060791], [-53.8336830139, 23.2016582489, -28.8307609558, 28.9080791473, -13.5080041885, 19.9465618134, -0.501149475574, -4.66340112686, 7.21823835373, -22.7890033722, 12.755856514, 3.34806060791, 60.7749023438]],
        "icov": [[0.00133222655859, -0.000109167653136, 8.04999799584e-05, -0.000549690972548, 0.000746091536712, -0.00123885809444, 0.000691163528245, -0.00108654471114, 0.000907771056518, -0.000801580725238, 0.00148576823995, -0.00121207768098, 0.00136269396171], [-0.000109167653136, 0.00463583134115, -0.00111991609447, 0.00257901498117, -0.00391465425491, 0.00485092028975, -0.00547676254064, 0.00508368108422, -0.00382681423798, 0.00456379354, -0.00390404695645, 0.00453922711313, -0.00300658703782], [8.04999799584e-05, -0.00111991609447, 0.00511661404744, -0.00328714726493, 0.000483467214508, -0.00360810291022, 0.00327914603986, -0.00449760071933, 0.00368932588026, -0.00420624902472, 0.00329726631753, -0.00226609641686, 0.00288060633466], [-0.000549690972548, 0.00257901498117, -0.00328714726493, 0.00908648502082, -0.00374244526029, 0.00303862290457, -0.00295444694348, 0.0064803455025, -0.00752083770931, 0.00732589326799, -0.00683352537453, 0.00540451519191, -0.00393232190982], [0.000746091536712, -0.00391465425491, 0.000483467214508, -0.00374244526029, 0.00984845217317, -0.00482454942539, 0.0031188565772, -0.00696267327294, 0.00361649761908, -0.00657578138635, 0.00611136201769, -0.00651361001655, 0.00360952271149], [-0.00123885809444, 0.00485092028975, -0.00360810291022, 0.00303862290457, -0.00482454942539, 0.016151227057, -0.0107902931049, 0.00701307551935, -0.00383000215515, 0.0079924557358, -0.00844634789973, 0.00862679537386, -0.0072809276171], [0.000691163528245, -0.00547676254064, 0.00327914603986, -0.00295444694348, 0.0031188565772, -0.0107902931049, 0.0173848289996, -0.0105055905879, 0.00502992421389, -0.00522203650326, 0.00476508820429, -0.00560656702146, 0.00598900252953], [-0.00108654471114, 0.00508368108422, -0.00449760071933, 0.0064803455025, -0.00696267327294, 0.00701307551935, -0.0105055905879, 0.0252904295921, -0.0142512330785, 0.00647948682308, -0.0039674974978, 0.00264614773914, -0.00530533026904], [0.000907771056518, -0.00382681423798, 0.00368932588026, -0.00752083770931, 0.00361649761908, -0.00383000215515, 0.00502992421389, -0.0142512330785, 0.0252522025257, -0.01132182125, 0.00260091782548, 0.00161757681053, 0.000721722317394], [-0.000801580725238, 0.00456379354, -0.00420624902472, 0.00732589326799, -0.00657578138635, 0.0079924557358, -0.00522203650326, 0.00647948682308, -0.01132182125, 0.0245092492551, -0.0101779354736, 0.00038016794133, 0.00108738418203], [0.00148576823995, -0.00390404695645, 0.00329726631753, -0.00683352537453, 0.00611136201769, -0.00844634789973, 0.00476508820429, -0.0039674974978, 0.00260091782548, -0.0101779354736, 0.0224760919809, -0.00874040648341, 0.00312510598451], [-0.00121207768098, 0.00453922711313, -0.00226609641686, 0.00540451519191, -0.00651361001655, 0.00862679537386, -0.00560656702146, 0.00264614773914, 0.00161757681053, 0.00038016794133, -0.00874040648341, 0.0261926241219, -0.0102325398475], [0.00136269396171, -0.00300658703782, 0.00288060633466, -0.00393232190982, 0.00360952271149, -0.0072809276171, 0.00598900252953, -0.00530533026904, 0.000721722317394, 0.00108738418203, 0.00312510598451, -0.0102325398475, 0.0251099802554]]
    },
    "melbands": {
        "dmean": [0.00279713072814, 0.00303689017892, 0.000874068064149, 0.000606604327913, 0.000180961040314, 0.000142941382364, 0.000164607728948, 0.0001975789055, 9.71089757513e-05, 0.000102197329397, 0.000132906105136, 7.51245534047e-05, 7.99809713499e-05, 6.37487828499e-05, 7.02187535353e-05, 5.37827181688e-05, 6.27923509455e-05, 6.56213087495e-05, 6.40847865725e-05, 5.57651328563e-05, 5.40597975487e-05, 5.15631618327e-05, 3.26067056449e-05, 2.0430139557e-05, 1.30271191665e-05, 1.23275058286e-05, 1.08371095848e-05, 1.12785810416e-05, 7.2819716479e-06, 5.88995862927e-06, 5.05597790834e-06, 4.21428740083e-06, 3.87088448406e-06, 3.4802637856e-06, 3.44937780028e-06, 3.01370550915e-06, 3.661984465e-06, 3.27768952957e-06, 2.18161039811e-06, 1.33161040594e-06],
        "dmean2": [0.0049017588608, 0.00547353411093, 0.00152622628957, 0.00102972856257, 0.000305907713482, 0.000234892344452, 0.000260408298345, 0.00030639040051, 0.000150427455083, 0.000160301526194, 0.000200196853257, 0.000115091606858, 0.000124122394482, 0.000103584068711, 0.000110665801913, 8.78940045368e-05, 0.000101112767879, 0.000108405496576, 0.000101053410617, 8.71615411597e-05, 8.81292435224e-05, 8.14044688013e-05, 5.27112933923e-05, 3.22234373016e-05, 2.12670383917e-05, 1.98228426598e-05, 1.73629887286e-05, 1.80149054358e-05, 1.16619557957e-05, 9.36954984354e-06, 8.05534546089e-06, 6.46751368549e-06, 5.82100983593e-06, 5.1107786021e-06, 5.18969000041e-06, 4.48505306849e-06, 5.34881701242e-06, 4.72788588013e-06, 3.08983226205e-06, 2.00528234018e-06],
        "dvar": [2.77615836239e-05, 4.05618193327e-05, 2.17991600948e-06, 1.89700313058e-06, 8.57828013068e-08, 7.54477156306e-08, 9.36014501463e-08, 9.87376935768e-08, 3.67899524178e-08, 3.94787953439e-08, 7.87473979358e-08, 2.56839278734e-08, 2.71892925952e-08, 1.63275508669e-08, 2.063062432e-08, 1.1147703205e-08, 9.37506694498e-09, 8.98210927858e-09, 1.22089289789e-08, 6.40813713204e-09, 6.98922608677e-09, 6.69296307265e-09, 1.74047209978e-09, 6.27807084097e-10, 2.71801803287e-10, 3.15039272447e-10, 2.22221893664e-10, 3.13985948353e-10, 8.91059448449e-11, 7.0728180257e-11, 6.39181277351e-11, 4.88200591064e-11, 5.18852322218e-11, 5.09750783251e-11, 6.35412278349e-11, 5.00675265136e-11, 9.48086192887e-11, 7.98305310745e-11, 4.43174351383e-11, 1.02136459013e-11],
        "dvar2": [7.48874808778e-05, 0.000111957211629, 6.03012449574e-06, 5.0601656767e-06, 2.32962250379e-07, 1.93413910665e-07, 2.0972716186e-07, 2.1760742186e-07, 8.17176868395e-08, 9.26629866171e-08, 1.77773486598e-07, 5.29517159009e-08, 6.09101320492e-08, 4.17673078346e-08, 4.41594529832e-08, 2.99623827971e-08, 2.28884502462e-08, 2.27751719706e-08, 2.82177303745e-08, 1.44844323202e-08, 1.79018595503e-08, 1.57461368389e-08, 4.42197789496e-09, 1.45502165871e-09, 6.38749664272e-10, 6.91550983145e-10, 5.40899103285e-10, 7.3915440435e-10, 2.09736034096e-10, 1.70319994219e-10, 1.41945566412e-10, 1.05795275318e-10, 1.04059066919e-10, 9.40055394638e-11, 1.39271649768e-10, 1.00416133741e-10, 1.82831638718e-10, 1.60668603422e-10, 9.57761717157e-11, 2.26144884069e-11],
        "max": [0.0277881473303, 0.0367412529886, 0.0101667409763, 0.0117425089702, 0.00418250029907, 0.00378766958602, 0.00532685779035, 0.0035257616546, 0.00300155393779, 0.00207365187816, 0.00318821426481, 0.00251674489118, 0.00189061439596, 0.00182501145173, 0.00232802494429, 0.00203815288842, 0.00113978900481, 0.00113829982001, 0.00151912751608, 0.00112809950951, 0.00142147426959, 0.00136275344994, 0.0004345489142, 0.000371088943211, 0.000212881015614, 0.000225829615374, 0.000176650675712, 0.00028399558505, 0.000132279441459, 9.91513225017e-05, 0.000128422543639, 0.000105025683297, 0.00011093611829, 0.000122579949675, 0.000103675040009, 0.000105252758658, 0.000126168393763, 0.000139311407111, 0.000104977611045, 5.05037096445e-05],
        "mean": [0.00252810586244, 0.0026566516608, 0.00101351179183, 0.000661397411022, 0.000253966689343, 0.00021246423421, 0.000229079363635, 0.000276553619187, 0.000130064625409, 0.000136516100611, 0.000180399118108, 0.000124742859043, 0.000121658129501, 9.1370260634e-05, 0.000106185441837, 7.99694898888e-05, 9.72158231889e-05, 0.000105717990664, 9.89007457974e-05, 9.77043891908e-05, 0.000102567617432, 9.50549947447e-05, 6.08734371781e-05, 4.03966550948e-05, 2.41166835622e-05, 2.41147208726e-05, 2.1691323127e-05, 2.17542365135e-05, 1.56048190547e-05, 1.09839720608e-05, 9.3530607046e-06, 7.92764694779e-06, 6.92604089636e-06, 6.34769139651e-06, 5.76842239752e-06, 5.33733509656e-06, 5.93443292018e-06, 5.23609196534e-06, 3.60702597391e-06, 2.30694422498e-06],
        "median": [0.000746579142287, 0.00103698903695, 0.000592790078372, 0.000329834409058, 0.000165346224094, 0.000111304972961, 0.000114867943921, 0.000127071645693, 6.38517885818e-05, 5.65694535908e-05, 6.21135914116e-05, 4.62438147224e-05, 5.01807044202e-05, 4.95433523611e-05, 5.20062676514e-05, 4.57975511381e-05, 5.93931290496e-05, 6.44219617243e-05, 4.64625336463e-05, 6.35973847238e-05, 7.00338132447e-05, 5.70038246224e-05, 4.47020865977e-05, 2.69664069492e-05, 1.84973123396e-05, 1.66949685081e-05, 1.54376502906e-05, 1.62284395628e-05, 1.23644222185e-05, 7.92400169303e-06, 6.38781693851e-06, 5.03644241689e-06, 3.95839151679e-06, 3.15490524372e-06, 2.59190505858e-06, 2.37631775235e-06, 2.1121577447e-06, 1.83057443337e-06, 1.42148530813e-06, 1.25110977933e-06],
        "min": [1.33571938932e-06, 2.86349404632e-06, 4.02755449613e-06, 4.47531283498e-06, 5.3367602959e-07, 1.43990996548e-06, 2.11243127524e-06, 7.56137808366e-07, 3.66208269043e-07, 7.92036587427e-07, 5.27968609276e-07, 3.73883295879e-07, 1.81718363024e-07, 2.65489717322e-07, 3.79083104463e-07, 2.91073973813e-07, 3.74248998014e-07, 1.3985655869e-06, 5.24778783983e-07, 2.01297126523e-07, 2.67801027576e-07, 1.72526725351e-07, 1.50981335878e-07, 6.26328429121e-08, 7.06750213908e-08, 9.40788211778e-08, 4.81554174314e-08, 2.78424963085e-08, 1.24964190107e-08, 1.78218506619e-08, 1.5132490816e-08, 9.30703958346e-09, 3.58943585965e-09, 3.08462499987e-09, 2.9596283202e-09, 1.55982693428e-09, 1.44783307565e-09, 8.51384851508e-10, 8.03099642344e-10, 1.23837898269e-10],
