{
"highlevel": {
    "danceability": {
        "all": {
            "danceable": 0.650112807751,
            "not_danceable": 0.349887192249
        },
        "probability": 0.650112807751,
        "value": "danceable"
    },
    "gender": {
        "all": {
            "female": 0.566715240479,
            "male": 0.433284759521
        },
        "probability": 0.566715240479,
        "value": "female"
    },
    "genre_dortmund": {
        "all": {
            "alternative": 0.0726046636701,
            "blues": 0.0973853990436,
            "electronic": 0.0371151082218,
            "folkcountry": 0.487812042236,
            "funksoulrnb": 0.0166534259915,
            "jazz": 0.0404930561781,
            "pop": 0.118376925588,
            "raphiphop": 0.0147141916677,
            "rock": 0.114845193923
        },
        "probability": 0.487812042236,
        "value": "folkcountry"
    },
    "genre_electronic": {
        "all": {
            "ambient": 0.377273112535,
            "dnb": 0.177995815873,
            "house": 0.349557995796,
            "techno": 0.0153251895681,
            "trance": 0.0798478648067
        },
        "probability": 0.377273112535,
        "value": "ambient"
    },
    "genre_rosamerica": {
        "all": {
            "cla": 0.00325946346857,
            "dan": 0.00757480738685,
            "hip": 0.0108530335128,
            "jaz": 0.00498791970313,
            "pop": 0.757195174694,
            "rhy": 0.145263254642,
            "roc": 0.0655202046037,
            "spe": 0.00534613803029
        },
        "probability": 0.757195174694,
        "value": "pop"
    },
    "genre_tzanetakis": {
        "all": {
            "blu": 0.0626541376114,
            "cla": 0.0348133966327,
            "cou": 0.0783501937985,
            "dis": 0.104547761381,
            "hip": 0.15693578124,
            "jaz": 0.313987255096,
            "met": 0.044816005975,
            "pop": 0.0627349764109,
            "reg": 0.0627352520823,
            "roc": 0.0784252434969
        },
        "probability": 0.313987255096,
        "value": "jaz"
    },
    "ismir04_rhythm": {
        "all": {
            "ChaChaCha": 0.341955929995,
            "Jive": 0.0269600022584,
            "Quickstep": 0.0482785142958,
            "Rumba-American": 0.016936160624,
            "Rumba-International": 0.291030496359,
            "Rumba-Misc": 0.02246555686,
            "Samba": 0.153801068664,
            "Tango": 0.00790582131594,
            "VienneseWaltz": 0.0627395138144,
            "Waltz": 0.02792696096
        },
        "probability": 0.341955929995,
        "value": "ChaChaCha"
    },
    "mood_acoustic": {
        "all": {
            "acoustic": 0.5,
            "not_acoustic": 0.5
        },
        "probability": 0.5,
        "value": "acoustic"
    },
    "mood_aggressive": {
        "all": {
            "aggressive": 2.1076102712e-06,
            "not_aggressive": 0.999997913837
        },
        "probability": 0.999997913837,
        "value": "not_aggressive"
    },
    "mood_electronic": {
        "all": {
            "electronic": 0.292741566896,
            "not_electronic": 0.707258403301
        },
        "probability": 0.707258403301,
        "value": "not_electronic"
    },
    "mood_happy": {
        "all": {
            "happy": 0.937518894672,
            "not_happy": 0.0624811202288
        },
        "probability": 0.937518894672,
        "value": "happy"
    },
    "mood_party": {
        "all": {
            "not_party": 0.89586687088,
            "party": 0.10413313657
        },
        "probability": 0.89586687088,
        "value": "not_party"
    },
    "mood_relaxed": {
        "all": {
            "not_relaxed": 0.03817884624,
            "relaxed": 0.961821138859
        },
        "probability": 0.961821138859,
        "value": "relaxed"
    },
    "mood_sad": {
        "all": {
            "not_sad": 0.466279149055,
            "sad": 0.533720850945
        },
        "probability": 0.533720850945,
        "value": "sad"
    },
    "moods_mirex": {
        "all": {
            "Cluster1": 0.157177016139,
            "Cluster2": 0.252417773008,
            "Cluster3": 0.435018241405,
            "Cluster4": 0.0973738431931,
            "Cluster5": 0.0580131225288
        },
        "probability": 0.435018241405,
        "value": "Cluster3"
    },
    "timbre": {
        "all": {
            "bright": 0.99521279335,
            "dark": 0.0047871908173
        },
        "probability": 0.99521279335,
        "value": "bright"
    },
    "tonal_atonal": {
        "all": {
            "atonal": 0.138962343335,
            "tonal": 0.861037671566
        },
        "probability": 0.861037671566,
        "value": "tonal"
    },
    "voice_instrumental": {
        "all": {
            "instrumental": 0.269920110703,
            "voice": 0.730079889297
        },
        "probability": 0.730079889297,
        "value": "voice"
    }
},
"lowlevel": {
    "average_loudness": 0.957151055336,
    "barkbands_crest": {
        "dmean": 1.98093867302,
        "dmean2": 3.03638410568,
        "dvar": 3.96797442436,
        "dvar2": 8.91873264313,
        "max": 25.8646850586,
        "mean": 10.7882547379,
        "median": 10.0603628159,
        "min": 2.90262746811,
        "var": 14.0794467926
    },
    "barkbands_flatness_db": {
        "dmean": 0.0323803946376,
        "dmean2": 0.0425873287022,
        "dvar": 0.0010692817159,
        "dvar2": 0.00157131266315,
        "max": 0.473681390285,
        "mean": 0.202684685588,
        "median": 0.188847109675,
        "min": 0.0458521880209,
        "var": 0.00564720854163
    },
    "barkbands_kurtosis": {
        "dmean": 5.69152021408,
        "dmean2": 9.01040077209,
        "dvar": 94.9742660522,
        "dvar2": 241.924575806,
        "max": 141.099227905,
        "mean": 9.75367164612,
        "median": 6.13843250275,
        "min": -1.85150504112,
        "var": 150.14112854
    },
    "barkbands_skewness": {
        "dmean": 0.663924157619,
        "dmean2": 0.991328120232,
        "dvar": 0.584762632847,
        "dvar2": 1.33021783829,
        "max": 10.7103328705,
        "mean": 2.22682023048,
        "median": 1.98215448856,
        "min": -0.296089231968,
        "var": 1.51650393009
    },
    "barkbands_spread": {
        "dmean": 4.97114992142,
        "dmean2": 7.35937738419,
        "dvar": 50.7609634399,
        "dvar2": 94.8034133911,
        "max": 83.561706543,
        "mean": 15.1019067764,
        "median": 11.9147043228,
        "min": 0.998708069324,
        "var": 154.614318848
    },
    "dissonance": {
        "dmean": 0.028233140707,
        "dmean2": 0.0450330376625,
        "dvar": 0.000669809291139,
        "dvar2": 0.00167375104502,
        "max": 0.498907506466,
        "mean": 0.434395521879,
        "median": 0.443015366793,
        "min": 0.243991017342,
        "var": 0.00180298450869
    },
    "dynamic_complexity": 2.00812578201,
    "erbbands_crest": {
        "dmean": 2.96594834328,
        "dmean2": 4.54791212082,
        "dvar": 7.58363056183,
        "dvar2": 16.1433334351,
        "max": 28.3635578156,
        "mean": 10.5525875092,
        "median": 9.47979354858,
        "min": 2.92296767235,
        "var": 22.3563423157
    },
    "erbbands_flatness_db": {
        "dmean": 0.0231219157577,
        "dmean2": 0.0319213494658,
        "dvar": 0.000519089633599,
        "dvar2": 0.000930123787839,
        "max": 0.342342048883,
        "mean": 0.163833573461,
        "median": 0.155584335327,
        "min": 0.0667818263173,
        "var": 0.0018831162015
    },
    "erbbands_kurtosis": {
        "dmean": 2.16292190552,
        "dmean2": 3.26510262489,
        "dvar": 10.8116483688,
        "dvar2": 22.6182155609,
        "max": 46.5116539001,
        "mean": 2.58411979675,
        "median": 1.2714381218,
        "min": -1.70800280571,
        "var": 22.3047561646
    },
    "erbbands_skewness": {
        "dmean": 0.533086538315,
        "dmean2": 0.789825081825,
        "dvar": 0.284180432558,
        "dvar2": 0.637084066868,
        "max": 5.3352022171,
        "mean": 1.08197569847,
        "median": 1.0567291975,
        "min": -2.50279021263,
        "var": 0.8362377882
    },
    "erbbands_spread": {
        "dmean": 11.4052000046,
        "dmean2": 16.836391449,
        "dvar": 143.449478149,
        "dvar2": 302.78729248,
        "max": 134.358474731,
        "mean": 38.6903839111,
        "median": 34.6121559143,
        "min": 2.90797734261,
        "var": 480.404541016
    },
    "hfc": {
        "dmean": 7.14141321182,
        "dmean2": 9.68702411652,
        "dvar": 162.950881958,
        "dvar2": 266.223846436,
        "max": 132.078475952,
        "mean": 20.1065330505,
        "median": 16.2529830933,
        "min": 0.91457849741,
        "var": 340.592346191
    },
    "melbands_crest": {
        "dmean": 2.53283119202,
        "dmean2": 3.84284710884,
        "dvar": 5.76335763931,
        "dvar2": 13.3066530228,
        "max": 35.5544204712,
        "mean": 15.6085786819,
        "median": 14.6211643219,
        "min": 5.92314863205,
        "var": 27.2660388947
    },
    "melbands_flatness_db": {
        "dmean": 0.0395211577415,
        "dmean2": 0.0508167073131,
        "dvar": 0.00165284809191,
        "dvar2": 0.00239345687442,
        "max": 0.575755238533,
        "mean": 0.275877326727,
        "median": 0.263635396957,
        "min": 0.0619303546846,
        "var": 0.0089273294434
    },
    "melbands_kurtosis": {
        "dmean": 11.3902711868,
        "dmean2": 17.6042366028,
        "dvar": 380.93762207,
        "dvar2": 893.094970703,
        "max": 312.700775146,
        "mean": 21.8660736084,
        "median": 13.4122447968,
        "min": -0.728801965714,
        "var": 678.977355957
    },
    "melbands_skewness": {
        "dmean": 0.847994089127,
        "dmean2": 1.24266266823,
        "dvar": 0.914682388306,
        "dvar2": 1.9111789465,
        "max": 13.3306980133,
        "mean": 3.10668110847,
        "median": 2.68253111839,
        "min": 0.187044784427,
        "var": 2.71392583847
    },
    "melbands_spread": {
        "dmean": 4.47217607498,
        "dmean2": 6.38928604126,
        "dvar": 53.0091743469,
        "dvar2": 100.637130737,
        "max": 81.8116531372,
        "mean": 12.8797063828,
        "median": 9.87366104126,
        "min": 0.962665498257,
        "var": 127.13658905
    },
    "pitch_salience": {
        "dmean": 0.0609806515276,
        "dmean2": 0.0956388786435,
        "dvar": 0.00381235661916,
        "dvar2": 0.00906264036894,
        "max": 0.850119709969,
        "mean": 0.513728380203,
        "median": 0.512811243534,
        "min": 0.112531654537,
        "var": 0.0109919365495
    },
    "silence_rate_20dB": {
        "dmean": 0,
        "dmean2": 0,
        "dvar": 0,
        "dvar2": 0,
        "max": 1,
        "mean": 1,
        "median": 1,
        "min": 1,
        "var": 0
    },
    "silence_rate_30dB": {
        "dmean": 0.0170278642327,
        "dmean2": 0.0340821072459,
        "dvar": 0.0167379081249,
        "dvar2": 0.0375681966543,
        "max": 1,
        "mean": 0.969064176083,
        "median": 1,
        "min": 0,
        "var": 0.0299788359553
    },
    "silence_rate_60dB": {
        "dmean": 0,
        "dmean2": 0,
        "dvar": 0,
        "dvar2": 0,
        "max": 0,
        "mean": 0,
        "median": 0,
        "min": 0,
        "var": 0
    },
    "spectral_centroid": {
        "dmean": 237.775131226,
        "dmean2": 361.296020508,
        "dvar": 100380.484375,
        "dvar2": 199037.953125,
        "max": 3100.8581543,
        "mean": 828.791381836,
        "median": 692.81237793,
        "min": 170.263031006,
        "var": 293356.5
    },
    "spectral_complexity": {
        "dmean": 3.93343663216,
        "dmean2": 5.68783903122,
        "dvar": 31.0172901154,
        "dvar2": 47.0993652344,
        "max": 61,
        "mean": 14.6179428101,
        "median": 12,
        "min": 3,
        "var": 83.2384567261
    },
    "spectral_decrease": {
        "dmean": 2.16217310722e-09,
        "dmean2": 2.9980542493e-09,
        "dvar": 1.00190994381e-17,
        "dvar2": 1.67643106559e-17,
        "max": -2.01298222535e-09,
        "mean": -1.15619442909e-08,
        "median": -1.06986028925e-08,
        "min": -6.15245667746e-08,
        "var": 3.82589132018e-17
    },
    "spectral_energy": {
        "dmean": 0.00863500311971,
        "dmean2": 0.0119072040543,
        "dvar": 0.000152498410898,
        "dvar2": 0.000252607889706,
        "max": 0.236208990216,
        "mean": 0.0454611591995,
        "median": 0.0422726795077,
        "min": 0.00805684551597,
        "var": 0.00057562708389
    },
    "spectral_energyband_high": {
        "dmean": 0.00047227088362,
        "dmean2": 0.000648200686555,
        "dvar": 9.42833082718e-07,
        "dvar2": 1.71630301793e-06,
        "max": 0.0103365946561,
        "mean": 0.000874386110809,
        "median": 0.000386321800761,
        "min": 1.21555524402e-06,
        "var": 1.81138329935e-06
    },
    "spectral_energyband_low": {
        "dmean": 0.0044705150649,
        "dmean2": 0.00631954241544,
        "dvar": 0.000159679912031,
        "dvar2": 0.000323310523527,
        "max": 0.218501701951,
        "mean": 0.0223078187555,
        "median": 0.0170413162559,
        "min": 5.91590651311e-05,
        "var": 0.000392050831579
    },
    "spectral_energyband_middle_high": {
        "dmean": 0.00194280513097,
        "dmean2": 0.00282764388248,
        "dvar": 1.33615221785e-05,
        "dvar2": 2.28532080655e-05,
        "max": 0.0320433564484,
        "mean": 0.00386862969026,
        "median": 0.0018424205482,
        "min": 9.57818065217e-06,
        "var": 2.80128697341e-05
    },
    "spectral_energyband_middle_low": {
        "dmean": 0.00586020387709,
        "dmean2": 0.00874365214258,
        "dvar": 5.98790720687e-05,
        "dvar2": 0.000151095853653,
        "max": 0.0914126485586,
        "mean": 0.0193431694061,
        "median": 0.0174027066678,
        "min": 0.000454304681625,
        "var": 0.000148681618157
    },
    "spectral_entropy": {
        "dmean": 0.306199848652,
        "dmean2": 0.412252813578,
        "dvar": 0.093418225646,
        "dvar2": 0.151392370462,
        "max": 8.56426906586,
        "mean": 7.12039279938,
        "median": 7.19039869308,
        "min": 4.77947568893,
        "var": 0.384627968073
    },
    "spectral_flux": {
        "dmean": 0.0239891018718,
        "dmean2": 0.0362040624022,
        "dvar": 0.000699882977642,
        "dvar2": 0.00113670725841,
        "max": 0.451972126961,
        "mean": 0.0806565284729,
        "median": 0.0720717683434,
        "min": 0.01400999818,
        "var": 0.00206888304092
    },
    "spectral_kurtosis": {
        "dmean": 2.97832489014,
        "dmean2": 4.49534320831,
        "dvar": 21.7724437714,
        "dvar2": 44.2557754517,
        "max": 55.7491149902,
        "mean": 5.94812917709,
        "median": 3.58622026443,
        "min": -0.895547628403,
        "var": 46.7282600403
    },
    "spectral_rms": {
        "dmean": 0.000611261115409,
        "dmean2": 0.000851775053889,
        "dvar": 4.90119361984e-07,
        "dvar2": 7.86233727013e-07,
        "max": 0.0151805067435,
        "mean": 0.00646995892748,
        "median": 0.00642196508124,
        "min": 0.00280362926424,
        "var": 2.49196477853e-06
    },
    "spectral_rolloff": {
        "dmean": 268.314361572,
        "dmean2": 431.597839355,
        "dvar": 408492.46875,
        "dvar2": 911892.4375,
        "max": 8419.48242188,
        "mean": 685.398864746,
        "median": 473.73046875,
        "min": 64.599609375,
        "var": 644323.1875
    },
    "spectral_skewness": {
        "dmean": 0.410810053349,
        "dmean2": 0.58294481039,
        "dvar": 0.230536878109,
        "dvar2": 0.419049739838,
        "max": 6.22824382782,
        "mean": 1.89662992954,
        "median": 1.67802655697,
        "min": 0.265039175749,
        "var": 0.717610538006
    },
    "spectral_spread": {
        "dmean": 806539.5625,
        "dmean2": 1147412.25,
        "dvar": 742003179520,
        "dvar2": 1.45820365619e+12,
        "max": 14754236,
        "mean": 4835771.5,
        "median": 4942991,
        "min": 1088307.875,
        "var": 2.81972441088e+12
    },
    "spectral_strongpeak": {
        "dmean": 0.377597421408,
        "dmean2": 0.640751361847,
        "dvar": 0.425304085016,
        "dvar2": 0.915860950947,
        "max": 4.65170192719,
        "mean": 0.72312694788,
        "median": 0.381936907768,
        "min": 0,
        "var": 0.754183828831
    },
    "zerocrossingrate": {
        "dmean": 0.00908649060875,
        "dmean2": 0.0104653304443,
        "dvar": 0.00010477698379,
        "dvar2": 0.000116565963253,
        "max": 0.1875,
        "mean": 0.0384371392429,
        "median": 0.0341796875,
        "min": 0.001953125,
        "var": 0.000676877563819
    },
    "barkbands": {
        "dmean": [0.000580727821216, 0.00357975787483, 0.00154769839719, 0.00126064522192, 0.00326106976718, 0.00140220194589, 0.000969155749772, 0.00176320411265, 0.000447311351309, 0.000761448405683, 0.000299160106806, 0.000305807829136, 0.000262462242972, 0.000224413408432, 0.000282778113615, 0.000240446010139, 0.000195751854335, 0.000177059118869, 0.000139369643875, 0.000135552996653, 9.52447880991e-05, 0.000141111449921, 8.67967464728e-05, 9.87393868854e-05, 6.86863422743e-05, 1.29243326228e-05, 2.08539105984e-08],
        "dmean2": [0.000950008281507, 0.00506848841906, 0.0024063216988, 0.0021173027344, 0.00508001865819, 0.00216225231998, 0.0013014000142, 0.00252162199467, 0.000703291443642, 0.00110970670357, 0.000443012278993, 0.00049163919175, 0.000404269318096, 0.000345795735484, 0.000454490043921, 0.000372126814909, 0.000300249957945, 0.000293282413622, 0.000233574945014, 0.0002102892322, 0.000144318575622, 0.000206949014682, 0.000126721832203, 0.000144096906297, 0.00010414722783, 1.94003659999e-05, 3.68748160895e-08],
        "dvar": [1.756319989e-06, 0.000136394970468, 2.7691186915e-05, 7.7206404967e-06, 1.95339380298e-05, 4.0633435674e-06, 4.17400269725e-06, 1.38931372931e-05, 1.01506793726e-06, 2.51485539593e-06, 4.89162744088e-07, 4.99052021041e-07, 3.00364121131e-07, 2.3694528295e-07, 6.10217455232e-07, 7.46099942717e-07, 2.77731032838e-07, 3.50403269067e-07, 8.42478442564e-08, 9.33918116175e-08, 4.60891982357e-08, 9.44883780107e-08, 3.02536840024e-08, 3.26543414531e-08, 2.49485747617e-08, 1.1976659664e-09, 1.66160657553e-14],
        "dvar2": [4.47219281341e-06, 0.000311670824885, 7.15820860933e-05, 2.21380814764e-05, 5.07535223733e-05, 9.84715916275e-06, 5.96091376792e-06, 2.90092775685e-05, 2.35914330915e-06, 4.9946593208e-06, 1.06189531834e-06, 1.13050464279e-06, 6.54932932775e-07, 4.78674962778e-07, 1.29481691147e-06, 1.6262850977e-06, 6.06642515777e-07, 9.34370859795e-07, 2.10933492895e-07, 2.13019305306e-07, 9.34035853106e-08, 1.95393553781e-07, 6.04965535445e-08, 6.62895018877e-08, 4.94761565051e-08, 2.38701147737e-09, 3.9869603658e-14],
        "max": [0.023079123348, 0.190550833941, 0.0846129432321, 0.0386340133846, 0.055916827172, 0.0235812794417, 0.0452184677124, 0.0519294627011, 0.0217280518264, 0.0217025410384, 0.0115703893825, 0.0107339471579, 0.00805799197406, 0.00747781433165, 0.0100279394537, 0.00957605615258, 0.00670145498589, 0.00785329006612, 0.00442143715918, 0.00312982895412, 0.00230679218657, 0.0033284954261, 0.00341564672999, 0.00213743187487, 0.00292042363435, 0.000415995920775, 1.80026211183e-06],
        "mean": [0.00236458703876, 0.0146041419357, 0.00473776226863, 0.00226605474018, 0.00781188579276, 0.00280044064857, 0.00190610124264, 0.00318089872599, 0.000710794120096, 0.00140136200935, 0.000440480042016, 0.000372733717086, 0.000353154668119, 0.000309452705551, 0.000331715244101, 0.000280579581158, 0.000249367847573, 0.000178598682396, 0.000182966556167, 0.000195962871658, 0.000149004190462, 0.000208314959309, 0.00014623007155, 0.000154194742208, 0.000107136802399, 1.72636246134e-05, 1.49648347048e-08],
        "median": [0.000748181017116, 0.0103538455442, 0.00298202852719, 0.00133994722273, 0.00612398330122, 0.00167308875825, 0.000722385069821, 0.000921845436096, 0.000290201773169, 0.000306802336127, 8.76498816069e-05, 9.97884053504e-05, 5.78820909141e-05, 5.14476814715e-05, 8.23095688247e-05, 4.65690936835e-05, 6.24306558166e-05, 3.53836439899e-05, 5.67450442759e-05, 5.31334553671e-05, 3.72474351025e-05, 6.08180816926e-05, 4.52875829069e-05, 6.04541564826e-05, 4.29764586443e-05, 4.29069541497e-06, 7.11246062046e-10],
        "min": [9.94375071173e-08, 1.74017659447e-05, 1.44829800774e-05, 2.79249570667e-06, 4.7461129725e-05, 2.13448056456e-05, 3.57132239515e-06, 8.52928280892e-07, 8.38202538489e-07, 9.44322380292e-07, 1.5137308651e-07, 3.18269087529e-07, 1.34921606332e-07, 6.91760178029e-08, 4.45341754585e-07, 1.71674074068e-07, 2.65694666268e-07, 1.58947102591e-07, 2.23957400181e-07, 2.4391158604e-07, 1.63784889651e-07, 1.67083641145e-07, 1.71856868292e-07, 2.83447909588e-09, 2.40913122784e-11, 1.33737933922e-11, 1.04027715261e-11],
        "var": [1.61223742907e-05, 0.000272813224001, 4.33013083239e-05, 9.60383113124e-06, 4.68035395897e-05, 9.59717181104e-06, 1.82439398486e-05, 3.62036262231e-05, 1.80018139417e-06, 7.17860393706e-06, 9.83218455985e-07, 6.71543944009e-07, 5.33769537014e-07, 4.88280988975e-07, 6.93564516041e-07, 8.68985637226e-07, 3.55240047156e-07, 2.71329582802e-07, 1.05021669583e-07, 1.30390958475e-07, 8.32147293295e-08, 1.40601201792e-07, 6.54765841546e-08, 6.05474284043e-08, 4.41624194991e-08, 1.91172366826e-09, 1.2299299559e-14]
    },
    "erbbands": {
        "dmean": [0.130899488926, 0.77338039875, 1.76360011101, 2.65077090263, 6.99299001694, 12.432261467, 14.8482713699, 10.8473730087, 11.1369791031, 31.6816825867, 26.729719162, 11.9843139648, 19.2748413086, 16.7804374695, 14.0446949005, 12.5667495728, 11.2584009171, 11.6537923813, 13.0784921646, 13.937836647, 13.2565393448, 9.60175895691, 10.6656007767, 6.28252267838, 7.61800098419, 6.79767847061, 4.32541131973, 3.56285214424, 4.66777467728, 5.02764081955, 1.87632477283, 1.77805411816, 1.78969120979, 1.04873371124, 0.338203370571, 0.0903879404068, 0.0204967204481, 0.00124098174274, 3.26906847476e-05, 1.18217767522e-05],
        "dmean2": [0.185271024704, 1.08488559723, 2.66448974609, 4.37423276901, 11.1983642578, 19.3214149475, 23.305103302, 16.8466358185, 15.6138124466, 43.7388343811, 37.9348831177, 18.301858902, 28.4107017517, 23.7409992218, 20.4715461731, 19.9028873444, 17.4516735077, 17.254365921, 20.9407043457, 22.4768505096, 19.8629112244, 14.8086767197, 17.5298633575, 10.3884544373, 12.5699129105, 10.4895524979, 6.65200853348, 5.14000892639, 6.85721302032, 7.38783836365, 2.74550414085, 2.60958313942, 2.64381194115, 1.59254550934, 0.524507820606, 0.135661408305, 0.0324399359524, 0.00189898570534, 4.76359637105e-05, 1.59529317898e-05],
        "dvar": [0.102109655738, 9.27986431122, 41.9351387024, 51.7049026489, 115.154747009, 326.472869873, 579.254699707, 249.076675415, 527.602233887, 4429.62548828, 3650.3034668, 725.983093262, 2024.69421387, 2049.0690918, 666.546386719, 956.975036621, 562.86114502, 618.049316406, 990.806335449, 2430.36328125, 2020.33825684, 641.38494873, 1257.81359863, 216.445755005, 201.280166626, 240.558166504, 104.491149902, 66.3516464233, 131.992874146, 82.5383987427, 17.335439682, 13.9701757431, 9.83030414581, 5.10218572617, 0.807218968868, 0.0523017086089, 0.00417353957891, 1.64067168953e-05, 8.94802010265e-09, 2.9503363641e-10],
        "dvar2": [0.2358533144, 21.5884571075, 106.010551453, 144.002151489, 323.783538818, 823.319335938, 1340.78601074, 637.270019531, 844.992370605, 7411.72558594, 7422.2578125, 1762.09765625, 3996.26538086, 3800.34008789, 1384.98779297, 2266.84326172, 1195.61535645, 1289.34338379, 2138.81518555, 5697.12646484, 3877.75415039, 1301.80822754, 3337.42993164, 552.507873535, 466.055084229, 543.637939453, 221.917892456, 122.031906128, 279.944915771, 176.821563721, 33.9432411194, 25.4523162842, 21.1674060822, 10.3840236664, 1.77704775333, 0.0997810959816, 0.0093443710357, 3.73721923097e-05, 1.93370848223e-08, 4.90307183743e-10],
        "max": [4.6592874527, 49.1325149536, 95.7420196533, 120.169013977, 113.83190918, 227.99848938, 336.892944336, 179.458602905, 632.031982422, 1215.39489746, 974.476379395, 582.297180176, 768.263061523, 780.662475586, 359.675109863, 476.215332031, 360.584472656, 435.505279541, 378.311645508, 563.650268555, 518.450378418, 314.467987061, 475.315246582, 184.089874268, 157.701812744, 163.033676147, 111.749786377, 85.1976776123, 117.086326599, 129.842636108, 79.3683319092, 58.1425666809, 31.8045539856, 39.0198554993, 16.6707553864, 3.35617566109, 0.69091874361, 0.0548457726836, 0.00127145205624, 0.00027162686456],
        "mean": [0.599169790745, 2.57658314705, 5.67510890961, 6.13209104538, 15.7520236969, 27.1043624878, 29.7916183472, 21.4223575592, 22.3713283539, 62.2289009094, 46.6041870117, 20.9620952606, 36.1239471436, 30.4402942657, 22.1040039062, 16.8179645538, 16.0311794281, 17.4692249298, 15.7177753448, 16.4592170715, 16.2366638184, 12.3297262192, 11.0782871246, 7.90392398834, 10.4571094513, 9.77299404144, 6.62364435196, 5.29397583008, 6.20807504654, 8.96908092499, 3.04570913315, 2.51610159874, 2.92010045052, 1.69960606098, 0.464287906885, 0.125006064773, 0.0254356469959, 0.0014319535112, 6.22908701189e-05, 5.57581988687e-05],
        "median": [0.372311323881, 1.90341866016, 4.02268362045, 3.93696975708, 10.5906057358, 20.1944637299, 18.1498813629, 13.36287117, 11.2218399048, 15.4526433945, 15.6263179779, 10.3936738968, 8.52233791351, 6.52922725677, 5.86872529984, 5.14313077927, 3.20578193665, 3.21386647224, 4.1493639946, 3.7909693718, 2.84289264679, 3.30810403824, 2.87731099129, 2.13471245766, 3.80959844589, 2.5405857563, 1.61746454239, 1.37792754173, 1.66055512428, 2.73118543625, 1.11371314526, 0.864501953125, 1.0582228899, 0.682598292828, 0.156534343958, 0.0367356687784, 0.00627595605329, 0.000339506164892, 3.73882139684e-05, 5.14102976013e-05],
        "min": [0.000128425046569, 0.00524623785168, 0.0245944093913, 0.106434181333, 0.204378783703, 0.191291421652, 0.280811071396, 0.10904943943, 0.0994985029101, 0.0382370948792, 0.0242578256875, 0.0317027233541, 0.0281955879182, 0.0261396449059, 0.0236669462174, 0.0177495256066, 0.00632727099583, 0.00752233387902, 0.0265214573592, 0.0155610190704, 0.00739148166031, 0.0144303077832, 0.0103861652315, 0.00822045747191, 0.0135500011966, 0.012176095508, 0.00712715694681, 0.00565987406299, 0.0041989730671, 0.0063000577502, 0.00521778827533, 0.0015070195077, 0.000432134605944, 0.000131753928144, 2.27095570153e-05, 1.26046979858e-05, 3.03753949993e-06, 2.89954954269e-07, 3.59367595593e-06, 8.7425514721e-06],
        "var": [0.519623160362, 11.2763805389, 54.4092102051, 59.9890213013, 244.191070557, 732.641479492, 1282.40966797, 588.967407227, 1809.27575684, 16618.8457031, 8653.78613281, 1272.57409668, 5832.56396484, 5592.28027344, 1709.05432129, 1218.44189453, 1022.74438477, 1418.82104492, 1169.9621582, 2524.55615234, 2606.07470703, 851.622009277, 982.857299805, 241.525863647, 314.959991455, 338.833343506, 172.807907104, 118.713447571, 173.280731201, 192.181549072, 30.6996688843, 23.457244873, 20.0805969238, 9.96746349335, 1.14870917797, 0.0912985280156, 0.00507373083383, 1.85960234376e-05, 1.1416367407e-08, 9.01943797427e-10]
    },
    "gfcc": {
        "mean": [-2.96373510361, 122.178970337, -86.5693969727, 47.0745239258, -65.8093719482, 20.7913799286, -37.4045143127, 10.3779582977, -16.543794632, 1.05749368668, -7.45924568176, -3.33151054382, -1.47228074074],
        "cov": [[4730.86230469, -2098.75219727, -1035.04638672, -229.235214233, -690.893310547, 480.61630249, -367.191314697, 536.791381836, -319.379486084, 352.978851318, -263.251068115, 204.468414307, -253.43939209], [-2098.75219727, 1557.62194824, 380.145843506, -162.863571167, 309.878295898, -241.370117188, 295.563995361, -318.691101074, 165.527633667, -277.489044189, 238.513061523, -101.56905365, 143.051055908], [-1035.04638672, 380.145843506, 659.191162109, -11.6482410431, 67.5620880127, -61.4813690186, 7.72705745697, -91.3481674194, -22.5949344635, -33.956237793, 2.99952721596, 11.7051124573, 29.8939743042], [-229.235214233, -162.863571167, -11.6482410431, 399.174255371, 65.6778106689, -127.617599487, -44.637336731, -47.1485862732, 68.9036407471, 6.24113368988, -28.9889736176, -40.7414588928, 49.1662483215], [-690.893310547, 309.878295898, 67.5620880127, 65.6778106689, 328.744812012, -63.122013092, 66.5169906616, -94.7938995361, 51.7092971802, -36.8953399658, 12.3361883163, -15.4100446701, 24.8260631561], [480.61630249, -241.370117188, -61.4813690186, -127.617599487, -63.122013092, 261.394439697, -6.04967689514, 59.1485748291, -82.7562408447, 37.66381073, -14.8251333237, 16.9732437134, -62.7120742798], [-367.191314697, 295.563995361, 7.72705745697, -44.637336731, 66.5169906616, -6.04967689514, 185.466171265, -55.3323516846, 22.9300174713, -59.8558425903, 48.4385299683, 1.92078316212, 4.8990187645], [536.791381836, -318.691101074, -91.3481674194, -47.1485862732, -94.7938995361, 59.1485748291, -55.3323516846, 187.663604736, -21.8177947998, 57.3762283325, -43.1963920593, 17.8517856598, -17.447265625], [-319.379486084, 165.527633667, -22.5949344635, 68.9036407471, 51.7092971802, -82.7562408447, 22.9300174713, -21.8177947998, 170.123748779, -8.54606723785, 19.7277565002, -47.4650230408, 34.9978866577], [352.978851318, -277.489044189, -33.956237793, 6.24113368988, -36.8953399658, 37.66381073, -59.8558425903, 57.3762283325, -8.54606723785, 130.466918945, -38.5647468567, 25.9619960785, -39.4828948975], [-263.251068115, 238.513061523, 2.99952721596, -28.9889736176, 12.3361883163, -14.8251333237, 48.4385299683, -43.1963920593, 19.7277565002, -38.5647468567, 127.88419342, -18.9287891388, 23.6183757782], [204.468414307, -101.56905365, 11.7051124573, -40.7414588928, -15.4100446701, 16.9732437134, 1.92078316212, 17.8517856598, -47.4650230408, 25.9619960785, -18.9287891388, 101.779426575, -14.1257925034], [-253.43939209, 143.051055908, 29.8939743042, 49.1662483215, 24.8260631561, -62.7120742798, 4.8990187645, -17.447265625, 34.9978866577, -39.4828948975, 23.6183757782, -14.1257925034, 114.680412292]],
        "icov": [[0.00140947895125, 0.000486661272589, 0.00166647718288, 0.000453841435956, 0.00130767188966, -0.000491487036925, 0.000933524628635, -0.000605480570812, 0.000802742608357, -0.000483209791128, 0.000770835555159, -0.00128154747654, 0.000467066274723], [0.000486661272589, 0.00836988352239, -0.00220493064262, 0.00644501065835, -0.00268527632579, 0.00434188451618, -0.0042690471746, 0.00531316967681, -0.00335624837317, 0.00578567618504, -0.00555463926867, 0.00373784592375, -0.00298645603471], [0.00166647718288, -0.00220493064262, 0.00464370427653, -0.00127756188158, 0.00241140043363, -0.00171899574343, 0.00288538099267, -0.00173250259832, 0.00263251271099, -0.00258393003605, 0.00317634618841, -0.00304855313152, 0.0011989462655], [0.000453841435956, 0.00644501065835, -0.00127756188158, 0.00855149328709, -0.00235435622744, 0.00460790796205, -0.00242073903792, 0.00502012623474, -0.00283805234358, 0.00357597810216, -0.00305036595091, 0.00387333938852, -0.00327044213191], [0.00130767188966, -0.00268527632579, 0.00241140043363, -0.00235435622744, 0.00634770700708, -0.00205261469819, 0.00148843787611, -0.00119114259724, 0.00143641396426, -0.00278614973649, 0.00355730089359, -0.00280540622771, 0.00140308507252], [-0.000491487036925, 0.00434188451618, -0.00171899574343, 0.00460790796205, -0.00205261469819, 0.00858281552792, -0.0033741784282, 0.00247394875623, 3.41047307302e-05, 0.00229077995755, -0.00336543121375, 0.00399928400293, -0.000407296320191], [0.000933524628635, -0.0042690471746, 0.00288538099267, -0.00242073903792, 0.00148843787611, -0.0033741784282, 0.0110664740205, -0.00251797982492, 0.0010745942127, -0.000558399187867, 0.00204997416586, -0.00496090389788, 0.00309727480635], [-0.000605480570812, 0.00531316967681, -0.00173250259832, 0.00502012623474, -0.00119114259724, 0.00247394875623, -0.00251797982492, 0.0122262015939, -0.00312247569673, 0.00209041102789, -0.00225790124387, 0.00313347904012, -0.00356436567381], [0.000802742608357, -0.00335624837317, 0.00263251271099, -0.00283805234358, 0.00143641396426, 3.41047307302e-05, 0.0010745942127, -0.00312247569673, 0.0109173357487, -0.00490615842864, 0.00257366290316, 0.0011979478877, 0.000274501508102], [-0.000483209791128, 0.00578567618504, -0.00258393003605, 0.00357597810216, -0.00278614973649, 0.00229077995755, -0.000558399187867, 0.00209041102789, -0.00490615842864, 0.0166369657964, -0.00385951832868, 0.000216179367271, 0.00109993747901], [0.000770835555159, -0.00555463926867, 0.00317634618841, -0.00305036595091, 0.00355730089359, -0.00336543121375, 0.00204997416586, -0.00225790124387, 0.00257366290316, -0.00385951832868, 0.0147194517776, -0.00220803194679, 0.000652919814456], [-0.00128154747654, 0.00373784592375, -0.00304855313152, 0.00387333938852, -0.00280540622771, 0.00399928400293, -0.00496090389788, 0.00313347904012, 0.0011979478877, 0.000216179367271, -0.00220803194679, 0.0161987561733, -0.00271883141249], [0.000467066274723, -0.00298645603471, 0.0011989462655, -0.00327044213191, 0.00140308507252, -0.000407296320191, 0.00309727480635, -0.00356436567381, 0.000274501508102, 0.00109993747901, 0.000652919814456, -0.00271883141249, 0.0131914457306]]
    },
    "melbands": {
        "dmean": [0.00102969526779, 0.000895661476534, 0.000567042152397, 0.000634671654552, 0.000552558049094, 0.000247483607382, 0.000172774656676, 0.000372679642169, 0.000196073015104, 6.78602591506e-05, 9.78278621915e-05, 7.15523929102e-05, 4.32953493146e-05, 3.84823506465e-05, 3.32660056301e-05, 1.98919169634e-05, 2.32627880905e-05, 2.04682164622e-05, 2.06685417652e-05, 1.82556959771e-05, 1.65751480381e-05, 1.06303505163e-05, 9.12970790523e-06, 9.69235406956e-06, 4.63873129775e-06, 5.99280474489e-06, 5.22465779795e-06, 4.59925240648e-06, 2.78410243482e-06, 2.6081793294e-06, 2.01494526664e-06, 2.35213292399e-06, 3.47290551872e-06, 2.679357749e-06, 1.21918446894e-06, 8.54722998156e-07, 1.24160351334e-06, 1.31268052428e-06, 1.25573478726e-06, 8.06960031241e-07],
        "dmean2": [0.00145472295117, 0.0013140575029, 0.000938870303798, 0.000987492618151, 0.000867156602908, 0.000382638245355, 0.000238416920183, 0.000517866050359, 0.000280650827335, 0.000105510029243, 0.000144910867675, 0.000101373661892, 6.31660441286e-05, 6.06375397183e-05, 5.17601110914e-05, 3.08375165332e-05, 3.46724555129e-05, 3.33977659466e-05, 3.30950460921e-05, 2.95841255138e-05, 2.49834447459e-05, 1.64321463672e-05, 1.42164353747e-05, 1.66466725204e-05, 7.61847422837e-06, 1.01412360891e-05, 8.27993335406e-06, 7.07695289748e-06, 4.26839915235e-06, 4.01097395297e-06, 2.98503300655e-06, 3.50270897798e-06, 5.28138161826e-06, 3.93089931094e-06, 1.83919485153e-06, 1.29607883537e-06, 1.84995167274e-06, 1.9750877982e-06, 1.87189709777e-06, 1.26026361613e-06],
        "dvar": [8.49823663884e-06, 1.17031759146e-05, 1.56155635977e-06, 8.66766299623e-07, 7.19232502888e-07, 1.22329481655e-07, 1.2823792872e-07, 6.28170027994e-07, 2.01631223717e-07, 2.78697989131e-08, 5.17558511604e-08, 3.8691311488e-08, 8.41611669244e-09, 5.55398216306e-09, 1.03444266486e-08, 1.61145174982e-09, 2.67698996304e-09, 2.34123431753e-09, 3.84944609522e-09, 4.5394670245e-09, 3.08319592079e-09, 8.12342360046e-10, 4.83342754709e-10, 1.55660317969e-09, 1.36297931275e-10, 1.43294903721e-10, 9.71434668817e-11, 1.19155102452e-10, 4.13666254029e-11, 3.6770985562e-11, 2.12963865293e-11, 3.55084260606e-11, 5.45608558333e-11, 2.55157926038e-11, 7.45522914236e-12, 3.98218090447e-12, 6.78583491481e-12, 5.66247309458e-12, 5.79031917899e-12, 3.40418448638e-12],
        "dvar2": [1.91328708752e-05, 2.77443396044e-05, 4.2726733227e-06, 2.34983212977e-06, 1.71582598796e-06, 3.1073366813e-07, 1.99843114501e-07, 1.14681256491e-06, 4.07001664371e-07, 6.86054946186e-08, 1.02769639909e-07, 7.14424857051e-08, 1.82124804127e-08, 1.21926904129e-08, 2.6781929563e-08, 3.81769504898e-09, 5.39722178061e-09, 5.20251663971e-09, 8.05824740269e-09, 1.1307259129e-08, 6.23305052017e-09, 1.71992842191e-09, 1.07106079561e-09, 4.33178604098e-09, 3.51423279366e-10, 3.61262186832e-10, 2.2022324242e-10, 2.72746186747e-10, 9.00151272965e-11, 7.67208518937e-11, 3.9444322808e-11, 6.87465431803e-11, 1.28720145653e-10, 5.62473054244e-11, 1.56982326444e-11, 7.26012175725e-12, 1.38589062101e-11, 1.31282762439e-11, 1.1825301155e-11, 7.21835395276e-12],
        "max": [0.0493777468801, 0.0567292198539, 0.0193108189851, 0.0154817169532, 0.0130621381104, 0.00419622473419, 0.00968117918819, 0.011192644015, 0.00760912662372, 0.0038693039678, 0.00392595911399, 0.00342791900039, 0.00141487305518, 0.000894580909517, 0.00213480461389, 0.000448697857792, 0.000847614835948, 0.000541488116141, 0.000779674330261, 0.00077036593575, 0.000634253607132, 0.000353461597115, 0.000287297763862, 0.000554480473511, 0.000163439632161, 0.000161580217537, 0.000104626538814, 0.000106833962491, 7.27570513845e-05, 6.10556598986e-05, 4.57077112515e-05, 5.96799218329e-05, 8.66183327162e-05, 8.36271501612e-05, 4.9353675422e-05, 2.91754895443e-05, 3.7434114347e-05, 2.3817170586e-05, 3.3303789678e-05, 3.04908498947e-05],
        "mean": [0.00467170961201, 0.00311695109122, 0.0013704149751, 0.00155834830366, 0.00116393773351, 0.000485853553982, 0.000344858563039, 0.000715519301593, 0.000330865528667, 0.00011312541028, 0.000179023118108, 0.000125446473248, 6.54811883578e-05, 5.16613799846e-05, 4.24540667154e-05, 2.7541851523e-05, 3.39300713676e-05, 2.35392381001e-05, 2.36178930209e-05, 2.08743767871e-05, 1.902252734e-05, 1.32489331008e-05, 1.05991948658e-05, 9.18467776501e-06, 5.74276100451e-06, 7.50226809032e-06, 7.27484166418e-06, 6.2740341491e-06, 4.11113114751e-06, 3.75778040507e-06, 2.7645571663e-06, 2.87910870611e-06, 5.1622605497e-06, 4.80528615299e-06, 1.79249832399e-06, 1.13590328965e-06, 1.65529672813e-06, 1.98826887754e-06, 2.12924624066e-06, 1.18712841868e-06],
        "median": [0.00305996509269, 0.0025354004465, 0.0010238327086, 0.00118219666183, 0.000794889696408, 0.000300511310343, 0.000155104818987, 0.000186144417967, 0.00011596303375, 5.0285274483e-05, 3.9151749661e-05, 2.24038121814e-05, 1.56372989295e-05, 1.5724066543e-05, 9.94015317701e-06, 5.25458972334e-06, 4.91534819957e-06, 6.11569521425e-06, 5.61878596272e-06, 4.04790398534e-06, 2.79897062683e-06, 3.07601840177e-06, 3.11891835736e-06, 1.68545022916e-06, 1.32651484819e-06, 2.25085000238e-06, 2.25249800678e-06, 1.36634184855e-06, 8.39790970986e-07, 7.82350184636e-07, 6.47994340852e-07, 6.77836169416e-07, 1.43952013332e-06, 1.20017409699e-06, 5.15757676567e-07, 3.12466710284e-07, 4.8510759143e-07, 6.83151938574e-07, 7.48409661355e-07, 4.04243053254e-07],
        "min": [2.8552110507e-06, 9.30988335313e-06, 2.20697747864e-05, 1.37949155032e-05, 8.53402525536e-06, 2.61640525423e-06, 1.17414037959e-06, 3.10951890015e-07, 1.73135731529e-07, 1.3830155865e-07, 1.00818340343e-07, 7.78720163908e-08, 4.37090719174e-08, 5.21473957349e-08, 1.93036129303e-08, 1.01268033958e-08, 8.2438811333e-09, 4.19865031631e-08, 3.36144800883e-08, 1.31127606551e-08, 7.30838989327e-09, 1.549042139e-08, 1.13264819745e-08, 4.92384888418e-09, 3.42488726268e-09, 9.90984805327e-09, 8.51757508968e-09, 3.51302698043e-09, 4.6936121656e-09, 4.08296729759e-09, 3.18540771538e-09, 2.03948413713e-09, 1.34241184835e-09, 1.03926611761e-09, 2.86419887807e-09, 4.3383716064e-10, 9.59654578025e-12, 2.19320013539e-11, 1.49665349558e-11, 1.90157636274e-13],
