{
"highlevel": {
    "danceability": {
        "all": {
            "danceable": 0.230143323541,
            "not_danceable": 0.76985669136
        },
        "probability": 0.76985669136,
        "value": "not_danceable"
    },
    "gender": {
        "all": {
            "female": 0.0535276606679,
            "male": 0.946472346783
        },
        "probability": 0.946472346783,
        "value": "male"
    },
    "genre_dortmund": {
        "all": {
            "alternative": 0.213861301541,
            "blues": 0.0571115165949,
            "electronic": 0.0114068156108,
            "folkcountry": 0.139089673758,
            "funksoulrnb": 0.0137327117845,
            "jazz": 0.00485209096223,
            "pop": 0.0299619343132,
            "raphiphop": 0.00240946048871,
            "rock": 0.52757447958
        },
        "probability": 0.52757447958,
        "value": "rock"
    },
    "genre_electronic": {
        "all": {
            "ambient": 0.552964508533,
            "dnb": 0.105689302087,
            "house": 0.0492754131556,
            "techno": 0.013693895191,
            "trance": 0.27837690711
        },
        "probability": 0.552964508533,
        "value": "ambient"
    },
    "genre_rosamerica": {
        "all": {
            "cla": 0.00985854770988,
            "dan": 0.00645043002442,
            "hip": 0.00898377969861,
            "jaz": 0.00813744775951,
            "pop": 0.042865075171,
            "rhy": 0.0459358990192,
            "roc": 0.876279115677,
            "spe": 0.00148972577881
        },
        "probability": 0.876279115677,
        "value": "roc"
    },
    "genre_tzanetakis": {
        "all": {
            "blu": 0.0631970837712,
            "cla": 0.0351076424122,
            "cou": 0.105340525508,
            "dis": 0.0632559657097,
            "hip": 0.158187583089,
            "jaz": 0.316573172808,
            "met": 0.0527318492532,
            "pop": 0.063265889883,
            "reg": 0.0632615014911,
            "roc": 0.0790787860751
        },
        "probability": 0.316573172808,
        "value": "jaz"
    },
    "ismir04_rhythm": {
        "all": {
            "ChaChaCha": 0.0439199097455,
            "Jive": 0.0347600877285,
            "Quickstep": 0.0592762865126,
            "Rumba-American": 0.0193457026035,
            "Rumba-International": 0.0494255535305,
            "Rumba-Misc": 0.00768741592765,
            "Samba": 0.0635369196534,
            "Tango": 0.367041707039,
            "VienneseWaltz": 0.3296007514,
            "Waltz": 0.0254056807607
        },
        "probability": 0.367041707039,
        "value": "Tango"
    },
    "mood_acoustic": {
        "all": {
            "acoustic": 0.845798492432,
            "not_acoustic": 0.154201492667
        },
        "probability": 0.845798492432,
        "value": "acoustic"
    },
    "mood_aggressive": {
        "all": {
            "aggressive": 0.162999302149,
            "not_aggressive": 0.837000727654
        },
        "probability": 0.837000727654,
        "value": "not_aggressive"
    },
    "mood_electronic": {
        "all": {
            "electronic": 0.268103629351,
            "not_electronic": 0.731896340847
        },
        "probability": 0.731896340847,
        "value": "not_electronic"
    },
    "mood_happy": {
        "all": {
            "happy": 0.960957527161,
            "not_happy": 0.0390424802899
        },
        "probability": 0.960957527161,
        "value": "happy"
    },
    "mood_party": {
        "all": {
            "not_party": 0.919790863991,
            "party": 0.080209158361
        },
        "probability": 0.919790863991,
        "value": "not_party"
    },
    "mood_relaxed": {
        "all": {
            "not_relaxed": 0.81974697113,
            "relaxed": 0.180253013968
        },
        "probability": 0.81974697113,
        "value": "not_relaxed"
    },
    "mood_sad": {
        "all": {
            "not_sad": 0.61544829607,
            "sad": 0.384551733732
        },
        "probability": 0.61544829607,
        "value": "not_sad"
    },
    "moods_mirex": {
        "all": {
            "Cluster1": 0.206679195166,
            "Cluster2": 0.134171873331,
            "Cluster3": 0.515320181847,
            "Cluster4": 0.0979585200548,
            "Cluster5": 0.045870218426
        },
        "probability": 0.515320181847,
        "value": "Cluster3"
    },
    "timbre": {
        "all": {
            "bright": 0.978994250298,
            "dark": 0.0210057292134
        },
        "probability": 0.978994250298,
        "value": "bright"
    },
    "tonal_atonal": {
        "all": {
            "atonal": 0.000633227929939,
            "tonal": 0.999366760254
        },
        "probability": 0.999366760254,
        "value": "tonal"
    },
    "voice_instrumental": {
        "all": {
            "instrumental": 0.00579389650375,
            "voice": 0.994206130505
        },
        "probability": 0.994206130505,
        "value": "voice"
    }
},
"lowlevel": {
    "average_loudness": 0.98193860054,
    "barkbands_crest": {
        "dmean": 2.54700660706,
        "dmean2": 4.21560430527,
        "dvar": 5.98860025406,
        "dvar2": 15.5017490387,
        "max": 21.2793903351,
        "mean": 8.87578201294,
        "median": 8.13696575165,
        "min": 3.10861063004,
        "var": 11.5295972824
    },
    "barkbands_flatness_db": {
        "dmean": 0.0176060833037,
        "dmean2": 0.0286251455545,
        "dvar": 0.000246893498115,
        "dvar2": 0.000640782120172,
        "max": 0.282496899366,
        "mean": 0.152780547738,
        "median": 0.154571801424,
        "min": 0.0662378892303,
        "var": 0.000966079300269
    },
    "barkbands_kurtosis": {
        "dmean": 1.45411241055,
        "dmean2": 2.39755868912,
        "dvar": 2.80462145805,
        "dvar2": 7.49343109131,
        "max": 20.5192451477,
        "mean": 2.0328207016,
        "median": 1.35229825974,
        "min": -1.74415171146,
        "var": 7.9744849205
    },
    "barkbands_skewness": {
        "dmean": 0.392443746328,
        "dmean2": 0.626877248287,
        "dvar": 0.134890064597,
        "dvar2": 0.347899407148,
        "max": 3.92009282112,
        "mean": 1.20179247856,
        "median": 1.16622674465,
        "min": -0.504238963127,
        "var": 0.505439937115
    },
    "barkbands_spread": {
        "dmean": 4.54801034927,
        "dmean2": 6.77209091187,
        "dvar": 29.1095352173,
        "dvar2": 52.0676307678,
        "max": 86.7604370117,
        "mean": 20.6719818115,
        "median": 17.0966663361,
        "min": 3.58420181274,
        "var": 154.352935791
    },
    "dissonance": {
        "dmean": 0.0215302892029,
        "dmean2": 0.0365430936217,
        "dvar": 0.000370565365301,
        "dvar2": 0.00102557009086,
        "max": 0.499721348286,
        "mean": 0.454653859138,
        "median": 0.459205716848,
        "min": 0.345296263695,
        "var": 0.000752267194912
    },
    "dynamic_complexity": 1.30255997181,
    "erbbands_crest": {
        "dmean": 2.875841856,
        "dmean2": 4.52721834183,
        "dvar": 7.13251256943,
        "dvar2": 17.11211586,
        "max": 27.762550354,
        "mean": 10.1534137726,
        "median": 8.94149684906,
        "min": 2.52523875237,
        "var": 22.7833442688
    },
    "erbbands_flatness_db": {
        "dmean": 0.0149433957413,
        "dmean2": 0.0219357088208,
        "dvar": 0.000175376102561,
        "dvar2": 0.000332569965394,
        "max": 0.271356374025,
        "mean": 0.174339771271,
        "median": 0.177863433957,
        "min": 0.0780009701848,
        "var": 0.00121931475587
    },
    "erbbands_kurtosis": {
        "dmean": 0.915288388729,
        "dmean2": 1.48795044422,
        "dvar": 1.07935988903,
        "dvar2": 2.84241366386,
        "max": 10.2463178635,
        "mean": 0.555494070053,
        "median": 0.0389621257782,
        "min": -1.60156452656,
        "var": 2.90937519073
    },
    "erbbands_skewness": {
        "dmean": 0.360470145941,
        "dmean2": 0.554023325443,
        "dvar": 0.0963848680258,
        "dvar2": 0.221747860312,
        "max": 2.59943318367,
        "mean": 0.373661607504,
        "median": 0.361438453197,
        "min": -2.25526332855,
        "var": 0.527974128723
    },
    "erbbands_spread": {
        "dmean": 6.11464834213,
        "dmean2": 9.30293369293,
        "dvar": 31.3038101196,
        "dvar2": 62.6005935669,
        "max": 89.9281616211,
        "mean": 32.8716583252,
        "median": 30.611120224,
        "min": 5.61618423462,
        "var": 210.960678101
    },
    "hfc": {
        "dmean": 6.50105428696,
        "dmean2": 9.88234233856,
        "dvar": 51.2370834351,
        "dvar2": 98.8903045654,
        "max": 94.2399291992,
        "mean": 28.3931503296,
        "median": 25.1830749512,
        "min": 2.86602449417,
        "var": 229.338195801
    },
    "melbands_crest": {
        "dmean": 3.15278959274,
        "dmean2": 5.27124500275,
        "dvar": 8.50701332092,
        "dvar2": 22.0978794098,
        "max": 26.4047336578,
        "mean": 12.2894649506,
        "median": 11.4241962433,
        "min": 4.66485786438,
        "var": 15.5857276917
    },
    "melbands_flatness_db": {
        "dmean": 0.0213029719889,
        "dmean2": 0.0337233878672,
        "dvar": 0.000411554559832,
        "dvar2": 0.00101656862535,
        "max": 0.363869339228,
        "mean": 0.206021383405,
        "median": 0.207118928432,
        "min": 0.0789519995451,
        "var": 0.00180641619954
    },
    "melbands_kurtosis": {
        "dmean": 3.29358315468,
        "dmean2": 5.41638946533,
        "dvar": 17.2028083801,
        "dvar2": 45.3131446838,
        "max": 59.1026878357,
        "mean": 6.94635343552,
        "median": 5.23435878754,
        "min": -1.24743843079,
        "var": 44.8631629944
    },
    "melbands_skewness": {
        "dmean": 0.537742316723,
        "dmean2": 0.85438233614,
        "dvar": 0.261400431395,
        "dvar2": 0.653161525726,
        "max": 6.09581804276,
        "mean": 2.02185869217,
        "median": 1.91605532169,
        "min": -0.409142017365,
        "var": 1.02965807915
    },
    "melbands_spread": {
        "dmean": 5.65601158142,
        "dmean2": 8.86352443695,
        "dvar": 43.9279518127,
        "dvar2": 107.308036804,
        "max": 85.9404525757,
        "mean": 21.8698368073,
        "median": 18.8325614929,
        "min": 2.91566967964,
        "var": 142.643692017
    },
    "pitch_salience": {
        "dmean": 0.063574641943,
        "dmean2": 0.102689169347,
        "dvar": 0.0030253122095,
        "dvar2": 0.00816243607551,
        "max": 0.811227083206,
        "mean": 0.535559535027,
        "median": 0.530726253986,
        "min": 0.23491127789,
        "var": 0.00894623156637
    },
    "silence_rate_20dB": {
        "dmean": 0,
        "dmean2": 0,
        "dvar": 0,
        "dvar2": 0,
        "max": 1,
        "mean": 1,
        "median": 1,
        "min": 1,
        "var": 0
    },
    "silence_rate_30dB": {
        "dmean": 0,
        "dmean2": 0,
        "dvar": 0,
        "dvar2": 0,
        "max": 1,
        "mean": 1,
        "median": 1,
        "min": 1,
        "var": 0
    },
    "silence_rate_60dB": {
        "dmean": 0,
        "dmean2": 0,
        "dvar": 0,
        "dvar2": 0,
        "max": 0,
        "mean": 0,
        "median": 0,
        "min": 0,
        "var": 0
    },
    "spectral_centroid": {
        "dmean": 189.71736145,
        "dmean2": 291.568603516,
        "dvar": 40864.125,
        "dvar2": 80705.8125,
        "max": 3240.02661133,
        "mean": 1159.5723877,
        "median": 1033.1583252,
        "min": 293.202697754,
        "var": 224726.546875
    },
    "spectral_complexity": {
        "dmean": 3.11996912956,
        "dmean2": 4.90472507477,
        "dvar": 7.11639165878,
        "dvar2": 16.6578636169,
        "max": 52,
        "mean": 23.1469459534,
        "median": 22,
        "min": 7,
        "var": 34.8013076782
    },
    "spectral_decrease": {
        "dmean": 3.14158654646e-09,
        "dmean2": 4.88324092274e-09,
        "dvar": 1.2126921075e-17,
        "dvar2": 2.95177879577e-17,
        "max": -2.34839392377e-09,
        "mean": -1.08873816629e-08,
        "median": -1.01522932283e-08,
        "min": -3.280529981e-08,
        "var": 2.08780105367e-17
    },
    "spectral_energy": {
        "dmean": 0.0121797230095,
        "dmean2": 0.018887674436,
        "dvar": 0.000176787973032,
        "dvar2": 0.000428828352597,
        "max": 0.126344740391,
        "mean": 0.043666806072,
        "median": 0.0408612526953,
        "min": 0.009292319417,
        "var": 0.000314764649374
    },
    "spectral_energyband_high": {
        "dmean": 0.000324143533362,
        "dmean2": 0.000438140821643,
        "dvar": 6.53590120692e-07,
        "dvar2": 9.77976128524e-07,
        "max": 0.0112443165854,
        "mean": 0.000848036434036,
        "median": 0.000348334549926,
        "min": 1.04279752122e-05,
        "var": 2.75502748082e-06
    },
    "spectral_energyband_low": {
        "dmean": 0.00820577610284,
        "dmean2": 0.0135082835332,
        "dvar": 0.000182664865861,
        "dvar2": 0.000459127943031,
        "max": 0.103187695146,
        "mean": 0.0151976300403,
        "median": 0.0113438144326,
        "min": 0.00153169513214,
        "var": 0.000191177736269
    },
    "spectral_energyband_middle_high": {
        "dmean": 0.00271955458447,
        "dmean2": 0.00417135376483,
        "dvar": 1.05499475467e-05,
        "dvar2": 2.29689503612e-05,
        "max": 0.0439603812993,
        "mean": 0.00888695940375,
        "median": 0.00725528411567,
        "min": 0.000324226217344,
        "var": 3.89479246223e-05
    },
    "spectral_energyband_middle_low": {
        "dmean": 0.00678200181574,
        "dmean2": 0.0110302316025,
        "dvar": 4.2452418711e-05,
        "dvar2": 0.00010946875409,
        "max": 0.0737568885088,
        "mean": 0.0215033106506,
        "median": 0.0199918262661,
        "min": 0.0026865825057,
        "var": 0.00012561159383
    },
    "spectral_entropy": {
        "dmean": 0.128459408879,
        "dmean2": 0.185532033443,
        "dvar": 0.0129768839106,
        "dvar2": 0.0244676284492,
        "max": 8.37623023987,
        "mean": 7.39752435684,
        "median": 7.35533332825,
        "min": 6.57731103897,
        "var": 0.0996096208692
    },
    "spectral_flux": {
        "dmean": 0.0268196184188,
        "dmean2": 0.0413237661123,
        "dvar": 0.00068815483246,
        "dvar2": 0.00154112477321,
        "max": 0.268610060215,
        "mean": 0.103100687265,
        "median": 0.0952213332057,
        "min": 0.0296726450324,
        "var": 0.00157991773449
    },
    "spectral_kurtosis": {
        "dmean": 1.81759858131,
        "dmean2": 3.13152360916,
        "dvar": 2.90524148941,
        "dvar2": 8.2842798233,
        "max": 22.583366394,
        "mean": 4.47420501709,
        "median": 4.02396440506,
        "min": -0.154476881027,
        "var": 6.90225410461
    },
    "spectral_rms": {
        "dmean": 0.000868465227541,
        "dmean2": 0.0013285712339,
        "dvar": 6.85171585246e-07,
        "dvar2": 1.62970411566e-06,
        "max": 0.0111023942009,
        "mean": 0.00640585599467,
        "median": 0.00631384504959,
        "min": 0.00301092630252,
        "var": 1.56674184382e-06
    },
    "spectral_rolloff": {
        "dmean": 364.847076416,
        "dmean2": 604.731628418,
        "dvar": 446339.8125,
        "dvar2": 916442,
        "max": 7084.42382812,
        "mean": 1248.95849609,
        "median": 861.328125,
        "min": 129.19921875,
        "var": 1240354
    },
    "spectral_skewness": {
        "dmean": 0.22074405849,
        "dmean2": 0.358142822981,
        "dvar": 0.0337667167187,
        "dvar2": 0.087025359273,
        "max": 3.41168498993,
        "mean": 1.50565826893,
        "median": 1.50712144375,
        "min": 0.324131935835,
        "var": 0.151627749205
    },
    "spectral_spread": {
        "dmean": 311970.125,
        "dmean2": 445071.5625,
        "dvar": 178491932672,
        "dvar2": 227638263808,
        "max": 12690892,
        "mean": 3689228,
        "median": 3456660.5,
        "min": 1877907.75,
        "var": 1.04501385626e+12
    },
    "spectral_strongpeak": {
        "dmean": 0.806292831898,
        "dmean2": 1.35412800312,
        "dvar": 1.49896144867,
        "dvar2": 3.73359084129,
        "max": 12.3351202011,
        "mean": 1.37757444382,
        "median": 0.585227131844,
        "min": 0.0602763332427,
        "var": 2.54209566116
    },
    "zerocrossingrate": {
        "dmean": 0.00762013532221,
        "dmean2": 0.00878112018108,
        "dvar": 8.67690105224e-05,
        "dvar2": 8.45144095365e-05,
        "max": 0.193359375,
        "mean": 0.0492567382753,
        "median": 0.04248046875,
        "min": 0.0126953125,
        "var": 0.000672187132295
    },
    "barkbands": {
        "dmean": [0.000182105373824, 0.00620430102572, 0.00236024009064, 0.00221126293764, 0.00222900696099, 0.00115464814007, 0.00152205023915, 0.00226061837748, 0.00169399206061, 0.00127103424165, 0.000682471203618, 0.000498351990245, 0.000649842841085, 0.000572118384298, 0.00040448262007, 0.00041766781942, 0.000417748320615, 0.000253054517088, 0.000132179120556, 9.08056390472e-05, 0.000100507546449, 0.000123256962979, 8.51886725286e-05, 3.80612145818e-05, 2.41834059125e-05, 1.20562308439e-05, 3.10372949563e-09],
        "dmean2": [0.000305481138639, 0.0103957997635, 0.00399609282613, 0.00383845483884, 0.00359537918121, 0.00183668010868, 0.00229301070794, 0.00351131986827, 0.00257393787615, 0.00192682992201, 0.00103761570062, 0.000812961021438, 0.0010313896928, 0.000906928675249, 0.000651211186778, 0.000656410004012, 0.000687280669808, 0.000422057986725, 0.000212739061681, 0.00015005019668, 0.000150589243276, 0.000177156107384, 0.000127047926071, 5.27438423887e-05, 3.0945531762e-05, 1.59777591762e-05, 5.00838215345e-09],
        "dvar": [1.43460624713e-07, 0.000158853566973, 1.12560755952e-05, 8.85643203219e-06, 6.48729019304e-06, 3.77174546884e-06, 7.16086151442e-06, 1.46657139339e-05, 1.77261954377e-05, 4.27376380685e-06, 1.4529582586e-06, 1.03533000129e-06, 3.13123769047e-06, 1.0368664789e-06, 8.01586963917e-07, 1.06923926069e-06, 1.16642866033e-06, 3.25697328662e-07, 2.80853313939e-08, 1.79971255676e-08, 5.74233780526e-08, 7.06381229065e-08, 6.28929583968e-08, 1.22604113528e-08, 8.2266939927e-09, 2.31937136164e-09, 6.67447721695e-16],
        "dvar2": [3.78268993018e-07, 0.000400958320824, 3.18139864248e-05, 2.80449294223e-05, 1.70764615177e-05, 8.82997937879e-06, 1.4721756088e-05, 3.48319917975e-05, 4.40612711827e-05, 1.04806204035e-05, 3.08160610984e-06, 2.59992475549e-06, 6.90339720677e-06, 2.31819240071e-06, 2.0485413188e-06, 2.36640562434e-06, 3.14606973006e-06, 9.11256677227e-07, 6.82004710484e-08, 4.07666256308e-08, 1.15365310194e-07, 1.29646807068e-07, 1.15399416245e-07, 2.22819771523e-08, 1.26533441502e-08, 3.64556851373e-09, 7.05604067809e-16],
        "max": [0.00329520343803, 0.0916542559862, 0.0287723839283, 0.040056861937, 0.0346075557172, 0.0295416079462, 0.0410765707493, 0.0342364870012, 0.0661495402455, 0.0342836342752, 0.0221400037408, 0.0199304297566, 0.0231720767915, 0.0163875054568, 0.0189078878611, 0.0219971928746, 0.0211713686585, 0.00999277736992, 0.00205931067467, 0.00252256868407, 0.00364988227375, 0.00373238720931, 0.0044550858438, 0.00185710890219, 0.00284884124994, 0.00124504265841, 8.62588706241e-07],
        "mean": [0.000213587991311, 0.00855371821672, 0.00412058597431, 0.00393954711035, 0.00472366483882, 0.00206652493216, 0.00298631703481, 0.00400198344141, 0.00297283381224, 0.00255467765965, 0.00112396106124, 0.000822708476335, 0.000906941713765, 0.00101455196273, 0.000601179548539, 0.000681846111547, 0.000667073472869, 0.000462933647214, 0.00025676615769, 0.000215519903577, 0.000195892294869, 0.000273603480309, 0.000171697014594, 7.39980168873e-05, 4.55544686702e-05, 1.91870494746e-05, 2.54466270277e-09],
        "median": [7.80879126978e-05, 0.00498042581603, 0.00313076144084, 0.00294697703794, 0.00373779702932, 0.00102927943226, 0.00110306846909, 0.00144509191159, 0.000479657406686, 0.00162733148318, 0.00046981376363, 0.000449573330116, 0.00025064725196, 0.00058531871764, 0.000312265794491, 0.000340659142239, 0.000311148323817, 0.000246033945587, 0.000187501820619, 0.000141949305544, 8.47794362926e-05, 0.000117554693134, 4.80333947053e-05, 1.47080181705e-05, 6.98948588251e-06, 1.37076983719e-06, 6.16530382302e-10],
        "min": [2.47482780935e-08, 0.000203857038287, 5.23453090864e-05, 5.43892492715e-05, 0.000313140713843, 1.12182215162e-05, 2.53848920693e-05, 1.30429771161e-05, 1.4168913367e-05, 1.4117511455e-05, 9.85511633189e-06, 8.48725358082e-06, 4.62401703771e-06, 9.65348772297e-06, 6.58962653688e-06, 5.02783996126e-06, 9.32252805796e-06, 1.81363793672e-06, 6.86051271259e-06, 5.9480175878e-06, 1.92488710127e-06, 1.74820797838e-06, 3.81256057835e-07, 1.18478567401e-07, 6.9812529091e-08, 3.87963376702e-11, 1.16615363199e-11],
        "var": [1.37495121066e-07, 0.000144539008033, 1.42252329169e-05, 1.3047198081e-05, 1.3717796719e-05, 8.38300093164e-06, 2.58333875536e-05, 3.66117892554e-05, 5.01905560668e-05, 1.25437400129e-05, 3.84933218811e-06, 1.78952586793e-06, 5.3048402151e-06, 2.43343220063e-06, 1.20584752494e-06, 1.89546688034e-06, 2.16183866542e-06, 6.25535449217e-07, 5.4007585959e-08, 5.56391910322e-08, 1.44281600001e-07, 2.45956925937e-07, 2.07086770843e-07, 4.04315123603e-08, 2.92275519342e-08, 6.68781208191e-09, 6.61547607822e-16]
    },
    "erbbands": {
        "dmean": [0.194790288806, 1.35368525982, 2.35548663139, 5.48457288742, 7.05233764648, 7.10381698608, 7.99254798889, 10.6221628189, 19.559217453, 36.8513946533, 42.4971237183, 36.2226600647, 38.1687927246, 23.2198905945, 23.759809494, 20.2447891235, 29.6696853638, 24.5867214203, 23.9057292938, 19.3137054443, 22.0293579102, 22.6691303253, 14.5709896088, 8.06165122986, 4.87542247772, 3.91076421738, 2.96094250679, 4.8645825386, 4.57314777374, 3.78212761879, 2.13757538795, 1.11593341827, 0.505948603153, 0.321021735668, 0.161337509751, 0.0792712122202, 0.0194453243166, 0.00109074916691, 2.63647925749e-05, 1.42361877806e-05],
        "dmean2": [0.32449233532, 2.26604270935, 3.97392702103, 9.54238510132, 11.6580591202, 11.5631780624, 12.8935012817, 16.8055820465, 30.1806259155, 57.3354606628, 65.2723083496, 55.5894050598, 58.4212760925, 34.5957450867, 36.9565734863, 32.4695625305, 46.7712364197, 38.5345077515, 38.6420555115, 30.3647212982, 35.0636978149, 36.6665000916, 24.1544914246, 13.0555229187, 7.80346441269, 6.5447101593, 4.46274185181, 7.25307703018, 6.56609630585, 5.35156917572, 3.08883428574, 1.58242440224, 0.717337727547, 0.438090115786, 0.210464566946, 0.102926015854, 0.0257201045752, 0.00155476061627, 3.57841781806e-05, 2.16640437429e-05],
        "dvar": [0.180564060807, 6.7821726799, 11.2882862091, 53.4421272278, 93.7671432495, 89.3830871582, 140.349273682, 399.160980225, 1513.25878906, 4289.46191406, 6551.39941406, 10412.1865234, 4659.51855469, 1633.71630859, 2484.25170898, 1652.07446289, 5879.19042969, 2997.37304688, 1524.3104248, 1750.78503418, 3279.70849609, 2940.89135742, 1012.91156006, 132.06211853, 49.6634712219, 41.4177246094, 46.5886154175, 133.66758728, 86.9492797852, 84.6031799316, 42.2096824646, 12.8071651459, 2.47429871559, 1.92503988743, 0.345378100872, 0.112270981073, 0.00484648020938, 1.16012806757e-05, 4.89291274164e-09, 2.17530507496e-10],
        "dvar2": [0.438124150038, 17.547908783, 31.853263855, 168.15612793, 273.794372559, 225.591720581, 351.068145752, 958.452636719, 3272.57470703, 10214.5966797, 14632.9326172, 26951.96875, 11496.3652344, 3312.10449219, 5748.25195312, 4037.75146484, 13521.6083984, 6663.10302734, 3827.22436523, 4278.14306641, 7040.12304688, 7350.39208984, 2794.56982422, 331.140106201, 105.982658386, 99.25365448, 96.3988037109, 278.480743408, 160.0703125, 149.291702271, 75.2861328125, 23.4586238861, 4.84094762802, 3.26447248459, 0.507741808891, 0.182803303003, 0.00828470103443, 2.22051367018e-05, 8.22883716722e-09, 5.10633979545e-10],
        "max": [3.10810804367, 18.8773326874, 31.5413837433, 88.9319381714, 117.741760254, 168.65411377, 159.964263916, 372.104064941, 650.670349121, 898.096984863, 948.54888916, 1970.69702148, 1262.8984375, 901.671875, 1103.87475586, 721.510131836, 1031.42895508, 791.621459961, 490.886566162, 701.372619629, 1490.70251465, 914.383483887, 599.113708496, 241.500045776, 117.468658447, 104.742012024, 117.639709473, 168.42640686, 137.793838501, 155.693145752, 109.271484375, 63.2835388184, 38.8053245544, 50.3452072144, 12.4546766281, 9.05044364929, 1.38722848892, 0.0616715401411, 0.00132231041789, 0.000149143554154],
        "mean": [0.231292724609, 1.96643447876, 4.52957391739, 10.4456043243, 13.8271207809, 14.4987564087, 15.2934160233, 19.399477005, 39.3803215027, 71.6556243896, 78.5357894897, 66.8231201172, 79.6035232544, 47.3187332153, 42.5256462097, 36.2807617188, 44.1132545471, 44.134979248, 41.9797058105, 34.2402954102, 39.8121490479, 39.7333641052, 28.2014293671, 16.4995861053, 11.3635520935, 9.22636032104, 6.46091127396, 9.18373012543, 9.78742313385, 8.15482330322, 4.25898981094, 2.11088299751, 0.963502943516, 0.569988906384, 0.292565405369, 0.123981133103, 0.0293611884117, 0.00151467311662, 5.93119293626e-05, 5.39679422218e-05],
        "median": [0.0981374755502, 1.23151040077, 3.41912889481, 8.06293582916, 11.2323255539, 10.6492824554, 9.66096305847, 8.24458503723, 13.1063919067, 28.2469329834, 29.7756881714, 13.1675300598, 46.8862457275, 32.3461341858, 18.613407135, 20.5894260406, 15.321606636, 19.4936847687, 26.941783905, 18.4987506866, 20.4671955109, 19.1871967316, 14.9293079376, 12.1022195816, 8.26799201965, 5.92422866821, 3.19639515877, 3.67241716385, 4.31789398193, 3.04170322418, 0.98965805769, 0.383073121309, 0.193707376719, 0.100606955588, 0.0382054261863, 0.00930441077799, 0.00202624779195, 0.000139191310154, 2.75538259302e-05, 5.07321310579e-05],
        "min": [0.00323308678344, 0.0694861710072, 0.326440811157, 0.334678411484, 0.695590913296, 0.790478289127, 0.659120261669, 0.265485167503, 0.567179679871, 0.677356362343, 0.370394527912, 0.548271417618, 0.993993997574, 0.428000181913, 0.549676835537, 0.407501459122, 0.645002067089, 0.600390195847, 0.603734910488, 0.303397923708, 0.327400922775, 0.687312960625, 0.332793414593, 0.41396188736, 0.32451120019, 0.271121710539, 0.0713619142771, 0.0984802544117, 0.064561240375, 0.0275395680219, 0.0120459040627, 0.00727187888697, 0.00475306995213, 0.001343891141, 0.000101344427094, 1.315020927e-05, 5.67952565689e-06, 6.47072340598e-07, 5.50516551812e-06, 1.06292145574e-05],
        "var": [0.168107718229, 6.20239925385, 14.1053256989, 73.4811019897, 119.441955566, 180.126068115, 284.147277832, 914.025695801, 4871.07666016, 12470.5888672, 17417.4609375, 27219.2578125, 16095.7304688, 4312.87695312, 5793.43212891, 3251.81835938, 10107.4375, 6390.37890625, 2295.62036133, 3321.72583008, 5921.23876953, 6171.91650391, 2175.19140625, 259.601226807, 123.008277893, 113.645530701, 127.062332153, 317.974884033, 300.414398193, 308.784362793, 139.414520264, 36.8950691223, 8.50058269501, 6.0212020874, 1.17743468285, 0.319816887379, 0.0132194878533, 2.59251846728e-05, 1.43008831444e-08, 4.8077608561e-10]
    },
    "gfcc": {
        "mean": [30.9397239685, 125.935806274, -131.982421875, 42.4776077271, -58.4814872742, 15.8157100677, -30.343870163, 6.1413192749, -13.2205123901, -4.54866790771, -17.6346130371, -3.82717823982, -10.5307407379],
        "cov": [[865.471069336, -619.775268555, 80.905128479, 48.0456466675, -84.1437301636, 185.811828613, -86.0295028687, 70.5415878296, -66.1327056885, 85.7881851196, -101.341903687, 83.4311828613, -66.3805236816], [-619.775268555, 809.530639648, -223.11227417, -134.42225647, 121.484786987, -176.547958374, 112.458328247, -75.6985549927, 108.257621765, -93.6026763916, 137.990707397, -83.3244094849, 75.0837097168], [80.905128479, -223.11227417, 268.979064941, 74.284034729, -38.0233039856, 16.6496677399, -34.9989776611, 26.5506763458, -63.0664710999, 71.2814712524, -17.0340423584, 38.8947906494, -24.7621936798], [48.0456466675, -134.42225647, 74.284034729, 215.672454834, -16.2416248322, -16.2870788574, -48.8057823181, -4.22943735123, 3.13596224785, 16.5893230438, 25.0088996887, 1.98783278465, 35.8287277222], [-84.1437301636, 121.484786987, -38.0233039856, -16.2416248322, 154.307678223, 3.97112488747, 16.4194450378, 14.9649438858, 3.85390973091, -19.2150325775, 1.69352507591, 4.77240180969, 31.1539039612], [185.811828613, -176.547958374, 16.6496677399, -16.2870788574, 3.97112488747, 180.947265625, 38.3537635803, 14.8904933929, -26.0599060059, -3.60925984383, -40.6011314392, 21.529504776, -9.39580154419], [-86.0295028687, 112.458328247, -34.9989776611, -48.8057823181, 16.4194450378, 38.3537635803, 129.246688843, 20.2005786896, 28.0383014679, -29.9926834106, -15.2118215561, -17.4691047668, -3.44001555443], [70.5415878296, -75.6985549927, 26.5506763458, -4.22943735123, 14.9649438858, 14.8904933929, 20.2005786896, 97.3002929688, 14.1821289062, -1.4181535244, -32.1999473572, 5.3863325119, 4.01201820374], [-66.1327056885, 108.257621765, -63.0664710999, 3.13596224785, 3.85390973091, -26.0599060059, 28.0383014679, 14.1821289062, 114.4401474, -9.09540081024, -0.450119167566, -20.8278026581, 5.18397808075], [85.7881851196, -93.6026763916, 71.2814712524, 16.5893230438, -19.2150325775, -3.60925984383, -29.9926834106, -1.4181535244, -9.09540081024, 103.775405884, 26.3049755096, 17.2676048279, -24.2182731628], [-101.341903687, 137.990707397, -17.0340423584, 25.0088996887, 1.69352507591, -40.6011314392, -15.2118215561, -32.1999473572, -0.450119167566, 26.3049755096, 128.176345825, 5.21593856812, 27.2168731689], [83.4311828613, -83.3244094849, 38.8947906494, 1.98783278465, 4.77240180969, 21.529504776, -17.4691047668, 5.3863325119, -20.8278026581, 17.2676048279, 5.21593856812, 83.9884109497, 12.3757972717], [-66.3805236816, 75.0837097168, -24.7621936798, 35.8287277222, 31.1539039612, -9.39580154419, -3.44001555443, 4.01201820374, 5.18397808075, -24.2182731628, 27.2168731689, 12.3757972717, 98.4403686523]],
        "icov": [[0.00337704713456, 0.00139143131673, 0.00189760932699, -0.000428785337135, 0.000822044443339, -0.00204165978357, 0.00150834699161, -0.00181880942546, 0.000570614880417, -0.001945478376, 0.000829690368846, -0.00159071770031, 0.000983048812486], [0.00139143131673, 0.0136493016034, -0.000895565666724, 0.00872963480651, -0.00733564514667, 0.00940411537886, -0.00859509874135, 0.00897543132305, -0.00754722440615, 0.00684225047007, -0.0115534495562, 0.0063099055551, -0.00584025681019], [0.00189760932699, -0.000895565666724, 0.0084133669734, -0.0040762196295, 0.00241093360819, -0.00187604152597, 0.00117020378821, -0.00439377594739, 0.00517069082707, -0.00610775500536, 0.00367608736269, -0.00376619701274, 0.00252270977944], [-0.000428785337135, 0.00872963480651, -0.0040762196295, 0.0127869704738, -0.0049097603187, 0.00668377382681, -0.0040437313728, 0.00739280693233, -0.00738306436688, 0.00617117667571, -0.00923454668373, 0.00646125618368, -0.00722981011495], [0.000822044443339, -0.00733564514667, 0.00241093360819, -0.0049097603187, 0.0120933940634, -0.00645702658221, 0.00520349713042, -0.00736801046878, 0.00529804080725, -0.00489737745374, 0.00724788801745, -0.0049540377222, 0.00171652494464], [-0.00204165978357, 0.00940411537886, -0.00187604152597, 0.00668377382681, -0.00645702658221, 0.0163746606559, -0.010966245085, 0.00855424348265, -0.0042260796763, 0.00630753813311, -0.00753936078399, 0.00430722162127, -0.00526226591319], [0.00150834699161, -0.00859509874135, 0.00117020378821, -0.0040437313728, 0.00520349713042, -0.010966245085, 0.0182323232293, -0.00916668307036, 0.00266354344785, -0.00333620421588, 0.00746777048334, -0.0034395812545, 0.00506295450032], [-0.00181880942546, 0.00897543132305, -0.00439377594739, 0.00739280693233, -0.00736801046878, 0.00855424348265, -0.00916668307036, 0.0210906229913, -0.00854406040162, 0.00630557304248, -0.00619765371084, 0.00552103901282, -0.0068792309612], [0.000570614880417, -0.00754722440615, 0.00517069082707, -0.00738306436688, 0.00529804080725, -0.0042260796763, 0.00266354344785, -0.00854406040162, 0.0171180218458, -0.00721197482198, 0.0083111776039, -0.00376633508131, 0.00399023666978], [-0.001945478376, 0.00684225047007, -0.00610775500536, 0.00617117667571, -0.00489737745374, 0.00630753813311, -0.00333620421588, 0.00630557304248, -0.00721197482198, 0.0208494532853, -0.0120921814814, 0.00366328260861, -0.000142912016599], [0.000829690368846, -0.0115534495562, 0.00367608736269, -0.00923454668373, 0.00724788801745, -0.00753936078399, 0.00746777048334, -0.00619765371084, 0.0083111776039, -0.0120921814814, 0.0223128106445, -0.00750847533345, 0.00251989020035], [-0.00159071770031, 0.0063099055551, -0.00376619701274, 0.00646125618368, -0.0049540377222, 0.00430722162127, -0.0034395812545, 0.00552103901282, -0.00376633508131, 0.00366328260861, -0.00750847533345, 0.0192256812006, -0.00679223285988], [0.000983048812486, -0.00584025681019, 0.00252270977944, -0.00722981011495, 0.00171652494464, -0.00526226591319, 0.00506295450032, -0.0068792309612, 0.00399023666978, -0.000142912016599, 0.00251989020035, -0.00679223285988, 0.0178655590862]]
    },
    "melbands": {
        "dmean": [0.00174838281237, 0.001364515163, 0.000932857976295, 0.000508176861331, 0.000287506583845, 0.000244564114837, 0.000290389725706, 0.000441451964434, 0.000363837374607, 0.000218092100113, 0.000197669898625, 0.000106666870124, 8.03820366855e-05, 5.28704040335e-05, 7.33434426365e-05, 6.12981166341e-05, 4.95064778079e-05, 4.48740211141e-05, 3.34781761921e-05, 2.94954443234e-05, 2.50070715992e-05, 2.81848570012e-05, 1.8653792722e-05, 8.553227417e-06, 7.16120075595e-06, 4.62201842311e-06, 4.32867363998e-06, 2.45528485721e-06, 1.84280258964e-06, 2.38839788835e-06, 3.33689922627e-06, 2.94860183203e-06, 2.4090743409e-06, 2.1595283215e-06, 1.42671410686e-06, 9.12310213153e-07, 6.79754236899e-07, 4.06462646652e-07, 2.95415873097e-07, 2.8894623938e-07],
        "dmean2": [0.00291973166168, 0.00225428375416, 0.00161385035608, 0.000828691816423, 0.000464120326797, 0.000387302075978, 0.000444661534857, 0.000689152046107, 0.000560306070838, 0.000335158751113, 0.000302128260955, 0.000158677794388, 0.000124195561511, 8.46217735671e-05, 0.000117174036859, 9.75383154582e-05, 7.82586139394e-05, 7.35590510885e-05, 5.36512598046e-05, 4.62321113446e-05, 4.06793624279e-05, 4.5971810323e-05, 3.0674993468e-05, 1.4048329831e-05, 1.1694085515e-05, 7.2872248893e-06, 6.9596630965e-06, 4.13014095102e-06, 2.82600376522e-06, 3.70358065993e-06, 5.12661335961e-06, 4.39868290414e-06, 3.4945974221e-06, 3.22941377817e-06, 2.11890892388e-06, 1.39401720389e-06, 9.92249511e-07, 5.91807747696e-07, 4.61727381662e-07, 3.96471733666e-07],
        "dvar": [1.36035696414e-05, 4.26883252658e-06, 1.51467475007e-06, 3.72797302362e-07, 1.70265394672e-07, 1.9294911624e-07, 2.99516301538e-07, 6.14651980868e-07, 5.86432292948e-07, 4.24003474109e-07, 1.19754844263e-07, 2.99526661252e-08, 2.27519940665e-08, 8.55944293221e-09, 3.09339860394e-08, 3.64836445499e-08, 1.35842102011e-08, 4.64743132866e-09, 6.85400491918e-09, 5.39302646985e-09, 4.53117676713e-09, 5.43534151021e-09, 1.62693358785e-09, 3.36948302593e-10, 9.79866396356e-11, 5.63350997795e-11, 3.85764961641e-11, 1.73083665456e-11, 1.41905046741e-11, 3.93074878202e-11, 6.09303232868e-11, 3.36536180867e-11, 2.95419452789e-11, 3.11886523552e-11, 1.9275086735e-11, 8.94654315908e-12, 4.60552863207e-12, 1.5093006055e-12, 1.53810178569e-12, 1.48145493269e-12],
        "dvar2": [3.34919168381e-05, 1.1636239833e-05, 4.72222200187e-06, 1.00400632164e-06, 4.28125588314e-07, 4.62220441477e-07, 6.37288565031e-07, 1.47743185153e-06, 1.30816465571e-06, 1.11307235784e-06, 2.95108122828e-07, 6.47767706141e-08, 5.23030898592e-08, 1.925688764e-08, 8.03956936579e-08, 7.83724445341e-08, 3.04481169167e-08, 1.15078444551e-08, 1.77753101127e-08, 1.26537171852e-08, 9.93274085204e-09, 1.41028477785e-08, 4.35103908458e-09, 8.82524497925e-10, 2.46795583969e-10, 1.25203444834e-10, 9.48001815937e-11, 4.30938895679e-11, 2.94219891506e-11, 8.41829106424e-11, 1.3876726157e-10, 6.85093856645e-11, 5.31797661463e-11, 5.97858360041e-11, 3.65481048203e-11, 1.90796718702e-11, 8.73085544834e-12, 3.06059171062e-12, 3.23173519196e-12, 2.46123434133e-12],
        "max": [0.0269798710942, 0.016706418246, 0.0172401964664, 0.00694389548153, 0.00562885496765, 0.0072358995676, 0.00839946512133, 0.00918508227915, 0.0101515436545, 0.0131127955392, 0.00634654797614, 0.00378901814111, 0.00296767614782, 0.00158407178242, 0.00290318904445, 0.00299564446323, 0.00173864979297, 0.000944416038692, 0.00208081840537, 0.00185042375233, 0.00169479858596, 0.00138491846155, 0.000760498922318, 0.000313292926876, 0.000189582657185, 0.000138853531098, 0.000107867308543, 6.94527188898e-05, 6.51347218081e-05, 9.2546652013e-05, 9.91891865851e-05, 8.50542928674e-05, 8.64555331646e-05, 0.000103563004814, 8.40198117658e-05, 4.78224246763e-05, 3.74606715923e-05, 2.0528324967e-05, 3.8892369048e-05, 4.29492865806e-05],
        "mean": [0.0022638363298, 0.00251761823893, 0.00188000826165, 0.00105352932587, 0.000571527983993, 0.000453472981462, 0.000591396936215, 0.000840127526317, 0.000660004792735, 0.000390650093323, 0.0004026722454, 0.000210158483242, 0.00013698732073, 9.54833012656e-05, 0.000105716455437, 8.51353615872e-05, 8.44883252284e-05, 7.34100758564e-05, 4.9270245654e-05, 4.86441967951e-05, 4.23225028499e-05, 4.36106383859e-05, 3.30448419845e-05, 1.6329349819e-05, 1.33674147946e-05, 8.62882461661e-06, 9.19282410905e-06, 5.06208243678e-06, 3.73222223971e-06, 4.40446137873e-06, 5.69693429497e-06, 5.80671621719e-06, 4.83177382193e-06, 4.34841467722e-06, 2.63240895038e-06, 1.61494972417e-06, 1.15171076231e-06, 6.99577128671e-07, 5.07168294916e-07, 4.6960261102e-07],
        "median": [0.00118057266809, 0.00189646298531, 0.00151619815733, 0.000845407135785, 0.000371353002265, 0.000197754474357, 0.000198304434889, 0.000302394444589, 0.00021468619525, 6.68337306706e-05, 0.000239669141592, 0.00014635779371, 5.76676684432e-05, 5.12961123604e-05, 4.38507595391e-05, 2.47009320447e-05, 3.46053857356e-05, 4.58578433609e-05, 2.45706723945e-05, 2.28990775213e-05, 2.15651180042e-05, 1.83947868209e-05, 1.68128190126e-05, 9.05433535081e-06, 9.7353140518e-06, 5.42615771337e-06, 5.87806016483e-06, 3.14353201247e-06, 1.82631561074e-06, 1.77599156359e-06, 2.14134183807e-06, 2.60844194599e-06, 1.81721281933e-06, 1.5829939457e-06, 5.72437613755e-07, 2.74741807971e-07, 1.99702284931e-07, 1.39106802521e-07, 8.6577813363e-08, 7.83250229119e-08],
        "min": [4.03040830861e-05, 0.000151265427121, 6.6862339736e-05, 4.70022023364e-05, 2.25767616939e-05, 3.21249308399e-06, 6.01724150329e-06, 3.81009772354e-06, 2.55675286098e-06, 2.19549383473e-06, 2.16806938624e-06, 1.16829448871e-06, 9.68551944425e-07, 8.76590036114e-07, 1.67801454154e-06, 2.69497007821e-07, 9.56343228609e-07, 8.13121232568e-07, 3.77502487936e-07, 3.98109250455e-07, 1.9145356589e-07, 7.29713008241e-07, 3.79359249791e-07, 3.66618415626e-08, 3.0939358453e-07, 2.59951804082e-07, 2.28371717981e-07, 1.69214800394e-07, 5.79574468418e-08, 2.64937192185e-08, 3.12471541974e-08, 3.14006207702e-08, 2.43451658832e-08, 8.02267674516e-09, 7.75771802353e-09, 3.54782203615e-09, 3.80655906795e-09, 3.74064001996e-10, 6.75817679596e-10, 5.76992793822e-12],
