{
"highlevel": {
    "danceability": {
        "all": {
            "danceable": 0.999674499035,
            "not_danceable": 0.000325493863784
        },
        "probability": 0.999674499035,
        "value": "danceable"
    },
    "gender": {
        "all": {
            "female": 0.275043100119,
            "male": 0.724956929684
        },
        "probability": 0.724956929684,
        "value": "male"
    },
    "genre_dortmund": {
        "all": {
            "alternative": 0.0247784405947,
            "blues": 0.169724494219,
            "electronic": 0.031441193074,
            "folkcountry": 0.0498425513506,
            "funksoulrnb": 0.083632029593,
            "jazz": 0.0753632858396,
            "pop": 0.0732596516609,
            "raphiphop": 0.45533156395,
            "rock": 0.0366267859936
        },
        "probability": 0.45533156395,
        "value": "raphiphop"
    },
    "genre_electronic": {
        "all": {
            "ambient": 0.120303332806,
            "dnb": 0.666952967644,
            "house": 0.0836712494493,
            "techno": 0.0112736728042,
            "trance": 0.117798782885
        },
        "probability": 0.666952967644,
        "value": "dnb"
    },
    "genre_rosamerica": {
        "all": {
            "cla": 0.00417090207338,
            "dan": 0.0820638611913,
            "hip": 0.188860833645,
            "jaz": 0.00582388276234,
            "pop": 0.647005021572,
            "rhy": 0.0366375632584,
            "roc": 0.0305304285139,
            "spe": 0.00490750232711
        },
        "probability": 0.647005021572,
        "value": "pop"
    },
    "genre_tzanetakis": {
        "all": {
            "blu": 0.0620671063662,
            "cla": 0.034474901855,
            "cou": 0.103433981538,
            "dis": 0.0620971247554,
            "hip": 0.15527240932,
            "jaz": 0.310666948557,
            "met": 0.044346679002,
            "pop": 0.0620793737471,
            "reg": 0.0620816536248,
            "roc": 0.103479810059
        },
        "probability": 0.310666948557,
        "value": "jaz"
    },
    "ismir04_rhythm": {
        "all": {
            "ChaChaCha": 0.214235797524,
            "Jive": 0.106419362128,
            "Quickstep": 0.0682912170887,
            "Rumba-American": 0.00885157845914,
            "Rumba-International": 0.0438591390848,
            "Rumba-Misc": 0.00685673998669,
            "Samba": 0.527601659298,
            "Tango": 0.00936153996736,
            "VienneseWaltz": 0.00852043461055,
            "Waltz": 0.00600252859294
        },
        "probability": 0.527601659298,
        "value": "Samba"
    },
    "mood_acoustic": {
        "all": {
            "acoustic": 0.018137305975,
            "not_acoustic": 0.981862723827
        },
        "probability": 0.981862723827,
        "value": "not_acoustic"
    },
    "mood_aggressive": {
        "all": {
            "aggressive": 0.405535280704,
            "not_aggressive": 0.594464719296
        },
        "probability": 0.594464719296,
        "value": "not_aggressive"
    },
    "mood_electronic": {
        "all": {
            "electronic": 0.758234322071,
            "not_electronic": 0.241765663028
        },
        "probability": 0.758234322071,
        "value": "electronic"
    },
    "mood_happy": {
        "all": {
            "happy": 0.532232642174,
            "not_happy": 0.467767387629
        },
        "probability": 0.532232642174,
        "value": "happy"
    },
    "mood_party": {
        "all": {
            "not_party": 0.297321975231,
            "party": 0.702678024769
        },
        "probability": 0.702678024769,
        "value": "party"
    },
    "mood_relaxed": {
        "all": {
            "not_relaxed": 0.768621385098,
            "relaxed": 0.231378629804
        },
        "probability": 0.768621385098,
        "value": "not_relaxed"
    },
    "mood_sad": {
        "all": {
            "not_sad": 0.824759244919,
            "sad": 0.17524074018
        },
        "probability": 0.824759244919,
        "value": "not_sad"
    },
    "moods_mirex": {
        "all": {
            "Cluster1": 0.180891931057,
            "Cluster2": 0.378338962793,
            "Cluster3": 0.108549147844,
            "Cluster4": 0.192221149802,
            "Cluster5": 0.139998793602
        },
        "probability": 0.378338962793,
        "value": "Cluster2"
    },
    "timbre": {
        "all": {
            "bright": 0.989815175533,
            "dark": 0.0101848011836
        },
        "probability": 0.989815175533,
        "value": "bright"
    },
    "tonal_atonal": {
        "all": {
            "atonal": 0.804380357265,
            "tonal": 0.195619657636
        },
        "probability": 0.804380357265,
        "value": "atonal"
    },
    "voice_instrumental": {
        "all": {
            "instrumental": 0.156918808818,
            "voice": 0.843081176281
        },
        "probability": 0.843081176281,
        "value": "voice"
    }
},
"lowlevel": {
    "average_loudness": 0.984875559807,
    "barkbands_crest": {
        "dmean": 3.7520596981,
        "dmean2": 5.98973798752,
        "dvar": 10.9503355026,
        "dvar2": 25.5480270386,
        "max": 25.8094825745,
        "mean": 12.9189939499,
        "median": 12.5918102264,
        "min": 2.33977866173,
        "var": 32.8472747803
    },
    "barkbands_flatness_db": {
        "dmean": 0.0402893982828,
        "dmean2": 0.0595597624779,
        "dvar": 0.00137887580786,
        "dvar2": 0.00277484906837,
        "max": 0.471120685339,
        "mean": 0.173989415169,
        "median": 0.16697485745,
        "min": 0.0397644564509,
        "var": 0.00509840063751
    },
    "barkbands_kurtosis": {
        "dmean": 7.06308794022,
        "dmean2": 11.5384702682,
        "dvar": 450.460174561,
        "dvar2": 1224.70996094,
        "max": 393.624176025,
        "mean": 6.64045190811,
        "median": 1.11550045013,
        "min": -1.7765443325,
        "var": 541.211914062
    },
    "barkbands_skewness": {
        "dmean": 0.986434221268,
        "dmean2": 1.53335857391,
        "dvar": 1.48277890682,
        "dvar2": 3.66256213188,
        "max": 16.0355396271,
        "mean": 1.67916333675,
        "median": 1.36229205132,
        "min": -1.41688609123,
        "var": 3.42119598389
    },
    "barkbands_spread": {
        "dmean": 9.71777629852,
        "dmean2": 15.5707206726,
        "dvar": 92.1893157959,
        "dvar2": 220.999969482,
        "max": 97.7505722046,
        "mean": 25.9309825897,
        "median": 23.6990089417,
        "min": 0.335383296013,
        "var": 217.510726929
    },
    "dissonance": {
        "dmean": 0.021010780707,
        "dmean2": 0.0346169993281,
        "dvar": 0.000419108342612,
        "dvar2": 0.0010836472502,
        "max": 0.500000119209,
        "mean": 0.462113589048,
        "median": 0.468068659306,
        "min": 0.330376535654,
        "var": 0.000843405083288
    },
    "dynamic_complexity": 1.85264670849,
    "erbbands_crest": {
        "dmean": 3.50389266014,
        "dmean2": 5.659116745,
        "dvar": 9.68793678284,
        "dvar2": 24.8438510895,
        "max": 31.4527359009,
        "mean": 9.55167961121,
        "median": 8.43177604675,
        "min": 2.95435237885,
        "var": 20.2453212738
    },
    "erbbands_flatness_db": {
        "dmean": 0.0272944867611,
        "dmean2": 0.0391252823174,
        "dvar": 0.000668946187943,
        "dvar2": 0.00131968071219,
        "max": 0.348382413387,
        "mean": 0.170095264912,
        "median": 0.165295228362,
        "min": 0.0612302161753,
        "var": 0.00253386958502
    },
    "erbbands_kurtosis": {
        "dmean": 1.08962583542,
        "dmean2": 1.77445793152,
        "dvar": 1.90602231026,
        "dvar2": 5.09701108932,
        "max": 17.0144290924,
        "mean": 0.269057899714,
        "median": -0.118148565292,
        "min": -1.80422890186,
        "var": 2.43132376671
    },
    "erbbands_skewness": {
        "dmean": 0.501796543598,
        "dmean2": 0.781847655773,
        "dvar": 0.19868299365,
        "dvar2": 0.498865306377,
        "max": 4.23309087753,
        "mean": 0.0429556965828,
        "median": -0.00147716223728,
        "min": -2.35471129417,
        "var": 0.570091545582
    },
    "erbbands_spread": {
        "dmean": 11.6785011292,
        "dmean2": 17.9173469543,
        "dvar": 164.844940186,
        "dvar2": 409.447265625,
        "max": 146.390487671,
        "mean": 36.8674163818,
        "median": 32.677986145,
        "min": 7.26047945023,
        "var": 343.250701904
    },
    "hfc": {
        "dmean": 12.7513246536,
        "dmean2": 19.4403839111,
        "dvar": 260.097869873,
        "dvar2": 588.682678223,
        "max": 136.101669312,
        "mean": 25.6225223541,
        "median": 20.1258850098,
        "min": 0.559558749199,
        "var": 450.36819458
    },
    "melbands_crest": {
        "dmean": 4.68445634842,
        "dmean2": 7.2033996582,
        "dvar": 19.2403259277,
        "dvar2": 43.3835830688,
        "max": 37.7450637817,
        "mean": 20.075302124,
        "median": 19.3718509674,
        "min": 3.04030656815,
        "var": 75.4200592041
    },
    "melbands_flatness_db": {
        "dmean": 0.0492873899639,
        "dmean2": 0.073672927916,
        "dvar": 0.0022335567046,
        "dvar2": 0.00446595391259,
        "max": 0.594627737999,
        "mean": 0.223490327597,
        "median": 0.218754455447,
        "min": 0.0288532935083,
        "var": 0.00919368583709
    },
    "melbands_kurtosis": {
        "dmean": 19.2236938477,
        "dmean2": 32.0843925476,
        "dvar": 2939.21508789,
        "dvar2": 8044.49902344,
        "max": 800.270568848,
        "mean": 22.080039978,
        "median": 7.39597320557,
        "min": -1.64846527576,
        "var": 3207.99707031
    },
    "melbands_skewness": {
        "dmean": 1.39742386341,
        "dmean2": 2.18722963333,
        "dvar": 3.36100769043,
        "dvar2": 8.30114269257,
        "max": 26.1051654816,
        "mean": 3.11452054977,
        "median": 2.53198933601,
        "min": -0.846105992794,
        "var": 7.49224281311
    },
    "melbands_spread": {
        "dmean": 12.3777742386,
        "dmean2": 19.9152183533,
        "dvar": 179.485900879,
        "dvar2": 423.937072754,
        "max": 111.219322205,
        "mean": 27.7802505493,
        "median": 22.7446537018,
        "min": 0.270391881466,
        "var": 429.096282959
    },
    "pitch_salience": {
        "dmean": 0.104874327779,
        "dmean2": 0.162105470896,
        "dvar": 0.00949459150434,
        "dvar2": 0.0211315862834,
        "max": 0.873592495918,
        "mean": 0.445474565029,
        "median": 0.453047901392,
        "min": 0.0536867491901,
        "var": 0.0268450956792
    },
    "silence_rate_20dB": {
        "dmean": 0,
        "dmean2": 0,
        "dvar": 0,
        "dvar2": 0,
        "max": 1,
        "mean": 1,
        "median": 1,
        "min": 1,
        "var": 0
    },
    "silence_rate_30dB": {
        "dmean": 0,
        "dmean2": 0,
        "dvar": 0,
        "dvar2": 0,
        "max": 1,
        "mean": 1,
        "median": 1,
        "min": 1,
        "var": 0
    },
    "silence_rate_60dB": {
        "dmean": 0.0139318881556,
        "dmean2": 0.0278853606433,
        "dvar": 0.0137379812077,
        "dvar2": 0.0348539240658,
        "max": 1,
        "mean": 0.0108275329694,
        "median": 0,
        "min": 0,
        "var": 0.0107103390619
    },
    "spectral_centroid": {
        "dmean": 396.185211182,
        "dmean2": 617.83807373,
        "dvar": 145425.640625,
        "dvar2": 337203.71875,
        "max": 3639.26025391,
        "mean": 1734.59838867,
        "median": 1719.92980957,
        "min": 190.88949585,
        "var": 472431.625
    },
    "spectral_complexity": {
        "dmean": 6.66021680832,
        "dmean2": 9.68551540375,
        "dvar": 53.4877662659,
        "dvar2": 95.3698425293,
        "max": 63,
        "mean": 19.840681076,
        "median": 18,
        "min": 1,
        "var": 135.097427368
    },
    "spectral_decrease": {
        "dmean": 3.64996166624e-09,
        "dmean2": 5.85397730291e-09,
        "dvar": 1.45532452981e-17,
        "dvar2": 3.80832498182e-17,
        "max": -5.88714424432e-11,
        "mean": -8.82768880217e-09,
        "median": -7.7200441595e-09,
        "min": -2.62917740912e-08,
        "var": 2.82898581907e-17
    },
    "spectral_energy": {
        "dmean": 0.0144592085853,
        "dmean2": 0.0231145620346,
        "dvar": 0.00021944702894,
        "dvar2": 0.000569428259041,
        "max": 0.103056363761,
        "mean": 0.0356417410076,
        "median": 0.0324712209404,
        "min": 0.000274612393696,
        "var": 0.000421884527896
    },
    "spectral_energyband_high": {
        "dmean": 0.000820851069875,
        "dmean2": 0.00125126994681,
        "dvar": 2.10779444387e-06,
        "dvar2": 4.50662810181e-06,
        "max": 0.0128048416227,
        "mean": 0.00111402035691,
        "median": 0.000334332842613,
        "min": 9.88967627791e-08,
        "var": 3.45501666743e-06
    },
    "spectral_energyband_low": {
        "dmean": 0.00931621901691,
        "dmean2": 0.0147429676726,
        "dvar": 0.000142385688378,
        "dvar2": 0.000391701731132,
        "max": 0.0908635556698,
        "mean": 0.0176014695317,
        "median": 0.010643016547,
        "min": 4.29075583952e-08,
        "var": 0.000315517798299
    },
    "spectral_energyband_middle_high": {
        "dmean": 0.00355719705112,
        "dmean2": 0.00557416304946,
        "dvar": 1.54849949467e-05,
        "dvar2": 3.82791295124e-05,
        "max": 0.0323406718671,
        "mean": 0.00674324249849,
        "median": 0.00554172601551,
        "min": 1.98801644729e-05,
        "var": 2.9866121622e-05
    },
    "spectral_energyband_middle_low": {
        "dmean": 0.00714318081737,
        "dmean2": 0.0116380788386,
        "dvar": 0.000150514169945,
        "dvar2": 0.000381013494916,
        "max": 0.0876344442368,
        "mean": 0.0110628558323,
        "median": 0.00548968790099,
        "min": 4.51285668532e-05,
        "var": 0.000210037527722
    },
    "spectral_entropy": {
        "dmean": 0.27343416214,
        "dmean2": 0.390055090189,
        "dvar": 0.0776050463319,
        "dvar2": 0.1548858881,
        "max": 8.50068664551,
        "mean": 7.46304988861,
        "median": 7.47287940979,
        "min": 5.56467580795,
        "var": 0.276571691036
    },
    "spectral_flux": {
        "dmean": 0.0354811735451,
        "dmean2": 0.0539957471192,
        "dvar": 0.00136869749986,
        "dvar2": 0.00271789403632,
        "max": 0.299861133099,
        "mean": 0.109537303448,
        "median": 0.101363897324,
        "min": 0.0163366626948,
        "var": 0.00260278070346
    },
    "spectral_kurtosis": {
        "dmean": 2.33345246315,
        "dmean2": 3.77846169472,
        "dvar": 7.10823535919,
        "dvar2": 18.669216156,
        "max": 29.7355613708,
        "mean": 5.48787307739,
        "median": 4.69296836853,
        "min": -1.06222617626,
        "var": 13.9858675003
    },
    "spectral_rms": {
        "dmean": 0.00122421549167,
        "dmean2": 0.00192441407125,
        "dvar": 1.39584278713e-06,
        "dvar2": 3.37733536071e-06,
        "max": 0.010027103126,
        "mean": 0.00561532657593,
        "median": 0.00562843121588,
        "min": 0.000517604639754,
        "var": 3.24048187395e-06
    },
    "spectral_rolloff": {
        "dmean": 797.212585449,
        "dmean2": 1358.89355469,
        "dvar": 1288434,
        "dvar2": 2982778.25,
        "max": 11563.3300781,
        "mean": 1658.17407227,
        "median": 1184.32617188,
        "min": 43.06640625,
        "var": 2943650.25
    },
    "spectral_skewness": {
        "dmean": 0.293685764074,
        "dmean2": 0.465702414513,
        "dvar": 0.0749094337225,
        "dvar2": 0.185798197985,
        "max": 3.92348909378,
        "mean": 1.56665730476,
        "median": 1.52630221844,
        "min": 0.375248551369,
        "var": 0.182013526559
    },
    "spectral_spread": {
        "dmean": 901296.375,
        "dmean2": 1326330.25,
        "dvar": 1.22327597056e+12,
        "dvar2": 2.43761230643e+12,
        "max": 16796412,
        "mean": 4345179,
        "median": 3871439,
        "min": 1557953.375,
        "var": 3.98846512333e+12
    },
    "spectral_strongpeak": {
        "dmean": 0.514838755131,
        "dmean2": 0.905007660389,
        "dvar": 0.855515062809,
        "dvar2": 2.36842060089,
        "max": 7.02639007568,
        "mean": 0.728399157524,
        "median": 0.431106865406,
        "min": 0,
        "var": 0.797905385494
    },
    "zerocrossingrate": {
        "dmean": 0.0151427658275,
        "dmean2": 0.0172263812274,
        "dvar": 0.000264847185463,
        "dvar2": 0.000319838436553,
        "max": 0.2724609375,
        "mean": 0.0618070401251,
        "median": 0.05126953125,
        "min": 0.0029296875,
        "var": 0.00180870050099
    },
    "barkbands": {
        "dmean": [0.000722078781109, 0.0082534160465, 0.00102690071799, 0.00133899587672, 0.00347538013011, 0.00137036701199, 0.000760234659538, 0.00118642207235, 0.00108701654244, 0.000782922958024, 0.000647159758955, 0.000468700018246, 0.000363212428056, 0.000668319873512, 0.000620723643806, 0.000451043160865, 0.000578620936722, 0.00067063246388, 0.000363314931747, 0.000241058893153, 0.000210942365811, 0.000157764865435, 0.000127579376567, 0.000126554252347, 0.000115476199426, 7.34136483516e-05, 8.84841711013e-08],
        "dmean2": [0.00105074350722, 0.0128583293408, 0.00178697810043, 0.00202299305238, 0.00549882557243, 0.0023627418559, 0.00134780770168, 0.00195111718494, 0.00168662634678, 0.00124956818763, 0.00106689485256, 0.000731262029149, 0.00060052331537, 0.00109292718116, 0.000998956034891, 0.000749425496906, 0.000950989080593, 0.00113568711095, 0.000569541240111, 0.000370592984837, 0.000338588521117, 0.000250589771895, 0.000200940732611, 0.000198006237042, 0.000178203641553, 0.000118956522783, 1.61067660542e-07],
        "dvar": [1.82182338904e-06, 0.000122017729154, 9.14227348403e-06, 1.55542438733e-05, 6.1308099248e-05, 7.3397172855e-06, 3.89068645745e-06, 3.97418898501e-06, 3.89686238123e-06, 2.20597098632e-06, 1.52028087541e-06, 1.26403188005e-06, 3.73720467906e-07, 1.33974083383e-06, 1.02898991372e-06, 5.43967189515e-07, 6.6767648832e-07, 1.02738863461e-06, 2.85782817855e-07, 1.82265068815e-07, 1.9031233478e-07, 1.0123752503e-07, 5.01915842221e-08, 4.94927405725e-08, 4.65401370775e-08, 2.62615866831e-08, 1.19712684318e-13],
        "dvar2": [4.38946835857e-06, 0.000338105484843, 2.51293822657e-05, 3.42052881024e-05, 0.000141261247336, 1.96077908186e-05, 1.09141883513e-05, 9.68815129454e-06, 8.97157769941e-06, 5.09810524818e-06, 4.21678669227e-06, 2.86771955871e-06, 9.59345697993e-07, 3.46100273418e-06, 2.50510720434e-06, 1.39214057526e-06, 1.68997621586e-06, 2.7571843475e-06, 7.06321259258e-07, 3.52850150875e-07, 4.30296466902e-07, 2.07909309324e-07, 1.22464470564e-07, 1.15410870194e-07, 1.03086442493e-07, 6.60656098717e-08, 3.35066826715e-13],
        "max": [0.0169145893306, 0.0777525305748, 0.024858225137, 0.052891485393, 0.0669267699122, 0.0216223858297, 0.0166656859219, 0.0262620002031, 0.0243528205901, 0.0230681933463, 0.0132471490651, 0.0267787463963, 0.00963898468763, 0.0185365304351, 0.0102651687339, 0.00749610876665, 0.00587644521147, 0.00891726370901, 0.00691692531109, 0.0045631476678, 0.00465173553675, 0.00304042571224, 0.00171041872818, 0.00295038917102, 0.00229963776655, 0.00163771468215, 5.30032957613e-06],
        "mean": [0.00151897966862, 0.014591938816, 0.000828984193504, 0.00159715965856, 0.00389469019137, 0.00147235975601, 0.000772308383603, 0.00142504344694, 0.00144652591553, 0.000970951339696, 0.000801053538453, 0.000558027415536, 0.000438794726506, 0.000824883871246, 0.000693132111337, 0.000488973222673, 0.000690206245054, 0.000809471763205, 0.000505007745232, 0.000325425469782, 0.000252538564382, 0.000197904126253, 0.000155234738486, 0.000155197500135, 0.000146651858813, 8.02585564088e-05, 5.52804415577e-08],
        "median": [0.000412626686739, 0.00849239714444, 0.000116421259008, 3.46157539752e-05, 0.000599016668275, 0.000417956296587, 0.000192559265997, 0.000529795594048, 0.000507421500515, 0.000338676065439, 0.000334257842042, 0.00019844682538, 0.000189622922335, 0.000382565631298, 0.000257779960521, 0.000177567635546, 0.000331870658556, 0.000467209261842, 0.000305595574901, 0.000148196442751, 4.66527344543e-05, 3.55882766598e-05, 3.8933736505e-05, 4.05318569392e-05, 3.21300904034e-05, 1.07796113298e-05, 9.65449720169e-10],
        "min": [3.7368529604e-08, 1.17351051099e-09, 4.62999638629e-09, 1.13628857434e-08, 1.05073695522e-06, 1.08513120267e-06, 1.00824550486e-07, 5.72032945456e-07, 3.37212725299e-07, 3.53488076144e-07, 3.104827897e-07, 3.41488259892e-07, 6.21835340553e-07, 5.65070081393e-07, 3.69159778302e-07, 5.01198542224e-07, 2.44157604357e-06, 4.70126479968e-07, 1.5923754404e-07, 3.778225377e-08, 4.76072559152e-09, 2.97505291513e-08, 1.53899666344e-08, 4.49423653848e-09, 4.79156381239e-10, 4.19247588035e-11, 6.65694582791e-12],
        "var": [4.8180045269e-06, 0.000252958066994, 6.2086401158e-06, 3.22349151247e-05, 8.00963243819e-05, 7.3005885497e-06, 2.99752491628e-06, 5.4520132835e-06, 7.4202343967e-06, 3.4000775031e-06, 1.93142159333e-06, 1.59483863627e-06, 4.73299138548e-07, 1.70374369191e-06, 1.30079558858e-06, 6.10660379152e-07, 8.33472768136e-07, 1.11342581022e-06, 3.9982401745e-07, 2.71931952511e-07, 2.76910839148e-07, 1.72909267349e-07, 6.95819224461e-08, 6.82944900632e-08, 7.10674896709e-08, 2.96059639027e-08, 7.23591922058e-14]
    },
    "erbbands": {
        "dmean": [0.388390541077, 1.35512185097, 1.13945376873, 3.06483435631, 7.51274681091, 14.0541477203, 11.6007461548, 9.95627880096, 8.49256801605, 17.2868041992, 28.5994224548, 23.9889297485, 23.7524051666, 25.9233055115, 18.0092201233, 20.4914340973, 16.3421287537, 30.0053672791, 29.0448379517, 28.3048591614, 24.8745956421, 31.2310123444, 38.1364250183, 22.2228546143, 15.9755802155, 11.1370811462, 9.52009677887, 6.78968811035, 5.84801006317, 4.58312511444, 3.53050017357, 2.97098684311, 1.95199155807, 1.46751081944, 0.790219962597, 0.389023572206, 0.128936782479, 0.00946197658777, 0.000191343686311, 2.51960445894e-05],
        "dmean2": [0.589990377426, 2.17567563057, 1.96242773533, 4.84426736832, 11.8988618851, 22.4956016541, 19.7401313782, 17.3806667328, 15.0108537674, 29.8076324463, 46.1820259094, 37.2876472473, 36.7407798767, 42.2683601379, 28.3706226349, 32.3011360168, 26.6922950745, 48.4715499878, 47.7598609924, 45.8967056274, 40.8653564453, 50.8996582031, 64.2534866333, 35.9045753479, 24.2116222382, 17.008398056, 15.2909660339, 10.7997398376, 9.28399467468, 7.38179111481, 5.43455934525, 4.74789714813, 3.04187583923, 2.28212833405, 1.21949458122, 0.632198750973, 0.211678594351, 0.0158350020647, 0.000312562217005, 3.98192678404e-05],
        "dvar": [0.28420817852, 3.74526238441, 9.62317657471, 76.0149230957, 459.253479004, 1123.95385742, 491.300689697, 507.050201416, 464.236694336, 1481.39111328, 2371.09863281, 2275.00195312, 2677.35644531, 2645.84375, 863.63494873, 2461.92724609, 645.391174316, 3546.11645508, 2140.62548828, 1898.51025391, 1546.52770996, 1954.734375, 3274.28222656, 1047.92236328, 480.625579834, 407.468261719, 511.425506592, 151.096191406, 144.984405518, 80.4076080322, 36.3359031677, 28.9098758698, 11.374455452, 7.67052602768, 2.33359766006, 0.703078567982, 0.086087025702, 0.00045203010086, 1.73247201474e-07, 9.91687065799e-10],
        "dvar2": [0.75062417984, 10.5404014587, 25.5376834869, 181.783096313, 1025.71459961, 2464.58911133, 1334.16174316, 1389.99316406, 1317.90551758, 4035.47485352, 5330.04980469, 5160.72753906, 6215.49658203, 7112.29443359, 2172.20288086, 5577.91455078, 1637.26293945, 9369.40625, 5246.76513672, 4935.70898438, 4065.16186523, 5011.59228516, 8839.88183594, 2651.71704102, 1097.76000977, 781.415893555, 1136.41113281, 335.678161621, 311.410858154, 184.231307983, 83.2133560181, 70.1996841431, 25.7342243195, 17.2117176056, 5.13333845139, 1.78042685986, 0.214798003435, 0.00114276411477, 4.33483819506e-07, 2.39023645321e-09],
        "max": [4.43946933746, 17.0444126129, 26.4741916656, 96.9979553223, 312.511199951, 323.544128418, 194.033935547, 253.984970093, 163.692810059, 317.269622803, 724.028564453, 655.103149414, 817.268188477, 614.676513672, 361.557922363, 1155.34936523, 353.278045654, 1101.05310059, 595.096130371, 370.21395874, 313.924316406, 343.072540283, 512.435302734, 352.25491333, 254.914642334, 197.080093384, 233.738708496, 109.943595886, 114.213989258, 94.324798584, 49.862247467, 73.8391571045, 37.800037384, 30.669965744, 19.194486618, 7.51509714127, 3.33614349365, 0.193487212062, 0.00385220604949, 0.000264383939793],
        "mean": [0.699516296387, 2.14929556847, 1.24477851391, 3.40771079063, 8.30331420898, 16.3438682556, 13.1754961014, 10.1444683075, 9.39482688904, 18.3829040527, 37.4603767395, 33.2230606079, 31.4597377777, 31.4471244812, 24.1476421356, 25.1948280334, 21.3614406586, 38.0944252014, 35.9783287048, 33.9598884583, 29.0459270477, 39.0965499878, 47.7132530212, 29.8584861755, 22.9450454712, 15.1560430527, 11.2151584625, 8.39498519897, 7.18706321716, 5.74111557007, 4.42325162888, 3.44366145134, 2.41260910034, 1.82827830315, 0.970405936241, 0.425712138414, 0.142019405961, 0.00966865196824, 0.000219804249355, 5.46365590708e-05],
        "median": [0.336919695139, 1.38293516636, 0.468819975853, 0.186875328422, 0.528843641281, 2.07569408417, 4.36237621307, 2.55153942108, 2.4820599556, 5.76737451553, 14.8286800385, 12.3236560822, 11.5213670731, 14.8403291702, 9.78860187531, 10.1053371429, 11.4641599655, 19.5538368225, 16.0549106598, 15.4136972427, 14.2691316605, 19.9134998322, 27.6144886017, 19.0315437317, 13.6006374359, 6.85382986069, 2.57918453217, 1.70499014854, 1.31292212009, 1.26000630856, 1.12921655178, 0.873747825623, 0.664026498795, 0.397434979677, 0.181731626391, 0.0659490227699, 0.0176803860813, 0.00101788470056, 4.66712190246e-05, 4.77665671497e-05],
        "min": [4.38431186467e-07, 1.45676324337e-06, 1.28639358081e-05, 4.31711996498e-05, 0.000668285298161, 0.00496744830161, 0.0303882937878, 0.0190062336624, 0.00998139474541, 0.00995482783765, 0.0325995646417, 0.0312957465649, 0.029178654775, 0.0541053041816, 0.0157989580184, 0.0380963236094, 0.0699712708592, 0.0558114424348, 0.0340786352754, 0.0319585576653, 0.0505625605583, 0.125171542168, 0.0374549478292, 0.0153110083193, 0.00517919426784, 0.00140412058681, 0.00178775074892, 0.000910995004233, 0.000890766852535, 0.0008048164309, 0.000533643586095, 0.000135097347084, 6.12575895502e-05, 1.63765071193e-05, 4.08994856116e-06, 1.29323632336e-06, 4.72457571732e-07, 1.14402617157e-07, 2.20906798631e-07, 3.88899024983e-07],
        "var": [0.700345396996, 5.67178297043, 7.48338842392, 119.907341003, 677.09552002, 1699.23974609, 500.059082031, 451.426147461, 376.459411621, 1252.55969238, 3969.23974609, 4138.32275391, 4475.57714844, 2907.61914062, 1471.60107422, 3176.84057617, 874.510070801, 4116.56396484, 2947.39794922, 2563.03027344, 1645.0970459, 2531.27099609, 3625.19995117, 1350.66918945, 761.226135254, 612.503234863, 660.686950684, 251.731628418, 231.433456421, 127.33795929, 56.0330924988, 37.5705986023, 15.7949056625, 10.9824819565, 3.54543852806, 0.796143233776, 0.0970855206251, 0.000474037020467, 1.88135643953e-07, 1.39369560337e-09]
    },
    "gfcc": {
        "mean": [3.41218328476, 79.3615341187, -128.41104126, 31.8621063232, -46.4158554077, 18.9865207672, -34.9629478455, 29.4651737213, -17.5275630951, 7.33992004395, -4.66607809067, 4.78752565384, -3.71701097488],
        "cov": [[4130.01806641, -1352.03369141, 255.22454834, 130.090606689, -566.1796875, 317.761474609, -227.001251221, -60.9306869507, -272.463592529, 286.527923584, -519.175598145, 243.789505005, -233.475372314], [-1352.03369141, 1989.21289062, -27.7437419891, 89.643737793, 608.404541016, -206.924118042, 327.037719727, 44.2051391602, 115.668571472, -338.659332275, 410.497253418, -247.347183228, 131.063339233], [255.22454834, -27.7437419891, 1133.91381836, 250.704650879, 49.7615203857, 268.566375732, 42.2970352173, -14.9152460098, -72.827911377, 3.36372184753, -145.327301025, 61.4010009766, -143.187240601], [130.090606689, 89.643737793, 250.704650879, 401.712585449, 159.606445312, 139.033355713, 131.067138672, 10.2184505463, 71.5777282715, -19.853061676, -25.4805812836, 0.191813141108, 23.6071472168], [-566.1796875, 608.404541016, 49.7615203857, 159.606445312, 683.400146484, 142.299468994, 259.991363525, 193.509674072, 112.624153137, -48.2983360291, 153.251586914, -86.6597824097, 39.5954627991], [317.761474609, -206.924118042, 268.566375732, 139.033355713, 142.299468994, 397.472137451, 194.501083374, 88.1025390625, 21.3950157166, 82.8192901611, -57.2034263611, 45.5371627808, -42.6754150391], [-227.001251221, 327.037719727, 42.2970352173, 131.067138672, 259.991363525, 194.501083374, 413.005371094, 160.41468811, 79.7268676758, -6.11778688431, 102.414146423, 6.08819627762, 9.90487289429], [-60.9306869507, 44.2051391602, -14.9152460098, 10.2184505463, 193.509674072, 88.1025390625, 160.41468811, 325.057037354, 113.628227234, 48.4684371948, 91.0514068604, -17.4450435638, 11.1083087921], [-272.463592529, 115.668571472, -72.827911377, 71.5777282715, 112.624153137, 21.3950157166, 79.7268676758, 113.628227234, 243.135375977, 82.3773269653, 70.5020294189, -19.7934818268, 63.0040512085], [286.527923584, -338.659332275, 3.36372184753, -19.853061676, -48.2983360291, 82.8192901611, -6.11778688431, 48.4684371948, 82.3773269653, 247.884506226, -14.9032526016, 63.3392829895, -5.9039607048], [-519.175598145, 410.497253418, -145.327301025, -25.4805812836, 153.251586914, -57.2034263611, 102.414146423, 91.0514068604, 70.5020294189, -14.9032526016, 275.371337891, -4.51430988312, 87.5994415283], [243.789505005, -247.347183228, 61.4010009766, 0.191813141108, -86.6597824097, 45.5371627808, 6.08819627762, -17.4450435638, -19.7934818268, 63.3392829895, -4.51430988312, 196.501342773, 28.6520271301], [-233.475372314, 131.063339233, -143.187240601, 23.6071472168, 39.5954627991, -42.6754150391, 9.90487289429, 11.1083087921, 63.0040512085, -5.9039607048, 87.5994415283, 28.6520271301, 154.262680054]],
        "icov": [[0.000569206429645, -0.000444497098215, 0.000423789082561, -0.000731809122954, 0.000533833925147, -0.000638465688098, 0.00069597089896, -0.000813833205029, 0.000937926699407, -0.000869353767484, 0.000973183487076, -0.000801869260613, 0.000624724896625], [-0.000444497098215, 0.00278067379259, -0.00125325412955, 0.00129857112188, -0.00169140589423, 0.00223187590018, -0.00254033319652, 0.00229836092331, -0.00167336093727, 0.00252635870129, -0.0028740442358, 0.00262009864673, -0.00142252491787], [0.000423789082561, -0.00125325412955, 0.002105623018, -0.0017055234639, 0.000817436026409, -0.00187952874694, 0.00180023594294, -0.00132569577545, 0.00123281998094, -0.00104684184771, 0.0014498620294, -0.00195828056894, 0.0021685610991], [-0.000731809122954, 0.00129857112188, -0.0017055234639, 0.00531835667789, -0.001623812248, 0.000857943901792, -0.00244052172638, 0.00247481931001, -0.00294745131396, 0.00234419852495, -0.000836880586576, 0.00174794357736, -0.00253110215999], [0.000533833925147, -0.00169140589423, 0.000817436026409, -0.001623812248, 0.00378989847377, -0.00216863607056, 0.00112381530926, -0.00236372835934, 0.00116661482025, -0.00124803802464, 0.000970938242972, -0.000694993475918, 0.000831072160508], [-0.000638465688098, 0.00223187590018, -0.00187952874694, 0.000857943901792, -0.00216863607056, 0.00725195743144, -0.00449835136533, 0.00164597888943, -0.000840394408442, 0.00032279570587, -0.000859645137098, 0.00184744386934, -0.00150467909407], [0.00069597089896, -0.00254033319652, 0.00180023594294, -0.00244052172638, 0.00112381530926, -0.00449835136533, 0.00755299907178, -0.00343058560975, 0.00133342749905, -0.00133887329139, 0.00121541914996, -0.00344185251743, 0.00283853965811], [-0.000813833205029, 0.00229836092331, -0.00132569577545, 0.00247481931001, -0.00236372835934, 0.00164597888943, -0.00343058560975, 0.0072533977218, -0.00367752439342, 0.0020942715928, -0.00349183357321, 0.00265548378229, -0.000961889280006], [0.000937926699407, -0.00167336093727, 0.00123281998094, -0.00294745131396, 0.00116661482025, -0.000840394408442, 0.00133342749905, -0.00367752439342, 0.00941888336092, -0.00527381384745, 0.00219081155956, -0.000447717407951, -0.00112573662773], [-0.000869353767484, 0.00252635870129, -0.00104684184771, 0.00234419852495, -0.00124803802464, 0.00032279570587, -0.00133887329139, 0.0020942715928, -0.00527381384745, 0.0092944521457, -0.00324323563837, 0.000614699732978, -0.000210623504245], [0.000973183487076, -0.0028740442358, 0.0014498620294, -0.000836880586576, 0.000970938242972, -0.000859645137098, 0.00121541914996, -0.00349183357321, 0.00219081155956, -0.00324323563837, 0.00993635505438, -0.00336296949536, -0.000961785204709], [-0.000801869260613, 0.00262009864673, -0.00195828056894, 0.00174794357736, -0.000694993475918, 0.00184744386934, -0.00344185251743, 0.00265548378229, -0.000447717407951, 0.000614699732978, -0.00336296949536, 0.00994077418, -0.00453589996323], [0.000624724896625, -0.00142252491787, 0.0021685610991, -0.00253110215999, 0.000831072160508, -0.00150467909407, 0.00283853965811, -0.000961889280006, -0.00112573662773, -0.000210623504245, -0.000961785204709, -0.00453589996323, 0.0121345501393]]
    },
    "melbands": {
        "dmean": [0.00276313140057, 0.000900787068531, 0.000565493828617, 0.00082214770373, 0.000427010905696, 0.000229732700973, 0.000137577546411, 0.000201657574507, 0.000244483875576, 0.000143939469126, 0.000118636889965, 0.000104578495666, 7.04151170794e-05, 4.87030629301e-05, 5.37256710231e-05, 3.56363852916e-05, 6.32005830994e-05, 4.9277805374e-05, 5.08147168148e-05, 3.47519890056e-05, 2.93804332614e-05, 3.37416022376e-05, 3.82273356081e-05, 3.04177556245e-05, 1.82084222615e-05, 1.35056552608e-05, 1.08336989797e-05, 6.92727098794e-06, 6.22149445917e-06, 5.34432956556e-06, 3.78391791855e-06, 3.48235425918e-06, 3.03960109704e-06, 2.42803321271e-06, 2.08269057111e-06, 2.02161845664e-06, 1.80732331501e-06, 1.44689670378e-06, 1.36941639539e-06, 1.28516251152e-06],
        "dmean2": [0.00423851888627, 0.00149594421964, 0.000923622515984, 0.00129619904328, 0.000720445299521, 0.000398180272896, 0.000243280373979, 0.000344882457284, 0.000392046524212, 0.000223430266487, 0.000184605203685, 0.000170950050233, 0.000113290145237, 7.4708412285e-05, 8.79147191881e-05, 5.86103742535e-05, 0.00010217964882, 8.27295079944e-05, 8.1726218923e-05, 5.76739039388e-05, 4.90007842018e-05, 5.55377519049e-05, 6.39138888801e-05, 5.09775709361e-05, 2.95656518574e-05, 2.13472867472e-05, 1.64692373801e-05, 1.07352261693e-05, 9.9251692518e-06, 9.06360128283e-06, 5.94183484282e-06, 5.6060098359e-06, 4.95666881761e-06, 3.95784945795e-06, 3.24998313772e-06, 3.25135647472e-06, 2.93242646876e-06, 2.29091028814e-06, 2.18650916395e-06, 2.0252041395e-06],
        "dvar": [1.38655695991e-05, 2.49800314123e-06, 2.66984170594e-06, 3.76430853066e-06, 7.0513050332e-07, 2.42846795118e-07, 1.21909664585e-07, 1.68184797644e-07, 1.73342129983e-07, 7.78580186989e-08, 6.64952537477e-08, 4.14373211299e-08, 1.50661758624e-08, 9.28583965276e-09, 1.94598648307e-08, 4.22865076288e-09, 1.49166865526e-08, 6.90032431194e-09, 7.64234631134e-09, 3.23499738109e-09, 2.26042740081e-09, 2.54779841669e-09, 3.61922780634e-09, 2.70031264016e-09, 8.21562706754e-10, 4.15633000239e-10, 2.76927758502e-10, 1.84717310892e-10, 2.68737060383e-10, 1.11928528945e-10, 4.95821439461e-11, 5.501443745e-11, 3.75540536168e-11, 2.22889328522e-11, 1.36827346328e-11, 1.29108806979e-11, 1.21762981642e-11, 6.41211346172e-12, 6.00655332764e-12, 6.6814149699e-12],
        "dvar2": [3.78103795811e-05, 6.6447946665e-06, 6.29955184195e-06, 8.62758588482e-06, 1.83788517916e-06, 6.61944170588e-07, 3.46537319729e-07, 4.54607970823e-07, 3.87198895169e-07, 1.75694864879e-07, 1.54107368644e-07, 1.10184970481e-07, 3.95289454502e-08, 2.06563353089e-08, 4.91355827137e-08, 1.06433173386e-08, 3.86099436867e-08, 1.6926000157e-08, 1.80945054495e-08, 8.31993229866e-09, 6.04906036372e-09, 6.62591626011e-09, 9.48798550837e-09, 7.41147321293e-09, 2.10674699908e-09, 1.02474884134e-09, 6.09623407311e-10, 3.74019093474e-10, 5.87278947695e-10, 2.88624429912e-10, 1.06762015895e-10, 1.1921483245e-10, 8.7475533761e-11, 5.3221215629e-11, 3.11729531077e-11, 3.17245535397e-11, 3.02478077308e-11, 1.51170655854e-11, 1.3869762977e-11, 1.54325718871e-11],
        "max": [0.0290619786829, 0.012004584074, 0.0176363941282, 0.0178488623351, 0.00816688127816, 0.00506585929543, 0.00268721184693, 0.00326260458678, 0.00572145776823, 0.00380161381327, 0.00416527455673, 0.00252115167677, 0.00140008574817, 0.00142388185486, 0.00299214338884, 0.000769954465795, 0.00210158503614, 0.00121281517204, 0.000888874172233, 0.000725937425159, 0.000403804035159, 0.000379270350095, 0.000595907913521, 0.000698955671396, 0.000322190404404, 0.000217216133024, 0.000193818515982, 0.00013523841335, 0.000170712082763, 8.78676073626e-05, 6.32780065644e-05, 6.58732969896e-05, 6.18407866568e-05, 4.61379895569e-05, 3.22343330481e-05, 3.53400755557e-05, 5.0779668527e-05, 2.66918941634e-05, 2.00460472115e-05, 3.02370353893e-05],
        "mean": [0.00499375723302, 0.00132391951047, 0.000706685706973, 0.000924452731851, 0.000515181920491, 0.000242299720412, 0.000145457233884, 0.000216805347009, 0.000325861299643, 0.000193664658582, 0.000151633663336, 0.000122827521409, 9.01632010937e-05, 6.05085442658e-05, 6.24151070951e-05, 4.31121734437e-05, 7.69512771512e-05, 5.70850534132e-05, 5.73292782065e-05, 3.84264603781e-05, 3.23967724398e-05, 3.97294170398e-05, 4.63564283564e-05, 3.54243966285e-05, 2.29413344641e-05, 1.79590242624e-05, 1.45618414535e-05, 8.68441838975e-06, 7.00485588823e-06, 6.13187739873e-06, 4.44637180408e-06, 4.1296893869e-06, 3.65572191185e-06, 2.94029496217e-06, 2.5515064408e-06, 2.36855885305e-06, 1.99917167265e-06, 1.65817391462e-06, 1.65394988016e-06, 1.52273150889e-06],
        "median": [0.00270598032512, 0.000833575439174, 3.33750103891e-05, 9.4921386335e-05, 0.000157260888955, 6.61242156639e-05, 3.76074749511e-05, 7.28275917936e-05, 0.000124171579955, 6.44441170152e-05, 4.44034849352e-05, 5.33466918569e-05, 3.73212460545e-05, 1.72061681951e-05, 2.57920364675e-05, 1.57023259817e-05, 3.55048614438e-05, 2.26731535804e-05, 2.20698966586e-05, 1.39481053338e-05, 1.46348511407e-05, 1.8540151359e-05, 2.40586741711e-05, 1.90730261238e-05, 1.31172628244e-05, 1.00147944977e-05, 7.94051629782e-06, 3.46472143065e-06, 1.43745808145e-06, 1.128183726e-06, 7.72615635469e-07, 6.91752859439e-07, 6.5878168698e-07, 6.74098032505e-07, 5.98059955337e-07, 5.80423090923e-07, 4.71280372949e-07, 4.68070851412e-07, 4.00209728468e-07, 3.00461493907e-07],
        "min": [4.76338835043e-09, 2.77854850239e-09, 5.61850033165e-09, 5.32464650149e-09, 9.47816658936e-07, 2.32618347695e-07, 1.70120522114e-08, 7.1199870888e-08, 1.96490830717e-07, 6.76471287875e-08, 9.56503569682e-08, 8.52897201753e-08, 6.68807373927e-08, 3.86574825484e-08, 1.64815787684e-07, 6.24840197361e-08, 7.45737338548e-08, 5.54025447741e-08, 3.76527680146e-08, 4.1523097849e-08, 4.17911643069e-08, 1.11783975854e-07, 3.85473342135e-08, 3.045008512e-08, 9.95299842543e-09, 5.39175726288e-09, 1.81436021762e-09, 6.29375995764e-10, 9.39669231315e-10, 2.89894375866e-11, 9.46185074735e-11, 1.52835001599e-11, 7.68553110042e-10, 4.73017701397e-11, 2.68543465243e-10, 4.85084923618e-11, 3.77953154884e-11, 5.12499244432e-11, 9.19907379437e-12, 3.85567966443e-12],
