{
"highlevel": {
    "danceability": {
        "all": {
            "danceable": 6.52497465126e-06,
            "not_danceable": 0.999993503094
        },
        "probability": 0.999993503094,
        "value": "not_danceable"
    },
    "gender": {
        "all": {
            "female": 0.300984084606,
            "male": 0.699015915394
        },
        "probability": 0.699015915394,
        "value": "male"
    },
    "genre_dortmund": {
        "all": {
            "alternative": 0.217311054468,
            "blues": 0.0822899341583,
            "electronic": 0.0294606797397,
            "folkcountry": 0.0767346322536,
            "funksoulrnb": 0.00766710191965,
            "jazz": 0.00817401055247,
            "pop": 0.0254775676876,
            "raphiphop": 0.00107075716369,
            "rock": 0.551814258099
        },
        "probability": 0.551814258099,
        "value": "rock"
    },
    "genre_electronic": {
        "all": {
            "ambient": 0.245572432876,
            "dnb": 0.211631014943,
            "house": 0.0823693573475,
            "techno": 0.0398322120309,
            "trance": 0.420594990253
        },
        "probability": 0.420594990253,
        "value": "trance"
    },
    "genre_rosamerica": {
        "all": {
            "cla": 0.000423391466029,
            "dan": 0.000272199511528,
            "hip": 0.000384323531762,
            "jaz": 0.000140535179526,
            "pop": 0.00103542522993,
            "rhy": 0.000113808026072,
            "roc": 0.997565448284,
            "spe": 6.48592686048e-05
        },
        "probability": 0.997565448284,
        "value": "roc"
    },
    "genre_tzanetakis": {
        "all": {
            "blu": 0.0626613423228,
            "cla": 0.0348169617355,
            "cou": 0.104475811124,
            "dis": 0.0784321576357,
            "hip": 0.15692435205,
            "jaz": 0.313974827528,
            "met": 0.0448166541755,
            "pop": 0.0627359300852,
            "reg": 0.0627360641956,
            "roc": 0.0784258767962
        },
        "probability": 0.313974827528,
        "value": "jaz"
    },
    "ismir04_rhythm": {
        "all": {
            "ChaChaCha": 0.175271093845,
            "Jive": 0.392571777105,
            "Quickstep": 0.0263821836561,
            "Rumba-American": 0.00978694763035,
            "Rumba-International": 0.0346159785986,
            "Rumba-Misc": 0.00544277951121,
            "Samba": 0.1949685812,
            "Tango": 0.0322113409638,
            "VienneseWaltz": 0.11865978688,
            "Waltz": 0.0100895473734
        },
        "probability": 0.392571777105,
        "value": "Jive"
    },
    "mood_acoustic": {
        "all": {
            "acoustic": 0.00884811393917,
            "not_acoustic": 0.991151869297
        },
        "probability": 0.991151869297,
        "value": "not_acoustic"
    },
    "mood_aggressive": {
        "all": {
            "aggressive": 0.973432064056,
            "not_aggressive": 0.0265679657459
        },
        "probability": 0.973432064056,
        "value": "aggressive"
    },
    "mood_electronic": {
        "all": {
            "electronic": 0.274829149246,
            "not_electronic": 0.725170850754
        },
        "probability": 0.725170850754,
        "value": "not_electronic"
    },
    "mood_happy": {
        "all": {
            "happy": 0.021284667775,
            "not_happy": 0.978715360165
        },
        "probability": 0.978715360165,
        "value": "not_happy"
    },
    "mood_party": {
        "all": {
            "not_party": 0.449242860079,
            "party": 0.550757110119
        },
        "probability": 0.550757110119,
        "value": "party"
    },
    "mood_relaxed": {
        "all": {
            "not_relaxed": 0.956120014191,
            "relaxed": 0.0438799746335
        },
        "probability": 0.956120014191,
        "value": "not_relaxed"
    },
    "mood_sad": {
        "all": {
            "not_sad": 0.956221759319,
            "sad": 0.0437782369554
        },
        "probability": 0.956221759319,
        "value": "not_sad"
    },
    "moods_mirex": {
        "all": {
            "Cluster1": 0.450791746378,
            "Cluster2": 0.0393985249102,
            "Cluster3": 0.287356287241,
            "Cluster4": 0.0496856495738,
            "Cluster5": 0.172767773271
        },
        "probability": 0.450791746378,
        "value": "Cluster1"
    },
    "timbre": {
        "all": {
            "bright": 0.99693775177,
            "dark": 0.00306227523834
        },
        "probability": 0.99693775177,
        "value": "bright"
    },
    "tonal_atonal": {
        "all": {
            "atonal": 0.0261958446354,
            "tonal": 0.973804175854
        },
        "probability": 0.973804175854,
        "value": "tonal"
    },
    "voice_instrumental": {
        "all": {
            "instrumental": 0.00908514950424,
            "voice": 0.990914821625
        },
        "probability": 0.990914821625,
        "value": "voice"
    }
},
"lowlevel": {
    "average_loudness": 0.98293441534,
    "barkbands_crest": {
        "dmean": 3.07533597946,
        "dmean2": 5.13259410858,
        "dvar": 7.12060832977,
        "dvar2": 17.7531394958,
        "max": 20.2169284821,
        "mean": 9.06700325012,
        "median": 8.61112785339,
        "min": 3.03348636627,
        "var": 12.3573875427
    },
    "barkbands_flatness_db": {
        "dmean": 0.023584889248,
        "dmean2": 0.0385968573391,
        "dvar": 0.000468503159937,
        "dvar2": 0.00110070279334,
        "max": 0.281473815441,
        "mean": 0.140216484666,
        "median": 0.133975714445,
        "min": 0.0561397150159,
        "var": 0.00149935553782
    },
    "barkbands_kurtosis": {
        "dmean": 2.36922502518,
        "dmean2": 3.94697022438,
        "dvar": 9.77804946899,
        "dvar2": 23.1707382202,
        "max": 26.2891197205,
        "mean": 1.42438852787,
        "median": 0.220903158188,
        "min": -1.85022580624,
        "var": 11.6290140152
    },
    "barkbands_skewness": {
        "dmean": 0.693157851696,
        "dmean2": 1.0831682682,
        "dvar": 0.465835511684,
        "dvar2": 0.949967980385,
        "max": 4.65426921844,
        "mean": 1.23450958729,
        "median": 1.14814805984,
        "min": -2.07524704933,
        "var": 0.884796023369
    },
    "barkbands_spread": {
        "dmean": 7.17519187927,
        "dmean2": 11.4136371613,
        "dvar": 43.6546325684,
        "dvar2": 96.4037780762,
        "max": 87.1421127319,
        "mean": 26.9271354675,
        "median": 26.8900184631,
        "min": 4.42690324783,
        "var": 101.177696228
    },
    "dissonance": {
        "dmean": 0.0120523050427,
        "dmean2": 0.0204672329128,
        "dvar": 0.000131455730298,
        "dvar2": 0.00034975016024,
        "max": 0.499894708395,
        "mean": 0.477991312742,
        "median": 0.481422275305,
        "min": 0.401663124561,
        "var": 0.000222800750635
    },
    "dynamic_complexity": 0.84891474247,
    "erbbands_crest": {
        "dmean": 2.19187760353,
        "dmean2": 3.69867610931,
        "dvar": 3.88881778717,
        "dvar2": 10.3948221207,
        "max": 22.1652259827,
        "mean": 7.95964956284,
        "median": 7.21026992798,
        "min": 2.79908037186,
        "var": 10.1727542877
    },
    "erbbands_flatness_db": {
        "dmean": 0.0154779190198,
        "dmean2": 0.0222260095179,
        "dvar": 0.000200961032533,
        "dvar2": 0.000402997015044,
        "max": 0.275010198355,
        "mean": 0.160387411714,
        "median": 0.159485191107,
        "min": 0.0843442976475,
        "var": 0.000981776742265
    },
    "erbbands_kurtosis": {
        "dmean": 0.855902791023,
        "dmean2": 1.34831118584,
        "dvar": 1.59240794182,
        "dvar2": 3.23537802696,
        "max": 19.4226379395,
        "mean": 0.151043742895,
        "median": -0.172620296478,
        "min": -1.77557361126,
        "var": 2.50730085373
    },
    "erbbands_skewness": {
        "dmean": 0.314022392035,
        "dmean2": 0.497774749994,
        "dvar": 0.0913764238358,
        "dvar2": 0.202700003982,
        "max": 1.00097513199,
        "mean": -0.412821501493,
        "median": -0.366216570139,
        "min": -3.72757291794,
        "var": 0.271716803312
    },
    "erbbands_spread": {
        "dmean": 9.78411579132,
        "dmean2": 15.1369075775,
        "dvar": 89.5097503662,
        "dvar2": 188.544158936,
        "max": 103.361373901,
        "mean": 37.604057312,
        "median": 35.3207855225,
        "min": 7.10143232346,
        "var": 179.850463867
    },
    "hfc": {
        "dmean": 5.40593576431,
        "dmean2": 8.62628746033,
        "dvar": 27.8015785217,
        "dvar2": 66.6700286865,
        "max": 78.9503479004,
        "mean": 29.0140247345,
        "median": 28.0079212189,
        "min": 2.48156309128,
        "var": 128.857849121
    },
    "melbands_crest": {
        "dmean": 4.14681005478,
        "dmean2": 6.90447616577,
        "dvar": 10.7783298492,
        "dvar2": 28.3046989441,
        "max": 28.0112476349,
        "mean": 14.83198452,
        "median": 14.8613491058,
        "min": 4.18340301514,
        "var": 21.2743339539
    },
    "melbands_flatness_db": {
        "dmean": 0.034011207521,
        "dmean2": 0.0528866127133,
        "dvar": 0.000941774516832,
        "dvar2": 0.00191572727636,
        "max": 0.352728396654,
        "mean": 0.185741066933,
        "median": 0.181320756674,
        "min": 0.0596922188997,
        "var": 0.00302416435443
    },
    "melbands_kurtosis": {
        "dmean": 7.3222117424,
        "dmean2": 11.9979219437,
        "dvar": 84.1317214966,
        "dvar2": 194.461303711,
        "max": 83.0203018188,
        "mean": 9.3294839859,
        "median": 5.89372062683,
        "min": -1.64142620564,
        "var": 113.783210754
    },
    "melbands_skewness": {
        "dmean": 0.997371137142,
        "dmean2": 1.57384061813,
        "dvar": 0.95591455698,
        "dvar2": 1.97210252285,
        "max": 8.18003368378,
        "mean": 2.61386060715,
        "median": 2.43147563934,
        "min": -0.924152612686,
        "var": 1.83910655975
    },
    "melbands_spread": {
        "dmean": 11.0256481171,
        "dmean2": 17.2687950134,
        "dvar": 117.287223816,
        "dvar2": 217.942672729,
        "max": 126.785293579,
        "mean": 28.9559173584,
        "median": 26.0059566498,
        "min": 3.16853570938,
        "var": 268.542694092
    },
    "pitch_salience": {
        "dmean": 0.0845656394958,
        "dmean2": 0.145725265145,
        "dvar": 0.0053548226133,
        "dvar2": 0.0146964760497,
        "max": 0.825977921486,
        "mean": 0.520128548145,
        "median": 0.526325702667,
        "min": 0.175547763705,
        "var": 0.0104261348024
    },
    "silence_rate_20dB": {
        "dmean": 0,
        "dmean2": 0,
        "dvar": 0,
        "dvar2": 0,
        "max": 1,
        "mean": 1,
        "median": 1,
        "min": 1,
        "var": 0
    },
    "silence_rate_30dB": {
        "dmean": 0,
        "dmean2": 0,
        "dvar": 0,
        "dvar2": 0,
        "max": 1,
        "mean": 1,
        "median": 1,
        "min": 1,
        "var": 0
    },
    "silence_rate_60dB": {
        "dmean": 0,
        "dmean2": 0,
        "dvar": 0,
        "dvar2": 0,
        "max": 0,
        "mean": 0,
        "median": 0,
        "min": 0,
        "var": 0
    },
    "spectral_centroid": {
        "dmean": 348.006225586,
        "dmean2": 540.019287109,
        "dvar": 99310.9375,
        "dvar2": 208290.921875,
        "max": 2991.65869141,
        "mean": 1532.67834473,
        "median": 1545.47290039,
        "min": 360.28414917,
        "var": 234513
    },
    "spectral_complexity": {
        "dmean": 3.46284818649,
        "dmean2": 5.65220737457,
        "dvar": 9.10150909424,
        "dvar2": 22.950252533,
        "max": 48,
        "mean": 26.90873909,
        "median": 28,
        "min": 6,
        "var": 87.9654693604
    },
    "spectral_decrease": {
        "dmean": 4.46515979746e-09,
        "dmean2": 7.39800176675e-09,
        "dvar": 2.25391083207e-17,
        "dvar2": 5.34310004402e-17,
        "max": -8.85225448499e-10,
        "mean": -1.0516354898e-08,
        "median": -9.10273190158e-09,
        "min": -3.54085685217e-08,
        "var": 3.15842671076e-17
    },
    "spectral_energy": {
        "dmean": 0.0170925296843,
        "dmean2": 0.0283239707351,
        "dvar": 0.000328422873281,
        "dvar2": 0.000780121190473,
        "max": 0.137463107705,
        "mean": 0.0423228405416,
        "median": 0.0374469719827,
        "min": 0.00375346560031,
        "var": 0.000464103795821
    },
    "spectral_energyband_high": {
        "dmean": 0.000301350810332,
        "dmean2": 0.000449920014944,
        "dvar": 2.36465766079e-07,
        "dvar2": 4.70012338383e-07,
        "max": 0.00692682992667,
        "mean": 0.000803000235464,
        "median": 0.000510882819071,
        "min": 2.83042118099e-05,
        "var": 7.9272746234e-07
    },
    "spectral_energyband_low": {
        "dmean": 0.0107341418043,
        "dmean2": 0.0181533060968,
        "dvar": 0.000194403866772,
        "dvar2": 0.000480939168483,
        "max": 0.101933225989,
        "mean": 0.0185172222555,
        "median": 0.0126177361235,
        "min": 0.000280328444205,
        "var": 0.000315296638291
    },
    "spectral_energyband_middle_high": {
        "dmean": 0.00191960926168,
        "dmean2": 0.00302788591944,
        "dvar": 3.1160582239e-06,
        "dvar2": 7.3948381214e-06,
        "max": 0.0258422065526,
        "mean": 0.00925999693573,
        "median": 0.00870578922331,
        "min": 0.000865075853653,
        "var": 1.50074165504e-05
    },
    "spectral_energyband_middle_low": {
        "dmean": 0.0114515060559,
        "dmean2": 0.0189942158759,
        "dvar": 0.000210331345443,
        "dvar2": 0.000493596016895,
        "max": 0.0913560539484,
        "mean": 0.0173230338842,
        "median": 0.0129266818985,
        "min": 0.0004928446142,
        "var": 0.000215819862206
    },
    "spectral_entropy": {
        "dmean": 0.149687498808,
        "dmean2": 0.234461665154,
        "dvar": 0.0226910468191,
        "dvar2": 0.0493107661605,
        "max": 8.60973262787,
        "mean": 7.59557914734,
        "median": 7.66448736191,
        "min": 6.16459465027,
        "var": 0.11378313601
    },
    "spectral_flux": {
        "dmean": 0.0415978729725,
        "dmean2": 0.0684494972229,
        "dvar": 0.00166351988446,
        "dvar2": 0.00356532610022,
        "max": 0.304816663265,
        "mean": 0.122401282191,
        "median": 0.114826619625,
        "min": 0.0257973764092,
        "var": 0.00244641350582
    },
    "spectral_kurtosis": {
        "dmean": 1.42997789383,
        "dmean2": 2.42136621475,
        "dvar": 1.86918187141,
        "dvar2": 5.42383813858,
        "max": 13.6735401154,
        "mean": 3.89219069481,
        "median": 3.70141458511,
        "min": -0.664591789246,
        "var": 3.28170990944
    },
    "spectral_rms": {
        "dmean": 0.00125300954096,
        "dmean2": 0.00202806317247,
        "dvar": 1.50203879912e-06,
        "dvar2": 3.3649002944e-06,
        "max": 0.0115806022659,
        "mean": 0.00622189650312,
        "median": 0.006044305861,
        "min": 0.00191361375619,
        "var": 2.57862006947e-06
    },
    "spectral_rolloff": {
        "dmean": 647.547363281,
        "dmean2": 1082.14794922,
        "dvar": 543950.9375,
        "dvar2": 1120640.75,
        "max": 8893.21289062,
        "mean": 1634.65795898,
        "median": 1614.99023438,
        "min": 129.19921875,
        "var": 1089085.5
    },
    "spectral_skewness": {
        "dmean": 0.189851924777,
        "dmean2": 0.309947252274,
        "dvar": 0.0263144280761,
        "dvar2": 0.0680931434035,
        "max": 2.72150158882,
        "mean": 1.37283456326,
        "median": 1.36789703369,
        "min": 0.385103464127,
        "var": 0.0625841915607
    },
    "spectral_spread": {
        "dmean": 454413.46875,
        "dmean2": 659837.875,
        "dvar": 359613923328,
        "dvar2": 563008765952,
        "max": 14246346,
        "mean": 3935204.25,
        "median": 3694067.5,
        "min": 2286412.75,
        "var": 1.19411402342e+12
    },
    "spectral_strongpeak": {
        "dmean": 0.661650419235,
        "dmean2": 1.1665391922,
        "dvar": 1.34240376949,
        "dvar2": 3.26826834679,
        "max": 9.41150093079,
        "mean": 0.897943198681,
        "median": 0.475880593061,
        "min": 0.0342077352107,
        "var": 1.7196187973
    },
    "zerocrossingrate": {
        "dmean": 0.0108030335978,
        "dmean2": 0.0128443306312,
        "dvar": 0.000119394149806,
        "dvar2": 0.000143333425513,
        "max": 0.2626953125,
        "mean": 0.0589373968542,
        "median": 0.0546875,
        "min": 0.01123046875,
        "var": 0.000601547711994
    },
    "barkbands": {
        "dmean": [0.000284410285531, 0.00505626806989, 0.00721915159374, 0.00564618222415, 0.00624307477847, 0.000680496974383, 0.000371109170374, 0.000409771921113, 0.000553772610147, 0.000931818969548, 0.00032087310683, 0.000182783216587, 0.000363792612916, 0.000578718434554, 0.000496354419738, 0.00054966902826, 0.000580813153647, 0.000236386462348, 0.0002752331784, 9.69557004282e-05, 7.42403208278e-05, 7.55829605623e-05, 7.25817590137e-05, 7.19617019058e-05, 4.32023189205e-05, 1.30247735797e-05, 6.61014043501e-09],
        "dmean2": [0.000480870046886, 0.00779504701495, 0.0130446115509, 0.00946999713778, 0.010319236666, 0.00119748804718, 0.000633222050965, 0.000690171204042, 0.000834501290228, 0.00147432857193, 0.000502251670696, 0.000301730586216, 0.000577529193833, 0.000926274748053, 0.000769289210439, 0.000864659959916, 0.000926404667553, 0.000397182418965, 0.000424396566814, 0.000157851929544, 0.000121229197248, 0.000118753378047, 0.000110075765406, 0.000104488579382, 6.88578365953e-05, 2.05419655686e-05, 1.13083897801e-08],
        "dvar": [3.30839185381e-07, 4.94960804645e-05, 0.000113945192425, 4.76617351524e-05, 0.000112976762466, 8.08707341093e-07, 2.38553184317e-07, 3.12913755351e-07, 6.15475698851e-07, 1.64859591223e-06, 1.60128649895e-07, 6.95603930012e-08, 3.80782211096e-07, 5.95860797148e-07, 5.21780748386e-07, 4.85277041662e-07, 5.02053978835e-07, 9.7487223627e-08, 1.10971171807e-07, 1.63189532998e-08, 7.7654647157e-09, 1.65990261536e-08, 1.23319372491e-08, 4.27061337405e-08, 1.42295144556e-08, 1.59329904825e-09, 1.24468855209e-15],
        "dvar2": [8.30293345189e-07, 0.000107286701677, 0.000345003558323, 0.000123427205835, 0.00027337227948, 2.32213915297e-06, 5.95225287725e-07, 8.89055058906e-07, 1.18762113743e-06, 4.65842231279e-06, 3.78542125645e-07, 1.62729065778e-07, 9.54058691605e-07, 1.50583946379e-06, 1.21840423617e-06, 1.1098397863e-06, 1.12618226922e-06, 2.52563324921e-07, 2.53240187931e-07, 3.97497430527e-08, 2.06484340737e-08, 4.22916137666e-08, 2.69870064074e-08, 8.08219837722e-08, 3.30104015234e-08, 4.24145074618e-09, 2.01246261477e-15],
        "max": [0.00393566256389, 0.0540724396706, 0.0744802802801, 0.0453476533294, 0.0709758028388, 0.0107785174623, 0.00706619117409, 0.00726404972374, 0.0149887418374, 0.0234211534262, 0.00475351931527, 0.00632966356352, 0.0107800103724, 0.00922829192132, 0.00946354214102, 0.00959101319313, 0.00920740421861, 0.00370266102254, 0.00453786086291, 0.00154212932102, 0.00106738950126, 0.00191557011567, 0.00151155877393, 0.00432946812361, 0.00166686601005, 0.00086954649305, 1.03053503153e-06],
        "mean": [0.000254720624071, 0.00661350414157, 0.00856441259384, 0.00628792727366, 0.00657954951748, 0.00102728314232, 0.00055038346909, 0.000638775003608, 0.0011350462446, 0.00198126235045, 0.000655261683278, 0.000342528364854, 0.000611218856648, 0.00116077496205, 0.00110947468784, 0.00120962224901, 0.00145109032746, 0.000476173532661, 0.000755358254537, 0.000214590210817, 0.000185796307051, 0.00015207377146, 0.000150599473272, 0.000134722140501, 6.41879742034e-05, 1.65158453456e-05, 4.77405581734e-09],
        "median": [4.05807368224e-05, 0.00304336240515, 0.00561934523284, 0.00375116034411, 0.00319602666423, 0.000600065861363, 0.000382348458515, 0.000390490749851, 0.000725587597117, 0.00149545224849, 0.00043335033115, 0.000221647045691, 0.00033806823194, 0.000873256707564, 0.000734194181859, 0.000882010906935, 0.000968786363956, 0.000350817514118, 0.000522088434082, 0.000170948304003, 0.000138857329148, 9.3410788395e-05, 9.24502819544e-05, 4.87110228278e-05, 1.47988957906e-05, 3.14223871101e-06, 6.53324061517e-10],
        "min": [1.14233005277e-08, 2.30596415349e-05, 1.03880684037e-05, 1.21265748021e-05, 4.31388252764e-05, 6.82950667397e-06, 5.25028144693e-06, 4.16551392846e-06, 5.46675164514e-06, 8.78114315128e-06, 4.65140601591e-06, 3.47731975125e-06, 7.69731741457e-06, 3.95859251512e-06, 4.61479430669e-06, 3.15020952257e-05, 3.40101178153e-05, 7.14038787919e-06, 8.41977180244e-06, 3.62586706615e-06, 5.28163673152e-06, 4.50530615126e-06, 2.62974344878e-06, 1.46456306993e-06, 8.34775661929e-08, 4.45114500813e-11, 8.33143623535e-12],
        "var": [3.04829711695e-07, 8.03261282272e-05, 9.91577762761e-05, 4.76067434647e-05, 0.000103645965282, 1.37006554723e-06, 3.25918819044e-07, 5.55953420189e-07, 2.08099322663e-06, 3.63838171324e-06, 4.4887195827e-07, 2.27382471962e-07, 7.82738993621e-07, 1.2205831581e-06, 1.45676756347e-06, 1.18750062938e-06, 2.06359209187e-06, 2.04189163355e-07, 5.3261891253e-07, 3.50136595273e-08, 2.57098857759e-08, 3.07998142546e-08, 3.22432320843e-08, 1.15181762794e-07, 2.39650468359e-08, 1.55069967978e-09, 1.08859266189e-15]
    },
    "erbbands": {
        "dmean": [0.169255912304, 1.14136588573, 6.71797513962, 13.9348726273, 28.4528083801, 13.1279087067, 7.03544139862, 6.18294811249, 4.41547727585, 9.37981414795, 5.20030355453, 10.016251564, 32.5272865295, 14.2860527039, 14.0349311829, 7.94187164307, 17.2269172668, 26.2612438202, 23.498966217, 27.9708824158, 24.1965694427, 27.1904983521, 16.0023555756, 13.6191072464, 10.5812044144, 4.13332128525, 3.16003727913, 3.03838968277, 2.80688214302, 2.21505737305, 2.15177035332, 1.93676757812, 0.97885453701, 0.525349736214, 0.302837699652, 0.0923255085945, 0.0187677405775, 0.00145676359534, 3.47142267856e-05, 1.9473993234e-05],
        "dmean2": [0.26949608326, 1.80815553665, 12.0630502701, 24.2133426666, 47.0003089905, 22.0673999786, 12.2897872925, 10.8666343689, 7.74452543259, 15.6073884964, 8.8660774231, 15.7418727875, 52.3642959595, 21.5797328949, 21.9468383789, 12.9255332947, 27.2801399231, 41.9343032837, 37.1329803467, 44.046257019, 39.5819892883, 43.2098083496, 25.0977611542, 21.5262489319, 16.2613773346, 6.81404399872, 5.30966377258, 5.03963804245, 4.4504237175, 3.30489778519, 3.24014258385, 2.94548606873, 1.38355839252, 0.802912890911, 0.500671565533, 0.148661270738, 0.0293795783073, 0.00236813630909, 5.41228509974e-05, 3.18385646096e-05],
        "dvar": [0.107194684446, 2.00003933907, 80.8376159668, 410.89730835, 2367.91552734, 369.936279297, 108.105567932, 70.801902771, 38.0274848938, 159.807037354, 40.0494155884, 175.611038208, 2535.02368164, 264.868133545, 331.527526855, 139.75402832, 845.33782959, 1295.07104492, 847.354675293, 1689.64904785, 783.623474121, 1128.71838379, 338.946228027, 261.217346191, 181.738143921, 30.5708656311, 18.3951072693, 15.0074586868, 23.5193386078, 12.9973335266, 11.2836961746, 24.2258644104, 9.46625709534, 1.80861699581, 0.918190479279, 0.11938688159, 0.00204412918538, 1.0913211554e-05, 4.78028283624e-09, 4.17735596114e-10],
        "dvar2": [0.261200070381, 4.68407917023, 248.274353027, 1146.71606445, 5649.93164062, 932.980834961, 302.290252686, 207.210083008, 104.344291687, 425.846252441, 113.480743408, 374.612884521, 7200.81738281, 521.354492188, 812.687438965, 318.953582764, 2092.90991211, 3238.66162109, 1944.00354004, 4350.12451172, 1866.02075195, 2840.05908203, 806.119506836, 616.486633301, 408.116241455, 79.6455383301, 48.9674301147, 37.2834587097, 60.3611602783, 28.7792167664, 25.0905895233, 52.7953071594, 16.4067592621, 3.85118913651, 2.34946799278, 0.327157586813, 0.00500910868868, 2.75176207651e-05, 1.19698677636e-08, 9.96262849995e-10],
        "max": [2.09829425812, 10.0405168533, 65.9483337402, 139.561798096, 262.714691162, 211.486343384, 114.447998047, 105.872436523, 61.8616409302, 180.24005127, 93.3205032349, 272.062927246, 827.918518066, 230.725799561, 289.073150635, 323.118377686, 543.561279297, 441.25970459, 428.386199951, 519.771789551, 323.580993652, 372.174163818, 215.971878052, 232.421020508, 200.452087402, 81.7322921753, 53.2374839783, 51.7636680603, 69.8049926758, 51.9551620483, 45.700252533, 93.3562469482, 56.3480148315, 17.1008396149, 15.1742782593, 7.76858043671, 0.763361155987, 0.036362465471, 0.00106734852307, 0.000173518856172],
        "mean": [0.171807825565, 1.64040517807, 8.41589069366, 16.8563461304, 27.7891597748, 15.6308727264, 10.277677536, 9.18841266632, 6.40113401413, 15.3744573593, 9.54262256622, 22.797088623, 68.3686294556, 34.8803787231, 29.9081916809, 17.2942047119, 30.9875087738, 53.2189750671, 54.0815162659, 67.5609130859, 58.7439804077, 70.5030822754, 42.0575942993, 35.9130096436, 29.7139396667, 10.331615448, 8.03243160248, 6.84964179993, 5.56408262253, 4.80130624771, 4.27997350693, 3.54556584358, 1.76784741879, 0.849294543266, 0.384334981441, 0.112991414964, 0.0247604455799, 0.00181782920845, 6.36001277599e-05, 5.31761725142e-05],
        "median": [0.0467532239854, 0.912567138672, 5.75577020645, 11.0543289185, 11.1997871399, 9.85259437561, 7.70296144485, 4.85679960251, 4.54353046417, 10.1714296341, 6.9051232338, 17.1947002411, 48.0619163513, 26.1635322571, 20.1937294006, 12.8906135559, 18.4514541626, 39.2976036072, 39.04271698, 49.6726608276, 48.1557846069, 50.1566696167, 32.8793716431, 25.6805438995, 19.8636856079, 8.71535396576, 6.05965900421, 4.82810020447, 3.38154792786, 3.08769464493, 2.56016898155, 1.56406164169, 0.477617204189, 0.223278000951, 0.0728261694312, 0.0198319982737, 0.00480266753584, 0.000335791846737, 3.3265860111e-05, 4.87544712087e-05],
        "min": [0.000563125009649, 0.0106153842062, 0.0490705296397, 0.0814904645085, 0.148213788867, 0.131899952888, 0.137792602181, 0.13442915678, 0.0760368108749, 0.167420178652, 0.209145069122, 0.163405999541, 0.414499908686, 0.345166712999, 0.27932831645, 0.226623952389, 0.438076049089, 0.478537946939, 1.81679189205, 2.14826250076, 2.24999570847, 1.68258345127, 1.690122962, 1.08064520359, 0.25345158577, 0.219170466065, 0.194368124008, 0.192030549049, 0.193826258183, 0.067882835865, 0.0899224728346, 0.0491668656468, 0.00679983524606, 0.000857298029587, 0.000511972408276, 5.53572645003e-05, 2.67476207227e-05, 3.21817992699e-06, 3.15492775371e-06, 5.17500984643e-06],
        "var": [0.112821571529, 3.5859208107, 79.671333313, 346.169433594, 2141.99023438, 369.497650146, 112.044578552, 119.995018005, 39.1677627563, 289.324676514, 79.7788314819, 515.047973633, 5410.08837891, 1025.22595215, 833.084228516, 462.733520508, 1713.65136719, 2654.51708984, 2634.32714844, 3736.71459961, 1731.68701172, 3679.21142578, 1226.01660156, 989.730957031, 945.52355957, 67.5059738159, 50.7735939026, 39.3086395264, 40.4857139587, 32.8945579529, 28.3900623322, 55.1171455383, 26.0656509399, 3.80922031403, 1.07905101776, 0.100415825844, 0.00276335445233, 1.48464123413e-05, 7.03614855269e-09, 6.48780695833e-10]
    },
    "gfcc": {
        "mean": [37.6458740234, 103.632453918, -137.599990845, 51.5507545471, -46.6894111633, 23.1878795624, -40.5860671997, 9.29916095734, -20.242307663, -13.7107067108, -22.7635650635, -8.340259552, -9.46694469452],
        "cov": [[1244.97314453, -426.325653076, 254.040847778, -110.062911987, -100.445526123, 17.4774990082, -29.7682094574, 131.824432373, -232.469039917, 210.053527832, -33.1624832153, 118.152183533, -53.6377296448], [-426.325653076, 629.704223633, -109.18812561, 37.8738708496, 149.434051514, -102.955085754, 112.55052948, -116.513832092, 75.3090591431, -116.199653625, 71.60546875, -90.6901550293, 42.5001716614], [254.040847778, -109.18812561, 357.860961914, 21.3431854248, 60.0018730164, 44.0159912109, -40.3070259094, 28.3574638367, -60.5812530518, 53.6128807068, -49.7080383301, 55.4377670288, -26.231294632], [-110.062911987, 37.8738708496, 21.3431854248, 136.239440918, 44.1765823364, 16.1239185333, -7.09457778931, -7.31708717346, 55.8864517212, -32.6313514709, 16.9802341461, -18.1602096558, 17.7901210785], [-100.445526123, 149.434051514, 60.0018730164, 44.1765823364, 230.518722534, -5.16983556747, 62.1116294861, 28.6614952087, 26.8553543091, -0.690520882607, -0.604885756969, 2.28826546669, -19.6379642487], [17.4774990082, -102.955085754, 44.0159912109, 16.1239185333, -5.16983556747, 131.301773071, 16.901676178, 21.6269569397, 3.78818869591, 24.5728168488, 7.87529993057, 11.757349968, 10.7702121735], [-29.7682094574, 112.55052948, -40.3070259094, -7.09457778931, 62.1116294861, 16.901676178, 134.808151245, 39.2548027039, 11.0260629654, 10.3780612946, 25.1975898743, -4.75658226013, 2.9598095417], [131.824432373, -116.513832092, 28.3574638367, -7.31708717346, 28.6614952087, 21.6269569397, 39.2548027039, 128.76083374, 17.1295795441, 49.788269043, -3.48041129112, 34.8165779114, -11.8083753586], [-232.469039917, 75.3090591431, -60.5812530518, 55.8864517212, 26.8553543091, 3.78818869591, 11.0260629654, 17.1295795441, 118.829154968, -15.8964166641, 24.4528980255, -13.7477264404, 16.8823051453], [210.053527832, -116.199653625, 53.6128807068, -32.6313514709, -0.690520882607, 24.5728168488, 10.3780612946, 49.788269043, -15.8964166641, 112.504837036, 8.30079269409, 38.615070343, -12.7797021866], [-33.1624832153, 71.60546875, -49.7080383301, 16.9802341461, -0.604885756969, 7.87529993057, 25.1975898743, -3.48041129112, 24.4528980255, 8.30079269409, 65.6360397339, 4.73421382904, 15.372592926], [118.152183533, -90.6901550293, 55.4377670288, -18.1602096558, 2.28826546669, 11.757349968, -4.75658226013, 34.8165779114, -13.7477264404, 38.615070343, 4.73421382904, 85.2145004272, 4.39425849915], [-53.6377296448, 42.5001716614, -26.231294632, 17.7901210785, -19.6379642487, 10.7702121735, 2.9598095417, -11.8083753586, 16.8823051453, -12.7797021866, 15.372592926, 4.39425849915, 60.2965164185]],
        "icov": [[0.00288049224764, -0.000888958165888, -0.000248766067671, -0.00188566022553, 0.00176553137135, 0.0003255912452, 0.00107685790863, -0.00346709624864, 0.00612217001617, -0.00404717121273, 0.000205430755159, -0.0010303792078, 0.000872903736308], [-0.000888958165888, 0.0130157545209, -0.00448416778818, 0.00747215328738, -0.00732795940712, 0.00930463057011, -0.0101499371231, 0.0115166632459, -0.00905484333634, 0.00884993746877, -0.0130960447714, 0.00892052706331, -0.00831567775458], [-0.000248766067671, -0.00448416778818, 0.00689270347357, -0.00484996149316, 0.000745200435631, -0.00485839275643, 0.00488180108368, -0.00331276957877, 0.00474165426567, -0.00438001425937, 0.00810922961682, -0.00555893452838, 0.003672770923], [-0.00188566022553, 0.00747215328738, -0.00484996149316, 0.0176939014345, -0.00684207072482, 0.00356439640746, -0.00375781790353, 0.00730649521574, -0.0127409696579, 0.0103304209188, -0.011425441131, 0.00827229768038, -0.00745742069557], [0.00176553137135, -0.00732795940712, 0.000745200435631, -0.00684207072482, 0.0112877823412, -0.00353405368514, 0.00191845127847, -0.00744124082848, 0.00599064305425, -0.00611905241385, 0.00788193382323, -0.00593196507543, 0.00728329177946], [0.0003255912452, 0.00930463057011, -0.00485839275643, 0.00356439640746, -0.00353405368514, 0.0160565376282, -0.00887508131564, 0.00665686838329, -0.00486433086917, 0.00366610917263, -0.0101626487449, 0.00653893360868, -0.00746030826122], [0.00107685790863, -0.0101499371231, 0.00488180108368, -0.00375781790353, 0.00191845127847, -0.00887508131564, 0.0199958011508, -0.0134386904538, 0.00948844570667, -0.00687654176727, 0.00552168628201, -0.00439642928541, 0.0047399061732], [-0.00346709624864, 0.0115166632459, -0.00331276957877, 0.00730649521574, -0.00744124082848, 0.00665686838329, -0.0134386904538, 0.0254143252969, -0.0166682563722, 0.00680984416977, -0.00677978619933, 0.00379417929798, -0.00521226134151], [0.00612217001617, -0.00905484333634, 0.00474165426567, -0.0127409696579, 0.00599064305425, -0.00486433086917, 0.00948844570667, -0.0166682563722, 0.0307152830064, -0.0126628223807, 0.00550614949316, -0.00591872120276, 0.0044840471819], [-0.00404717121273, 0.00884993746877, -0.00438001425937, 0.0103304209188, -0.00611905241385, 0.00366610917263, -0.00687654176727, 0.00680984416977, -0.0126628223807, 0.0247018225491, -0.0129632409662, 0.00426298333332, -0.00399287324399], [0.000205430755159, -0.0130960447714, 0.00810922961682, -0.011425441131, 0.00788193382323, -0.0101626487449, 0.00552168628201, -0.00677978619933, 0.00550614949316, -0.0129632409662, 0.0365706123412, -0.013265805319, 0.00644981814548], [-0.0010303792078, 0.00892052706331, -0.00555893452838, 0.00827229768038, -0.00593196507543, 0.00653893360868, -0.00439642928541, 0.00379417929798, -0.00591872120276, 0.00426298333332, -0.013265805319, 0.0238643996418, -0.0100007643923], [0.000872903736308, -0.00831567775458, 0.003672770923, -0.00745742069557, 0.00728329177946, -0.00746030826122, 0.0047399061732, -0.00521226134151, 0.0044840471819, -0.00399287324399, 0.00644981814548, -0.0100007643923, 0.0264545213431]]
    },
    "melbands": {
        "dmean": [0.00140993809327, 0.00262263999321, 0.00282651558518, 0.00154757453129, 0.000300057057757, 0.000132317014504, 7.00686432538e-05, 0.000105403545604, 3.88575645047e-05, 7.58613387006e-05, 0.000162907279446, 6.198581832e-05, 4.65828052256e-05, 2.21007576329e-05, 4.04534839618e-05, 2.69243191724e-05, 5.82197753829e-05, 4.20186042902e-05, 3.5597353417e-05, 4.56561574538e-05, 2.80840667983e-05, 2.74357098533e-05, 3.13297096e-05, 1.03825141196e-05, 1.26037430164e-05, 1.13589894681e-05, 4.79418304167e-06, 2.82664268525e-06, 2.31706985687e-06, 1.99339183382e-06, 1.85959402188e-06, 1.72127590758e-06, 1.53126984515e-06, 1.26452084714e-06, 1.29650413783e-06, 1.35032132675e-06, 1.21190919344e-06, 7.64551316479e-07, 5.57494956865e-07, 4.37601499925e-07],
        "dmean2": [0.00216651358642, 0.00469806650653, 0.00482888426632, 0.0025668728631, 0.000520511879586, 0.000231976431678, 0.000121799508634, 0.000174966553459, 6.52608505334e-05, 0.000115663737233, 0.000262240268057, 9.39277233556e-05, 7.32568878448e-05, 3.61167039955e-05, 6.40450307401e-05, 4.22349949076e-05, 9.31193353608e-05, 6.66233027005e-05, 5.44773538422e-05, 7.10914464435e-05, 4.69695078209e-05, 4.44321412942e-05, 4.87242796225e-05, 1.73069111042e-05, 2.0047678845e-05, 1.7663149265e-05, 7.42586826163e-06, 4.76834475194e-06, 3.98787369704e-06, 3.29262866217e-06, 3.09023403133e-06, 2.76601804217e-06, 2.42684814111e-06, 1.90655566712e-06, 1.98437669496e-06, 2.12406303035e-06, 1.84062548669e-06, 1.08167830604e-06, 8.12298708297e-07, 6.94431946613e-07],
        "dvar": [5.35955632586e-06, 1.13574560601e-05, 1.19397518574e-05, 7.28165878172e-06, 1.93111574731e-07, 3.16913535414e-08, 9.29726517995e-09, 2.02160297391e-08, 2.14064987958e-09, 1.04099688869e-08, 6.30523686596e-08, 5.40361444479e-09, 3.65733021646e-09, 8.81340667114e-10, 4.51943771296e-09, 1.89024507158e-09, 6.6769758611e-09, 2.54633492069e-09, 3.43106276723e-09, 3.76013975512e-09, 1.11614828491e-09, 1.2194493193e-09, 1.82516268765e-09, 1.95858398944e-10, 2.31135485751e-10, 2.45161474455e-10, 3.7157641547e-11, 1.60472798244e-11, 1.07679828595e-11, 6.24519836886e-12, 6.1884208695e-12, 9.07239821463e-12, 7.3779541504e-12, 3.84438184411e-12, 4.12010833437e-12, 6.0964662138e-12, 1.21373761736e-11, 6.15388512717e-12, 2.68544930217e-12, 1.26406404875e-12],
        "dvar2": [1.20642589536e-05, 3.39721082128e-05, 3.0646326195e-05, 1.75814020622e-05, 5.3789813137e-07, 9.23215353055e-08, 2.53179308629e-08, 5.58099131354e-08, 6.07446093426e-09, 2.08246575539e-08, 1.79842601256e-07, 1.05327719879e-08, 8.77155059698e-09, 2.00671101958e-09, 1.12675113684e-08, 4.48597070601e-09, 1.67821045949e-08, 6.15678263927e-09, 7.9315451984e-09, 8.57888515782e-09, 2.89033619261e-09, 3.18786241849e-09, 3.89610610441e-09, 5.14630837944e-10, 5.48049883253e-10, 5.78157910436e-10, 8.66507837705e-11, 4.42823520908e-11, 2.8928113377e-11, 1.6974052372e-11, 1.52963648692e-11, 2.37738110448e-11, 1.86977447414e-11, 8.23301583158e-12, 9.53692333439e-12, 1.46547027985e-11, 2.66336518812e-11, 1.05640912684e-11, 5.59992070076e-12, 2.93092264868e-12],
        "max": [0.0167753323913, 0.0249421708286, 0.022310687229, 0.0176537651569, 0.00504291290417, 0.00221404945478, 0.0012016746914, 0.0017964229919, 0.000598855491262, 0.00202106242068, 0.00418079737574, 0.00099190545734, 0.000731968553737, 0.000732104526833, 0.0011108755134, 0.000703138648532, 0.00101952534169, 0.000662633334287, 0.000736914225854, 0.000885982357431, 0.000408667779993, 0.000384196348023, 0.000609298702329, 0.000184894102858, 0.000222757822485, 0.000229801182286, 7.66134180594e-05, 5.85084380873e-05, 3.88673943235e-05, 2.71453518508e-05, 2.87044331344e-05, 4.18462441303e-05, 3.56305790774e-05, 2.6921126846e-05, 2.52198569797e-05, 3.2279334846e-05, 6.97237046552e-05, 4.94458981848e-05, 2.63692527369e-05, 1.44949135574e-05],
        "mean": [0.0016714282101, 0.00367490691133, 0.00338154775091, 0.00159840402193, 0.000430597225204, 0.000198267400265, 0.000100349687273, 0.000173475782503, 7.37353548175e-05, 0.000165752324392, 0.000341734936228, 0.000140163465403, 9.59476528806e-05, 4.62187999801e-05, 7.21827091184e-05, 4.85418167955e-05, 0.000111106215627, 8.7144500867e-05, 7.78986359364e-05, 0.000101886405901, 6.010749712e-05, 6.56497941236e-05, 7.64308642829e-05, 2.12533450394e-05, 2.95624977298e-05, 2.8436203138e-05, 1.15619523058e-05, 5.73188617636e-06, 5.23050493939e-06, 4.38229153588e-06, 3.73838679479e-06, 3.13496570925e-06, 2.88029627882e-06, 2.59407420344e-06, 2.46957506533e-06, 2.3954144126e-06, 2.06353070098e-06, 1.29101999846e-06, 9.25631297832e-07, 6.35245839931e-07],
        "median": [0.000637518649455, 0.00261870562099, 0.00219790381379, 0.00076741934754, 0.000312493299134, 0.000105630038888, 7.1235721407e-05, 0.000112090427137, 5.60710432183e-05, 0.000119041011203, 0.000240314111579, 9.59936005529e-05, 6.28493799013e-05, 3.28704918502e-05, 4.40227049694e-05, 2.98922077491e-05, 7.7902150224e-05, 6.43803723506e-05, 4.85373348056e-05, 7.13925182936e-05, 5.1154744142e-05, 4.9930637033e-05, 4.3699372327e-05, 1.44549949255e-05, 2.05101696338e-05, 1.83309621207e-05, 7.63099615142e-06, 4.42865575678e-06, 3.94003927795e-06, 3.17145827466e-06, 2.441029892e-06, 1.91590993381e-06, 1.70297528257e-06, 1.6210284457e-06, 1.45817466546e-06, 1.33142975756e-06, 7.84869143899e-07, 3.15040722398e-07, 2.54219770568e-07, 1.68071636608e-07],
        "min": [6.33168838249e-06, 1.81167324627e-05, 2.078925354e-05, 9.32951934374e-06, 5.16284944752e-06, 1.54868632762e-06, 1.16194905786e-06, 1.9221522507e-06, 1.0729800124e-06, 8.90829483069e-07, 1.68994370142e-06, 1.23850361433e-06, 6.52571543469e-07, 6.57972236695e-07, 5.45423063159e-07, 6.64509457238e-07, 4.16327310404e-07, 3.6107016399e-07, 3.08434920271e-07, 2.71030557997e-06, 9.73421833805e-07, 1.34328195145e-06, 1.5353738263e-06, 3.72646610458e-07, 5.21889660376e-07, 2.17291074023e-07, 8.73568666293e-08, 1.13779130118e-07, 5.95099862721e-08, 1.30144002242e-07, 7.71237225194e-08, 6.83081324837e-08, 4.41561560649e-08, 3.07815639644e-08, 5.47560965458e-08, 3.80493112573e-08, 2.85538277467e-08, 1.8319569195e-09, 7.67414604086e-11, 6.40785896566e-11],
