{
"highlevel": {
    "danceability": {
        "all": {
            "danceable": 0.939604103565,
            "not_danceable": 0.0603958815336
        },
        "probability": 0.939604103565,
        "value": "danceable"
    },
    "gender": {
        "all": {
            "female": 0.795066356659,
            "male": 0.20493362844
        },
        "probability": 0.795066356659,
        "value": "female"
    },
    "genre_dortmund": {
        "all": {
            "alternative": 0.0354519188404,
            "blues": 0.0735432803631,
            "electronic": 0.171808123589,
            "folkcountry": 0.0126951877028,
            "funksoulrnb": 0.0506801791489,
            "jazz": 0.0637874081731,
            "pop": 0.0233089104295,
            "raphiphop": 0.494390904903,
            "rock": 0.0743340775371
        },
        "probability": 0.494390904903,
        "value": "raphiphop"
    },
    "genre_electronic": {
        "all": {
            "ambient": 0.630003333092,
            "dnb": 0.228024289012,
            "house": 0.0886023119092,
            "techno": 0.0135313021019,
            "trance": 0.0398387536407
        },
        "probability": 0.630003333092,
        "value": "ambient"
    },
    "genre_rosamerica": {
        "all": {
            "cla": 0.0781160369515,
            "dan": 0.0457142852247,
            "hip": 0.565958976746,
            "jaz": 0.0193523578346,
            "pop": 0.125312313437,
            "rhy": 0.0836500301957,
            "roc": 0.0772717371583,
            "spe": 0.00462427409366
        },
        "probability": 0.565958976746,
        "value": "hip"
    },
    "genre_tzanetakis": {
        "all": {
            "blu": 0.0442175008357,
            "cla": 0.0294756796211,
            "cou": 0.0663175806403,
            "dis": 0.05304992944,
            "hip": 0.132617682219,
            "jaz": 0.265202969313,
            "met": 0.0378787964582,
            "pop": 0.0530314706266,
            "reg": 0.0530333295465,
            "roc": 0.265175074339
        },
        "probability": 0.265202969313,
        "value": "jaz"
    },
    "ismir04_rhythm": {
        "all": {
            "ChaChaCha": 0.0788604989648,
            "Jive": 0.161607936025,
            "Quickstep": 0.0996054336429,
            "Rumba-American": 0.0132961785421,
            "Rumba-International": 0.033106919378,
            "Rumba-Misc": 0.00481135724112,
            "Samba": 0.521093845367,
            "Tango": 0.0230440106243,
            "VienneseWaltz": 0.0497686229646,
            "Waltz": 0.0148052247241
        },
        "probability": 0.521093845367,
        "value": "Samba"
    },
    "mood_acoustic": {
        "all": {
            "acoustic": 0.0694492608309,
            "not_acoustic": 0.93055075407
        },
        "probability": 0.93055075407,
        "value": "not_acoustic"
    },
    "mood_aggressive": {
        "all": {
            "aggressive": 0.104443080723,
            "not_aggressive": 0.895556926727
        },
        "probability": 0.895556926727,
        "value": "not_aggressive"
    },
    "mood_electronic": {
        "all": {
            "electronic": 0.689817905426,
            "not_electronic": 0.310182094574
        },
        "probability": 0.689817905426,
        "value": "electronic"
    },
    "mood_happy": {
        "all": {
            "happy": 0.267801612616,
            "not_happy": 0.732198357582
        },
        "probability": 0.732198357582,
        "value": "not_happy"
    },
    "mood_party": {
        "all": {
            "not_party": 0.653228163719,
            "party": 0.346771866083
        },
        "probability": 0.653228163719,
        "value": "not_party"
    },
    "mood_relaxed": {
        "all": {
            "not_relaxed": 0.896645486355,
            "relaxed": 0.103354483843
        },
        "probability": 0.896645486355,
        "value": "not_relaxed"
    },
    "mood_sad": {
        "all": {
            "not_sad": 0.912067115307,
            "sad": 0.0879328772426
        },
        "probability": 0.912067115307,
        "value": "not_sad"
    },
    "moods_mirex": {
        "all": {
            "Cluster1": 0.243804514408,
            "Cluster2": 0.222944334149,
            "Cluster3": 0.154875576496,
            "Cluster4": 0.239490136504,
            "Cluster5": 0.138885438442
        },
        "probability": 0.243804514408,
        "value": "Cluster1"
    },
    "timbre": {
        "all": {
            "bright": 0.923579096794,
            "dark": 0.076420918107
        },
        "probability": 0.923579096794,
        "value": "bright"
    },
    "tonal_atonal": {
        "all": {
            "atonal": 0.00765828881413,
            "tonal": 0.992341697216
        },
        "probability": 0.992341697216,
        "value": "tonal"
    },
    "voice_instrumental": {
        "all": {
            "instrumental": 0.183387070894,
            "voice": 0.816612958908
        },
        "probability": 0.816612958908,
        "value": "voice"
    }
},
"lowlevel": {
    "average_loudness": 0.92740213871,
    "barkbands_crest": {
        "dmean": 3.39973640442,
        "dmean2": 5.57088899612,
        "dvar": 9.41019821167,
        "dvar2": 23.5657978058,
        "max": 25.3166713715,
        "mean": 10.8306865692,
        "median": 10.047911644,
        "min": 2.64454054832,
        "var": 20.1151027679
    },
    "barkbands_flatness_db": {
        "dmean": 0.0281635653228,
        "dmean2": 0.0439183562994,
        "dvar": 0.000700727279764,
        "dvar2": 0.00160448579118,
        "max": 0.319109708071,
        "mean": 0.156949326396,
        "median": 0.154176324606,
        "min": 0.0507745929062,
        "var": 0.00184421765152
    },
    "barkbands_kurtosis": {
        "dmean": 2.67207121849,
        "dmean2": 4.38438272476,
        "dvar": 31.0314369202,
        "dvar2": 78.1711425781,
        "max": 82.6971969604,
        "mean": 2.43189883232,
        "median": 0.62295794487,
        "min": -1.82681703568,
        "var": 39.9014053345
    },
    "barkbands_skewness": {
        "dmean": 0.661362051964,
        "dmean2": 1.03995525837,
        "dvar": 0.513849198818,
        "dvar2": 1.2122708559,
        "max": 7.83212614059,
        "mean": 1.04061079025,
        "median": 0.885860562325,
        "min": -2.12937355042,
        "var": 1.32839500904
    },
    "barkbands_spread": {
        "dmean": 5.69104099274,
        "dmean2": 9.19738960266,
        "dvar": 31.4743614197,
        "dvar2": 75.5597763062,
        "max": 59.6481552124,
        "mean": 19.7165126801,
        "median": 19.099943161,
        "min": 1.59921443462,
        "var": 77.3214569092
    },
    "dissonance": {
        "dmean": 0.0227449573576,
        "dmean2": 0.0377269461751,
        "dvar": 0.00047385020298,
        "dvar2": 0.00125050765928,
        "max": 0.500000059605,
        "mean": 0.46228569746,
        "median": 0.468700796366,
        "min": 0.284319341183,
        "var": 0.000820406712592
    },
    "dynamic_complexity": 4.01564836502,
    "erbbands_crest": {
        "dmean": 3.58195495605,
        "dmean2": 5.5891122818,
        "dvar": 11.5218067169,
        "dvar2": 25.7038536072,
        "max": 31.4811458588,
        "mean": 11.1586914062,
        "median": 10.0510826111,
        "min": 2.71965503693,
        "var": 31.2285289764
    },
    "erbbands_flatness_db": {
        "dmean": 0.0278102643788,
        "dmean2": 0.0413083396852,
        "dvar": 0.000913847179618,
        "dvar2": 0.00177313748281,
        "max": 0.33593994379,
        "mean": 0.198171213269,
        "median": 0.200428262353,
        "min": 0.088876388967,
        "var": 0.00262359529734
    },
    "erbbands_kurtosis": {
        "dmean": 1.46355903149,
        "dmean2": 2.2907063961,
        "dvar": 4.12368631363,
        "dvar2": 9.28486251831,
        "max": 19.1147174835,
        "mean": 1.18269526958,
        "median": 0.117116451263,
        "min": -1.64030003548,
        "var": 8.65125274658
    },
    "erbbands_skewness": {
        "dmean": 0.473601669073,
        "dmean2": 0.71719545126,
        "dvar": 0.222636058927,
        "dvar2": 0.47862252593,
        "max": 3.6262319088,
        "mean": 0.462950199842,
        "median": 0.384776711464,
        "min": -2.71884346008,
        "var": 0.654476940632
    },
    "erbbands_spread": {
        "dmean": 8.3080072403,
        "dmean2": 13.1580953598,
        "dvar": 95.5371551514,
        "dvar2": 227.604980469,
        "max": 85.6287841797,
        "mean": 27.2219638824,
        "median": 24.9590015411,
        "min": 3.60441756248,
        "var": 199.157409668
    },
    "hfc": {
        "dmean": 9.30522441864,
        "dmean2": 14.2563657761,
        "dvar": 183.393356323,
        "dvar2": 492.438232422,
        "max": 133.191131592,
        "mean": 19.8262691498,
        "median": 14.5000762939,
        "min": 0.0829796120524,
        "var": 362.097198486
    },
    "melbands_crest": {
        "dmean": 4.29277849197,
        "dmean2": 7.32058477402,
        "dvar": 12.697218895,
        "dvar2": 31.6585216522,
        "max": 30.2622337341,
        "mean": 14.4328174591,
        "median": 14.044049263,
        "min": 3.64653897285,
        "var": 28.5880680084
    },
    "melbands_flatness_db": {
        "dmean": 0.0344168804586,
        "dmean2": 0.0529713816941,
        "dvar": 0.00094580068253,
        "dvar2": 0.00223071617074,
        "max": 0.414714664221,
        "mean": 0.191472128034,
        "median": 0.186192646623,
        "min": 0.0618334636092,
        "var": 0.00303573184647
    },
    "melbands_kurtosis": {
        "dmean": 6.10392999649,
        "dmean2": 10.0639133453,
        "dvar": 164.595275879,
        "dvar2": 413.991760254,
        "max": 195.090118408,
        "mean": 7.34871053696,
        "median": 3.12329387665,
        "min": -1.81375932693,
        "var": 218.452804565
    },
    "melbands_skewness": {
        "dmean": 0.887961447239,
        "dmean2": 1.41199314594,
        "dvar": 1.00163388252,
        "dvar2": 2.40256261826,
        "max": 12.0947160721,
        "mean": 1.78294861317,
        "median": 1.52480745316,
        "min": -1.0591262579,
        "var": 2.27526021004
    },
    "melbands_spread": {
        "dmean": 8.39522171021,
        "dmean2": 13.6073322296,
        "dvar": 71.9222183228,
        "dvar2": 175.072219849,
        "max": 102.28780365,
        "mean": 25.5665092468,
        "median": 23.4650020599,
        "min": 1.17584466934,
        "var": 190.881820679
    },
    "pitch_salience": {
        "dmean": 0.0870096683502,
        "dmean2": 0.143718183041,
        "dvar": 0.00627960357815,
        "dvar2": 0.0148093001917,
        "max": 0.832319498062,
        "mean": 0.538714945316,
        "median": 0.540873467922,
        "min": 0.144665926695,
        "var": 0.0152448033914
    },
    "silence_rate_20dB": {
        "dmean": 0,
        "dmean2": 0,
        "dvar": 0,
        "dvar2": 0,
        "max": 1,
        "mean": 1,
        "median": 1,
        "min": 1,
        "var": 0
    },
    "silence_rate_30dB": {
        "dmean": 0.0294117648154,
        "dmean2": 0.0588690936565,
        "dvar": 0.0285472758114,
        "dvar2": 0.081738345325,
        "max": 1,
        "mean": 0.983758687973,
        "median": 1,
        "min": 0,
        "var": 0.0159773956984
    },
    "silence_rate_60dB": {
        "dmean": 0.0603715181351,
        "dmean2": 0.120836563408,
        "dvar": 0.0567268095911,
        "dvar2": 0.117079436779,
        "max": 1,
        "mean": 0.165506571531,
        "median": 0,
        "min": 0,
        "var": 0.13811442256
    },
    "spectral_centroid": {
        "dmean": 285.024505615,
        "dmean2": 449.308959961,
        "dvar": 83240.7578125,
        "dvar2": 193789.125,
        "max": 3211.76293945,
        "mean": 1421.94396973,
        "median": 1367.82714844,
        "min": 298.141357422,
        "var": 241564.21875
    },
    "spectral_complexity": {
        "dmean": 5.71594429016,
        "dmean2": 8.0178155899,
        "dvar": 33.2250366211,
        "dvar2": 66.2266921997,
        "max": 56,
        "mean": 18.1918010712,
        "median": 17,
        "min": 0,
        "var": 124.970298767
    },
    "spectral_decrease": {
        "dmean": 3.78675579782e-09,
        "dmean2": 6.00408878171e-09,
        "dvar": 3.35284988891e-17,
        "dvar2": 8.76323611268e-17,
        "max": -5.71362705412e-12,
        "mean": -6.88213530609e-09,
        "median": -4.93046270478e-09,
        "min": -4.38066685149e-08,
        "var": 5.39700839716e-17
    },
    "spectral_energy": {
        "dmean": 0.0149209564552,
        "dmean2": 0.0236323960125,
        "dvar": 0.000499527144711,
        "dvar2": 0.00130427570548,
        "max": 0.169586271048,
        "mean": 0.0277730561793,
        "median": 0.019958961755,
        "min": 2.90910538752e-05,
        "var": 0.000835372775327
    },
    "spectral_energyband_high": {
        "dmean": 0.000422307173721,
        "dmean2": 0.000696061062627,
        "dvar": 1.14214140012e-06,
        "dvar2": 3.22707705891e-06,
        "max": 0.0101528326049,
        "mean": 0.000474940054119,
        "median": 0.000166284225998,
        "min": 4.3645934511e-07,
        "var": 9.27693463382e-07
    },
    "spectral_energyband_low": {
        "dmean": 0.00932184327394,
        "dmean2": 0.015432137996,
        "dvar": 0.000400323304348,
        "dvar2": 0.00102229090407,
        "max": 0.144374579191,
        "mean": 0.0107454508543,
        "median": 0.0028508361429,
        "min": 3.34271668123e-08,
        "var": 0.000417384901084
    },
    "spectral_energyband_middle_high": {
        "dmean": 0.00440488895401,
        "dmean2": 0.00661097606644,
        "dvar": 5.11305152031e-05,
        "dvar2": 0.00012955807324,
        "max": 0.0886935591698,
        "mean": 0.0085772620514,
        "median": 0.00468735583127,
        "min": 1.06472543848e-05,
        "var": 0.000102027821413
    },
    "spectral_energyband_middle_low": {
        "dmean": 0.00651089614257,
        "dmean2": 0.0110209584236,
        "dvar": 0.000137423819979,
        "dvar2": 0.000379998207791,
        "max": 0.0848004221916,
        "mean": 0.00911981146783,
        "median": 0.0051018432714,
        "min": 1.03013599073e-05,
        "var": 0.000139346448123
    },
    "spectral_entropy": {
        "dmean": 0.189626961946,
        "dmean2": 0.282270461321,
        "dvar": 0.0362695083022,
        "dvar2": 0.0798516869545,
        "max": 8.46895313263,
        "mean": 7.54610776901,
        "median": 7.57440900803,
        "min": 6.56970643997,
        "var": 0.0956781059504
    },
    "spectral_flux": {
        "dmean": 0.0377386063337,
        "dmean2": 0.0587835907936,
        "dvar": 0.00238334387541,
        "dvar2": 0.00453930813819,
        "max": 0.398295998573,
        "mean": 0.100175268948,
        "median": 0.0828914418817,
        "min": 0.00403068214655,
        "var": 0.00545962480828
    },
    "spectral_kurtosis": {
        "dmean": 2.27861976624,
        "dmean2": 3.93161797523,
        "dvar": 5.13712787628,
        "dvar2": 14.499215126,
        "max": 22.6280231476,
        "mean": 4.99726915359,
        "median": 4.37265014648,
        "min": -0.173158407211,
        "var": 8.06520652771
    },
    "spectral_rms": {
        "dmean": 0.00123164209072,
        "dmean2": 0.00185178767424,
        "dvar": 1.94537005882e-06,
        "dvar2": 4.8103656809e-06,
        "max": 0.0128627382219,
        "mean": 0.00451073097065,
        "median": 0.0044127269648,
        "min": 0.000168468148331,
        "var": 6.7489754656e-06
    },
    "spectral_rolloff": {
        "dmean": 471.763214111,
        "dmean2": 795.562133789,
        "dvar": 373567.21875,
        "dvar2": 883743.625,
        "max": 6782.95898438,
        "mean": 1449.05383301,
        "median": 1227.39257812,
        "min": 64.599609375,
        "var": 723613.4375
    },
    "spectral_skewness": {
        "dmean": 0.284985840321,
        "dmean2": 0.466367602348,
        "dvar": 0.0641091167927,
        "dvar2": 0.166184335947,
        "max": 3.03651499748,
        "mean": 1.51459634304,
        "median": 1.50516784191,
        "min": 0.135220214725,
        "var": 0.164599865675
    },
    "spectral_spread": {
        "dmean": 581611.3125,
        "dmean2": 892826.875,
        "dvar": 503015997440,
        "dvar2": 943214297088,
        "max": 13289834,
        "mean": 3558532.75,
        "median": 3363666.5,
        "min": 1802251.75,
        "var": 1.08814722662e+12
    },
    "spectral_strongpeak": {
        "dmean": 0.841258704662,
        "dmean2": 1.42818903923,
        "dvar": 1.53866267204,
        "dvar2": 3.77604484558,
        "max": 9.07448768616,
        "mean": 1.19719898701,
        "median": 0.480291843414,
        "min": 0,
        "var": 2.29062438011
    },
    "zerocrossingrate": {
        "dmean": 0.00936351064593,
        "dmean2": 0.011205884628,
        "dvar": 8.67020353326e-05,
        "dvar2": 0.000118298390589,
        "max": 0.20654296875,
        "mean": 0.0553083308041,
        "median": 0.0537109375,
        "min": 0.0078125,
        "var": 0.000461321556941
    },
    "barkbands": {
        "dmean": [0.000394012866309, 0.00690172612667, 0.0026237142738, 0.00240881228819, 0.00200078566559, 0.000821274588816, 0.000908449350391, 0.000410266249673, 0.00159413891379, 0.00150640797801, 0.00171847571619, 0.000552224111743, 0.000583275221288, 0.000466370722279, 0.000298448285321, 0.000362955586752, 0.000405165337725, 0.00029332775739, 0.000191569750314, 0.000132627115818, 0.000136505273986, 6.95332637406e-05, 5.61497618037e-05, 4.92665531056e-05, 4.24863173976e-05, 1.61340140039e-05, 1.02780312261e-07],
        "dmean2": [0.000700892065652, 0.0115259280428, 0.00491769239306, 0.00443814788014, 0.00363790453412, 0.00133598363027, 0.00142880342901, 0.000638729368802, 0.00250615226105, 0.00225116987713, 0.00283536780626, 0.000838081294205, 0.000914274307434, 0.000743158976547, 0.000464427488623, 0.000580901629291, 0.000638089433778, 0.000456778187072, 0.000307680486003, 0.000211043909076, 0.00022886908846, 0.000111936285975, 9.39169112826e-05, 8.39088461362e-05, 7.38541129977e-05, 2.79617433989e-05, 1.96927885554e-07],
        "dvar": [7.06922946847e-07, 0.000212595958146, 8.71851443662e-05, 4.30228283221e-05, 2.97329952446e-05, 2.00299837161e-06, 3.0602213883e-06, 4.61577911892e-07, 1.37291490319e-05, 1.67435409821e-05, 2.10316993616e-05, 1.68681333435e-06, 2.82225005321e-06, 1.56649082328e-06, 3.20306270396e-07, 3.90334633948e-07, 6.65156676405e-07, 3.10735060793e-07, 1.19895716466e-07, 4.82223541098e-08, 1.0980836862e-07, 2.08348787112e-08, 2.42898110514e-08, 2.32062689065e-08, 2.13332249643e-08, 4.17478362991e-09, 4.46564687355e-13],
        "dvar2": [1.97427129933e-06, 0.000548865355086, 0.000255895807641, 0.00012054220133, 8.51671211421e-05, 4.82116092826e-06, 6.74315788274e-06, 1.05744163648e-06, 3.30229922838e-05, 3.49514230038e-05, 5.88914444961e-05, 3.61020988748e-06, 6.12372650721e-06, 3.6601265947e-06, 7.7990449654e-07, 9.22164247186e-07, 1.48859862747e-06, 7.193796705e-07, 2.91280372267e-07, 1.22595068319e-07, 3.12337704145e-07, 5.6199930043e-08, 6.51073008839e-08, 6.36664125864e-08, 5.85802446551e-08, 1.18576366503e-08, 1.31194566929e-12],
        "max": [0.0087217791006, 0.121442370117, 0.0788145363331, 0.0413060486317, 0.0428685285151, 0.0236296672374, 0.0312462858856, 0.012480773963, 0.0534775964916, 0.0574220754206, 0.0682057291269, 0.0153383780271, 0.0224657449871, 0.0221394822001, 0.00645032897592, 0.00602336367592, 0.0132598932832, 0.00906966533512, 0.00426730327308, 0.00239542266354, 0.00371511164121, 0.00162100419402, 0.0015176627785, 0.0015834257938, 0.00153638818301, 0.00075216422556, 1.00356683106e-05],
        "mean": [0.00043229261064, 0.00761500187218, 0.00189392291941, 0.00159178383183, 0.00157379952725, 0.00109264173079, 0.00138818833511, 0.000606038840488, 0.00229736207984, 0.00210271403193, 0.00225439178757, 0.000743700016756, 0.000865559850354, 0.000618726247922, 0.000366902590031, 0.000512967293616, 0.000573375902604, 0.000421548116719, 0.000259885156993, 0.000183702024515, 0.000153888366185, 8.1830075942e-05, 4.96342690894e-05, 4.26651677117e-05, 3.62046339433e-05, 1.42840799526e-05, 5.67330680212e-08],
        "median": [2.2419171728e-05, 0.00144085288048, 0.000263317255303, 0.000131462526042, 0.000376535113901, 0.000462019263068, 0.00062871479895, 0.00032625629683, 0.000606240879279, 0.00031526395469, 0.000534391612746, 0.000223831564654, 0.000230697653024, 0.000155603207531, 0.000165042685694, 0.000187173543964, 0.000207404751563, 0.000149240178871, 0.000112374582386, 7.29529565433e-05, 4.89727972308e-05, 3.05987960019e-05, 7.90452486399e-06, 4.90870343128e-06, 3.05569506054e-06, 4.3278373596e-07, 3.09723968694e-10],
        "min": [1.04061026462e-09, 1.27119683668e-08, 3.39636185842e-09, 5.56817314479e-10, 5.48064775785e-08, 8.23436266728e-07, 9.05303693344e-07, 6.43315900106e-07, 9.05174829313e-07, 2.8086265047e-07, 3.46581060739e-07, 2.22000224426e-07, 6.21568517545e-07, 6.88405407345e-07, 3.8603306507e-07, 7.70448991716e-07, 9.05217916625e-07, 1.61861316883e-06, 6.88660179549e-07, 4.35590408188e-07, 9.08485660034e-08, 1.06141655465e-07, 7.05668554701e-08, 2.72671503154e-08, 2.72587397099e-10, 4.42927248698e-12, 5.18629280147e-12],
        "var": [8.61104695105e-07, 0.000220006069867, 4.90938873554e-05, 2.65998169198e-05, 1.85497519851e-05, 3.74417095372e-06, 5.59753971174e-06, 8.51494860399e-07, 2.12750073842e-05, 2.83698282146e-05, 2.08505643968e-05, 2.85865962724e-06, 5.24622328157e-06, 3.15823558594e-06, 3.7745184045e-07, 6.94448658578e-07, 1.10164330636e-06, 5.73940155846e-07, 1.83923475561e-07, 7.74923449853e-08, 9.52818197675e-08, 2.03376302466e-08, 1.82312476227e-08, 1.63015290155e-08, 1.4732585818e-08, 2.96244162534e-09, 2.36269120588e-13]
    },
    "erbbands": {
        "dmean": [0.199417844415, 1.5885720253, 2.90558075905, 5.98375272751, 7.69394159317, 6.51192426682, 4.74093580246, 8.08382225037, 11.6114759445, 13.4705457687, 8.04010009766, 41.6855545044, 50.0875167847, 45.8870162964, 54.9093704224, 19.8310871124, 23.9550933838, 28.0982723236, 13.9306488037, 16.2452507019, 18.1845169067, 22.2260913849, 16.2428188324, 11.3131961823, 8.75775527954, 6.77787351608, 6.86605501175, 3.91773700714, 2.50581145287, 1.90839242935, 1.60822427273, 1.05624306202, 0.839665770531, 0.504728198051, 0.269903153181, 0.0873832479119, 0.0305537860841, 0.00275269546546, 7.14153575245e-05, 2.06582190003e-05],
        "dmean2": [0.342905402184, 2.67703437805, 5.29021310806, 11.0926179886, 14.2265834808, 11.7450828552, 8.16841983795, 12.9339828491, 18.6241817474, 20.6039886475, 12.6745882034, 64.1242980957, 73.7243270874, 75.8130569458, 89.2262954712, 30.3417930603, 38.1327476501, 42.6521186829, 21.796995163, 24.401506424, 28.5514278412, 34.9102668762, 24.5727596283, 17.3834381104, 14.0570201874, 10.916390419, 11.5376853943, 6.52354717255, 4.04763126373, 3.15197086334, 2.70526456833, 1.78857910633, 1.44828784466, 0.86655831337, 0.471576392651, 0.152211144567, 0.0536986850202, 0.00486261816695, 0.000125241058413, 3.32308773068e-05],
        "dvar": [0.134942546487, 13.4512176514, 90.1347579956, 281.583312988, 510.325714111, 297.092956543, 111.213935852, 219.484451294, 825.99987793, 447.854492188, 195.356033325, 8802.43652344, 16318.7070312, 19000.0117188, 13069.4736328, 2175.70483398, 4517.80322266, 5117.30761719, 577.482177734, 812.835144043, 946.77545166, 2089.60180664, 906.34375, 456.018096924, 240.997116089, 157.791534424, 305.926025391, 61.8077049255, 27.1191978455, 24.270401001, 18.8784008026, 9.98603153229, 6.93261051178, 2.45534276962, 0.97730588913, 0.101161368191, 0.0192026905715, 0.000191174141946, 1.04897495135e-07, 1.24202459428e-09],
        "dvar2": [0.338923662901, 35.4421577454, 259.515167236, 796.658691406, 1447.54260254, 846.740905762, 318.94039917, 507.483795166, 1936.35302734, 915.530029297, 512.11138916, 20580.7226562, 34863.1171875, 53275.3046875, 34902.2382812, 4659.55761719, 11248.0419922, 11212.9667969, 1405.78613281, 1902.49243164, 2319.84790039, 4353.31933594, 2114.94897461, 1072.73999023, 634.50970459, 415.085968018, 877.461730957, 171.041854858, 73.9576721191, 66.1190185547, 50.4263572693, 26.7413425446, 19.1466064453, 6.55585002899, 2.73050236702, 0.286159098148, 0.0553676970303, 0.000551012228243, 3.03185032635e-07, 3.40310313263e-09],
        "max": [3.94895529747, 30.4240627289, 80.0617294312, 118.908416748, 160.833786011, 153.907745361, 93.770866394, 226.223571777, 595.906311035, 250.598983765, 194.616943359, 1475.87121582, 1898.00476074, 2268.17626953, 1116.88000488, 586.822998047, 1051.35119629, 1313.52770996, 383.399353027, 365.816192627, 288.235076904, 868.658569336, 514.954406738, 281.995605469, 158.698486328, 137.215744019, 208.4034729, 61.7949409485, 57.7271652222, 48.8321609497, 38.778465271, 31.4116096497, 29.0910434723, 15.4041748047, 9.51920223236, 2.85684990883, 1.71210622787, 0.249584078789, 0.0049061095342, 0.000370096851839],
        "mean": [0.221943154931, 1.66425287724, 2.47787022591, 4.11166906357, 5.15565872192, 5.49488210678, 5.11229705811, 11.3092775345, 16.8588962555, 21.7477169037, 13.4058980942, 60.4561805725, 70.0413894653, 63.9081420898, 75.4278717041, 30.0210094452, 37.5374641418, 44.6445426941, 19.040845871, 24.1631221771, 25.8242435455, 33.5078620911, 24.4533176422, 16.5388469696, 12.1572284698, 8.95656871796, 7.61819410324, 4.66003894806, 2.9890537262, 1.91925418377, 1.42416656017, 0.929769456387, 0.735809981823, 0.455911695957, 0.21961030364, 0.0761571228504, 0.0260921046138, 0.00223358999938, 6.50607253192e-05, 3.5775006836e-05],
        "median": [0.033779412508, 0.271321028471, 0.434850126505, 0.507841348648, 0.668098390102, 1.34225785732, 1.96935784817, 5.03341674805, 8.29992103577, 11.3693571091, 7.79941415787, 15.1919784546, 16.9410018921, 18.4127655029, 21.4561538696, 11.6128997803, 12.0217437744, 10.6653203964, 9.64785194397, 9.55237579346, 10.9465360641, 12.8179683685, 8.97121238708, 6.55179071426, 5.11336708069, 3.60603475571, 2.38597607613, 1.7609102726, 1.22276198864, 0.508355915546, 0.246125981212, 0.100984148681, 0.0946999192238, 0.0461168549955, 0.0152185223997, 0.00366901792586, 0.000706549326424, 4.67952413601e-05, 1.59073260875e-05, 2.4866700187e-05],
        "min": [2.6561605182e-07, 3.83675023841e-06, 5.39537904842e-06, 2.81641428046e-06, 2.17081214942e-05, 0.000480166083435, 0.0053750439547, 0.00969099625945, 0.00904423929751, 0.0204918626696, 0.0157502479851, 0.0246364604682, 0.00946782249957, 0.0158053152263, 0.0109116369858, 0.0134928664193, 0.022851543501, 0.0257823988795, 0.0353682301939, 0.0308445692062, 0.0542878434062, 0.0480127222836, 0.0752377808094, 0.0784716978669, 0.0379721149802, 0.0239099096507, 0.00591416843235, 0.00307799922302, 0.00400731572881, 0.00302122463472, 0.00190618901979, 0.000781175680459, 0.000158372713486, 4.76525783597e-05, 2.11973588193e-06, 3.13070302127e-07, 1.07341989519e-07, 3.24940145902e-08, 7.68282362174e-08, 5.95134395098e-08],
        "var": [0.166287899017, 12.3375244141, 56.2374458313, 169.523208618, 305.532501221, 195.537826538, 88.4719314575, 453.544525146, 1340.47375488, 1044.19152832, 308.761535645, 14520.5507812, 25860.7851562, 19066.5996094, 17278.4355469, 3790.16748047, 6665.79345703, 15679.6533203, 745.082458496, 1427.01281738, 1460.03503418, 3698.84033203, 1621.43969727, 871.239074707, 338.486450195, 211.281829834, 250.360641479, 65.5782241821, 26.7067089081, 19.0947723389, 14.2867622375, 7.40082406998, 4.78716135025, 1.84909617901, 0.646690309048, 0.0737665519118, 0.0123562933877, 0.000117067866086, 6.39378043843e-08, 1.59540058942e-09]
    },
    "gfcc": {
        "mean": [-32.3112030029, 106.397789001, -154.310699463, 28.002696991, -64.577331543, 12.1234436035, -30.7601394653, 12.8848581314, -16.1364250183, -0.978647768497, -8.31234550476, -1.00876069069, -2.59078979492],
        "cov": [[6611.58203125, 94.9971008301, 1120.88671875, 350.952026367, 957.198913574, 610.987060547, 594.592102051, 411.694610596, -297.784606934, 255.489120483, -356.187164307, 249.311843872, 67.3918075562], [94.9971008301, 892.6328125, -0.0401746891439, 29.6574230194, 316.437988281, 70.1627655029, 348.613250732, 2.66588282585, 171.72845459, 19.9721927643, 132.918258667, -55.8186912537, 106.510009766], [1120.88671875, -0.0401746891439, 963.153442383, 191.596832275, 186.433258057, 276.835296631, 30.9329986572, 182.717529297, -86.6391220093, 134.153533936, -141.743286133, 64.7693252563, -88.3558273315], [350.952026367, 29.6574230194, 191.596832275, 303.906219482, 127.267333984, 51.2045822144, 20.4187374115, -2.78972196579, -31.903553009, -13.3862800598, -30.9136180878, -21.3281650543, -9.06402397156], [957.198913574, 316.437988281, 186.433258057, 127.267333984, 481.0050354, 218.008514404, 286.413543701, 99.8933334351, -13.8156023026, 67.5599517822, -13.9228420258, 59.5525398254, 31.1909046173], [610.987060547, 70.1627655029, 276.835296631, 51.2045822144, 218.008514404, 375.077484131, 202.245452881, 135.270812988, 13.852766037, 73.2203063965, -11.8956489563, 38.9098854065, 23.7245845795], [594.592102051, 348.613250732, 30.9329986572, 20.4187374115, 286.413543701, 202.245452881, 436.737457275, 161.732009888, 79.4341430664, 63.905456543, 27.4666404724, 52.346496582, 114.64225769], [411.694610596, 2.66588282585, 182.717529297, -2.78972196579, 99.8933334351, 135.270812988, 161.732009888, 245.651367188, 61.8369102478, 72.8144989014, -27.2893276215, 68.9124832153, 40.932975769], [-297.784606934, 171.72845459, -86.6391220093, -31.903553009, -13.8156023026, 13.852766037, 79.4341430664, 61.8369102478, 180.275909424, 39.8207550049, 71.1506118774, -8.6713552475, 62.6038970947], [255.489120483, 19.9721927643, 134.153533936, -13.3862800598, 67.5599517822, 73.2203063965, 63.905456543, 72.8144989014, 39.8207550049, 132.730377197, 17.6674633026, 52.6244430542, 9.25408267975], [-356.187164307, 132.918258667, -141.743286133, -30.9136180878, -13.9228420258, -11.8956489563, 27.4666404724, -27.2893276215, 71.1506118774, 17.6674633026, 138.437988281, 15.4101257324, 37.6506156921], [249.311843872, -55.8186912537, 64.7693252563, -21.3281650543, 59.5525398254, 38.9098854065, 52.346496582, 68.9124832153, -8.6713552475, 52.6244430542, 15.4101257324, 134.140930176, 37.0124359131], [67.3918075562, 106.510009766, -88.3558273315, -9.06402397156, 31.1909046173, 23.7245845795, 114.64225769, 40.932975769, 62.6038970947, 9.25408267975, 37.6506156921, 37.0124359131, 125.406997681]],
        "icov": [[0.00031780853169, 6.02045147389e-05, -0.000147866332554, -2.6518577215e-05, -0.000420764146838, 1.25551996462e-05, -0.000122873694636, -6.31049479125e-05, 0.000472120125778, -0.000349547946826, 0.000498227658682, 3.21968030903e-07, -0.00045238196617], [6.02045147389e-05, 0.00636842381209, -0.00361210294068, 0.00266571412794, -0.00478086946532, 0.00365847558714, -0.00431566732004, 0.00384323019534, -0.00489923963323, 0.00360789801925, -0.00550237298012, 0.0049976920709, -0.00224919593893], [-0.000147866332554, -0.00361210294068, 0.00466723972932, -0.00287933368236, 0.00300556793809, -0.00341749936342, 0.00312035926618, -0.00325369415805, 0.00318077462725, -0.00396214984357, 0.00448478804901, -0.00332194752991, 0.0026744583156], [-2.6518577215e-05, 0.00266571412794, -0.00287933368236, 0.00598116405308, -0.00370532716624, 0.00204805401154, -0.0011611742666, 0.00203770771623, -0.00213555758819, 0.00313869211823, -0.00288747483864, 0.00354291498661, -0.00225988449529], [-0.000420764146838, -0.00478086946532, 0.00300556793809, -0.00370532716624, 0.00907796435058, -0.00382029195316, -2.13255516428e-05, -0.0018415779341, 0.00382996001281, -0.00325074070133, 0.0039491718635, -0.00522395409644, 0.00390589446761], [1.25551996462e-05, 0.00365847558714, -0.00341749936342, 0.00204805401154, -0.00382029195316, 0.00725617771968, -0.00373281538486, 0.00119881134015, -0.00234156125225, 0.00201201369055, -0.00435921503231, 0.00390827376395, -0.00159945478663], [-0.000122873694636, -0.00431566732004, 0.00312035926618, -0.0011611742666, -2.13255516428e-05, -0.00373281538486, 0.00996540207416, -0.0053270063363, 0.00313579151407, -0.00268198433332, 0.00303746783175, -0.00169751024805, -0.0025922707282], [-6.31049479125e-05, 0.00384323019534, -0.00325369415805, 0.00203770771623, -0.0018415779341, 0.00119881134015, -0.0053270063363, 0.0118817109615, -0.00747358147055, 0.00204076198861, 0.000393094174797, -0.00117819895968, -0.000342561455909], [0.000472120125778, -0.00489923963323, 0.00318077462725, -0.00213555758819, 0.00382996001281, -0.00234156125225, 0.00313579151407, -0.00747358147055, 0.0165413692594, -0.00698351534083, -0.000151156884385, 0.00147815654054, -0.00307597359642], [-0.000349547946826, 0.00360789801925, -0.00396214984357, 0.00313869211823, -0.00325074070133, 0.00201201369055, -0.00268198433332, 0.00204076198861, -0.00698351534083, 0.0158118475229, -0.00554628716782, -0.000876763835549, 0.00101578538306], [0.000498227658682, -0.00550237298012, 0.00448478804901, -0.00288747483864, 0.0039491718635, -0.00435921503231, 0.00303746783175, 0.000393094174797, -0.000151156884385, -0.00554628716782, 0.0184797756374, -0.00812229048461, 0.00162778538652], [3.21968030903e-07, 0.0049976920709, -0.00332194752991, 0.00354291498661, -0.00522395409644, 0.00390827376395, -0.00169751024805, -0.00117819895968, 0.00147815654054, -0.000876763835549, -0.00812229048461, 0.017524657771, -0.00723979342729], [-0.00045238196617, -0.00224919593893, 0.0026744583156, -0.00225988449529, 0.00390589446761, -0.00159945478663, -0.0025922707282, -0.000342561455909, -0.00307597359642, 0.00101578538306, 0.00162778538652, -0.00723979342729, 0.0167696848512]]
    },
    "melbands": {
        "dmean": [0.00187338178512, 0.00170278258156, 0.00110874010716, 0.000513788778335, 0.000184129748959, 0.00017571549688, 0.00017672755348, 0.000135466762003, 7.46312871343e-05, 0.00027828651946, 0.000256068684394, 0.000189970261999, 0.000218210363528, 6.15298558841e-05, 5.45637776668e-05, 7.00712917023e-05, 5.00143760291e-05, 2.20096389967e-05, 2.19673693209e-05, 2.72986453638e-05, 2.23593578994e-05, 2.52148947766e-05, 1.93859814317e-05, 1.28650935949e-05, 9.49083187152e-06, 7.36133370083e-06, 5.02889270138e-06, 4.82173118144e-06, 4.70054010293e-06, 3.11576491185e-06, 2.08406049751e-06, 1.56911016802e-06, 1.17236811548e-06, 1.02417618564e-06, 9.41054793202e-07, 8.19742922431e-07, 6.10627068909e-07, 6.22301683961e-07, 5.18939259564e-07, 3.99766037162e-07],
        "dmean2": [0.00313340802677, 0.00290196365677, 0.0020552102942, 0.000936875119805, 0.000316569436109, 0.000281620159512, 0.000282259745291, 0.000206393291592, 0.00012296953355, 0.000428295141319, 0.000378656113753, 0.000310925563099, 0.000354790885467, 9.7156575066e-05, 8.0454730778e-05, 0.000110880762804, 7.6682503277e-05, 3.5208700865e-05, 3.3619475289e-05, 4.20812830271e-05, 3.58564902854e-05, 4.02311598009e-05, 3.02461194224e-05, 2.01509319595e-05, 1.45818785313e-05, 1.21781149574e-05, 7.99224562797e-06, 7.97926259111e-06, 7.96262156655e-06, 5.23995140611e-06, 3.44672707797e-06, 2.57755255006e-06, 1.88866647477e-06, 1.74033345957e-06, 1.60754052558e-06, 1.35726077133e-06, 1.04855223526e-06, 1.08541723876e-06, 8.81924677287e-07, 6.86860346377e-07],
        "dvar": [1.36681792355e-05, 2.03931740543e-05, 9.22959497984e-06, 1.98467046175e-06, 1.76122554763e-07, 1.00810588322e-07, 1.5181119295e-07, 4.54865514143e-08, 2.79163625549e-08, 4.14503972479e-07, 4.48146948884e-07, 2.91307628686e-07, 2.66044310138e-07, 1.58965693942e-08, 1.94011438026e-08, 4.67616345645e-08, 1.62286397654e-08, 1.483985268e-09, 1.99976901705e-09, 2.72591904604e-09, 1.74034209266e-09, 2.76515055297e-09, 1.5186353286e-09, 7.39729000276e-10, 3.30670518744e-10, 2.02185004849e-10, 6.32493432629e-11, 9.70170679904e-11, 1.48341616768e-10, 4.70925000384e-11, 1.63324753027e-11, 1.12591611381e-11, 5.85077515949e-12, 9.2007053018e-12, 6.82138677141e-12, 5.13708043118e-12, 3.50921245187e-12, 4.02156259682e-12, 2.37010844978e-12, 1.54825382116e-12],
        "dvar2": [3.4735778172e-05, 5.58147767151e-05, 2.60717624769e-05, 5.59501677344e-06, 5.10595668857e-07, 2.2970746727e-07, 3.53610687398e-07, 9.48149789792e-08, 7.54704458927e-08, 9.78447815214e-07, 9.49527191096e-07, 7.9545486642e-07, 7.31248064767e-07, 4.11470466588e-08, 3.55183722434e-08, 1.05408339834e-07, 3.50325386478e-08, 3.50910567271e-09, 4.72852912381e-09, 6.49528653085e-09, 4.47593873076e-09, 5.76622083415e-09, 3.60183372017e-09, 1.64209446041e-09, 7.60232599095e-10, 5.44290224003e-10, 1.54059209834e-10, 2.59815974291e-10, 4.2564282654e-10, 1.33371452771e-10, 4.42002233425e-11, 3.10851136498e-11, 1.52132854925e-11, 2.56314726388e-11, 1.86212677222e-11, 1.32480554305e-11, 9.54602369374e-12, 1.12388050255e-11, 6.33289904892e-12, 4.15510247737e-12],
        "max": [0.0324151143432, 0.0340159758925, 0.0203571412712, 0.0103041473776, 0.00391907198355, 0.00481687672436, 0.00774693954736, 0.00305966264568, 0.00224181846716, 0.00947873201221, 0.00984344631433, 0.0084503274411, 0.00584092922509, 0.00150722195394, 0.00200710608624, 0.00291613209993, 0.00225234404206, 0.000557618099265, 0.000595881487243, 0.00053648656467, 0.000477573805256, 0.00102083524689, 0.000501423783135, 0.000552380981389, 0.000272916426184, 0.000164420023793, 7.49170430936e-05, 0.00012106399663, 0.000151144151459, 5.61111373827e-05, 3.65983214579e-05, 3.78547774744e-05, 2.57679294009e-05, 3.15746437991e-05, 2.41927064053e-05, 2.27317905228e-05, 2.02165629162e-05, 2.22387297981e-05, 1.7666057829e-05, 1.09563197839e-05],
        "mean": [0.00210445816629, 0.00166948453989, 0.000753675180022, 0.000383051199606, 0.000196708089788, 0.000249735981924, 0.000261894369032, 0.000217411230551, 0.000111360204755, 0.000394874543417, 0.000347870838596, 0.000256698578596, 0.000288226845441, 8.65159308887e-05, 7.55214568926e-05, 0.000106133702502, 7.57632078603e-05, 2.73274072242e-05, 2.77662893495e-05, 3.87149557355e-05, 2.7639003747e-05, 3.60308731615e-05, 2.73015339189e-05, 1.83706488315e-05, 1.28954925458e-05, 9.19900412555e-06, 7.28872282707e-06, 5.68743371332e-06, 5.01533395436e-06, 3.4818401673e-06, 2.45339583671e-06, 1.7920059463e-06, 1.3575676121e-06, 9.09862194476e-07, 7.94201184817e-07, 7.57765690196e-07, 5.10090671924e-07, 5.37363348485e-07, 4.55528208931e-07, 3.57263672868e-07],
        "median": [0.000390170462197, 0.000325173285091, 9.83893478406e-05, 7.54789216444e-05, 7.90540216258e-05, 0.0001106714044, 0.000125873819343, 0.000116715105833, 5.2532646805e-05, 9.1465190053e-05, 7.22357872291e-05, 5.77893115405e-05, 7.09884116077e-05, 3.22074301948e-05, 2.17153719859e-05, 2.30561126955e-05, 1.65598703461e-05, 1.30582548081e-05, 1.19010246635e-05, 1.29545915115e-05, 1.06125744423e-05, 1.30391890707e-05, 8.9792019935e-06, 6.27202143733e-06, 4.78890933664e-06, 3.89945171264e-06, 3.00114515994e-06, 2.07121183848e-06, 1.49497827806e-06, 1.10769406092e-06, 9.32272030241e-07, 6.48868137887e-07, 5.25961354469e-07, 1.62453147823e-07, 1.39732335924e-07, 1.07200698096e-07, 5.07396187288e-08, 7.57996829748e-08, 3.80362195074e-08, 4.11566318803e-08],
        "min": [2.68861111152e-09, 3.53955909027e-09, 3.45632744647e-10, 5.99071681151e-09, 1.62516002433e-07, 1.49924062498e-07, 1.49971242536e-07, 2.10504438769e-07, 9.19574816294e-08, 1.32423167543e-07, 3.3439057745e-08, 6.088046689e-08, 4.10270217799e-08, 2.56762913153e-08, 3.83055080988e-08, 5.6301093565e-08, 4.67195988563e-08, 4.06573477107e-08, 2.40714967958e-08, 6.72147351111e-08, 4.93696390436e-08, 5.4015849571e-08, 3.4909806601e-08, 6.78495837292e-08, 6.24373512892e-08, 1.78146404295e-08, 2.46597178233e-08, 1.0403567785e-08, 3.75629038984e-09, 1.92955185163e-09, 1.65016234011e-09, 2.20902540704e-09, 2.21275997525e-09, 1.42990175256e-09, 1.18241472169e-09, 1.96108435047e-10, 2.40591685463e-10, 1.00060348895e-10, 1.45588905515e-11, 4.76190918294e-12],
