{
"highlevel": {
    "danceability": {
        "all": {
            "danceable": 0.710438072681,
            "not_danceable": 0.289561957121
        },
        "probability": 0.710438072681,
        "value": "danceable"
    },
    "gender": {
        "all": {
            "female": 0.0739335715771,
            "male": 0.926066458225
        },
        "probability": 0.926066458225,
        "value": "male"
    },
    "genre_dortmund": {
        "all": {
            "alternative": 0.197612434626,
            "blues": 0.0120768323541,
            "electronic": 0.0332390516996,
            "folkcountry": 0.025243261829,
            "funksoulrnb": 0.00319476239383,
            "jazz": 0.0158966500312,
            "pop": 0.0448315478861,
            "raphiphop": 0.00347538711503,
            "rock": 0.664430081844
        },
        "probability": 0.664430081844,
        "value": "rock"
    },
    "genre_electronic": {
        "all": {
            "ambient": 0.249572083354,
            "dnb": 0.534981191158,
            "house": 0.0366763137281,
            "techno": 0.00978698115796,
            "trance": 0.168983414769
        },
        "probability": 0.534981191158,
        "value": "dnb"
    },
    "genre_rosamerica": {
        "all": {
            "cla": 0.000292888609692,
            "dan": 0.0152215687558,
            "hip": 0.00302243605256,
            "jaz": 0.0011992714135,
            "pop": 0.0143710821867,
            "rhy": 0.000668376393151,
            "roc": 0.964716613293,
            "spe": 0.000507750664838
        },
        "probability": 0.964716613293,
        "value": "roc"
    },
    "genre_tzanetakis": {
        "all": {
            "blu": 0.0626541376114,
            "cla": 0.0348133966327,
            "cou": 0.0783501937985,
            "dis": 0.104547761381,
            "hip": 0.15693578124,
            "jaz": 0.313987255096,
            "met": 0.044816005975,
            "pop": 0.0627349764109,
            "reg": 0.0627352520823,
            "roc": 0.0784252434969
        },
        "probability": 0.313987255096,
        "value": "jaz"
    },
    "ismir04_rhythm": {
        "all": {
            "ChaChaCha": 0.30974406004,
            "Jive": 0.23322032392,
            "Quickstep": 0.117588482797,
            "Rumba-American": 0.0117043135688,
            "Rumba-International": 0.0151897417381,
            "Rumba-Misc": 0.00769246695563,
            "Samba": 0.235314577818,
            "Tango": 0.0298364199698,
            "VienneseWaltz": 0.0309548527002,
            "Waltz": 0.008754754439
        },
        "probability": 0.30974406004,
        "value": "ChaChaCha"
    },
    "mood_acoustic": {
        "all": {
            "acoustic": 0.0035442840308,
            "not_acoustic": 0.996455729008
        },
        "probability": 0.996455729008,
        "value": "not_acoustic"
    },
    "mood_aggressive": {
        "all": {
            "aggressive": 0.981147587299,
            "not_aggressive": 0.0188524220139
        },
        "probability": 0.981147587299,
        "value": "aggressive"
    },
    "mood_electronic": {
        "all": {
            "electronic": 0.232582226396,
            "not_electronic": 0.767417788506
        },
        "probability": 0.767417788506,
        "value": "not_electronic"
    },
    "mood_happy": {
        "all": {
            "happy": 0.0112295495346,
            "not_happy": 0.98877042532
        },
        "probability": 0.98877042532,
        "value": "not_happy"
    },
    "mood_party": {
        "all": {
            "not_party": 0.479127496481,
            "party": 0.520872533321
        },
        "probability": 0.520872533321,
        "value": "party"
    },
    "mood_relaxed": {
        "all": {
            "not_relaxed": 0.967898905277,
            "relaxed": 0.0321011207998
        },
        "probability": 0.967898905277,
        "value": "not_relaxed"
    },
    "mood_sad": {
        "all": {
            "not_sad": 0.755818247795,
            "sad": 0.244181767106
        },
        "probability": 0.755818247795,
        "value": "not_sad"
    },
    "moods_mirex": {
        "all": {
            "Cluster1": 0.453371912241,
            "Cluster2": 0.093517549336,
            "Cluster3": 0.146807521582,
            "Cluster4": 0.0197506416589,
            "Cluster5": 0.286552369595
        },
        "probability": 0.453371912241,
        "value": "Cluster1"
    },
    "timbre": {
        "all": {
            "bright": 0.353474855423,
            "dark": 0.646525144577
        },
        "probability": 0.646525144577,
        "value": "dark"
    },
    "tonal_atonal": {
        "all": {
            "atonal": 0.00882442202419,
            "tonal": 0.991175591946
        },
        "probability": 0.991175591946,
        "value": "tonal"
    },
    "voice_instrumental": {
        "all": {
            "instrumental": 0.226318046451,
            "voice": 0.773681938648
        },
        "probability": 0.773681938648,
        "value": "voice"
    }
},
"lowlevel": {
    "average_loudness": 0.969852209091,
    "barkbands_crest": {
        "dmean": 2.74677824974,
        "dmean2": 4.64889192581,
        "dvar": 5.95785951614,
        "dvar2": 18.0959453583,
        "max": 19.9578227997,
        "mean": 8.7556848526,
        "median": 8.28084945679,
        "min": 2.6378736496,
        "var": 10.2632055283
    },
    "barkbands_flatness_db": {
        "dmean": 0.0217479206622,
        "dmean2": 0.0354390740395,
        "dvar": 0.000472779152915,
        "dvar2": 0.00131431012414,
        "max": 0.277600377798,
        "mean": 0.120450906456,
        "median": 0.109954886138,
        "min": 0.0367190390825,
        "var": 0.00188326835632
    },
    "barkbands_kurtosis": {
        "dmean": 2.51006913185,
        "dmean2": 4.17867851257,
        "dvar": 17.0932674408,
        "dvar2": 45.7826538086,
        "max": 31.715801239,
        "mean": 2.00611591339,
        "median": 0.555485010147,
        "min": -1.73082458973,
        "var": 18.0797748566
    },
    "barkbands_skewness": {
        "dmean": 0.570150792599,
        "dmean2": 0.902830600739,
        "dvar": 0.407871931791,
        "dvar2": 1.06174039841,
        "max": 5.33510351181,
        "mean": 1.47199368477,
        "median": 1.2723852396,
        "min": -0.563579380512,
        "var": 0.743576526642
    },
    "barkbands_spread": {
        "dmean": 7.00694465637,
        "dmean2": 11.1522321701,
        "dvar": 47.7886047363,
        "dvar2": 116.477912903,
        "max": 83.6422042847,
        "mean": 32.057800293,
        "median": 31.0859603882,
        "min": 5.45091056824,
        "var": 158.239334106
    },
    "dissonance": {
        "dmean": 0.0111604249105,
        "dmean2": 0.0187902189791,
        "dvar": 8.28414849821e-05,
        "dvar2": 0.000230789926718,
        "max": 0.499999463558,
        "mean": 0.478604614735,
        "median": 0.480895668268,
        "min": 0.430022895336,
        "var": 0.000165711957379
    },
    "dynamic_complexity": 1.31188154221,
    "erbbands_crest": {
        "dmean": 1.98750555515,
        "dmean2": 3.28805065155,
        "dvar": 3.67919778824,
        "dvar2": 9.45706748962,
        "max": 20.5302829742,
        "mean": 6.39696931839,
        "median": 5.78240203857,
        "min": 2.42272138596,
        "var": 7.40327739716
    },
    "erbbands_flatness_db": {
        "dmean": 0.0137030407786,
        "dmean2": 0.0182095635682,
        "dvar": 0.000187781770364,
        "dvar2": 0.000299548642943,
        "max": 0.253335505724,
        "mean": 0.125271186233,
        "median": 0.112023800611,
        "min": 0.0602539032698,
        "var": 0.00179905421101
    },
    "erbbands_kurtosis": {
        "dmean": 0.422329455614,
        "dmean2": 0.674309432507,
        "dvar": 0.194568827748,
        "dvar2": 0.490978747606,
        "max": 3.63773441315,
        "mean": -0.509463787079,
        "median": -0.660673141479,
        "min": -1.62756407261,
        "var": 0.435513347387
    },
    "erbbands_skewness": {
        "dmean": 0.264890551567,
        "dmean2": 0.419124931097,
        "dvar": 0.0450224094093,
        "dvar2": 0.11070920527,
        "max": 1.07496023178,
        "mean": -0.23806977272,
        "median": -0.246988639235,
        "min": -1.95972442627,
        "var": 0.172576278448
    },
    "erbbands_spread": {
        "dmean": 8.20787334442,
        "dmean2": 12.2215194702,
        "dvar": 59.3791923523,
        "dvar2": 142.653121948,
        "max": 103.460372925,
        "mean": 48.2195129395,
        "median": 46.2064857483,
        "min": 15.7243299484,
        "var": 203.947387695
    },
    "hfc": {
        "dmean": 7.49914979935,
        "dmean2": 10.1069555283,
        "dvar": 94.3858413696,
        "dvar2": 179.828521729,
        "max": 132.635345459,
        "mean": 29.9566173553,
        "median": 27.2726974487,
        "min": 4.09634542465,
        "var": 268.226226807
    },
    "melbands_crest": {
        "dmean": 3.46997380257,
        "dmean2": 5.67791938782,
        "dvar": 8.93072795868,
        "dvar2": 22.6064052582,
        "max": 27.333404541,
        "mean": 14.6779203415,
        "median": 14.0767049789,
        "min": 3.90500450134,
        "var": 20.88007164
    },
    "melbands_flatness_db": {
        "dmean": 0.0288618113846,
        "dmean2": 0.0459535717964,
        "dvar": 0.000833705009427,
        "dvar2": 0.00228146230802,
        "max": 0.373816132545,
        "mean": 0.176560416818,
        "median": 0.164952710271,
        "min": 0.0546272620559,
        "var": 0.00333631131798
    },
    "melbands_kurtosis": {
        "dmean": 8.83761024475,
        "dmean2": 14.6943998337,
        "dvar": 217.592346191,
        "dvar2": 575.174072266,
        "max": 136.178329468,
        "mean": 13.3385763168,
        "median": 8.44093227386,
        "min": -0.58447766304,
        "var": 230.361419678
    },
    "melbands_skewness": {
        "dmean": 0.895909011364,
        "dmean2": 1.43070375919,
        "dvar": 1.11058592796,
        "dvar2": 2.8320171833,
        "max": 10.2152271271,
        "mean": 3.07835078239,
        "median": 2.80343723297,
        "min": 0.524355828762,
        "var": 1.9167894125
    },
    "melbands_spread": {
        "dmean": 8.22612380981,
        "dmean2": 12.6511955261,
        "dvar": 63.7146987915,
        "dvar2": 157.419494629,
        "max": 118.155693054,
        "mean": 26.7874336243,
        "median": 25.5451259613,
        "min": 2.98955154419,
        "var": 190.83770752
    },
    "pitch_salience": {
        "dmean": 0.0787668153644,
        "dmean2": 0.129483953118,
        "dvar": 0.00531431706622,
        "dvar2": 0.0147890402004,
        "max": 0.792425990105,
        "mean": 0.5343080163,
        "median": 0.538940370083,
        "min": 0.205241426826,
        "var": 0.00964232254773
    },
    "silence_rate_20dB": {
        "dmean": 0,
        "dmean2": 0,
        "dvar": 0,
        "dvar2": 0,
        "max": 1,
        "mean": 1,
        "median": 1,
        "min": 1,
        "var": 0
    },
    "silence_rate_30dB": {
        "dmean": 0.0572755411267,
        "dmean2": 0.114639811218,
        "dvar": 0.0539951846004,
        "dvar2": 0.146424219012,
        "max": 1,
        "mean": 0.965197205544,
        "median": 1,
        "min": 0,
        "var": 0.0335918068886
    },
    "silence_rate_60dB": {
        "dmean": 0,
        "dmean2": 0,
        "dvar": 0,
        "dvar2": 0,
        "max": 0,
        "mean": 0,
        "median": 0,
        "min": 0,
        "var": 0
    },
    "spectral_centroid": {
        "dmean": 266.91796875,
        "dmean2": 419.049957275,
        "dvar": 56891.5,
        "dvar2": 144030.234375,
        "max": 3488.21582031,
        "mean": 1660.52148438,
        "median": 1655.39025879,
        "min": 568.029052734,
        "var": 190815.453125
    },
    "spectral_complexity": {
        "dmean": 4.49071216583,
        "dmean2": 6.66150283813,
        "dvar": 15.7082042694,
        "dvar2": 28.8916168213,
        "max": 54,
        "mean": 29.6651191711,
        "median": 29,
        "min": 9,
        "var": 61.3317756653
    },
    "spectral_decrease": {
        "dmean": 4.70662309127e-09,
        "dmean2": 7.40585059944e-09,
        "dvar": 4.60588988146e-17,
        "dvar2": 1.08632670317e-16,
        "max": -1.7305933353e-09,
        "mean": -1.01004351549e-08,
        "median": -7.62341478833e-09,
        "min": -4.25076613908e-08,
        "var": 5.74619210483e-17
    },
    "spectral_energy": {
        "dmean": 0.0181831754744,
        "dmean2": 0.028405494988,
        "dvar": 0.000667717366014,
        "dvar2": 0.00155995390378,
        "max": 0.165125638247,
        "mean": 0.040838509798,
        "median": 0.0312736220658,
        "min": 0.00792129710317,
        "var": 0.000853080768138
    },
    "spectral_energyband_high": {
        "dmean": 0.000541121698916,
        "dmean2": 0.000753248343244,
        "dvar": 7.26973553355e-07,
        "dvar2": 1.43937973007e-06,
        "max": 0.0117745511234,
        "mean": 0.0015506251948,
        "median": 0.00117122824304,
        "min": 1.51768817886e-05,
        "var": 2.35367770074e-06
    },
    "spectral_energyband_low": {
        "dmean": 0.0153717091307,
        "dmean2": 0.0252723339945,
        "dvar": 0.000687786319759,
        "dvar2": 0.0017048191512,
        "max": 0.153862506151,
        "mean": 0.0222762171179,
        "median": 0.0133251501247,
        "min": 0.000802575785201,
        "var": 0.000704659963958
    },
    "spectral_energyband_middle_high": {
        "dmean": 0.00177814601921,
        "dmean2": 0.00266704987735,
        "dvar": 3.54961389348e-06,
        "dvar2": 7.82045208325e-06,
        "max": 0.0222992226481,
        "mean": 0.00662969984114,
        "median": 0.0059632495977,
        "min": 0.0011657824507,
        "var": 1.37231854751e-05
    },
    "spectral_energyband_middle_low": {
        "dmean": 0.00595042109489,
        "dmean2": 0.0097726918757,
        "dvar": 8.59888459672e-05,
        "dvar2": 0.000217285822146,
        "max": 0.102154113352,
        "mean": 0.0125066069886,
        "median": 0.0101048266515,
        "min": 0.00156557385344,
        "var": 9.48368542595e-05
    },
    "spectral_entropy": {
        "dmean": 0.105154246092,
        "dmean2": 0.152361020446,
        "dvar": 0.011902696453,
        "dvar2": 0.0225358363241,
        "max": 8.65838432312,
        "mean": 7.82358598709,
        "median": 7.91972208023,
        "min": 6.77551841736,
        "var": 0.107539318502
    },
    "spectral_flux": {
        "dmean": 0.0358587317169,
        "dmean2": 0.0553894750774,
        "dvar": 0.00184077001177,
        "dvar2": 0.00431384472176,
        "max": 0.345807939768,
        "mean": 0.111316338181,
        "median": 0.0915761962533,
        "min": 0.0289919506758,
        "var": 0.00326413172297
    },
    "spectral_kurtosis": {
        "dmean": 1.26532828808,
        "dmean2": 2.13540005684,
        "dvar": 3.35874462128,
        "dvar2": 9.7736492157,
        "max": 18.4223899841,
        "mean": 3.59248566628,
        "median": 2.99309492111,
        "min": -0.0654735565186,
        "var": 5.0643954277
    },
    "spectral_rms": {
        "dmean": 0.00122483703308,
        "dmean2": 0.00185282062739,
        "dvar": 2.06967956728e-06,
        "dvar2": 4.59135708297e-06,
        "max": 0.0126924458891,
        "mean": 0.00602412549779,
        "median": 0.00552366301417,
        "min": 0.00277994503267,
        "var": 3.55232509719e-06
    },
    "spectral_rolloff": {
        "dmean": 679.713256836,
        "dmean2": 1100.64550781,
        "dvar": 565703.3125,
        "dvar2": 1206467.75,
        "max": 10335.9375,
        "mean": 1704.28881836,
        "median": 1679.58984375,
        "min": 107.666015625,
        "var": 1550555.625
    },
    "spectral_skewness": {
        "dmean": 0.16134762764,
        "dmean2": 0.266878426075,
        "dvar": 0.0300356540829,
        "dvar2": 0.0817068517208,
        "max": 2.85345625877,
        "mean": 1.32961976528,
        "median": 1.33982276917,
        "min": 0.553177893162,
        "var": 0.0511923097074
    },
    "spectral_spread": {
        "dmean": 438938.40625,
        "dmean2": 619839.5625,
        "dvar": 198692143104,
        "dvar2": 362319380480,
        "max": 9882390,
        "mean": 4748095,
        "median": 5099010,
        "min": 1818296,
        "var": 2.15472891494e+12
    },
    "spectral_strongpeak": {
        "dmean": 0.330357402563,
        "dmean2": 0.591352641582,
        "dvar": 0.298898905516,
        "dvar2": 0.826816618443,
        "max": 5.5876789093,
        "mean": 0.488743156195,
        "median": 0.350418657064,
        "min": 0.0581006631255,
        "var": 0.265048593283
    },
    "zerocrossingrate": {
        "dmean": 0.010505605489,
        "dmean2": 0.0129748163745,
        "dvar": 0.000103804646642,
        "dvar2": 0.000148770515807,
        "max": 0.26123046875,
        "mean": 0.0720583051443,
        "median": 0.0703125,
        "min": 0.0126953125,
        "var": 0.000966336578131
    },
    "barkbands": {
        "dmean": [0.000116123723274, 0.00990098435432, 0.00609546946362, 0.00305197178386, 0.00242880894803, 0.000911596929654, 0.000778129207902, 0.000916375196539, 0.000714005494956, 0.000527721829712, 0.000333190255333, 0.000325008470099, 0.000261989422143, 0.000386041210731, 0.000339798949426, 0.000498644832987, 0.000381617981475, 0.000321006722515, 0.000215973734157, 0.000152223947225, 0.000142648626934, 0.000145528509165, 9.34391791816e-05, 9.16836288525e-05, 9.70027540461e-05, 6.24513631919e-05, 8.3515310223e-08],
        "dmean2": [0.000196724824491, 0.017229532823, 0.00993612408638, 0.00533795310184, 0.00407903920859, 0.00149288435932, 0.00128179544117, 0.00154690886848, 0.00114525959361, 0.000834917125758, 0.000530887162313, 0.000511469203047, 0.00042644966743, 0.000627293076832, 0.000544359209016, 0.000809862278402, 0.000610579678323, 0.000517030421179, 0.000345248816302, 0.000242725654971, 0.000217048218474, 0.000220925750909, 0.000138480303576, 0.000135101901833, 0.000142104312545, 9.24254854908e-05, 1.44699725979e-07],
        "dvar": [3.96228045929e-08, 0.000277165410807, 0.000143282100908, 2.70245309366e-05, 1.99282712856e-05, 2.91038463729e-06, 1.53846781359e-06, 2.99010685012e-06, 1.07707535335e-06, 9.41381244957e-07, 2.35153649442e-07, 2.65380350584e-07, 2.01491658913e-07, 3.54827221827e-07, 2.71703527233e-07, 4.28879843639e-07, 1.80934506488e-07, 1.30249006247e-07, 6.54044143289e-08, 3.81040159425e-08, 4.14883416511e-08, 4.25777741953e-08, 2.5203879872e-08, 2.615998973e-08, 3.23490603193e-08, 1.53682790938e-08, 7.90207810753e-14],
        "dvar2": [1.01732531732e-07, 0.000760218885262, 0.000353875133442, 7.33184133423e-05, 5.30113647983e-05, 7.58721080274e-06, 3.68094038095e-06, 7.37209711588e-06, 2.84763791569e-06, 2.17811748371e-06, 5.42616248822e-07, 6.47888327876e-07, 4.83569465359e-07, 8.8101143092e-07, 6.66732830723e-07, 1.04433638626e-06, 4.55125018561e-07, 3.27469820149e-07, 1.58040421638e-07, 9.80806618145e-08, 9.3722519523e-08, 1.00698969163e-07, 5.32856070379e-08, 5.1635087317e-08, 6.82579326394e-08, 3.56146436786e-08, 1.8963544385e-13],
        "max": [0.0019521106733, 0.107377581298, 0.0954120829701, 0.0424928590655, 0.0584131777287, 0.0189594402909, 0.0132601475343, 0.0204262584448, 0.0105868447572, 0.0166600830853, 0.00888835545629, 0.0052363066934, 0.00545940781012, 0.00889006815851, 0.00561100617051, 0.00814769975841, 0.00445165066049, 0.00356605486013, 0.00297991838306, 0.0023215690162, 0.00292238313705, 0.00286918296479, 0.00212267739698, 0.00264423014596, 0.00286291213706, 0.00146266946103, 3.49085962625e-06],
        "mean": [0.000137995972182, 0.0120820039883, 0.00803997647017, 0.00327880424447, 0.00361006031744, 0.00150645384565, 0.00123153452296, 0.0013857150916, 0.00129914423451, 0.000808279670309, 0.000532394100446, 0.000561795895919, 0.000412949564634, 0.000648585730232, 0.000578160514124, 0.00104921625461, 0.000764763739426, 0.00071419950109, 0.000481748109451, 0.000322475505527, 0.000330471200868, 0.000334096868755, 0.000209738253034, 0.000201554634259, 0.000204196941922, 0.000112176618131, 5.88989337302e-08],
        "median": [6.89759763191e-05, 0.00684286560863, 0.00446440372616, 0.00163586332928, 0.00225187558681, 0.00090792455012, 0.000781810143963, 0.000754369364586, 0.000739166687708, 0.000336635916028, 0.0003211570438, 0.000299212930258, 0.000207241086173, 0.000373570946977, 0.000326478591887, 0.000680501747411, 0.000592800206505, 0.000551037490368, 0.000396971503505, 0.000244355673203, 0.000235780054936, 0.000244099675911, 0.000142810546095, 0.000135817928822, 0.000126724306028, 6.16081233602e-05, 1.22815579928e-09],
        "min": [2.44865248078e-07, 0.000135084352223, 4.43231547251e-05, 9.55432733463e-06, 3.49069050571e-05, 2.79172927549e-05, 1.74968954525e-05, 4.76172717754e-05, 2.3942475309e-05, 2.23102033488e-05, 1.53470246005e-05, 1.51100803123e-05, 1.5193551917e-05, 2.05938686122e-05, 2.05449923669e-05, 6.43591265543e-05, 6.37665871182e-05, 3.56344644388e-05, 1.95908451133e-05, 1.01090472526e-05, 4.12128247262e-06, 1.26107329379e-06, 1.53472129227e-07, 2.69440363354e-08, 3.02325220414e-10, 2.27462389202e-11, 7.26600203615e-12],
        "var": [4.14572660645e-08, 0.000249860284384, 0.000131085354951, 2.20774163608e-05, 1.99963360501e-05, 3.4567253806e-06, 2.05768242267e-06, 3.89769456888e-06, 2.41566226578e-06, 1.86293777915e-06, 4.6099694373e-07, 5.62423508654e-07, 3.52232092382e-07, 5.8532998537e-07, 5.01793806507e-07, 1.04796572487e-06, 3.4876012478e-07, 2.88968976747e-07, 1.34579678956e-07, 7.65720855611e-08, 1.16599906619e-07, 1.18414021699e-07, 6.22201881129e-08, 6.8281401866e-08, 7.45637294131e-08, 2.86131740523e-08, 6.20599830748e-14]
    },
    "erbbands": {
        "dmean": [0.162446513772, 2.66456055641, 7.03616285324, 9.02433776855, 9.58057594299, 7.17901468277, 8.28486156464, 6.65097856522, 11.169503212, 11.6248073578, 22.2757015228, 14.0811014175, 14.1887636185, 14.4538040161, 12.328994751, 11.9983530045, 10.5875759125, 14.0969982147, 20.5475673676, 19.0973491669, 25.1841106415, 23.1249599457, 17.9111480713, 11.5177221298, 9.63392543793, 7.28565740585, 5.8660531044, 5.66522026062, 5.05820512772, 4.59043073654, 2.33673548698, 1.77252423763, 1.68105900288, 1.11312508583, 0.774799466133, 0.318247258663, 0.111177392304, 0.0100982906297, 0.000187967627426, 2.6606305255e-05],
        "dmean2": [0.291486263275, 4.59860754013, 11.5567493439, 15.3809986115, 16.6224327087, 11.9469957352, 13.6854095459, 10.8265008926, 17.9299621582, 19.678144455, 36.541973114, 23.1383743286, 22.8471984863, 22.6624221802, 19.7368431091, 18.8320236206, 17.450460434, 22.6144332886, 33.0015563965, 30.7669315338, 40.853225708, 36.8423156738, 28.9670352936, 18.4545097351, 15.4854946136, 11.3769617081, 9.11637783051, 8.58178043365, 7.81429052353, 6.98150205612, 3.49710392952, 2.64906740189, 2.50739240646, 1.66766083241, 1.16482591629, 0.477356463671, 0.166647896171, 0.015915280208, 0.000283351866528, 3.81953250326e-05],
        "dvar": [0.053137075156, 21.0750999451, 182.484191895, 229.680526733, 390.969543457, 177.663131714, 230.290969849, 201.248916626, 386.398010254, 365.483398438, 1787.48852539, 487.557617188, 609.291442871, 813.221679688, 365.730895996, 396.929962158, 257.886688232, 620.390075684, 1121.3203125, 859.823120117, 1394.61608887, 736.340698242, 417.409545898, 180.346221924, 136.875320435, 95.851234436, 62.4264144897, 68.1720581055, 51.029586792, 49.6858940125, 16.5478839874, 9.3393611908, 9.03516387939, 4.30431222916, 2.09266090393, 0.394007325172, 0.0500097647309, 0.000406530016335, 1.39356416184e-07, 1.24164312165e-09],
        "dvar2": [0.158256411552, 56.6997680664, 443.066619873, 585.175170898, 1040.56628418, 474.026519775, 607.915710449, 517.739807129, 918.308166504, 969.484130859, 4229.03271484, 1327.67895508, 1517.46838379, 1946.02575684, 910.09954834, 938.415588379, 649.057373047, 1433.85412598, 2794.46386719, 2180.9375, 3484.31787109, 1864.21923828, 1055.71606445, 454.994720459, 320.021911621, 253.263366699, 148.506225586, 150.825576782, 119.276145935, 115.278686523, 35.1517066956, 19.8675479889, 17.9933071136, 9.24989795685, 4.41463565826, 0.912382245064, 0.117905274034, 0.000999704003334, 3.27861016558e-07, 2.61362864684e-09],
        "max": [1.39258217812, 29.3186645508, 98.6427001953, 113.562316895, 217.6171875, 141.109817505, 189.905975342, 202.373443604, 235.174682617, 214.153305054, 555.128356934, 261.591949463, 304.665435791, 511.245758057, 320.283538818, 235.573165894, 214.799499512, 492.272338867, 389.337097168, 380.188140869, 562.040466309, 313.240447998, 234.058486938, 171.761505127, 142.917129517, 120.639762878, 96.7167205811, 105.548095703, 73.3130264282, 103.571594238, 63.3774528503, 44.7240791321, 47.8396339417, 35.3313827515, 18.5356636047, 9.37742424011, 2.9285390377, 0.233724161983, 0.00452841399238, 0.000334688171279],
        "mean": [0.205670520663, 3.19282841682, 9.47339248657, 10.9653701782, 12.0218276978, 10.6404399872, 13.4567747116, 10.3928699493, 17.678232193, 18.4503383636, 37.4093055725, 24.9411563873, 24.3701438904, 24.0212802887, 21.9691791534, 21.4749164581, 18.5851612091, 26.3385810852, 38.0416908264, 38.0446929932, 55.7220802307, 49.4856910706, 41.0693893433, 28.1414012909, 21.8552360535, 15.4246044159, 13.1744508743, 12.9327888489, 11.6659231186, 10.1810255051, 5.15013074875, 3.80029368401, 3.51527953148, 2.3442401886, 1.5305134058, 0.583116829395, 0.193595454097, 0.0140202222392, 0.000308528862661, 6.57021810184e-05],
        "median": [0.124022141099, 1.79219150543, 5.27006816864, 5.9782242775, 6.67771911621, 6.4658665657, 8.72299957275, 6.36770391464, 10.6514835358, 11.8822097778, 19.7799224854, 15.554318428, 12.9799089432, 12.65275383, 12.8220653534, 11.6045084, 11.1149053574, 15.408946991, 22.5588092804, 25.3633422852, 37.7521133423, 39.1274490356, 32.389667511, 23.6528091431, 17.9912242889, 11.4695367813, 9.91093540192, 8.50390148163, 8.48581600189, 7.09677743912, 3.55850338936, 2.50456762314, 2.3272023201, 1.5346173048, 0.873891830444, 0.319321513176, 0.104599371552, 0.00591005990282, 0.000154214401846, 5.0145892601e-05],
        "min": [0.00292335450649, 0.061947286129, 0.106172397733, 0.260339140892, 0.164264649153, 0.264546692371, 0.403751641512, 0.438598483801, 0.478983581066, 0.690172731876, 0.957044482231, 0.496588975191, 0.805155098438, 1.08820307255, 1.00382530689, 1.03324127197, 1.00861334801, 1.56682312489, 1.98547542095, 3.57777237892, 3.94872879982, 5.2626414299, 4.6334195137, 1.95136642456, 1.14735746384, 0.365957677364, 0.334267139435, 0.0983487069607, 0.0483417101204, 0.0194393601269, 0.00240308046341, 0.000792541599367, 0.000259622669546, 2.80231743091e-05, 1.4499453755e-05, 1.05296685433e-05, 6.25327584203e-06, 1.0048712511e-06, 5.32313515578e-06, 1.2398495528e-05],
        "var": [0.053653229028, 18.8170490265, 172.558013916, 207.248168945, 334.953826904, 213.926437378, 241.925735474, 222.524169922, 538.871582031, 453.533050537, 2573.55249023, 821.383483887, 1129.70288086, 1417.95703125, 783.890075684, 833.951782227, 456.882781982, 1111.24621582, 1998.59362793, 1626.7635498, 3269.07885742, 1497.91149902, 913.282592773, 338.286407471, 279.084747314, 190.286987305, 150.099197388, 201.67149353, 141.28074646, 126.444038391, 39.2328033447, 22.8820762634, 22.6153087616, 9.9795999527, 4.50543212891, 0.751964509487, 0.0859464481473, 0.00058606202947, 2.21948937451e-07, 2.10290340696e-09]
    },
    "gfcc": {
        "mean": [52.4155960083, 87.540977478, -115.964492798, 48.4571456909, -48.0811195374, 17.0020370483, -38.8007507324, 19.3779087067, -20.5577449799, 3.12776732445, -22.4363498688, 0.425020188093, -13.2218618393],
        "cov": [[1767.54077148, -1495.09350586, 592.829528809, -103.944976807, -419.055297852, 414.018127441, -143.674255371, 195.999328613, -290.921905518, 271.059143066, -280.631958008, 125.906967163, -229.408157349], [-1495.09350586, 1934.44335938, -766.621826172, 108.581840515, 509.7394104, -480.726531982, 221.901245117, -253.383346558, 377.719116211, -329.501953125, 360.92880249, -187.334640503, 259.17364502], [592.829528809, -766.621826172, 513.312683105, 2.76671218872, -172.036346436, 187.918457031, -97.0958938599, 107.009407043, -165.35597229, 136.442901611, -156.063934326, 89.4765014648, -116.438446045], [-103.944976807, 108.581840515, 2.76671218872, 128.413024902, 36.2171173096, -15.2234077454, 14.598944664, -18.7541866302, 49.543510437, -35.8604431152, 30.1629428864, -23.4601325989, 32.8385848999], [-419.055297852, 509.7394104, -172.036346436, 36.2171173096, 235.400268555, -118.613632202, 63.6664810181, -61.453163147, 100.443733215, -72.8495407104, 83.3593444824, -38.0855102539, 68.5297164917], [414.018127441, -480.726531982, 187.918457031, -15.2234077454, -118.613632202, 221.800918579, -1.98595571518, 62.3765182495, -95.2519073486, 78.3794174194, -78.0658340454, 43.7043190002, -61.2199516296], [-143.674255371, 221.901245117, -97.0958938599, 14.598944664, 63.6664810181, -1.98595571518, 124.764343262, -7.83520746231, 46.3425827026, -45.7537345886, 45.7266082764, -21.7483615875, 20.9021701813], [195.999328613, -253.383346558, 107.009407043, -18.7541866302, -61.453163147, 62.3765182495, -7.83520746231, 111.363616943, -22.3974475861, 54.5690078735, -57.3549232483, 21.8668880463, -35.3213996887], [-290.921905518, 377.719116211, -165.35597229, 49.543510437, 100.443733215, -95.2519073486, 46.3425827026, -22.3974475861, 139.991744995, -53.9967346191, 75.465675354, -50.0416488647, 58.4608840942], [271.059143066, -329.501953125, 136.442901611, -35.8604431152, -72.8495407104, 78.3794174194, -45.7537345886, 54.5690078735, -53.9967346191, 111.877357483, -51.3781700134, 37.7750053406, -50.5084915161], [-280.631958008, 360.92880249, -156.063934326, 30.1629428864, 83.3593444824, -78.0658340454, 45.7266082764, -57.3549232483, 75.465675354, -51.3781700134, 113.711082458, -24.1171741486, 53.8960838318], [125.906967163, -187.334640503, 89.4765014648, -23.4601325989, -38.0855102539, 43.7043190002, -21.7483615875, 21.8668880463, -50.0416488647, 37.7750053406, -24.1171741486, 69.5786514282, -14.1347751617], [-229.408157349, 259.17364502, -116.438446045, 32.8385848999, 68.5297164917, -61.2199516296, 20.9021701813, -35.3213996887, 58.4608840942, -50.5084915161, 53.8960838318, -14.1347751617, 78.8528289795]],
        "icov": [[0.00180577125866, 0.000766720157117, -9.25363128772e-05, 0.000194463995285, 0.000639327510726, -0.000847993418574, -0.000142799661262, 0.000274610560155, -0.000238380947849, -0.000712125911377, 0.000446845660917, 0.000291937816655, 0.000930245616473], [0.000766720157117, 0.00883941259235, 0.000272270583082, 0.00287911389023, -0.00529371295124, 0.00572073319927, -0.00427328841761, 0.00299761770293, -0.00368871027604, 0.00528149679303, -0.00780678307638, 0.00528566772118, -0.00370083306916], [-9.25363128772e-05, 0.000272270583082, 0.0070958272554, -0.00493714213371, -0.000733879045583, -0.00051956315292, 0.00148628570605, -0.00179230922367, 0.0032454575412, -0.00176938681398, 0.00287750014104, -0.00378674804233, 0.00422256439924], [0.000194463995285, 0.00287911389023, -0.00493714213371, 0.0147091001272, -0.00162883079611, -0.000305860943627, -0.000761727045756, 0.0026048340369, -0.0071055162698, 0.00576993916184, -0.00528765423223, 0.00562088657171, -0.00618103239685], [0.000639327510726, -0.00529371295124, -0.000733879045583, -0.00162883079611, 0.0122189121321, -0.00159725942649, -0.000739387178328, 0.000776504632086, -0.000462125201011, -0.00457917246968, 0.00573621178046, -0.00357841420919, 0.000385827384889], [-0.000847993418574, 0.00572073319927, -0.00051956315292, -0.000305860943627, -0.00159725942649, 0.0153464600444, -0.00857451092452, 0.0017162070144, 0.00146968010813, -0.000415606191382, -0.00349079607986, 0.00303046917543, -0.00399192003533], [-0.000142799661262, -0.00427328841761, 0.00148628570605, -0.000761727045756, -0.000739387178328, -0.00857451092452, 0.0169712305069, -0.00562513340265, 0.000299633655231, 0.00397741189227, -0.00126612267923, -0.00255752075464, 0.00584151735529], [0.000274610560155, 0.00299761770293, -0.00179230922367, 0.0026048340369, 0.000776504632086, 0.0017162070144, -0.00562513340265, 0.0187108740211, -0.00871895439923, -0.00326080597006, 0.00526840332896, -0.000528867181856, -0.00157529546414], [-0.000238380947849, -0.00368871027604, 0.0032454575412, -0.0071055162698, -0.000462125201011, 0.00146968010813, 0.000299633655231, -0.00871895439923, 0.0248891282827, -0.0054887929, -0.00234015961178, 0.00510613014922, -0.00271386909299], [-0.000712125911377, 0.00528149679303, -0.00176938681398, 0.00576993916184, -0.00457917246968, -0.000415606191382, 0.00397741189227, -0.00326080597006, -0.0054887929, 0.0255966242403, -0.00913219992071, -0.000587864778936, 0.00329686026089], [0.000446845660917, -0.00780678307638, 0.00287750014104, -0.00528765423223, 0.00573621178046, -0.00349079607986, -0.00126612267923, 0.00526840332896, -0.00234015961178, -0.00913219992071, 0.0314775668085, -0.00963006168604, 0.00105482281651], [0.000291937816655, 0.00528566772118, -0.00378674804233, 0.00562088657171, -0.00357841420919, 0.00303046917543, -0.00255752075464, -0.000528867181856, 0.00510613014922, -0.000587864778936, -0.00963006168604, 0.0287685301155, -0.0109755015001], [0.000930245616473, -0.00370083306916, 0.00422256439924, -0.00618103239685, 0.000385827384889, -0.00399192003533, 0.00584151735529, -0.00157529546414, -0.00271386909299, 0.00329686026089, 0.00105482281651, -0.0109755015001, 0.0321082882583]]
    },
    "melbands": {
        "dmean": [0.00210083159618, 0.00370217580348, 0.00153985153884, 0.00059718254488, 0.000275214813882, 0.00015501222515, 0.000161807867698, 0.000141797863762, 0.000186257137102, 8.65892288857e-05, 7.3870010965e-05, 6.32052251603e-05, 4.25729158451e-05, 3.52779134118e-05, 3.14761746267e-05, 2.88385126623e-05, 2.77534963971e-05, 3.86526189686e-05, 2.45096944127e-05, 3.18371130561e-05, 3.21795087075e-05, 2.76513128483e-05, 1.90287282749e-05, 1.49791339936e-05, 1.00886754808e-05, 9.44626754062e-06, 6.28681800663e-06, 4.9084173952e-06, 4.15761269323e-06, 4.00879616791e-06, 3.06022548102e-06, 3.03412957692e-06, 3.10879613608e-06, 2.53102666647e-06, 1.51758581524e-06, 1.2299537957e-06, 1.15659463518e-06, 1.28456122184e-06, 1.15879618079e-06, 1.0004878277e-06],
        "dmean2": [0.00370418699458, 0.00614115642384, 0.00260012503713, 0.00101124634966, 0.000452222418971, 0.000252165278653, 0.000259939552052, 0.00024143086921, 0.00030012204661, 0.000142202392453, 0.000119123695185, 9.89620166365e-05, 6.80631856085e-05, 5.52445271751e-05, 5.0636499509e-05, 4.75029046356e-05, 4.47067432106e-05, 6.2404833443e-05, 3.97191761294e-05, 5.16038162459e-05, 5.27954434801e-05, 4.39301365986e-05, 3.06952606479e-05, 2.41830366576e-05, 1.64194316312e-05, 1.57237809617e-05, 1.03022593976e-05, 7.77545574238e-06, 6.66386267767e-06, 6.24703852736e-06, 4.66150413558e-06, 4.739666565e-06, 4.93029392601e-06, 3.89121487387e-06, 2.34053004533e-06, 1.94207041204e-06, 1.7512895738e-06, 1.96642645278e-06, 1.75578543349e-06, 1.54592044055e-06],
        "dvar": [1.1060588804e-05, 4.60164083051e-05, 6.44241390546e-06, 1.40245163038e-06, 2.27658560448e-07, 9.48216225538e-08, 7.57741958068e-08, 5.65547360054e-08, 1.13876780006e-07, 1.89675191109e-08, 1.65169300459e-08, 1.62625202194e-08, 4.4551158318e-09, 3.7675857989e-09, 2.41007214186e-09, 2.75797273908e-09, 2.19795448508e-09, 4.13884615469e-09, 1.46006773338e-09, 1.7998347257e-09, 2.5366730938e-09, 1.07963804563e-09, 4.33649643972e-10, 2.92528834489e-10, 1.41525791086e-10, 1.31587685193e-10, 6.25590690362e-11, 4.70993868906e-11, 3.19360891898e-11, 4.3639824393e-11, 1.96069532138e-11, 1.8520908765e-11, 1.93557253558e-11, 1.62458865804e-11, 7.34784715711e-12, 4.78517832997e-12, 4.10949312774e-12, 5.24457560713e-12, 4.67328736473e-12, 3.70089245708e-12],
        "dvar2": [3.14977805829e-05, 0.000113143709314, 1.66313748196e-05, 3.74673390979e-06, 5.99666748258e-07, 2.41768333353e-07, 1.77558135306e-07, 1.51060618236e-07, 2.6828143973e-07, 5.37798534594e-08, 4.07290521309e-08, 3.82611062832e-08, 1.04291135727e-08, 9.31513621794e-09, 6.04050187647e-09, 6.65095711838e-09, 5.12252196216e-09, 1.0334278322e-08, 3.58875329454e-09, 4.30877378221e-09, 6.24801943516e-09, 2.72925526623e-09, 1.08973452484e-09, 7.82085396445e-10, 3.65824925908e-10, 3.26868698775e-10, 1.51197387943e-10, 1.25538926476e-10, 8.0361300947e-11, 1.01973512967e-10, 4.29308776029e-11, 4.34646520164e-11, 4.76065402377e-11, 3.66478236646e-11, 1.61613847305e-11, 1.12320135831e-11, 9.34992274576e-12, 1.08375773633e-11, 1.04059599479e-11, 8.52577904109e-12],
        "max": [0.0219437461346, 0.0405965670943, 0.018613146618, 0.0155673921108, 0.0053262100555, 0.00421406049281, 0.00307911378331, 0.00264625065029, 0.00439248792827, 0.00159939343575, 0.00152799848001, 0.00217900541611, 0.00138919730671, 0.000799435714725, 0.000595261866692, 0.000696489703842, 0.000874608405866, 0.000800918787718, 0.000558114727028, 0.00054542318685, 0.000772186613176, 0.000361645623343, 0.000262859510258, 0.000201220449526, 0.00015985367645, 0.000138601564686, 0.000100609315268, 8.49003481562e-05, 7.09583691787e-05, 9.76841402007e-05, 5.57262574148e-05, 4.63461365143e-05, 5.3100677178e-05, 5.08451666974e-05, 4.57455098513e-05, 3.28735077346e-05, 3.27685229422e-05, 3.85629646189e-05, 3.22108535329e-05, 3.45459193341e-05],
        "mean": [0.00264607509598, 0.00493650650606, 0.00194642331917, 0.000843134475872, 0.000453008862678, 0.000257529347437, 0.000257610314293, 0.000216880187509, 0.000318949227221, 0.000148717910633, 0.000123740639538, 0.00010096126789, 7.21503165551e-05, 6.24608728685e-05, 4.74394582852e-05, 4.53819666291e-05, 4.8409896408e-05, 6.62016827846e-05, 4.26093793067e-05, 6.12187795923e-05, 6.35485848761e-05, 5.22321643075e-05, 4.01445431635e-05, 3.17343437928e-05, 2.16786575038e-05, 1.87553323485e-05, 1.25572305478e-05, 9.35726075113e-06, 7.96815857029e-06, 8.47890714795e-06, 6.64624121782e-06, 6.52285234537e-06, 6.43284829493e-06, 5.38650419912e-06, 3.05347248286e-06, 2.32219872487e-06, 2.30474347518e-06, 2.50627772402e-06, 2.21198524741e-06, 1.93878395294e-06],
        "median": [0.00150536047295, 0.00277833500877, 0.00112513347995, 0.00048973999219, 0.000303490989609, 0.000161378557095, 0.000160684416187, 0.000130246786284, 0.000163749136846, 9.00933519006e-05, 6.18452031631e-05, 4.88926889375e-05, 4.27930681326e-05, 2.951285569e-05, 2.66464085144e-05, 2.13506027649e-05, 2.79713513009e-05, 3.7377983972e-05, 2.51728288276e-05, 4.05115606554e-05, 4.00240933232e-05, 3.90783388866e-05, 3.27195521095e-05, 2.54571386904e-05, 1.78790323844e-05, 1.51788508447e-05, 9.69171651377e-06, 6.63166383674e-06, 5.84183590036e-06, 5.68300447412e-06, 4.33328841609e-06, 4.5894375944e-06, 4.43556427854e-06, 3.60025387636e-06, 2.01118814402e-06, 1.47480091073e-06, 1.44515411193e-06, 1.64444406892e-06, 1.34237507154e-06, 1.25443727939e-06],
        "min": [2.91023534373e-05, 9.85991428024e-05, 7.36334986868e-05, 2.21140944632e-05, 1.44912828546e-05, 7.35355069992e-06, 6.62246065986e-06, 4.00743556384e-06, 7.67431629356e-06, 2.50667085311e-06, 3.60655258191e-06, 3.06690708385e-06, 2.62048888544e-06, 1.72184763869e-06, 1.46175148075e-06, 1.74247441009e-06, 2.12503846342e-06, 2.52132258538e-06, 1.59870751304e-06, 3.73121474695e-06, 4.17535875386e-06, 3.88149737773e-06, 3.51060907633e-06, 1.22695246318e-06, 1.41238660945e-06, 9.93218691292e-07, 3.27963789459e-07, 1.34733838308e-07, 2.20113577143e-07, 1.04853960181e-07, 3.51166065116e-08, 1.52964148015e-08, 8.90845086587e-09, 5.37159428049e-09, 1.06653363918e-09, 7.32351956856e-11, 1.60339963529e-10, 2.42416559049e-10, 3.18060573538e-12, 2.78934210798e-12],
