{
"highlevel": {
    "danceability": {
        "all": {
            "danceable": 0.00876973941922,
            "not_danceable": 0.991230249405
        },
        "probability": 0.991230249405,
        "value": "not_danceable"
    },
    "gender": {
        "all": {
            "female": 0.0299191400409,
            "male": 0.970080852509
        },
        "probability": 0.970080852509,
        "value": "male"
    },
    "genre_dortmund": {
        "all": {
            "alternative": 0.0743243247271,
            "blues": 0.094369828701,
            "electronic": 0.00839628465474,
            "folkcountry": 0.331033378839,
            "funksoulrnb": 0.0367561541498,
            "jazz": 0.0287953410298,
            "pop": 0.0786413624883,
            "raphiphop": 0.000952911097556,
            "rock": 0.346730411053
        },
        "probability": 0.346730411053,
        "value": "rock"
    },
    "genre_electronic": {
        "all": {
            "ambient": 0.229706719518,
            "dnb": 0.545737922192,
            "house": 0.0544591024518,
            "techno": 0.0116595514119,
            "trance": 0.158436745405
        },
        "probability": 0.545737922192,
        "value": "dnb"
    },
    "genre_rosamerica": {
        "all": {
            "cla": 0.0329188704491,
            "dan": 0.00933382008225,
            "hip": 0.00391210662201,
            "jaz": 0.0128714907914,
            "pop": 0.186011150479,
            "rhy": 0.0236082859337,
            "roc": 0.729089677334,
            "spe": 0.00225457060151
        },
        "probability": 0.729089677334,
        "value": "roc"
    },
    "genre_tzanetakis": {
        "all": {
            "blu": 0.0626541376114,
            "cla": 0.0348133966327,
            "cou": 0.0783501937985,
            "dis": 0.104547761381,
            "hip": 0.15693578124,
            "jaz": 0.313987255096,
            "met": 0.044816005975,
            "pop": 0.0627349764109,
            "reg": 0.0627352520823,
            "roc": 0.0784252434969
        },
        "probability": 0.313987255096,
        "value": "jaz"
    },
    "ismir04_rhythm": {
        "all": {
            "ChaChaCha": 0.0347155854106,
            "Jive": 0.0903916284442,
            "Quickstep": 0.715430796146,
            "Rumba-American": 0.00537147186697,
            "Rumba-International": 0.0157671887428,
            "Rumba-Misc": 0.00325075234286,
            "Samba": 0.0888907834888,
            "Tango": 0.0115389470011,
            "VienneseWaltz": 0.0268044192344,
            "Waltz": 0.00783843453974
        },
        "probability": 0.715430796146,
        "value": "Quickstep"
    },
    "mood_acoustic": {
        "all": {
            "acoustic": 0.10196723789,
            "not_acoustic": 0.898032784462
        },
        "probability": 0.898032784462,
        "value": "not_acoustic"
    },
    "mood_aggressive": {
        "all": {
            "aggressive": 0.534737229347,
            "not_aggressive": 0.465262770653
        },
        "probability": 0.534737229347,
        "value": "aggressive"
    },
    "mood_electronic": {
        "all": {
            "electronic": 0.100198738277,
            "not_electronic": 0.899801254272
        },
        "probability": 0.899801254272,
        "value": "not_electronic"
    },
    "mood_happy": {
        "all": {
            "happy": 0.891633212566,
            "not_happy": 0.108366809785
        },
        "probability": 0.891633212566,
        "value": "happy"
    },
    "mood_party": {
        "all": {
            "not_party": 0.710038423538,
            "party": 0.289961576462
        },
        "probability": 0.710038423538,
        "value": "not_party"
    },
    "mood_relaxed": {
        "all": {
            "not_relaxed": 0.79176735878,
            "relaxed": 0.208232656121
        },
        "probability": 0.79176735878,
        "value": "not_relaxed"
    },
    "mood_sad": {
        "all": {
            "not_sad": 0.877477169037,
            "sad": 0.122522816062
        },
        "probability": 0.877477169037,
        "value": "not_sad"
    },
    "moods_mirex": {
        "all": {
            "Cluster1": 0.476228177547,
            "Cluster2": 0.135003224015,
            "Cluster3": 0.0629711002111,
            "Cluster4": 0.0701978504658,
            "Cluster5": 0.25559964776
        },
        "probability": 0.476228177547,
        "value": "Cluster1"
    },
    "timbre": {
        "all": {
            "bright": 0.999997138977,
            "dark": 2.88888486466e-06
        },
        "probability": 0.999997138977,
        "value": "bright"
    },
    "tonal_atonal": {
        "all": {
            "atonal": 0.00549707887694,
            "tonal": 0.994502902031
        },
        "probability": 0.994502902031,
        "value": "tonal"
    },
    "voice_instrumental": {
        "all": {
            "instrumental": 0.0010631281184,
            "voice": 0.998936891556
        },
        "probability": 0.998936891556,
        "value": "voice"
    }
},
"lowlevel": {
    "average_loudness": 0.970379292965,
    "barkbands_crest": {
        "dmean": 2.0036919117,
        "dmean2": 3.28877353668,
        "dvar": 3.59104967117,
        "dvar2": 9.33436775208,
        "max": 19.4438152313,
        "mean": 7.17193603516,
        "median": 6.51404094696,
        "min": 2.39968347549,
        "var": 7.708776474
    },
    "barkbands_flatness_db": {
        "dmean": 0.0141429472715,
        "dmean2": 0.0221399068832,
        "dvar": 0.000147750077303,
        "dvar2": 0.000343633349985,
        "max": 0.267051279545,
        "mean": 0.113562494516,
        "median": 0.111566618085,
        "min": 0.0567293539643,
        "var": 0.000570850679651
    },
    "barkbands_kurtosis": {
        "dmean": 0.912626206875,
        "dmean2": 1.41553246975,
        "dvar": 3.58457231522,
        "dvar2": 8.19368648529,
        "max": 53.8693389893,
        "mean": 0.369921684265,
        "median": -0.364420890808,
        "min": -1.75322699547,
        "var": 8.46399402618
    },
    "barkbands_skewness": {
        "dmean": 0.333745628595,
        "dmean2": 0.511264026165,
        "dvar": 0.102394610643,
        "dvar2": 0.224507108331,
        "max": 6.60987615585,
        "mean": 0.797363162041,
        "median": 0.72092872858,
        "min": -0.80547940731,
        "var": 0.552272975445
    },
    "barkbands_spread": {
        "dmean": 5.97476100922,
        "dmean2": 8.86143493652,
        "dvar": 35.8683013916,
        "dvar2": 72.4989318848,
        "max": 68.1664047241,
        "mean": 30.7294483185,
        "median": 29.3126983643,
        "min": 3.34214711189,
        "var": 107.912712097
    },
    "dissonance": {
        "dmean": 0.0152514399961,
        "dmean2": 0.0251475330442,
        "dvar": 0.000182679228601,
        "dvar2": 0.000468690588605,
        "max": 0.498832017183,
        "mean": 0.466990977526,
        "median": 0.470131039619,
        "min": 0.362514555454,
        "var": 0.000377674412448
    },
    "dynamic_complexity": 1.81387209892,
    "erbbands_crest": {
        "dmean": 2.59621453285,
        "dmean2": 4.3516368866,
        "dvar": 6.43921422958,
        "dvar2": 16.8605918884,
        "max": 24.8664569855,
        "mean": 8.1102809906,
        "median": 7.17360115051,
        "min": 2.60227370262,
        "var": 13.8840484619
    },
    "erbbands_flatness_db": {
        "dmean": 0.0147908050567,
        "dmean2": 0.021588139236,
        "dvar": 0.000187519384781,
        "dvar2": 0.000368031178368,
        "max": 0.262798160315,
        "mean": 0.153718948364,
        "median": 0.151449233294,
        "min": 0.0860611498356,
        "var": 0.000862369488459
    },
    "erbbands_kurtosis": {
        "dmean": 0.636379003525,
        "dmean2": 1.00829780102,
        "dvar": 0.881099283695,
        "dvar2": 2.26408982277,
        "max": 18.5319080353,
        "mean": -0.0161495413631,
        "median": -0.411746025085,
        "min": -1.5661188364,
        "var": 1.86228787899
    },
    "erbbands_skewness": {
        "dmean": 0.301293283701,
        "dmean2": 0.448882043362,
        "dvar": 0.0762563571334,
        "dvar2": 0.183325648308,
        "max": 4.29371786118,
        "mean": 0.0164861753583,
        "median": -0.0360904596746,
        "min": -1.73036754131,
        "var": 0.297113001347
    },
    "erbbands_spread": {
        "dmean": 7.8122420311,
        "dmean2": 11.5480155945,
        "dvar": 54.061290741,
        "dvar2": 120.101081848,
        "max": 97.5856170654,
        "mean": 40.0283355713,
        "median": 38.4276046753,
        "min": 8.85411071777,
        "var": 260.41607666
    },
    "hfc": {
        "dmean": 8.44618606567,
        "dmean2": 11.5796880722,
        "dvar": 126.520896912,
        "dvar2": 229.14894104,
        "max": 176.298751831,
        "mean": 31.2502689362,
        "median": 25.2178134918,
        "min": 0.676499247551,
        "var": 415.444610596
    },
    "melbands_crest": {
        "dmean": 2.74914336205,
        "dmean2": 4.52342414856,
        "dvar": 5.9173374176,
        "dvar2": 16.2520523071,
        "max": 23.8443984985,
        "mean": 10.7472171783,
        "median": 10.2151403427,
        "min": 3.17702484131,
        "var": 14.5329704285
    },
    "melbands_flatness_db": {
        "dmean": 0.0178578738123,
        "dmean2": 0.0273165944964,
        "dvar": 0.000248359108809,
        "dvar2": 0.000540889741387,
        "max": 0.310764938593,
        "mean": 0.131560221314,
        "median": 0.129401549697,
        "min": 0.037127058953,
        "var": 0.00119182956405
    },
    "melbands_kurtosis": {
        "dmean": 2.86669158936,
        "dmean2": 4.48603868484,
        "dvar": 31.1566123962,
        "dvar2": 62.7460289001,
        "max": 158.11416626,
        "mean": 5.66669225693,
        "median": 3.22902488708,
        "min": -1.56482303143,
        "var": 92.5332489014
    },
    "melbands_skewness": {
        "dmean": 0.484721690416,
        "dmean2": 0.741608560085,
        "dvar": 0.234929531813,
        "dvar2": 0.511826276779,
        "max": 10.6192169189,
        "mean": 1.88252234459,
        "median": 1.74226808548,
        "min": -0.638489246368,
        "var": 1.30025732517
    },
    "melbands_spread": {
        "dmean": 7.8535490036,
        "dmean2": 12.1622028351,
        "dvar": 59.0359840393,
        "dvar2": 132.836227417,
        "max": 100.522384644,
        "mean": 36.6314697266,
        "median": 36.1669921875,
        "min": 2.27411913872,
        "var": 179.766723633
    },
    "pitch_salience": {
        "dmean": 0.059734929353,
        "dmean2": 0.0956076234579,
        "dvar": 0.00231580995023,
        "dvar2": 0.0059699867852,
        "max": 0.797471940517,
        "mean": 0.562365233898,
        "median": 0.563827455044,
        "min": 0.185873374343,
        "var": 0.0065290145576
    },
    "silence_rate_20dB": {
        "dmean": 0,
        "dmean2": 0,
        "dvar": 0,
        "dvar2": 0,
        "max": 1,
        "mean": 1,
        "median": 1,
        "min": 1,
        "var": 0
    },
    "silence_rate_30dB": {
        "dmean": 0,
        "dmean2": 0,
        "dvar": 0,
        "dvar2": 0,
        "max": 1,
        "mean": 1,
        "median": 1,
        "min": 1,
        "var": 0
    },
    "silence_rate_60dB": {
        "dmean": 0.00154798757285,
        "dmean2": 0.00309837330133,
        "dvar": 0.00154558790382,
        "dvar2": 0.0030887555331,
        "max": 1,
        "mean": 0.00232018553652,
        "median": 0,
        "min": 0,
        "var": 0.00231483113021
    },
    "spectral_centroid": {
        "dmean": 240.578567505,
        "dmean2": 365.227630615,
        "dvar": 42762.6484375,
        "dvar2": 97391.3203125,
        "max": 3433.1875,
        "mean": 1803.56713867,
        "median": 1816.06750488,
        "min": 494.620117188,
        "var": 165318.171875
    },
    "spectral_complexity": {
        "dmean": 4.0154800415,
        "dmean2": 5.69403553009,
        "dvar": 15.0230083466,
        "dvar2": 25.7878646851,
        "max": 56,
        "mean": 25.6627998352,
        "median": 25,
        "min": 1,
        "var": 69.7317047119
    },
    "spectral_decrease": {
        "dmean": 1.49985657227e-09,
        "dmean2": 2.20186446853e-09,
        "dvar": 2.40005089884e-18,
        "dvar2": 5.17671588981e-18,
        "max": -9.25263476947e-11,
        "mean": -6.1776517235e-09,
        "median": -5.7059486025e-09,
        "min": -1.80626802404e-08,
        "var": 9.08604797894e-18
    },
    "spectral_energy": {
        "dmean": 0.00618707854301,
        "dmean2": 0.00894658826292,
        "dvar": 4.1749470256e-05,
        "dvar2": 8.74022152857e-05,
        "max": 0.0808559656143,
        "mean": 0.0261503960937,
        "median": 0.0240627601743,
        "min": 0.000411348068155,
        "var": 0.000163354008691
    },
    "spectral_energyband_high": {
        "dmean": 0.000753221800551,
        "dmean2": 0.00106005743146,
        "dvar": 1.64723030593e-06,
        "dvar2": 3.14943463309e-06,
        "max": 0.0128216492012,
        "mean": 0.00154889631085,
        "median": 0.000956727541052,
        "min": 6.92588291713e-05,
        "var": 2.90444563689e-06
    },
    "spectral_energyband_low": {
        "dmean": 0.00228398176841,
        "dmean2": 0.00349589716643,
        "dvar": 1.14813337859e-05,
        "dvar2": 2.66645438387e-05,
        "max": 0.0322800576687,
        "mean": 0.00452024722472,
        "median": 0.00290427240543,
        "min": 1.4277153241e-05,
        "var": 2.20877063839e-05
    },
    "spectral_energyband_middle_high": {
        "dmean": 0.00257323984988,
        "dmean2": 0.00373965804465,
        "dvar": 1.00499555629e-05,
        "dvar2": 1.93541509361e-05,
        "max": 0.0538124628365,
        "mean": 0.00946216471493,
        "median": 0.00710728298873,
        "min": 5.19684726896e-05,
        "var": 5.99354425503e-05
    },
    "spectral_energyband_middle_low": {
        "dmean": 0.00394838862121,
        "dmean2": 0.00613750610501,
        "dvar": 2.22194648813e-05,
        "dvar2": 5.35239487363e-05,
        "max": 0.0571547932923,
        "mean": 0.0114662786946,
        "median": 0.00999830570072,
        "min": 0.000233676517382,
        "var": 5.15480824106e-05
    },
    "spectral_entropy": {
        "dmean": 0.134895637631,
        "dmean2": 0.17708067596,
        "dvar": 0.0141800781712,
        "dvar2": 0.0241257902235,
        "max": 8.45237445831,
        "mean": 7.72874355316,
        "median": 7.70378684998,
        "min": 6.74291133881,
        "var": 0.0678882300854
    },
    "spectral_flux": {
        "dmean": 0.0188979059458,
        "dmean2": 0.0277367495,
        "dvar": 0.000300804560538,
        "dvar2": 0.000644779473078,
        "max": 0.220828562975,
        "mean": 0.0890852883458,
        "median": 0.0829997733235,
        "min": 0.0191345531493,
        "var": 0.00121266394854
    },
    "spectral_kurtosis": {
        "dmean": 0.977007508278,
        "dmean2": 1.57802903652,
        "dvar": 0.845733463764,
        "dvar2": 2.35719347,
        "max": 10.72128582,
        "mean": 2.65628862381,
        "median": 2.48151874542,
        "min": -0.475669384003,
        "var": 2.11088395119
    },
    "spectral_rms": {
        "dmean": 0.000586227455642,
        "dmean2": 0.000829491415061,
        "dvar": 2.96817319168e-07,
        "dvar2": 5.72303576973e-07,
        "max": 0.00888165924698,
        "mean": 0.00489824870601,
        "median": 0.00484518986195,
        "min": 0.00063349440461,
        "var": 1.51971312334e-06
    },
    "spectral_rolloff": {
        "dmean": 623.180297852,
        "dmean2": 1008.20874023,
        "dvar": 696030.1875,
        "dvar2": 1555388.875,
        "max": 7795.01953125,
        "mean": 2278.2722168,
        "median": 2088.72070312,
        "min": 193.798828125,
        "var": 1356982.25
    },
    "spectral_skewness": {
        "dmean": 0.158174186945,
        "dmean2": 0.247786074877,
        "dvar": 0.0175567623228,
        "dvar2": 0.0432880185544,
        "max": 2.18447303772,
        "mean": 1.2089599371,
        "median": 1.21423411369,
        "min": 0.35774537921,
        "var": 0.0565356612206
    },
    "spectral_spread": {
        "dmean": 497113.375,
        "dmean2": 693114.125,
        "dvar": 284704833536,
        "dvar2": 538722664448,
        "max": 9337496,
        "mean": 4623705.5,
        "median": 4506950.5,
        "min": 2411159.25,
        "var": 1.09754417152e+12
    },
    "spectral_strongpeak": {
        "dmean": 0.777803659439,
        "dmean2": 1.33706498146,
        "dvar": 1.37228786945,
        "dvar2": 3.50390315056,
        "max": 12.0822000504,
        "mean": 1.24149250984,
        "median": 0.625820815563,
        "min": 0.0337070636451,
        "var": 2.32436704636
    },
    "zerocrossingrate": {
        "dmean": 0.0104356892407,
        "dmean2": 0.0125773083419,
        "dvar": 0.000104495935375,
        "dvar2": 0.000140676260344,
        "max": 0.17822265625,
        "mean": 0.0828628018498,
        "median": 0.07861328125,
        "min": 0.02587890625,
        "var": 0.000537708634511
    },
    "barkbands": {
        "dmean": [9.92670265987e-06, 0.0014461716637, 0.00106269435491, 0.00107614556327, 0.00179257022683, 0.000718131253961, 0.000541384855751, 0.00108748383354, 0.00105434318539, 0.000861198350322, 0.00064244621899, 0.000338951911544, 0.000727983773686, 0.00073543889448, 0.000696950475685, 0.00047932943562, 0.000298883678624, 0.000385230581742, 0.000251450866926, 0.000207960023545, 0.000173606502358, 0.000178265021532, 0.000174660119228, 0.000170289946254, 7.73680294515e-05, 1.0431368537e-05, 1.96827087962e-09],
        "dmean2": [1.67651323864e-05, 0.00214959541336, 0.00173073785845, 0.00177018798422, 0.00287625216879, 0.00107229652349, 0.000833065074403, 0.0016638826346, 0.00163771805819, 0.0013752351515, 0.00101226975676, 0.000516275060363, 0.00116201362107, 0.00114083406515, 0.00110017682891, 0.000767695659306, 0.000473413616419, 0.000615841359831, 0.000399641197873, 0.000328913767589, 0.000262236600975, 0.000265638780547, 0.000257567851804, 0.000247706804657, 0.000115903756523, 1.67239686562e-05, 2.8399500529e-09],
        "dvar": [3.85161513794e-10, 7.30580904929e-06, 2.24347468247e-06, 2.01058924176e-06, 7.67316032579e-06, 8.53942424328e-07, 9.91323645394e-07, 4.86827684654e-06, 5.21086258232e-06, 2.82414066533e-06, 1.41092948525e-06, 5.60831779239e-07, 2.68651933766e-06, 2.29742136071e-06, 1.73727562469e-06, 1.06348772988e-06, 2.43193682081e-07, 2.85412426138e-07, 7.88993759215e-08, 7.91737804207e-08, 9.06247308308e-08, 1.07770731006e-07, 9.16442601806e-08, 8.97491361229e-08, 2.26613678933e-08, 4.12264056227e-10, 6.8401372738e-16],
        "dvar2": [1.01692287924e-09, 1.50723590195e-05, 6.39277504888e-06, 5.64266611036e-06, 2.01832754101e-05, 1.91028152585e-06, 2.30874297813e-06, 1.14661424959e-05, 1.19383885249e-05, 7.23562607163e-06, 3.2985415146e-06, 1.0038235132e-06, 6.06331968811e-06, 5.13077839059e-06, 4.33582363257e-06, 2.56799694398e-06, 5.90619492868e-07, 6.89609976234e-07, 1.96198229219e-07, 1.91697239416e-07, 2.04694202921e-07, 2.34845416003e-07, 1.82960874895e-07, 1.86018354498e-07, 5.13705096239e-08, 9.82024794816e-10, 6.86422583202e-16],
        "max": [0.000273359386483, 0.0261755473912, 0.0195857025683, 0.0180565305054, 0.0333985835314, 0.0108495308086, 0.0146245565265, 0.0327196568251, 0.0376908667386, 0.0270104408264, 0.0162297561765, 0.0210545361042, 0.027883823961, 0.0268504954875, 0.0243491120636, 0.0200910940766, 0.00785461533815, 0.0103067979217, 0.00298533425666, 0.00352924806066, 0.00406950013712, 0.00407676352188, 0.00276925577782, 0.00281295622699, 0.00134043127764, 0.000202754075872, 8.77095317264e-07],
        "mean": [1.01543500932e-05, 0.00207408913411, 0.00182180618867, 0.00192499009427, 0.0034471929539, 0.00156977039296, 0.000938781653531, 0.0016926152166, 0.00145846046507, 0.00126984494273, 0.00105939991772, 0.000589259376284, 0.00122102559544, 0.00131981400773, 0.00123217271175, 0.000883504573721, 0.000547420000657, 0.000809532473795, 0.000538877386134, 0.00044907166739, 0.000326766894432, 0.000306722387904, 0.000266172544798, 0.000270105490927, 0.000109572996735, 1.32663981276e-05, 1.79384551657e-09],
        "median": [3.74000251213e-06, 0.000793372746557, 0.00108668324538, 0.0011504299473, 0.00230784411542, 0.00110921659507, 0.000454700755654, 0.000828621617984, 0.000601175823249, 0.000672673282679, 0.000376437266823, 0.000215699154069, 0.000391780922655, 0.000486320117489, 0.000538291060366, 0.000448803068139, 0.000376445590518, 0.000547151954379, 0.000433714973042, 0.000348072382621, 0.000224815536058, 0.000183512529475, 0.000122758356156, 0.000121459313959, 4.67184072477e-05, 5.34791843165e-06, 3.85048326557e-10],
        "min": [1.41351161886e-08, 3.18885486195e-06, 2.3446814339e-06, 4.53673965239e-06, 3.94529615733e-06, 2.18386230699e-05, 5.8127225202e-06, 2.78783113572e-06, 1.96363475879e-06, 5.62481045563e-06, 5.83795781495e-07, 5.39405675681e-07, 1.68098949871e-06, 2.4886992378e-06, 1.01824139165e-06, 3.98912590072e-07, 1.96507494366e-06, 5.20872890775e-06, 1.01713494587e-05, 7.75204625825e-06, 7.50485833123e-06, 5.86596524954e-06, 8.27275653137e-06, 8.68941606313e-06, 2.21143181989e-07, 5.85935536201e-11, 4.03351761713e-11],
        "var": [3.57331719769e-10, 1.15444545372e-05, 4.48467926617e-06, 5.569987934e-06, 1.29471482069e-05, 2.26849874707e-06, 1.87975456356e-06, 8.05740455689e-06, 7.53474387238e-06, 3.84849727197e-06, 3.11837516165e-06, 1.69376551185e-06, 5.64459560337e-06, 6.24139966021e-06, 3.99007694796e-06, 2.24727568821e-06, 3.88797587902e-07, 6.72228395615e-07, 1.65387760376e-07, 1.42361145095e-07, 1.32962142629e-07, 1.57341332852e-07, 1.46457608707e-07, 1.38304145025e-07, 2.87762382811e-08, 4.91409968273e-10, 6.84550216873e-16]
    },
    "erbbands": {
        "dmean": [0.0279860179871, 0.382840901613, 1.1877835989, 1.99040448666, 6.21618032455, 5.97583532333, 4.21526575089, 7.35961818695, 7.44501304626, 13.164431572, 22.6189918518, 25.8522338867, 23.9525527954, 26.1765136719, 23.3602657318, 12.6611680984, 32.0991744995, 32.0415649414, 38.7678642273, 29.1782932281, 20.1883411407, 13.2653541565, 19.0907821655, 16.2454662323, 12.1385030746, 10.2253379822, 6.6729054451, 7.96315526962, 6.42388772964, 4.78695011139, 5.23357772827, 4.43692064285, 2.43438482285, 1.17801129818, 0.380014628172, 0.0893196463585, 0.0118794394657, 0.000511843420099, 1.97219633264e-05, 9.30817441258e-06],
        "dmean2": [0.038981217891, 0.586538493633, 1.9764482975, 3.30034565926, 9.9176158905, 9.76010227203, 6.64968252182, 10.9621391296, 11.4400644302, 20.0790348053, 35.0003738403, 40.6446266174, 37.8449287415, 40.7639198303, 37.0193023682, 18.6682739258, 50.7797927856, 48.4825019836, 59.676197052, 45.4214286804, 31.1920509338, 20.3282966614, 30.9221744537, 25.8488445282, 19.6725635529, 16.4186649323, 10.0555276871, 12.1861810684, 9.64957237244, 6.97867536545, 7.67687368393, 6.61991214752, 3.64611792564, 1.75676977634, 0.579680621624, 0.139781534672, 0.0195176955312, 0.000861488166265, 2.86498234345e-05, 1.30284670377e-05],
        "dvar": [0.00354220694862, 0.481812179089, 3.0735039711, 6.33344459534, 94.8024902344, 132.779586792, 37.3676147461, 109.262084961, 176.834350586, 649.60369873, 2811.22558594, 3189.37744141, 3708.16650391, 1717.37207031, 2134.00463867, 770.851013184, 5490.06054688, 3620.08007812, 5950.08837891, 6589.88232422, 1308.88659668, 391.049865723, 707.396240234, 599.866333008, 203.567306519, 224.364822388, 137.509002686, 196.544036865, 140.939590454, 66.7003707886, 82.7558135986, 62.792263031, 19.5469436646, 5.16519927979, 0.52883374691, 0.0285987947136, 0.00066475989297, 1.49042773501e-06, 1.27414834239e-09, 1.15738009454e-10],
        "dvar2": [0.00650500971824, 1.0627515316, 8.85566043854, 17.5896930695, 233.621704102, 362.201629639, 85.6298065186, 240.75994873, 447.878295898, 1485.18188477, 6715.89550781, 7651.59960938, 9225.09375, 4143.90722656, 5096.03125, 1469.79174805, 11778.9267578, 8012.66455078, 13697.7226562, 18123.1796875, 3009.35693359, 936.179992676, 1742.99304199, 1472.71850586, 538.438293457, 547.825073242, 316.063934326, 435.639556885, 311.976470947, 132.917404175, 174.166946411, 132.84034729, 41.998966217, 11.4642477036, 1.22754669189, 0.0675750076771, 0.00171200570185, 3.92421452489e-06, 2.94475488438e-09, 2.15834392026e-10],
        "max": [0.59850114584, 7.00230264664, 19.7607936859, 23.0534248352, 131.220993042, 126.778839111, 118.289466858, 141.017791748, 215.589614868, 359.43270874, 885.217102051, 1037.79931641, 1202.88269043, 408.923858643, 703.046508789, 863.429138184, 1443.19213867, 1221.91162109, 1633.64782715, 1801.00305176, 608.530090332, 344.658843994, 436.504577637, 319.064819336, 200.640060425, 181.081604004, 134.801834106, 189.439315796, 154.48878479, 88.5432662964, 82.8542633057, 83.2433929443, 39.2476577759, 21.1743106842, 6.51639318466, 1.45492231846, 0.293754339218, 0.0142800230533, 0.000320614781231, 0.000146994701936],
        "mean": [0.0366274043918, 0.55979603529, 2.01261591911, 4.04045200348, 11.5323228836, 10.1262903214, 8.7533531189, 15.4637031555, 14.7131175995, 23.163772583, 33.6346740723, 37.2987556458, 35.1335639954, 45.3937263489, 40.9242095947, 25.7207641602, 56.9579162598, 65.2643356323, 77.528175354, 53.1662864685, 41.3470840454, 28.8408737183, 42.8462371826, 33.7954406738, 26.7095775604, 21.9669837952, 14.0145797729, 13.8313579559, 11.2912387848, 8.21741962433, 7.69187021255, 6.59916210175, 3.81540894508, 1.6864798069, 0.539061486721, 0.121072351933, 0.0135358702391, 0.000554004742298, 4.12364424847e-05, 3.70828602172e-05],
        "median": [0.0113030849025, 0.236186340451, 1.24225711823, 3.05757808685, 6.62648916245, 6.5799612999, 6.09083271027, 9.62215805054, 8.67063426971, 12.5808296204, 14.8900432587, 17.1564121246, 16.9936542511, 23.3482971191, 16.6911258698, 10.7915201187, 19.550485611, 28.3536396027, 33.9315795898, 26.6891899109, 22.6367664337, 20.369342804, 30.697807312, 23.2930355072, 21.8844165802, 16.0823135376, 10.4274806976, 8.58496761322, 6.66343212128, 4.62214040756, 3.57496380806, 2.88234257698, 1.75887191296, 0.696119010448, 0.232682079077, 0.0528116300702, 0.00487874494866, 0.000178215981578, 2.74170415651e-05, 3.28405476466e-05],
        "min": [0.000100484277937, 0.0008510540938, 0.00352527061477, 0.0263056270778, 0.016807127744, 0.0185213573277, 0.110736392438, 0.253004103899, 0.153375074267, 0.214993849397, 0.0787179321051, 0.0657061636448, 0.169220134616, 0.101553194225, 0.0224840417504, 0.0291612353176, 0.124593473971, 0.183676093817, 0.0738875865936, 0.0389656163752, 0.0395586974919, 0.1359487921, 0.214842155576, 0.617818415165, 0.515773117542, 0.366289615631, 0.367038697004, 0.289699435234, 0.181002348661, 0.170457407832, 0.203670844436, 0.163005083799, 0.114291593432, 0.00778679316863, 0.00206341780722, 0.000218179877265, 3.83320511901e-05, 7.43732789488e-06, 9.57741804086e-07, 6.98060830473e-07],
        "var": [0.00547388568521, 0.73515188694, 5.3492436409, 13.2085552216, 214.797943115, 160.422027588, 81.3447418213, 308.412811279, 375.955200195, 1257.84973145, 3694.40136719, 4340.11425781, 4762.52490234, 3512.23583984, 4642.90429688, 2688.44213867, 12201.1181641, 11633.8525391, 15572.3759766, 10699.4580078, 3511.13647461, 827.213256836, 1822.78234863, 1164.73254395, 389.040924072, 392.3331604, 199.8331604, 279.624969482, 205.061889648, 111.27545166, 125.008293152, 89.2841415405, 29.3200283051, 6.83108949661, 0.658763170242, 0.0357387289405, 0.000634979980532, 1.30989178615e-06, 1.81199411031e-09, 3.89879517559e-10]
    },
    "gfcc": {
        "mean": [38.208065033, 83.3871078491, -142.35899353, 48.7808570862, -73.8213119507, 21.8380432129, -47.9134254456, 9.66684532166, -26.2900466919, -4.02473640442, -15.5276851654, -11.583199501, -8.69052600861],
        "cov": [[1208.89221191, -221.149261475, -29.9554386139, -88.324256897, 67.3724746704, 178.849319458, 2.26341176033, 64.5759506226, -26.933473587, 34.4824981689, -88.3094482422, 16.6146678925, -15.4848918915], [-221.149261475, 389.585327148, -98.1348495483, -6.03919792175, 76.0485687256, -65.3453216553, 44.0779533386, -49.7592163086, 35.6278915405, -38.4744796753, 67.7565917969, -42.9720039368, 34.3960342407], [-29.9554386139, -98.1348495483, 436.681488037, 162.896896362, -58.5, 34.9297523499, -30.2892379761, 66.4196624756, -13.2801952362, 45.380241394, -13.2265577316, 20.0832195282, -41.0957679749], [-88.324256897, -6.03919792175, 162.896896362, 200.374572754, 7.39406251907, -9.87619590759, -18.4687194824, 18.7803859711, 14.2561340332, -15.2456674576, 7.40644645691, -0.458658874035, 20.6160469055], [67.3724746704, 76.0485687256, -58.5, 7.39406251907, 182.149795532, 58.3377532959, 27.2933673859, 11.6351833344, 0.76122790575, -9.79875564575, -19.9177513123, 1.91703546047, 13.9523620605], [178.849319458, -65.3453216553, 34.9297523499, -9.87619590759, 58.3377532959, 177.150482178, 64.2224197388, 11.1570396423, -19.7366714478, 27.4861221313, 10.368470192, 4.04467582703, -17.3519420624], [2.26341176033, 44.0779533386, -30.2892379761, -18.4687194824, 27.2933673859, 64.2224197388, 102.994621277, 20.4291667938, -1.52890324593, 1.33347678185, 10.4432973862, -6.07230710983, -10.4139299393], [64.5759506226, -49.7592163086, 66.4196624756, 18.7803859711, 11.6351833344, 11.1570396423, 20.4291667938, 106.305633545, 41.9033584595, 11.660531044, -34.4375190735, 8.16440486908, 1.51350867748], [-26.933473587, 35.6278915405, -13.2801952362, 14.2561340332, 0.76122790575, -19.7366714478, -1.52890324593, 41.9033584595, 95.7947311401, 21.5380916595, 5.36462783813, -10.9157772064, 11.2408084869], [34.4824981689, -38.4744796753, 45.380241394, -15.2456674576, -9.79875564575, 27.4861221313, 1.33347678185, 11.660531044, 21.5380916595, 87.9494476318, 33.8580284119, 7.56687641144, -25.3402557373], [-88.3094482422, 67.7565917969, -13.2265577316, 7.40644645691, -19.9177513123, 10.368470192, 10.4432973862, -34.4375190735, 5.36462783813, 33.8580284119, 115.485862732, 17.6810455322, 1.74407613277], [16.6146678925, -42.9720039368, 20.0832195282, -0.458658874035, 1.91703546047, 4.04467582703, -6.07230710983, 8.16440486908, -10.9157772064, 7.56687641144, 17.6810455322, 65.650062561, 19.3941650391], [-15.4848918915, 34.3960342407, -41.0957679749, 20.6160469055, 13.9523620605, -17.3519420624, -10.4139299393, 1.51350867748, 11.2408084869, -25.3402557373, 1.74407613277, 19.3941650391, 66.9850006104]],
        "icov": [[0.00127135182265, -0.000439805357018, 0.000911752402317, -0.000253880542004, 0.000615926226601, -0.00218107597902, 0.00175594480243, -0.0014357912587, 0.00086063251365, -0.000831009121612, 0.00137032894418, -0.000704619509634, 0.000478923408082], [-0.000439805357018, 0.0130335241556, -0.00771674420685, 0.00809459853917, -0.0109995836392, 0.0120586110279, -0.012075483799, 0.0093481047079, -0.00749441934749, 0.00787416566163, -0.0121921747923, 0.0123593732715, -0.00971808843315], [0.000911752402317, -0.00771674420685, 0.0117441723123, -0.0108696371317, 0.00926139205694, -0.0100730247796, 0.0104192374274, -0.0102420365438, 0.00783917307854, -0.00790990144014, 0.00904465839267, -0.0096201300621, 0.0102786077186], [-0.000253880542004, 0.00809459853917, -0.0108696371317, 0.0161075424403, -0.00944234337658, 0.00883852690458, -0.00787518918514, 0.00731440400705, -0.00733733270317, 0.00910231936723, -0.0105566615239, 0.0107584139332, -0.0111398519948], [0.000615926226601, -0.0109995836392, 0.00926139205694, -0.00944234337658, 0.0170207712799, -0.0136656323448, 0.0106218922883, -0.0091510489583, 0.00683984765783, -0.00738618290052, 0.0125664267689, -0.0116216354072, 0.00824707001448], [-0.00218107597902, 0.0120586110279, -0.0100730247796, 0.00883852690458, -0.0136656323448, 0.0233964323997, -0.0188113246113, 0.0111380880699, -0.00593826547265, 0.00529279885814, -0.0129015147686, 0.0122774448246, -0.0100853936747], [0.00175594480243, -0.012075483799, 0.0104192374274, -0.00787518918514, 0.0106218922883, -0.0188113246113, 0.0286232382059, -0.0162637587637, 0.00931702926755, -0.00513337226585, 0.00860768184066, -0.00987872667611, 0.0122852688655], [-0.0014357912587, 0.0093481047079, -0.0102420365438, 0.00731440400705, -0.0091510489583, 0.0111380880699, -0.0162637587637, 0.0273276586086, -0.0158050358295, 0.00535347266123, -0.00254876725376, 0.00430423533544, -0.00852377992123], [0.00086063251365, -0.00749441934749, 0.00783917307854, -0.00733733270317, 0.00683984765783, -0.00593826547265, 0.00931702926755, -0.0158050358295, 0.0232942737639, -0.011277642101, 0.00498113734648, -0.0013515233295, 0.0020437950734], [-0.000831009121612, 0.00787416566163, -0.00790990144014, 0.00910231936723, -0.00738618290052, 0.00529279885814, -0.00513337226585, 0.00535347266123, -0.011277642101, 0.0256067719311, -0.0142619712278, 0.00547326961532, 0.000467042933451], [0.00137032894418, -0.0121921747923, 0.00904465839267, -0.0105566615239, 0.0125664267689, -0.0129015147686, 0.00860768184066, -0.00254876725376, 0.00498113734648, -0.0142619712278, 0.0267746318132, -0.0169640313834, 0.00879491772503], [-0.000704619509634, 0.0123593732715, -0.0096201300621, 0.0107584139332, -0.0116216354072, 0.0122774448246, -0.00987872667611, 0.00430423533544, -0.0013515233295, 0.00547326961532, -0.0169640313834, 0.0339313521981, -0.0188395678997], [0.000478923408082, -0.00971808843315, 0.0102786077186, -0.0111398519948, 0.00824707001448, -0.0100853936747, 0.0122852688655, -0.00852377992123, 0.0020437950734, 0.000467042933451, 0.00879491772503, -0.0188395678997, 0.0325956270099]]
    },
    "melbands": {
        "dmean": [0.000334390351782, 0.000558262167033, 0.000472910731332, 0.000431291002315, 0.000172376909177, 0.000156202178914, 0.000112761073979, 0.000167435093317, 0.000186640885659, 0.000162896234542, 0.000121850644064, 0.000109593194793, 7.89665282355e-05, 4.59857874375e-05, 4.41066804342e-05, 7.88421239122e-05, 6.69132859912e-05, 7.01541794115e-05, 4.2620999011e-05, 4.50485022156e-05, 2.26624797506e-05, 1.51906151586e-05, 1.9872246412e-05, 1.7943984858e-05, 1.39050307553e-05, 1.12512716441e-05, 7.2309544521e-06, 7.5677435234e-06, 4.79506798001e-06, 3.78240201826e-06, 5.66869084651e-06, 4.19725893153e-06, 2.89593731395e-06, 2.78698666989e-06, 3.07703885483e-06, 3.1769495763e-06, 2.7187491014e-06, 1.83643066975e-06, 1.40874840326e-06, 9.21745879623e-07],
        "dmean2": [0.000474182888865, 0.000908925605472, 0.000763041782193, 0.000695821770933, 0.00027328991564, 0.000231968442677, 0.000173060063389, 0.00025502560311, 0.000290870608296, 0.000257149164099, 0.000191934639588, 0.000171372957993, 0.000124817714095, 6.90936867613e-05, 6.78501237417e-05, 0.00012770415924, 0.000100902179838, 0.000107993815618, 6.72560709063e-05, 7.07153085386e-05, 3.54323383362e-05, 2.35959596466e-05, 3.24225002259e-05, 2.87221500912e-05, 2.21899117605e-05, 1.80750066647e-05, 1.17755989777e-05, 1.22837591334e-05, 7.44112867324e-06, 5.59910904485e-06, 8.91221225174e-06, 6.47581282465e-06, 4.29188912676e-06, 4.21885442847e-06, 4.65300945507e-06, 4.77497724205e-06, 4.11987002735e-06, 2.81410575553e-06, 2.16434523281e-06, 1.41472708037e-06],
        "dvar": [4.36028670947e-07, 7.17865532351e-07, 3.86322085433e-07, 4.8750911219e-07, 5.93902704793e-08, 4.53853807869e-08, 3.88839680454e-08, 1.01020681598e-07, 1.95588796714e-07, 1.24498612308e-07, 9.23112040141e-08, 3.03487439623e-08, 2.53861678345e-08, 1.11365032751e-08, 9.6508667724e-09, 3.47566704306e-08, 1.68151501612e-08, 2.25867520243e-08, 7.72524089143e-09, 1.29835067142e-08, 1.69589453591e-09, 5.48393885857e-10, 9.02137087255e-10, 6.14867712301e-10, 4.74787653637e-10, 1.6739072628e-10, 9.85490786198e-11, 1.21875343151e-10, 6.11948963725e-11, 4.71375091737e-11, 9.35010679992e-11, 5.79494785491e-11, 2.95327061417e-11, 2.22284725349e-11, 2.95790301974e-11, 3.25974490456e-11, 2.39606060687e-11, 1.14303904883e-11, 7.33665298652e-12, 3.28235138722e-12],
        "dvar2": [8.17826901311e-07, 1.95119901036e-06, 1.03822299025e-06, 1.30039188662e-06, 1.47591606492e-07, 1.01103381667e-07, 9.51761194301e-08, 2.31538621165e-07, 4.63735688072e-07, 2.9308739613e-07, 2.29720413358e-07, 7.35375422778e-08, 6.15012396565e-08, 1.97412663994e-08, 2.19015809932e-08, 7.82505864549e-08, 3.64565408972e-08, 5.29020098838e-08, 2.05689794086e-08, 3.32271277159e-08, 3.9751686387e-09, 1.26258370425e-09, 2.34364261331e-09, 1.5502901185e-09, 1.1762604224e-09, 4.53606124884e-10, 2.63451621629e-10, 2.96188018556e-10, 1.44869796714e-10, 1.05703647224e-10, 2.14906675788e-10, 1.35225358688e-10, 6.29158738996e-11, 4.58708453166e-11, 6.52460932504e-11, 7.09291861356e-11, 5.27746110701e-11, 2.55936973004e-11, 1.61410364241e-11, 7.7121338829e-12],
        "max": [0.00645841564983, 0.00716699892655, 0.00820395722985, 0.00886316783726, 0.00376254948787, 0.00269908690825, 0.00332854990847, 0.00497560342774, 0.0070892078802, 0.00693260133266, 0.00585183175281, 0.00175573851448, 0.00247043021955, 0.00319639360532, 0.00124994548969, 0.00341208651662, 0.00279359193519, 0.00347443576902, 0.00161911617033, 0.00203305156901, 0.000878348364495, 0.000336761586368, 0.000541366636753, 0.000302797649056, 0.000286025839159, 0.000123496720335, 0.000154737586854, 0.000122763609397, 8.84435939952e-05, 7.64780852478e-05, 0.000125950726215, 9.23156912904e-05, 6.88586442266e-05, 4.98524714203e-05, 5.50706936338e-05, 6.5637708758e-05, 5.51184966753e-05, 3.29520007654e-05, 2.73664518318e-05, 1.6295020032e-05],
        "mean": [0.000464627606561, 0.000967659114394, 0.000990170170553, 0.00080225628335, 0.000339576625265, 0.000332791649271, 0.00021881426801, 0.000287586939521, 0.000263398542302, 0.000231077327044, 0.000170416911715, 0.000180068876944, 0.000135539914481, 8.07919423096e-05, 7.66907105572e-05, 0.000131682405481, 0.000122130775708, 0.000130652246298, 7.43845157558e-05, 7.53597851144e-05, 4.22481934947e-05, 2.79011819657e-05, 3.85917737731e-05, 3.64475126844e-05, 2.58076415776e-05, 2.15710770135e-05, 1.44377072502e-05, 1.4918137822e-05, 9.42467340792e-06, 6.52739572615e-06, 9.06647255761e-06, 6.90957358529e-06, 4.93519019074e-06, 4.36123400505e-06, 4.33854302173e-06, 4.36547679783e-06, 3.93922164221e-06, 2.81798565993e-06, 2.00636259251e-06, 1.22647043099e-06],
        "median": [0.000168899641722, 0.000585056957789, 0.000720636860933, 0.000515028077643, 0.000239487795625, 0.000216005879338, 0.000125458042021, 0.000152496795636, 0.000114100184874, 9.79668839136e-05, 7.90553749539e-05, 9.21062310226e-05, 5.04632553202e-05, 3.37231758749e-05, 2.55848863162e-05, 4.2560750444e-05, 4.59442999272e-05, 5.00756541442e-05, 3.36395823979e-05, 3.64113839169e-05, 2.170024527e-05, 1.87777204701e-05, 2.60667384282e-05, 2.46826330113e-05, 1.60400504683e-05, 1.68260430655e-05, 1.14064305308e-05, 1.03443799162e-05, 7.17293687558e-06, 4.03839430874e-06, 5.6313724599e-06, 4.0757363422e-06, 2.91127025775e-06, 2.21958066504e-06, 2.07855805456e-06, 1.82518465408e-06, 1.76368291704e-06, 1.30793773678e-06, 8.5427615204e-07, 4.96075585943e-07],
        "min": [9.08113236164e-07, 1.95297707251e-06, 4.35509537056e-06, 4.95262440836e-07, 3.27662178279e-06, 4.2940118874e-06, 1.63217293903e-06, 1.36611356538e-06, 7.5153650414e-07, 3.4179964814e-07, 8.78877813193e-07, 4.35588731307e-07, 7.63528191783e-08, 4.8966779076e-08, 1.08007782273e-07, 2.66868312337e-07, 2.8935875207e-07, 1.15098465869e-07, 5.51848380326e-08, 2.94564870273e-08, 3.33416281251e-08, 1.25468105239e-07, 1.6191806651e-07, 2.18604299107e-07, 3.73113834939e-07, 4.23592410925e-07, 3.32235060796e-07, 2.10509725207e-07, 7.13620238457e-08, 7.44896340166e-08, 5.05269603934e-08, 1.00163767058e-07, 1.1786269738e-07, 7.47688062575e-08, 1.19958869504e-07, 5.39653441933e-08, 1.67553899644e-08, 1.80494375002e-08, 6.99852353847e-09, 5.61181490166e-10],
