{
"highlevel": {
    "danceability": {
        "all": {
            "danceable": 0.996983289719,
            "not_danceable": 0.00301668280736
        },
        "probability": 0.996983289719,
        "value": "danceable"
    },
    "gender": {
        "all": {
            "female": 0.332440257072,
            "male": 0.667559742928
        },
        "probability": 0.667559742928,
        "value": "male"
    },
    "genre_dortmund": {
        "all": {
            "alternative": 0.00189055444207,
            "blues": 0.00377847580239,
            "electronic": 0.00962065719068,
            "folkcountry": 0.00354346539825,
            "funksoulrnb": 0.0136978309602,
            "jazz": 0.0191413201392,
            "pop": 0.00298709911294,
            "raphiphop": 0.939949512482,
            "rock": 0.00539108645171
        },
        "probability": 0.939949512482,
        "value": "raphiphop"
    },
    "genre_electronic": {
        "all": {
            "ambient": 0.242235705256,
            "dnb": 0.341971278191,
            "house": 0.377601832151,
            "techno": 0.0212974920869,
            "trance": 0.0168936811388
        },
        "probability": 0.377601832151,
        "value": "house"
    },
    "genre_rosamerica": {
        "all": {
            "cla": 0.0130889136344,
            "dan": 0.0125369345769,
            "hip": 0.512687444687,
            "jaz": 0.0333127938211,
            "pop": 0.100592851639,
            "rhy": 0.308426469564,
            "roc": 0.00512439291924,
            "spe": 0.0142302094027
        },
        "probability": 0.512687444687,
        "value": "hip"
    },
    "genre_tzanetakis": {
        "all": {
            "blu": 0.0534286126494,
            "cla": 0.0296793803573,
            "cou": 0.0534212701023,
            "dis": 0.0445159301162,
            "hip": 0.133544236422,
            "jaz": 0.267067581415,
            "met": 0.0534032955766,
            "pop": 0.0534038804471,
            "reg": 0.0445042736828,
            "roc": 0.267031520605
        },
        "probability": 0.267067581415,
        "value": "jaz"
    },
    "ismir04_rhythm": {
        "all": {
            "ChaChaCha": 0.10847800225,
            "Jive": 0.154258027673,
            "Quickstep": 0.234050109982,
            "Rumba-American": 0.0270391013473,
            "Rumba-International": 0.0624278448522,
            "Rumba-Misc": 0.0173215009272,
            "Samba": 0.330061674118,
            "Tango": 0.0182773154229,
            "VienneseWaltz": 0.0306235291064,
            "Waltz": 0.0174628961831
        },
        "probability": 0.330061674118,
        "value": "Samba"
    },
    "mood_acoustic": {
        "all": {
            "acoustic": 0.775691926479,
            "not_acoustic": 0.224308073521
        },
        "probability": 0.775691926479,
        "value": "acoustic"
    },
    "mood_aggressive": {
        "all": {
            "aggressive": 0.0987832769752,
            "not_aggressive": 0.901216745377
        },
        "probability": 0.901216745377,
        "value": "not_aggressive"
    },
    "mood_electronic": {
        "all": {
            "electronic": 0.851244926453,
            "not_electronic": 0.148755073547
        },
        "probability": 0.851244926453,
        "value": "electronic"
    },
    "mood_happy": {
        "all": {
            "happy": 0.967899501324,
            "not_happy": 0.0321005024016
        },
        "probability": 0.967899501324,
        "value": "happy"
    },
    "mood_party": {
        "all": {
            "not_party": 0.38099616766,
            "party": 0.61900383234
        },
        "probability": 0.61900383234,
        "value": "party"
    },
    "mood_relaxed": {
        "all": {
            "not_relaxed": 0.939484477043,
            "relaxed": 0.0605155155063
        },
        "probability": 0.939484477043,
        "value": "not_relaxed"
    },
    "mood_sad": {
        "all": {
            "not_sad": 0.797941207886,
            "sad": 0.202058792114
        },
        "probability": 0.797941207886,
        "value": "not_sad"
    },
    "moods_mirex": {
        "all": {
            "Cluster1": 0.0877034068108,
            "Cluster2": 0.0772495865822,
            "Cluster3": 0.280927032232,
            "Cluster4": 0.0380701199174,
            "Cluster5": 0.516049861908
        },
        "probability": 0.516049861908,
        "value": "Cluster5"
    },
    "timbre": {
        "all": {
            "bright": 0.983886122704,
            "dark": 0.0161138810217
        },
        "probability": 0.983886122704,
        "value": "bright"
    },
    "tonal_atonal": {
        "all": {
            "atonal": 0.0030383632984,
            "tonal": 0.996961653233
        },
        "probability": 0.996961653233,
        "value": "tonal"
    },
    "voice_instrumental": {
        "all": {
            "instrumental": 0.595061421394,
            "voice": 0.404938578606
        },
        "probability": 0.595061421394,
        "value": "instrumental"
    }
},
"lowlevel": {
    "average_loudness": 0.95341861248,
    "barkbands_crest": {
        "dmean": 3.87400269508,
        "dmean2": 5.98779678345,
        "dvar": 11.852643013,
        "dvar2": 25.4477081299,
        "max": 25.9757919312,
        "mean": 12.6093845367,
        "median": 11.4894971848,
        "min": 3.07000517845,
        "var": 29.3748512268
    },
    "barkbands_flatness_db": {
        "dmean": 0.0446518212557,
        "dmean2": 0.0626794993877,
        "dvar": 0.00165985478088,
        "dvar2": 0.00317384186201,
        "max": 0.475619792938,
        "mean": 0.189677163959,
        "median": 0.178039655089,
        "min": 0.0507106333971,
        "var": 0.00488158548251
    },
    "barkbands_kurtosis": {
        "dmean": 9.92085933685,
        "dmean2": 15.4922266006,
        "dvar": 366.89440918,
        "dvar2": 824.634399414,
        "max": 194.758956909,
        "mean": 8.90144443512,
        "median": 1.53143119812,
        "min": -1.94305074215,
        "var": 427.673858643
    },
    "barkbands_skewness": {
        "dmean": 1.33848381042,
        "dmean2": 1.95894527435,
        "dvar": 2.10178494453,
        "dvar2": 4.30148983002,
        "max": 12.5791463852,
        "mean": 1.80306899548,
        "median": 1.280823946,
        "min": -4.70483779907,
        "var": 4.44811964035
    },
    "barkbands_spread": {
        "dmean": 12.9413566589,
        "dmean2": 19.1038551331,
        "dvar": 183.725479126,
        "dvar2": 399.938964844,
        "max": 107.569000244,
        "mean": 26.1267547607,
        "median": 21.8940010071,
        "min": 0.36098664999,
        "var": 340.076080322
    },
    "dissonance": {
        "dmean": 0.033786598593,
        "dmean2": 0.0555618554354,
        "dvar": 0.00111668894533,
        "dvar2": 0.0028434516862,
        "max": 0.499792724848,
        "mean": 0.44048383832,
        "median": 0.452993363142,
        "min": 0.170321702957,
        "var": 0.0022424175404
    },
    "dynamic_complexity": 2.97210335732,
    "erbbands_crest": {
        "dmean": 3.68685603142,
        "dmean2": 6.18685436249,
        "dvar": 10.5884714127,
        "dvar2": 25.923324585,
        "max": 30.0784339905,
        "mean": 10.1863336563,
        "median": 9.24709224701,
        "min": 3.45580101013,
        "var": 18.3250522614
    },
    "erbbands_flatness_db": {
        "dmean": 0.0338758267462,
        "dmean2": 0.0517188198864,
        "dvar": 0.000866757298354,
        "dvar2": 0.00204709405079,
        "max": 0.339786082506,
        "mean": 0.168793559074,
        "median": 0.165153414011,
        "min": 0.070598885417,
        "var": 0.00244511524215
    },
    "erbbands_kurtosis": {
        "dmean": 2.19971203804,
        "dmean2": 3.59175515175,
        "dvar": 11.3943538666,
        "dvar2": 27.7851886749,
        "max": 40.7464027405,
        "mean": 1.16444981098,
        "median": -0.0555663108826,
        "min": -1.93311595917,
        "var": 15.6591491699
    },
    "erbbands_skewness": {
        "dmean": 0.753076016903,
        "dmean2": 1.13397502899,
        "dvar": 0.536243736744,
        "dvar2": 1.12525236607,
        "max": 5.02286195755,
        "mean": 0.207906648517,
        "median": 0.235884293914,
        "min": -4.80432367325,
        "var": 1.29887723923
    },
    "erbbands_spread": {
        "dmean": 22.4654159546,
        "dmean2": 35.905128479,
        "dvar": 610.489013672,
        "dvar2": 1478.14099121,
        "max": 194.830780029,
        "mean": 47.7484970093,
        "median": 37.3975410461,
        "min": 3.18106722832,
        "var": 1159.56164551
    },
    "hfc": {
        "dmean": 22.0104694366,
        "dmean2": 31.223279953,
        "dvar": 2734.5769043,
        "dvar2": 6600.46533203,
        "max": 695.58605957,
        "mean": 23.7757053375,
        "median": 8.69094181061,
        "min": 0.00804671831429,
        "var": 2607.5480957
    },
    "melbands_crest": {
        "dmean": 4.12227678299,
        "dmean2": 6.30078458786,
        "dvar": 13.0691156387,
        "dvar2": 32.0186347961,
        "max": 31.9168891907,
        "mean": 16.5352363586,
        "median": 16.2441425323,
        "min": 2.90908932686,
        "var": 32.1858024597
    },
    "melbands_flatness_db": {
        "dmean": 0.0585812032223,
        "dmean2": 0.0756801590323,
        "dvar": 0.00259039294906,
        "dvar2": 0.00447568390518,
        "max": 0.599795877934,
        "mean": 0.232886582613,
        "median": 0.220386102796,
        "min": 0.03530883044,
        "var": 0.00992846023291
    },
    "melbands_kurtosis": {
        "dmean": 33.7880439758,
        "dmean2": 53.828704834,
        "dvar": 5462.99609375,
        "dvar2": 12108.3779297,
        "max": 680.503417969,
        "mean": 36.3237037659,
        "median": 7.23508262634,
        "min": -1.74430918694,
        "var": 6925.91113281
    },
    "melbands_skewness": {
        "dmean": 2.03711152077,
        "dmean2": 3.13957095146,
        "dvar": 6.82893133163,
        "dvar2": 14.2351980209,
        "max": 20.8988075256,
        "mean": 3.59775710106,
        "median": 2.359603405,
        "min": -2.97888088226,
        "var": 13.2639894485
    },
    "melbands_spread": {
        "dmean": 17.3065338135,
        "dmean2": 25.8753986359,
        "dvar": 538.829162598,
        "dvar2": 1198.38684082,
        "max": 201.03263855,
        "mean": 28.8427829742,
        "median": 20.3963260651,
        "min": 0.473780691624,
        "var": 874.272827148
    },
    "pitch_salience": {
        "dmean": 0.098092533648,
        "dmean2": 0.153801992536,
        "dvar": 0.00814177282155,
        "dvar2": 0.0196022987366,
        "max": 0.856091618538,
        "mean": 0.466136425734,
        "median": 0.456597238779,
        "min": 0.0880963951349,
        "var": 0.0193013530225
    },
    "silence_rate_20dB": {
        "dmean": 0,
        "dmean2": 0,
        "dvar": 0,
        "dvar2": 0,
        "max": 1,
        "mean": 1,
        "median": 1,
        "min": 1,
        "var": 0
    },
    "silence_rate_30dB": {
        "dmean": 0.00773993786424,
        "dmean2": 0.0154918665066,
        "dvar": 0.00768016139045,
        "dvar2": 0.019899636507,
        "max": 1,
        "mean": 0.994586229324,
        "median": 1,
        "min": 0,
        "var": 0.00538430549204
    },
    "silence_rate_60dB": {
        "dmean": 0.0588235296309,
        "dmean2": 0.117738187313,
        "dvar": 0.0553634762764,
        "dvar2": 0.111621454358,
        "max": 1,
        "mean": 0.0843000784516,
        "median": 0,
        "min": 0,
        "var": 0.0771928727627
    },
    "spectral_centroid": {
        "dmean": 568.998718262,
        "dmean2": 804.00970459,
        "dvar": 370718.1875,
        "dvar2": 724488.8125,
        "max": 5548.80371094,
        "mean": 1564.43481445,
        "median": 1391.50708008,
        "min": 130.329147339,
        "var": 842789.3125
    },
    "spectral_complexity": {
        "dmean": 5.57430362701,
        "dmean2": 7.51200628281,
        "dvar": 44.6532707214,
        "dvar2": 70.0533294678,
        "max": 55,
        "mean": 11.8136119843,
        "median": 9,
        "min": 0,
        "var": 109.68611908
    },
    "spectral_decrease": {
        "dmean": 3.07197467464e-09,
        "dmean2": 4.39789449302e-09,
        "dvar": 1.87985413425e-17,
        "dvar2": 3.56265035465e-17,
        "max": -3.13750631378e-12,
        "mean": -4.97566121638e-09,
        "median": -2.55062704291e-09,
        "min": -4.29916404698e-08,
        "var": 3.36473614344e-17
    },
    "spectral_energy": {
        "dmean": 0.0130006605759,
        "dmean2": 0.0182671230286,
        "dvar": 0.000332433613949,
        "dvar2": 0.000614226039033,
        "max": 0.166847705841,
        "mean": 0.020935812965,
        "median": 0.0104776909575,
        "min": 1.26194445329e-05,
        "var": 0.000593282806221
    },
    "spectral_energyband_high": {
        "dmean": 0.00269732135348,
        "dmean2": 0.00415442790836,
        "dvar": 6.84738552081e-05,
        "dvar2": 0.000174155633431,
        "max": 0.105212569237,
        "mean": 0.00227113440633,
        "median": 0.000238744425587,
        "min": 1.00591293517e-07,
        "var": 5.41299705219e-05
    },
    "spectral_energyband_low": {
        "dmean": 0.00624574534595,
        "dmean2": 0.00928892195225,
        "dvar": 0.000206844153581,
        "dvar2": 0.00041208267794,
        "max": 0.15602491796,
        "mean": 0.0101312259212,
        "median": 0.0046169757843,
        "min": 1.12561231447e-07,
        "var": 0.00033050737693
    },
    "spectral_energyband_middle_high": {
        "dmean": 0.00245139049366,
        "dmean2": 0.00329798040912,
        "dvar": 1.21286684589e-05,
        "dvar2": 2.42072055698e-05,
        "max": 0.0453330986202,
        "mean": 0.00330783776008,
        "median": 0.00170282227919,
        "min": 1.13171734029e-06,
        "var": 2.17408505705e-05
    },
    "spectral_energyband_middle_low": {
        "dmean": 0.00497953873128,
        "dmean2": 0.00831975135952,
        "dvar": 7.85329320934e-05,
        "dvar2": 0.000203691786737,
        "max": 0.0647413730621,
        "mean": 0.00566167989746,
        "median": 0.00307954452001,
        "min": 1.07417861273e-06,
        "var": 6.83155230945e-05
    },
    "spectral_entropy": {
        "dmean": 0.337222605944,
        "dmean2": 0.456103801727,
        "dvar": 0.100329607725,
        "dvar2": 0.191273286939,
        "max": 8.72488117218,
        "mean": 7.47320079803,
        "median": 7.48948383331,
        "min": 5.03831672668,
        "var": 0.324762791395
    },
    "spectral_flux": {
        "dmean": 0.0429753772914,
        "dmean2": 0.0638868585229,
        "dvar": 0.00172259751707,
        "dvar2": 0.00355644873343,
        "max": 0.366461366415,
        "mean": 0.0881527364254,
        "median": 0.070780813694,
        "min": 0.00331242661923,
        "var": 0.00388658139855
    },
    "spectral_kurtosis": {
        "dmean": 2.11892056465,
        "dmean2": 3.20576381683,
        "dvar": 6.83908033371,
        "dvar2": 16.103105545,
        "max": 46.7275505066,
        "mean": 3.6356549263,
        "median": 2.75616693497,
        "min": -1.07134592533,
        "var": 13.8646411896
    },
    "spectral_rms": {
        "dmean": 0.00129447097424,
        "dmean2": 0.0017049171729,
        "dvar": 2.01229227059e-06,
        "dvar2": 3.05983826365e-06,
        "max": 0.0127584580332,
        "mean": 0.00390819553286,
        "median": 0.00319720781408,
        "min": 0.000110957887955,
        "var": 5.15119472766e-06
    },
    "spectral_rolloff": {
        "dmean": 1221.40942383,
        "dmean2": 2041.63366699,
        "dvar": 3166065.75,
        "dvar2": 6651625,
        "max": 12360.0585938,
        "mean": 1924.71655273,
        "median": 1141.25976562,
        "min": 64.599609375,
        "var": 4776818
    },
    "spectral_skewness": {
        "dmean": 0.399706661701,
        "dmean2": 0.543860852718,
        "dvar": 0.136419445276,
        "dvar2": 0.2450312078,
        "max": 5.7233839035,
        "mean": 1.33178198338,
        "median": 1.33297109604,
        "min": -0.263674020767,
        "var": 0.465448379517
    },
    "spectral_spread": {
        "dmean": 1350098,
        "dmean2": 2067401.125,
        "dvar": 2.21080767693e+12,
        "dvar2": 5.00724033126e+12,
        "max": 14268456,
        "mean": 5511150,
        "median": 4789378.5,
        "min": 1468104.25,
        "var": 5.53390125875e+12
    },
    "spectral_strongpeak": {
        "dmean": 0.555495142937,
        "dmean2": 0.945825636387,
        "dvar": 1.55507814884,
        "dvar2": 4.22861242294,
        "max": 23.6188373566,
        "mean": 0.702356874943,
        "median": 0.29136428237,
        "min": 0,
        "var": 1.2110170126
    },
    "zerocrossingrate": {
        "dmean": 0.0246861688793,
        "dmean2": 0.0268963165581,
        "dvar": 0.00062036991585,
        "dvar2": 0.000778192246798,
        "max": 0.3681640625,
        "mean": 0.0703411996365,
        "median": 0.0556640625,
        "min": 0.0029296875,
        "var": 0.0025930411648
    },
    "barkbands": {
        "dmean": [7.99478366389e-05, 0.0051689716056, 0.00148025294766, 0.000518692308106, 0.00152896216605, 0.0010876870947, 0.000432571658166, 0.00125217775349, 0.00119237194303, 0.000407079787692, 0.000439114432083, 0.000353174516931, 0.000204562631552, 0.000287592876703, 0.000288849929348, 0.000322521664202, 0.00026426682598, 0.00020063680131, 0.000231472717132, 0.000319514365401, 0.000610881892499, 0.00110194634181, 0.000481183640659, 0.000221066919039, 0.000123338686535, 0.000102463287476, 1.8723984585e-09],
        "dmean2": [0.000123000922031, 0.00763591518626, 0.0025503593497, 0.000862336892169, 0.00262434128672, 0.0020412991289, 0.000712866953108, 0.00207274197601, 0.00196298561059, 0.000616021337919, 0.000637471384834, 0.000543172121979, 0.000320381397614, 0.000465917459223, 0.000450478779385, 0.000520671135746, 0.000397688621888, 0.000310798175633, 0.000342105195159, 0.000491600250825, 0.000995904905722, 0.00175287853926, 0.000748475489672, 0.000350502610672, 0.000195648535737, 0.000164596465765, 2.69173061618e-09],
        "dvar": [3.70157842156e-08, 0.000152908978635, 4.63225187559e-05, 2.70961299975e-06, 1.8273740352e-05, 1.16075016194e-05, 1.65405811003e-06, 7.07734534444e-06, 9.98892846837e-06, 1.10607004444e-06, 1.98718703359e-06, 9.38981315812e-07, 3.20270459042e-07, 4.03324406761e-07, 3.7394167407e-07, 6.49207322567e-07, 3.854050874e-07, 1.46779669308e-07, 1.93638840074e-07, 7.13178621936e-07, 8.62166962179e-06, 9.9461285572e-06, 3.88349053537e-06, 1.72643183305e-07, 5.62112951741e-08, 4.32058833155e-08, 7.74014630855e-16],
        "dvar2": [7.8359541078e-08, 0.000286891590804, 0.000122076424304, 6.81720393914e-06, 4.99611123814e-05, 3.35398362949e-05, 4.43406543127e-06, 1.80256083695e-05, 2.5491030101e-05, 2.29256170314e-06, 3.74263345293e-06, 2.08560004467e-06, 7.31531088149e-07, 9.71110921455e-07, 9.18995908705e-07, 1.72148361344e-06, 7.9414536458e-07, 3.36338388252e-07, 3.96945267767e-07, 1.74574722678e-06, 2.3779224648e-05, 2.46694344241e-05, 1.0074830243e-05, 3.96725369001e-07, 1.34196866952e-07, 1.04622777997e-07, 7.83387738631e-16],
        "max": [0.00227440730669, 0.0885931402445, 0.120718151331, 0.0334235019982, 0.0383278131485, 0.0254844650626, 0.0289946198463, 0.0373401194811, 0.0377343632281, 0.019283765927, 0.0232643336058, 0.0110535807908, 0.00786859542131, 0.00668364390731, 0.00891209580004, 0.0154470484704, 0.00812645163387, 0.00512471748516, 0.00534685747698, 0.0112652173266, 0.0387631505728, 0.0358002185822, 0.0311210695654, 0.00349933793768, 0.00189471582416, 0.00127908552531, 9.81219159257e-07],
        "mean": [0.000106351813884, 0.00793868117034, 0.00168373249471, 0.000620886625256, 0.00136076891795, 0.000763621297665, 0.00047293654643, 0.00122352177277, 0.00116754311603, 0.000432629778516, 0.00049790320918, 0.000357044860721, 0.000212601284147, 0.000297634949675, 0.000301235733787, 0.000341807113728, 0.000286551599856, 0.000206817378057, 0.000256071827607, 0.000272993871477, 0.000470508559374, 0.000843887915835, 0.000404752325267, 0.000220318659558, 0.000110227541882, 8.47878327477e-05, 1.67075797641e-09],
        "median": [5.12723863721e-06, 0.00369481439702, 0.000431410269812, 0.000200218841201, 0.000261289736954, 0.000126150349388, 4.86844437546e-05, 0.000275676429737, 0.000134184432682, 5.25614013895e-05, 3.89619453927e-05, 4.41270967713e-05, 2.14425435843e-05, 4.92569415655e-05, 4.21363802161e-05, 5.14040038979e-05, 4.7314526455e-05, 5.29711142008e-05, 5.23442722624e-05, 3.39971011272e-05, 4.57417481812e-05, 4.72082465421e-05, 2.27417676797e-05, 3.51283852069e-05, 9.10937978915e-06, 4.97195105709e-06, 2.4747673355e-10],
        "min": [6.84649115179e-10, 2.38426682841e-08, 7.94311949548e-10, 2.60405697006e-10, 3.22266728858e-08, 5.00136074777e-08, 9.21103193718e-09, 5.58090178515e-08, 3.43840156347e-08, 3.24428106602e-09, 6.63738530804e-09, 2.76489298123e-09, 2.66355182355e-09, 6.3170011444e-09, 6.82924961026e-09, 5.21546894561e-09, 9.53277901061e-09, 1.69205023326e-08, 9.25866139312e-09, 2.2595093796e-08, 1.2978099484e-08, 1.20281020699e-08, 5.56403234597e-09, 5.20217779965e-09, 2.49682408082e-09, 4.27159002614e-10, 2.17372439493e-11],
        "var": [6.60803038954e-08, 0.000253286707448, 3.44177205989e-05, 2.5492529403e-06, 1.25723954625e-05, 6.62731008561e-06, 1.43770682826e-06, 6.69119708618e-06, 9.34862964641e-06, 1.4578581613e-06, 2.91707146971e-06, 1.05139395146e-06, 3.708300369e-07, 4.70565680644e-07, 4.23610686084e-07, 6.42664076622e-07, 5.32110277618e-07, 1.72989842895e-07, 2.69922850293e-07, 6.29342139291e-07, 5.53800282432e-06, 8.09100311017e-06, 2.87261377707e-06, 1.98348502067e-07, 5.64042323958e-08, 3.9085989556e-08, 7.74508239305e-16]
    },
    "erbbands": {
        "dmean": [0.143452033401, 1.20621192455, 1.70969283581, 1.92557263374, 1.35854256153, 5.66621875763, 13.6046142578, 6.47927904129, 4.82420778275, 12.5463562012, 35.1437950134, 23.9050521851, 9.98443889618, 17.0892391205, 13.5296430588, 13.0167570114, 9.60176181793, 11.5243759155, 14.3004226685, 17.21052742, 17.5202713013, 14.1240205765, 11.4034614563, 10.7745962143, 12.9138298035, 15.9320411682, 15.8382387161, 37.8539009094, 38.1426506042, 26.6380844116, 10.3112134933, 5.76545810699, 2.65391588211, 1.07754826546, 1.19950401783, 0.55361354351, 0.192940920591, 0.0127692278475, 0.00025924804504, 2.978253724e-05],
        "dmean2": [0.209331765771, 1.82261395454, 2.73312759399, 3.31843662262, 1.94248270988, 9.70017242432, 25.061000824, 12.0577859879, 7.97878646851, 21.0936489105, 58.5112800598, 39.4633293152, 15.1301031113, 24.8747901917, 19.3869876862, 19.7883682251, 14.7115898132, 18.7023410797, 21.6305885315, 27.1412906647, 26.8197383881, 21.6667804718, 17.3219718933, 16.6003398895, 19.3041877747, 25.1228141785, 26.1339111328, 61.0359115601, 60.6035461426, 42.1361427307, 15.4694728851, 9.00871086121, 4.13040399551, 1.63955712318, 1.99400901794, 0.903176128864, 0.30927336216, 0.0208116117865, 0.000417224655394, 4.20139767812e-05],
        "dvar": [0.142545610666, 8.46450996399, 31.295955658, 77.9630126953, 8.67526054382, 236.60887146, 1922.08361816, 407.215454102, 146.149551392, 949.897949219, 5251.81005859, 3994.88085938, 456.672180176, 1708.87011719, 1711.03430176, 1243.50488281, 559.61328125, 765.975646973, 925.203918457, 1933.54589844, 1611.59277344, 1062.1541748, 446.082366943, 528.937194824, 604.18737793, 1831.1015625, 6070.14257812, 20829.65625, 12792.7802734, 13761.9677734, 896.997558594, 120.870414734, 26.9155101776, 3.76420545578, 6.2584862709, 1.33285951614, 0.150833591819, 0.000691077730153, 2.67848975e-07, 2.20082463365e-09],
        "dvar2": [0.257565677166, 16.7813625336, 78.6522827148, 199.4715271, 14.6271467209, 641.357299805, 5477.69580078, 1167.4284668, 390.037994385, 2515.64501953, 13058.8564453, 10284.2949219, 1010.33734131, 3621.46484375, 3280.65869141, 2847.28051758, 1311.36340332, 1886.18432617, 1985.96130371, 5171.21240234, 3843.11181641, 2312.28564453, 972.492858887, 1100.09375, 1335.73754883, 4572.43896484, 16592.3164062, 55997.1132812, 31657.2265625, 36311.6679688, 2158.63183594, 267.84072876, 66.6762313843, 8.24170303345, 16.0739784241, 3.2751531601, 0.368173718452, 0.00169272813946, 6.45574743885e-07, 4.49047021789e-09],
        "max": [3.235496521, 22.2835445404, 85.120010376, 187.998031616, 26.4787921906, 157.810714722, 309.748046875, 127.769844055, 157.04800415, 536.227111816, 1046.41186523, 784.47277832, 308.957366943, 583.326782227, 761.867614746, 500.5859375, 329.983673096, 300.461486816, 409.744506836, 746.034362793, 580.680480957, 519.751220703, 310.042938232, 302.536499023, 294.578491211, 550.396057129, 1146.01049805, 1926.60229492, 1323.16308594, 1893.34155273, 401.938903809, 109.657752991, 50.4133682251, 20.8869609833, 15.8076276779, 7.8014922142, 2.29785346985, 0.175804898143, 0.00356216682121, 0.000513406121172],
        "mean": [0.199257746339, 1.84977173805, 2.33483076096, 2.31617045403, 1.94875764847, 4.7729382515, 9.73897361755, 4.60384511948, 4.8905544281, 13.29945755, 35.5841293335, 23.35364151, 11.2259435654, 19.487039566, 15.2096729279, 13.6456985474, 10.5865774155, 12.3383169174, 17.0990180969, 18.2052402496, 19.2071380615, 15.8946008682, 12.2057008743, 11.859834671, 13.6206407547, 13.0590047836, 11.8953380585, 28.9513511658, 29.3952102661, 21.2761898041, 9.33148097992, 5.86066102982, 2.39856648445, 1.06434464455, 0.959877490997, 0.443507134914, 0.161392822862, 0.0105309644714, 0.000224457660806, 3.96454015572e-05],
        "median": [0.0483931936324, 0.864447653294, 1.06087553501, 0.653965294361, 0.525220513344, 0.848499298096, 1.51950335503, 0.744418740273, 0.761140584946, 3.57657837868, 9.16589355469, 4.06059408188, 2.95680642128, 3.53723883629, 2.50087571144, 2.24898672104, 1.49172210693, 2.52655291557, 3.080545187, 3.1623134613, 2.93728661537, 3.36470103264, 3.17812490463, 2.43320083618, 3.04296875, 1.72425150871, 1.24068236351, 2.30369496346, 1.77452421188, 0.951150536537, 0.729826450348, 0.892181456089, 0.277809560299, 0.121287509799, 0.0562800504267, 0.0183469783515, 0.010772658512, 0.000838245498016, 2.37745371123e-05, 1.48600356624e-05],
        "min": [5.09360802425e-07, 7.75773423811e-06, 1.47491091411e-05, 2.64929767582e-05, 7.71792401792e-05, 0.000241378773353, 0.000392701418605, 0.000458961119875, 0.000328986585373, 0.000875956262462, 0.00233888742514, 0.00191729329526, 0.000590956886299, 0.000825685681775, 0.000614994787611, 0.000179113238119, 0.000149145795149, 0.000399405224016, 0.000651085923892, 0.000347589055309, 0.000306802830892, 0.00103269878309, 0.0020312059205, 0.000825705414172, 0.000858602230437, 0.00117167795543, 0.000401662080549, 0.000795534870122, 0.000423501012847, 0.000338804064086, 0.000130591841298, 0.000153013621457, 9.35228308663e-05, 4.7597946832e-05, 1.00479164757e-05, 6.09697463005e-06, 1.14331317036e-06, 1.23386811879e-07, 1.7186236434e-08, 1.5553064614e-08],
        "var": [0.235580831766, 12.6700973511, 27.0672245026, 63.8822021484, 18.7964229584, 164.648086548, 1135.85351562, 238.056991577, 124.364471436, 840.048706055, 5065.29589844, 3578.28540039, 611.840576172, 2547.76391602, 2204.49487305, 1365.77404785, 655.368164062, 887.790283203, 1339.35571289, 1755.34265137, 1951.91723633, 1391.28295898, 573.686096191, 707.404968262, 730.965393066, 1530.70495605, 3975.29614258, 14320.2197266, 10429.4140625, 9748.75976562, 791.984069824, 145.105392456, 26.361082077, 4.5983953476, 5.18679141998, 1.15849888325, 0.136640846729, 0.000612328469288, 2.47433689538e-07, 3.12482018039e-09]
    },
    "gfcc": {
        "mean": [-51.0790328979, 65.7482452393, -104.639404297, 41.4663314819, -64.1939926147, 20.2144584656, -32.3120269775, 16.8717575073, -15.8961219788, 4.24610233307, -21.177066803, 3.98991990089, -13.6802740097],
        "cov": [[8687.70019531, -1108.97949219, -672.124511719, 324.50390625, 20.6238079071, 388.302215576, 142.244430542, 216.045303345, 144.755859375, 294.44152832, -241.487716675, 81.5544204712, -215.722930908], [-1108.97949219, 2105.17114258, -60.5001144409, -262.940002441, 479.456329346, -104.307121277, 237.484222412, -6.4511590004, 116.072860718, -61.3748435974, 131.238739014, -227.62701416, 45.9587936401], [-672.124511719, -60.5001144409, 2592.99438477, 1050.81555176, 398.979766846, 616.845947266, 56.2545852661, 143.495437622, 7.29499578476, -81.3467636108, -40.2556266785, 113.126403809, -177.003173828], [324.50390625, -262.940002441, 1050.81555176, 1057.6541748, 299.765472412, 185.646148682, -30.6951732635, -49.3173828125, 81.1887054443, -83.0465087891, -84.8812789917, 25.5741996765, -65.9424972534], [20.6238079071, 479.456329346, 398.979766846, 299.765472412, 610.214904785, 251.596633911, 31.8927173615, 63.5725746155, 84.9763336182, 4.40778779984, -59.673122406, -95.5399398804, -8.3174123764], [388.302215576, -104.307121277, 616.845947266, 185.646148682, 251.596633911, 616.374206543, 257.771911621, 100.75214386, -38.619468689, 31.4544620514, -5.51621723175, 2.17764520645, -50.0478363037], [142.244430542, 237.484222412, 56.2545852661, -30.6951732635, 31.8927173615, 257.771911621, 445.743713379, 80.2251739502, -55.1014709473, -11.8149795532, 75.6900482178, -24.1265449524, -38.525428772], [216.045303345, -6.4511590004, 143.495437622, -49.3173828125, 63.5725746155, 100.75214386, 80.2251739502, 297.553527832, 78.6279907227, 7.07368516922, -20.1540145874, -19.7497844696, -41.8952636719], [144.755859375, 116.072860718, 7.29499578476, 81.1887054443, 84.9763336182, -38.619468689, -55.1014709473, 78.6279907227, 223.542739868, 42.7607345581, -33.7316131592, -21.0241565704, 19.1669654846], [294.44152832, -61.3748435974, -81.3467636108, -83.0465087891, 4.40778779984, 31.4544620514, -11.8149795532, 7.07368516922, 42.7607345581, 176.830764771, 21.3708152771, 8.53640365601, 18.4194564819], [-241.487716675, 131.238739014, -40.2556266785, -84.8812789917, -59.673122406, -5.51621723175, 75.6900482178, -20.1540145874, -33.7316131592, 21.3708152771, 147.813522339, 52.2702445984, 3.62062287331], [81.5544204712, -227.62701416, 113.126403809, 25.5741996765, -95.5399398804, 2.17764520645, -24.1265449524, -19.7497844696, -21.0241565704, 8.53640365601, 52.2702445984, 188.515182495, 33.6377677917], [-215.722930908, 45.9587936401, -177.003173828, -65.9424972534, -8.3174123764, -50.0478363037, -38.525428772, -41.8952636719, 19.1669654846, 18.4194564819, 3.62062287331, 33.6377677917, 153.520111084]],
        "icov": [[0.000204583178856, -0.000127697669086, 0.000317211466609, -0.000369323126506, 0.000210374390008, -0.000364374660421, 0.000102693280496, -0.000255181948887, 0.000111041459604, -0.000460582232336, 0.000562267960049, -0.00050106755225, 0.000519468332641], [-0.000127697669086, 0.00202589877881, -0.00109230971429, 0.00189010903705, -0.00245609530248, 0.00220629456453, -0.00189900922123, 0.00149410800077, -0.00162543996703, 0.00146114209201, -0.00225683767349, 0.00211826665327, -0.00109935062937], [0.000317211466609, -0.00109230971429, 0.00190614745952, -0.00218693469651, 0.00138786633033, -0.00230352091603, 0.00152880256064, -0.0015479210997, 0.00114883342758, -0.00103592302185, 0.00132209551521, -0.00203700223938, 0.00171256100293], [-0.000369323126506, 0.00189010903705, -0.00218693469651, 0.00428914930671, -0.00297492672689, 0.00269206240773, -0.00215609488077, 0.00286512076855, -0.00261017750017, 0.00247125630267, -0.00162020011339, 0.00191075995099, -0.0011577286059], [0.000210374390008, -0.00245609530248, 0.00138786633033, -0.00297492672689, 0.00575873441994, -0.00396978436038, 0.0028188561555, -0.00211152783595, 0.00130357756279, -0.00177251489367, 0.00252312119119, -0.000982250436209, 0.000707830768079], [-0.000364374660421, 0.00220629456453, -0.00230352091603, 0.00269206240773, -0.00396978436038, 0.00663141626865, -0.00429385760799, 0.00160940503702, -0.000788039586041, 0.000601910869591, -0.00149674259592, 0.00197894382291, -0.0017357270699], [0.000102693280496, -0.00189900922123, 0.00152880256064, -0.00215609488077, 0.0028188561555, -0.00429385760799, 0.00599849969149, -0.00242578610778, 0.00199032644741, -0.000433636712842, -0.000636708922684, -0.000753946253099, 0.00112931407057], [-0.000255181948887, 0.00149410800077, -0.0015479210997, 0.00286512076855, -0.00211152783595, 0.00160940503702, -0.00242578610778, 0.00635147187859, -0.00370432017371, 0.00184074370191, -0.000824545975775, 0.00143123907037, 0.000122420155094], [0.000111041459604, -0.00162543996703, 0.00114883342758, -0.00261017750017, 0.00130357756279, -0.000788039586041, 0.00199032644741, -0.00370432017371, 0.00816227309406, -0.00320892804302, 0.0022117071785, -0.00132300599944, -0.000248004449531], [-0.000460582232336, 0.00146114209201, -0.00103592302185, 0.00247125630267, -0.00177251489367, 0.000601910869591, -0.000433636712842, 0.00184074370191, -0.00320892804302, 0.00876728352159, -0.00383305759169, 0.0021013317164, -0.00174509093631], [0.000562267960049, -0.00225683767349, 0.00132209551521, -0.00162020011339, 0.00252312119119, -0.00149674259592, -0.000636708922684, -0.000824545975775, 0.0022117071785, -0.00383305759169, 0.0134876603261, -0.00623094756156, 0.00278899166733], [-0.00050106755225, 0.00211826665327, -0.00203700223938, 0.00191075995099, -0.000982250436209, 0.00197894382291, -0.000753946253099, 0.00143123907037, -0.00132300599944, 0.0021013317164, -0.00623094756156, 0.0108431456611, -0.00438860338181], [0.000519468332641, -0.00109935062937, 0.00171256100293, -0.0011577286059, 0.000707830768079, -0.0017357270699, 0.00112931407057, 0.000122420155094, -0.000248004449531, -0.00174509093631, 0.00278899166733, -0.00438860338181, 0.00997554883361]]
    },
    "melbands": {
        "dmean": [0.00140628986992, 0.00111748231575, 0.00030350961606, 0.000189878512174, 0.000459728238638, 0.000157108530402, 7.31426043785e-05, 0.000164822369698, 0.000310953619191, 0.000132023313199, 5.09892706759e-05, 7.13727422408e-05, 5.3889110859e-05, 3.70209781977e-05, 3.10068498948e-05, 1.89664151549e-05, 2.356328514e-05, 2.51169167313e-05, 2.01279435714e-05, 2.36019368458e-05, 2.02207702387e-05, 1.44844434544e-05, 1.39598778333e-05, 8.2710866991e-06, 9.08946458367e-06, 8.96030906006e-06, 1.00873221527e-05, 1.10892278826e-05, 7.97967732069e-06, 1.25169435705e-05, 2.76109349215e-05, 2.45963910857e-05, 1.58147267939e-05, 1.43922034113e-05, 6.33479476164e-06, 3.76712159778e-06, 3.45824332726e-06, 1.97837425731e-06, 1.28614396999e-06, 7.81014875884e-07],
        "dmean2": [0.00207396806218, 0.00172400160227, 0.000511535792612, 0.000303320266539, 0.000835253798869, 0.000292486132821, 0.000119825439469, 0.000274725520285, 0.000517682754435, 0.00021833385108, 7.67495803302e-05, 0.000104953876871, 7.70982005633e-05, 5.73522956984e-05, 4.67864701932e-05, 2.98774666589e-05, 3.87531363231e-05, 3.82394500775e-05, 3.20199651469e-05, 3.81286190532e-05, 3.0781426176e-05, 2.23691567953e-05, 2.15378386201e-05, 1.27862695081e-05, 1.43923243741e-05, 1.32413197207e-05, 1.54293447849e-05, 1.79729231604e-05, 1.3208560631e-05, 2.04279567697e-05, 4.50786174042e-05, 3.9608185034e-05, 2.48039068538e-05, 2.30562091019e-05, 9.51993024501e-06, 5.90811259826e-06, 5.42002089787e-06, 3.21194033859e-06, 1.97878125618e-06, 1.19850005831e-06],
        "dvar": [1.19191136037e-05, 7.82336064731e-06, 1.65658423157e-06, 1.76937106744e-07, 2.14085821426e-06, 2.35849512364e-07, 3.80569815661e-08, 1.39303921287e-07, 4.43486015911e-07, 1.2298613683e-07, 1.44421399284e-08, 2.89272197307e-08, 2.97910141001e-08, 1.17573968339e-08, 8.53454373839e-09, 2.49225085014e-09, 3.33947869358e-09, 3.34255556567e-09, 1.99970240367e-09, 4.51691484216e-09, 2.2058437299e-09, 1.2361157653e-09, 8.11253952904e-10, 2.61683813507e-10, 3.98738680962e-10, 2.86551532502e-10, 4.85664120031e-10, 9.79767822429e-10, 1.60866786558e-09, 3.51379614294e-09, 9.665798828e-09, 5.21190646197e-09, 2.40919950656e-09, 5.32676303067e-09, 3.0256663841e-10, 5.32248863039e-11, 4.58226442901e-11, 1.66388586936e-11, 5.73614072907e-12, 2.00017823485e-12],
        "dvar2": [2.21327936742e-05, 1.73156622623e-05, 4.22480479756e-06, 4.46244456498e-07, 6.03708485869e-06, 6.7876499088e-07, 1.00810957804e-07, 3.63533388281e-07, 1.09817813154e-06, 3.16805000011e-07, 3.11489110061e-08, 6.12069115391e-08, 5.4493376922e-08, 2.62450416955e-08, 1.8477607e-08, 5.49677459105e-09, 8.34845881315e-09, 7.14299241977e-09, 5.10087083683e-09, 1.23715500067e-08, 4.7966319805e-09, 2.74679701207e-09, 1.72046088487e-09, 6.08702199756e-10, 8.38381863932e-10, 5.92783933051e-10, 1.11315590079e-09, 2.48939113767e-09, 4.37559011246e-09, 9.68154800773e-09, 2.57965222517e-08, 1.29855823872e-08, 6.02456706744e-09, 1.42849660989e-08, 7.10511260937e-10, 1.22002602465e-10, 1.05316762256e-10, 4.22440277204e-11, 1.33882210873e-11, 4.35983844513e-12],
        "max": [0.025708027184, 0.0326507650316, 0.0270211491734, 0.00475668720901, 0.00995827186853, 0.00329933781177, 0.00368658383377, 0.00490952702239, 0.00819672271609, 0.00427316874266, 0.00190932222176, 0.00221960991621, 0.00311683514155, 0.00155491463374, 0.00112312007695, 0.000818609201815, 0.000687734573148, 0.000856287602801, 0.000657465017866, 0.00131571979728, 0.000451470521512, 0.000566765957046, 0.000477386522107, 0.00018377356173, 0.000254062353633, 0.00022653749329, 0.000271426193649, 0.000386672181776, 0.000654539791867, 0.000833906349726, 0.00125919864513, 0.00073939957656, 0.000644449959509, 0.00119342771359, 0.000238509164774, 7.75477601564e-05, 6.75746196066e-05, 3.78226068278e-05, 2.646604662e-05, 1.58960210683e-05],
        "mean": [0.00207328703254, 0.00173711648677, 0.000386960629839, 0.000206724449527, 0.000337490695529, 0.000113370348117, 7.63366697356e-05, 0.000171118750586, 0.000315192068228, 0.000127175997477, 5.59270883969e-05, 8.01289934316e-05, 6.02521722612e-05, 3.75364616048e-05, 3.25097716996e-05, 1.97796562134e-05, 2.35294992308e-05, 2.98196409858e-05, 2.04861316888e-05, 2.44783186645e-05, 2.19419107452e-05, 1.5706727936e-05, 1.50022278831e-05, 8.30571389088e-06, 9.76874707703e-06, 9.41428243095e-06, 1.01505784187e-05, 8.51375079947e-06, 5.93403683524e-06, 9.71673671302e-06, 2.06435452128e-05, 1.85617609532e-05, 1.24242251331e-05, 1.15225911941e-05, 5.62684954275e-06, 3.74412229576e-06, 3.38131530953e-06, 1.6970886918e-06, 1.20710899409e-06, 7.70396241023e-07],
        "median": [0.000822830828838, 0.000968653534073, 0.000108174892375, 4.34714493167e-05, 5.32188096258e-05, 1.88677695405e-05, 9.70638757281e-06, 4.07416737289e-05, 6.77871648804e-05, 1.58292514243e-05, 7.69321195548e-06, 1.24422022054e-05, 7.06903983883e-06, 4.02096929975e-06, 3.95106508222e-06, 1.97020312953e-06, 3.77362562176e-06, 4.08163896282e-06, 2.94635992759e-06, 3.68572909792e-06, 2.64214804702e-06, 2.83838494397e-06, 3.89794877265e-06, 1.91187859855e-06, 1.68532312728e-06, 1.79544349521e-06, 1.87080286196e-06, 7.44958015275e-07, 5.15475051088e-07, 1.03354909697e-06, 1.34833317134e-06, 9.7927807019e-07, 6.03558646617e-07, 4.82989776174e-07, 3.13038071909e-07, 5.69871986045e-07, 4.83133931084e-07, 1.89204769185e-07, 9.46796845369e-08, 8.94176608313e-08],
        "min": [5.28483967699e-09, 4.66262051191e-09, 5.40469002885e-09, 1.00045016715e-09, 1.58700181885e-08, 9.08406505573e-09, 2.67983235602e-09, 7.56379048283e-09, 1.05898640967e-08, 4.43757564028e-09, 1.56280499652e-09, 3.03476399566e-09, 1.46944412194e-09, 3.56867896345e-10, 2.59438581729e-10, 2.87996182458e-10, 1.82889647871e-10, 5.57856705274e-10, 4.58053039942e-10, 3.22147253318e-10, 8.4217730012e-11, 6.99710678287e-10, 2.16721196544e-09, 1.13694353931e-09, 4.36154085071e-10, 5.53639412093e-10, 6.88016088546e-10, 2.36005243126e-10, 6.24661711246e-11, 3.49238027386e-10, 3.43700762295e-10, 2.70072825215e-10, 7.4302397568e-11, 2.02028171969e-10, 3.79262038441e-11, 8.18439829797e-11, 5.47971043541e-11, 1.15897369826e-11, 1.87782970597e-12, 6.00000691492e-12],
