{
"highlevel": {
    "danceability": {
        "all": {
            "danceable": 0.98922598362,
            "not_danceable": 0.0107740340754
        },
        "probability": 0.98922598362,
        "value": "danceable"
    },
    "gender": {
        "all": {
            "female": 0.11900819838,
            "male": 0.880991816521
        },
        "probability": 0.880991816521,
        "value": "male"
    },
    "genre_dortmund": {
        "all": {
            "alternative": 0.0471667200327,
            "blues": 0.0608742535114,
            "electronic": 0.158578798175,
            "folkcountry": 0.0463128238916,
            "funksoulrnb": 0.089821189642,
            "jazz": 0.17784294486,
            "pop": 0.0531453303993,
            "raphiphop": 0.260281890631,
            "rock": 0.105976030231
        },
        "probability": 0.260281890631,
        "value": "raphiphop"
    },
    "genre_electronic": {
        "all": {
            "ambient": 0.208391293883,
            "dnb": 0.0575605630875,
            "house": 0.676325619221,
            "techno": 0.0252240300179,
            "trance": 0.0324985049665
        },
        "probability": 0.676325619221,
        "value": "house"
    },
    "genre_rosamerica": {
        "all": {
            "cla": 0.000934549840167,
            "dan": 0.0159334484488,
            "hip": 0.103612616658,
            "jaz": 0.00664042355493,
            "pop": 0.0393355451524,
            "rhy": 0.817423760891,
            "roc": 0.00666354689747,
            "spe": 0.00945610087365
        },
        "probability": 0.817423760891,
        "value": "rhy"
    },
    "genre_tzanetakis": {
        "all": {
            "blu": 0.0639473497868,
            "cla": 0.0355215594172,
            "cou": 0.0639379173517,
            "dis": 0.0532819107175,
            "hip": 0.0799247846007,
            "jaz": 0.319711565971,
            "met": 0.0639483332634,
            "pop": 0.0799333080649,
            "reg": 0.0799318104982,
            "roc": 0.159861460328
        },
        "probability": 0.319711565971,
        "value": "jaz"
    },
    "ismir04_rhythm": {
        "all": {
            "ChaChaCha": 0.158963739872,
            "Jive": 0.0403810963035,
            "Quickstep": 0.0604550950229,
            "Rumba-American": 0.0103046670556,
            "Rumba-International": 0.190325215459,
            "Rumba-Misc": 0.0330991335213,
            "Samba": 0.485495984554,
            "Tango": 0.00492111966014,
            "VienneseWaltz": 0.0126787722111,
            "Waltz": 0.00337515468709
        },
        "probability": 0.485495984554,
        "value": "Samba"
    },
    "mood_acoustic": {
        "all": {
            "acoustic": 0.147052720189,
            "not_acoustic": 0.852947294712
        },
        "probability": 0.852947294712,
        "value": "not_acoustic"
    },
    "mood_aggressive": {
        "all": {
            "aggressive": 0.0058152442798,
            "not_aggressive": 0.994184732437
        },
        "probability": 0.994184732437,
        "value": "not_aggressive"
    },
    "mood_electronic": {
        "all": {
            "electronic": 0.962848901749,
            "not_electronic": 0.0371511131525
        },
        "probability": 0.962848901749,
        "value": "electronic"
    },
    "mood_happy": {
        "all": {
            "happy": 0.612470626831,
            "not_happy": 0.387529373169
        },
        "probability": 0.612470626831,
        "value": "happy"
    },
    "mood_party": {
        "all": {
            "not_party": 0.620572388172,
            "party": 0.379427611828
        },
        "probability": 0.620572388172,
        "value": "not_party"
    },
    "mood_relaxed": {
        "all": {
            "not_relaxed": 0.543149292469,
            "relaxed": 0.456850737333
        },
        "probability": 0.543149292469,
        "value": "not_relaxed"
    },
    "mood_sad": {
        "all": {
            "not_sad": 0.703156471252,
            "sad": 0.296843528748
        },
        "probability": 0.703156471252,
        "value": "not_sad"
    },
    "moods_mirex": {
        "all": {
            "Cluster1": 0.376367926598,
            "Cluster2": 0.286161720753,
            "Cluster3": 0.0671822950244,
            "Cluster4": 0.096675015986,
            "Cluster5": 0.17361305654
        },
        "probability": 0.376367926598,
        "value": "Cluster1"
    },
    "timbre": {
        "all": {
            "bright": 0.297291189432,
            "dark": 0.70270884037
        },
        "probability": 0.70270884037,
        "value": "dark"
    },
    "tonal_atonal": {
        "all": {
            "atonal": 0.969147920609,
            "tonal": 0.0308520868421
        },
        "probability": 0.969147920609,
        "value": "atonal"
    },
    "voice_instrumental": {
        "all": {
            "instrumental": 0.362119972706,
            "voice": 0.637880027294
        },
        "probability": 0.637880027294,
        "value": "voice"
    }
},
"lowlevel": {
    "average_loudness": 0.982850849628,
    "barkbands_crest": {
        "dmean": 3.04435396194,
        "dmean2": 4.57635736465,
        "dvar": 7.49513626099,
        "dvar2": 16.8825531006,
        "max": 24.1541919708,
        "mean": 13.4300003052,
        "median": 12.8022050858,
        "min": 4.12276792526,
        "var": 22.9985694885
    },
    "barkbands_flatness_db": {
        "dmean": 0.0361288301647,
        "dmean2": 0.0515660271049,
        "dvar": 0.00176385906525,
        "dvar2": 0.00362503970973,
        "max": 0.483138024807,
        "mean": 0.228109762073,
        "median": 0.209097877145,
        "min": 0.0560590811074,
        "var": 0.00761891668662
    },
    "barkbands_kurtosis": {
        "dmean": 11.9205989838,
        "dmean2": 17.7257061005,
        "dvar": 381.873840332,
        "dvar2": 844.845275879,
        "max": 336.558532715,
        "mean": 18.9876174927,
        "median": 10.8054742813,
        "min": -1.9308270216,
        "var": 727.221313477
    },
    "barkbands_skewness": {
        "dmean": 1.05231571198,
        "dmean2": 1.45915782452,
        "dvar": 1.08504760265,
        "dvar2": 2.21939539909,
        "max": 12.9736461639,
        "mean": 2.83103919029,
        "median": 2.63009333611,
        "min": -2.71345591545,
        "var": 3.33651185036
    },
    "barkbands_spread": {
        "dmean": 6.60145950317,
        "dmean2": 9.57235527039,
        "dvar": 113.861999512,
        "dvar2": 201.468200684,
        "max": 106.233169556,
        "mean": 14.580745697,
        "median": 8.631067276,
        "min": 0.512072384357,
        "var": 325.93069458
    },
    "dissonance": {
        "dmean": 0.0294412169605,
        "dmean2": 0.0462458059192,
        "dvar": 0.000842258683406,
        "dvar2": 0.00199023378082,
        "max": 0.498203903437,
        "mean": 0.429132699966,
        "median": 0.437714874744,
        "min": 0.242375448346,
        "var": 0.00251229130663
    },
    "dynamic_complexity": 2.59918880463,
    "erbbands_crest": {
        "dmean": 2.92495632172,
        "dmean2": 4.5068860054,
        "dvar": 9.99339008331,
        "dvar2": 19.9359607697,
        "max": 27.2256755829,
        "mean": 10.5694828033,
        "median": 9.18368816376,
        "min": 2.54028201103,
        "var": 29.4926643372
    },
    "erbbands_flatness_db": {
        "dmean": 0.0287212096155,
        "dmean2": 0.038044128567,
        "dvar": 0.00106788647827,
        "dvar2": 0.00186362070963,
        "max": 0.382751792669,
        "mean": 0.166393145919,
        "median": 0.162715777755,
        "min": 0.0534468926489,
        "var": 0.00363070191815
    },
    "erbbands_kurtosis": {
        "dmean": 3.50350451469,
        "dmean2": 4.90864849091,
        "dvar": 31.4591407776,
        "dvar2": 48.0111846924,
        "max": 73.5521697998,
        "mean": 4.92726612091,
        "median": 1.71402835846,
        "min": -1.88346135616,
        "var": 83.3480072021
    },
    "erbbands_skewness": {
        "dmean": 0.689015090466,
        "dmean2": 0.94868516922,
        "dvar": 0.563753247261,
        "dvar2": 0.975375652313,
        "max": 6.58112955093,
        "mean": 1.18864417076,
        "median": 1.19201147556,
        "min": -4.10232782364,
        "var": 2.32072710991
    },
    "erbbands_spread": {
        "dmean": 16.1830444336,
        "dmean2": 23.9651908875,
        "dvar": 401.182647705,
        "dvar2": 771.803039551,
        "max": 160.942001343,
        "mean": 42.2498435974,
        "median": 34.2528686523,
        "min": 2.40506529808,
        "var": 842.948364258
    },
    "hfc": {
        "dmean": 9.84522247314,
        "dmean2": 12.7195606232,
        "dvar": 349.698181152,
        "dvar2": 668.255065918,
        "max": 224.505065918,
        "mean": 20.3370819092,
        "median": 10.4080018997,
        "min": 0.428775548935,
        "var": 809.296569824
    },
    "melbands_crest": {
        "dmean": 3.97018790245,
        "dmean2": 5.83572101593,
        "dvar": 12.739774704,
        "dvar2": 22.9277095795,
        "max": 34.5582275391,
        "mean": 18.5587100983,
        "median": 17.7417545319,
        "min": 3.93228673935,
        "var": 44.7670860291
    },
    "melbands_flatness_db": {
        "dmean": 0.0442273132503,
        "dmean2": 0.0622654519975,
        "dvar": 0.00260924524628,
        "dvar2": 0.00541199184954,
        "max": 0.625704467297,
        "mean": 0.306893527508,
        "median": 0.287558227777,
        "min": 0.0540938749909,
        "var": 0.0119082070887
    },
    "melbands_kurtosis": {
        "dmean": 23.5773677826,
        "dmean2": 34.4400100708,
        "dvar": 1065.85473633,
        "dvar2": 2119.37426758,
        "max": 525.687072754,
        "mean": 39.5785827637,
        "median": 24.4127845764,
        "min": -1.78828036785,
        "var": 2136.46191406
    },
    "melbands_skewness": {
        "dmean": 1.41081428528,
        "dmean2": 1.98831808567,
        "dvar": 2.1146645546,
        "dvar2": 3.98744869232,
        "max": 20.2905845642,
        "mean": 4.01893377304,
        "median": 3.53129315376,
        "min": -0.548562705517,
        "var": 5.91909885406
    },
    "melbands_spread": {
        "dmean": 5.77838754654,
        "dmean2": 8.4395647049,
        "dvar": 164.646942139,
        "dvar2": 320.747009277,
        "max": 197.131332397,
        "mean": 11.974366188,
        "median": 6.69207191467,
        "min": 0.408353537321,
        "var": 421.724090576
    },
    "pitch_salience": {
        "dmean": 0.08664034307,
        "dmean2": 0.129563316703,
        "dvar": 0.00628984579816,
        "dvar2": 0.0134312687442,
        "max": 0.823839366436,
        "mean": 0.509921729565,
        "median": 0.516038835049,
        "min": 0.119096376002,
        "var": 0.0186428055167
    },
    "silence_rate_20dB": {
        "dmean": 0,
        "dmean2": 0,
        "dvar": 0,
        "dvar2": 0,
        "max": 1,
        "mean": 1,
        "median": 1,
        "min": 1,
        "var": 0
    },
    "silence_rate_30dB": {
        "dmean": 0.0913312658668,
        "dmean2": 0.18280403316,
        "dvar": 0.0829892009497,
        "dvar2": 0.157132595778,
        "max": 1,
        "mean": 0.853828310966,
        "median": 1,
        "min": 0,
        "var": 0.124805793166
    },
    "silence_rate_60dB": {
        "dmean": 0.0185758508742,
        "dmean2": 0.0371804796159,
        "dvar": 0.0182309225202,
        "dvar2": 0.040445536375,
        "max": 1,
        "mean": 0.0170146953315,
        "median": 0,
        "min": 0,
        "var": 0.016725409776
    },
    "spectral_centroid": {
        "dmean": 274.741882324,
        "dmean2": 386.664611816,
        "dvar": 179065.3125,
        "dvar2": 293512.65625,
        "max": 4534.17236328,
        "mean": 880.280273438,
        "median": 588.606506348,
        "min": 137.286315918,
        "var": 676926.9375
    },
    "spectral_complexity": {
        "dmean": 3.81269359589,
        "dmean2": 5.3756775856,
        "dvar": 41.0607643127,
        "dvar2": 67.680229187,
        "max": 57,
        "mean": 12.8785772324,
        "median": 9,
        "min": 1,
        "var": 118.967941284
    },
    "spectral_decrease": {
        "dmean": 5.34033706145e-09,
        "dmean2": 7.30309235308e-09,
        "dvar": 6.46105681033e-17,
        "dvar2": 1.37373245989e-16,
        "max": -3.85122933544e-10,
        "mean": -1.26736292572e-08,
        "median": -8.72925909334e-09,
        "min": -8.04925051057e-08,
        "var": 1.57945373407e-16
    },
    "spectral_energy": {
        "dmean": 0.0206983406097,
        "dmean2": 0.0284055974334,
        "dvar": 0.000944054976571,
        "dvar2": 0.00199405290186,
        "max": 0.307131171227,
        "mean": 0.049677874893,
        "median": 0.0343440324068,
        "min": 0.00170579995029,
        "var": 0.00234155333601
    },
    "spectral_energyband_high": {
        "dmean": 0.000960787758231,
        "dmean2": 0.00126915273722,
        "dvar": 5.09115079694e-06,
        "dvar2": 9.57254269451e-06,
        "max": 0.0299800820649,
        "mean": 0.00142024212983,
        "median": 0.000203178569791,
        "min": 3.8061085661e-07,
        "var": 1.13682572191e-05
    },
    "spectral_energyband_low": {
        "dmean": 0.0178442019969,
        "dmean2": 0.0247669462115,
        "dvar": 0.000968222448137,
        "dvar2": 0.00207893829793,
        "max": 0.29940867424,
        "mean": 0.0322142243385,
        "median": 0.0165242217481,
        "min": 0.000282095250441,
        "var": 0.00203199824318
    },
    "spectral_energyband_middle_high": {
        "dmean": 0.0010236306116,
        "dmean2": 0.00140708079562,
        "dvar": 4.1774633246e-06,
        "dvar2": 8.28449810797e-06,
        "max": 0.0355699285865,
        "mean": 0.00207783631049,
        "median": 0.000698195188306,
        "min": 4.40318035544e-06,
        "var": 1.06848410724e-05
    },
    "spectral_energyband_middle_low": {
        "dmean": 0.00595249095932,
        "dmean2": 0.00937887933105,
        "dvar": 6.38404671918e-05,
        "dvar2": 0.000162621770869,
        "max": 0.102909296751,
        "mean": 0.0158875901252,
        "median": 0.0141841322184,
        "min": 0.000484355696244,
        "var": 0.000145743397297
    },
    "spectral_entropy": {
        "dmean": 0.358322501183,
        "dmean2": 0.495026141405,
        "dvar": 0.20016297698,
        "dvar2": 0.348618388176,
        "max": 8.46017456055,
        "mean": 7.07289552689,
        "median": 7.15669298172,
        "min": 4.65066289902,
        "var": 0.687457680702
    },
    "spectral_flux": {
        "dmean": 0.0429643914104,
        "dmean2": 0.0670338496566,
        "dvar": 0.00239463034086,
        "dvar2": 0.00481078960001,
        "max": 0.406073212624,
        "mean": 0.0983093827963,
        "median": 0.0786217302084,
        "min": 0.0104428203776,
        "var": 0.00511601055041
    },
    "spectral_kurtosis": {
        "dmean": 4.48029184341,
        "dmean2": 6.84089374542,
        "dvar": 61.2181816101,
        "dvar2": 139.7237854,
        "max": 74.0028762817,
        "mean": 7.24473714828,
        "median": 3.85601806641,
        "min": -0.812967061996,
        "var": 106.180404663
    },
    "spectral_rms": {
        "dmean": 0.00133137626108,
        "dmean2": 0.00175396795385,
        "dvar": 2.33995183407e-06,
        "dvar2": 4.29958936365e-06,
        "max": 0.0173101183027,
        "mean": 0.00626854272559,
        "median": 0.00578846922144,
        "min": 0.00129003683105,
        "var": 9.1715810413e-06
    },
    "spectral_rolloff": {
        "dmean": 404.312683105,
        "dmean2": 692.583862305,
        "dvar": 1274866.875,
        "dvar2": 2563530.75,
        "max": 10960.4003906,
        "mean": 811.715881348,
        "median": 301.46484375,
        "min": 64.599609375,
        "var": 2414308
    },
    "spectral_skewness": {
        "dmean": 0.534777224064,
        "dmean2": 0.756398260593,
        "dvar": 0.499845176935,
        "dvar2": 0.97777736187,
        "max": 7.2922410965,
        "mean": 1.94443917274,
        "median": 1.72614359856,
        "min": -0.105771526694,
        "var": 1.3106802702
    },
    "spectral_spread": {
        "dmean": 1124944,
        "dmean2": 1504827.875,
        "dvar": 1.54741794406e+12,
        "dvar2": 2.5647448064e+12,
        "max": 18411802,
        "mean": 5091660,
        "median": 4876045.5,
        "min": 1061816.375,
        "var": 3.66458752205e+12
    },
    "spectral_strongpeak": {
        "dmean": 0.292045414448,
        "dmean2": 0.476093947887,
        "dvar": 0.136500775814,
        "dvar2": 0.33068972826,
        "max": 4.21977758408,
        "mean": 0.609154224396,
        "median": 0.466156810522,
        "min": 0,
        "var": 0.26810836792
    },
    "zerocrossingrate": {
        "dmean": 0.0129213128239,
        "dmean2": 0.0140444207937,
        "dvar": 0.000293347256957,
        "dvar2": 0.000269961543381,
        "max": 0.28515625,
        "mean": 0.0387241393328,
        "median": 0.0263671875,
        "min": 0.001953125,
        "var": 0.00171204505023
    },
    "barkbands": {
        "dmean": [0.00184827973135, 0.015565559268, 0.00217678956687, 0.00278752599843, 0.00318560539745, 0.000860782980453, 0.000780672184192, 0.000432145578088, 0.000310066301608, 0.000218032262637, 0.000128569226945, 0.000101633442682, 9.3875467428e-05, 0.000144359873957, 0.000103264756035, 0.000141866723425, 0.000148763967445, 0.000136706818012, 0.000117229647003, 0.000163491480635, 0.000254492100794, 0.000226659030886, 0.000167280668393, 0.000148271763464, 0.000100341014331, 8.48888448672e-05, 3.39693393414e-08],
        "dmean2": [0.00252454238944, 0.0220871213824, 0.00375707936473, 0.00485537340865, 0.00488271471113, 0.00141412892845, 0.00117693794891, 0.000608707079664, 0.000412389112171, 0.000279345869785, 0.000198666923097, 0.000157162852702, 0.000137785915285, 0.000205404459848, 0.000157798174769, 0.000252720434219, 0.000226617165026, 0.000205986143555, 0.000181025257916, 0.000244991213549, 0.000397206371417, 0.000333487754688, 0.000244856142672, 0.00021987123182, 0.000133235094836, 0.000107243533421, 6.1828139053e-08],
        "dvar": [1.19807464216e-05, 0.000827362819109, 2.30432597164e-05, 1.93917967408e-05, 2.50046305155e-05, 1.99884721042e-06, 2.19356138587e-06, 1.23907068428e-06, 5.34554317255e-07, 8.53431345149e-07, 1.29596486431e-07, 8.87357316515e-08, 5.3238181863e-08, 1.56519988082e-07, 5.60438593311e-08, 1.00371067902e-07, 1.97192306928e-07, 1.27606199385e-07, 1.26723676885e-07, 2.14571144852e-07, 4.45267659188e-07, 3.46635687265e-07, 1.80259107196e-07, 2.09829309483e-07, 5.51744072652e-08, 5.68657654298e-08, 7.53434519093e-14],
        "dvar2": [2.18388795474e-05, 0.00184247572906, 6.34815296507e-05, 5.35231920367e-05, 5.90054951317e-05, 5.13720578965e-06, 4.64617869511e-06, 2.38265329244e-06, 8.21229093617e-07, 1.23188885937e-06, 3.20213160876e-07, 2.05727161529e-07, 1.05891039937e-07, 2.94637544584e-07, 1.21609573966e-07, 2.81407722014e-07, 4.18696600946e-07, 2.67409603794e-07, 2.85702753899e-07, 4.71725428497e-07, 1.07987352749e-06, 6.5948415795e-07, 3.17420102647e-07, 4.71744641573e-07, 8.76827144225e-08, 9.79857190941e-08, 2.14741690142e-13],
        "max": [0.0291055794805, 0.266530364752, 0.070347994566, 0.038234911859, 0.0759578198195, 0.0169920772314, 0.0192382317036, 0.0189081765711, 0.0112954713404, 0.0283432602882, 0.0085681322962, 0.00466348230839, 0.002970935544, 0.00611437018961, 0.0029866208788, 0.0046951174736, 0.0112483417615, 0.00870569422841, 0.00657115411013, 0.00724868103862, 0.00674597546458, 0.0105102621019, 0.00717174028978, 0.0099242022261, 0.0044475691393, 0.00227615260519, 6.44584497422e-06],
        "mean": [0.00321866292506, 0.0242362581193, 0.00291560590267, 0.00393567280844, 0.00681721605361, 0.00147166894749, 0.00170637469273, 0.000868488510605, 0.000877169310115, 0.000451348925708, 0.000221360605792, 0.000169635095517, 0.000148223960423, 0.000238451291807, 0.000148661390995, 0.000154401612235, 0.000208811325138, 0.000205952237593, 0.000168761383975, 0.000218467015657, 0.000312291755108, 0.000330083887093, 0.00023586768657, 0.000188083547982, 0.00013083074009, 9.95265727397e-05, 2.26319389895e-08],
        "median": [0.00131079927087, 0.00928710959852, 0.00130085542332, 0.00207667425275, 0.0030696222093, 0.000783434545156, 0.000542878347915, 0.000247509829933, 0.000118144642329, 4.43767239631e-05, 3.45629669027e-05, 2.5157145501e-05, 1.68373044289e-05, 1.83746651601e-05, 1.70588191395e-05, 1.71565225173e-05, 2.34664839809e-05, 2.53969974437e-05, 2.61796558334e-05, 2.37361800828e-05, 2.55538870988e-05, 5.18410997756e-05, 3.35611402988e-05, 2.64154987235e-05, 1.39632120408e-05, 4.2630003918e-06, 6.10795192202e-10],
        "min": [1.40144166494e-07, 3.82311409339e-05, 1.20900076581e-05, 3.67358443327e-05, 0.000120203389088, 1.38005952977e-05, 9.27769997361e-06, 2.21482173401e-06, 4.79239758988e-07, 1.67985575672e-07, 3.06773728198e-07, 1.35064610163e-07, 1.34782609962e-07, 1.11573861261e-07, 7.9713430523e-08, 7.23390058965e-08, 4.88418230304e-08, 7.61472662703e-08, 9.22011054172e-08, 8.20714731731e-08, 7.49504351916e-08, 6.88641890179e-08, 2.47244216212e-08, 1.69699685415e-08, 3.38339273265e-10, 1.15031421888e-11, 1.33860370705e-11],
        "var": [2.2480799089e-05, 0.00149593676906, 2.18747154577e-05, 2.39315359067e-05, 6.55677285977e-05, 3.66020867659e-06, 7.59275508244e-06, 3.32163790517e-06, 2.63712831838e-06, 2.12990539694e-06, 2.82401401819e-07, 1.58143166118e-07, 1.21737301129e-07, 3.81880596478e-07, 1.15201899575e-07, 1.16577552944e-07, 3.56805770707e-07, 2.97614008105e-07, 2.31178020726e-07, 3.66975882571e-07, 6.45626016649e-07, 7.28878603695e-07, 4.48165309308e-07, 3.11602207148e-07, 1.31864538844e-07, 9.27963625941e-08, 4.39063831137e-14]
    },
    "erbbands": {
        "dmean": [0.768638670444, 2.48086094856, 2.84877228737, 5.89675855637, 8.28883361816, 13.3223199844, 10.6878585815, 5.75540208817, 7.16815185547, 13.3682937622, 9.89668655396, 5.76861953735, 7.62663412094, 4.71745729446, 4.84598112106, 3.73625302315, 4.35974931717, 5.29970788956, 6.64567089081, 7.05799293518, 5.7917470932, 8.39283084869, 7.95765638351, 5.37865829468, 6.85382318497, 6.83179998398, 10.8561820984, 9.90276432037, 8.45146179199, 6.02265501022, 4.88035011292, 3.56183457375, 2.02005505562, 1.07426524162, 0.784118711948, 0.353580027819, 0.163238182664, 0.0205426495522, 0.000358531920938, 3.63748804375e-05],
        "dmean2": [1.07952129841, 3.99323296547, 4.96466588974, 10.2654047012, 14.1266155243, 20.0047798157, 15.7528924942, 9.41272068024, 10.6868085861, 19.8949050903, 14.0348930359, 7.61160802841, 9.99917030334, 6.43791675568, 7.68859291077, 5.61707878113, 6.29557275772, 7.64130735397, 9.28609752655, 12.0191345215, 9.20486736298, 12.5977935791, 12.0953855515, 8.13710784912, 10.3854990005, 10.265162468, 17.995344162, 14.3952817917, 12.1899528503, 8.93156528473, 7.22986125946, 5.41326618195, 2.87894868851, 1.52466082573, 1.03548288345, 0.496580958366, 0.221546784043, 0.0260426010936, 0.000448685255833, 4.7688401537e-05],
        "dvar": [2.31678080559, 21.426776886, 47.3895378113, 75.9736328125, 225.957122803, 509.28918457, 300.4190979, 124.87260437, 240.348999023, 756.588317871, 544.648925781, 176.390716553, 772.147033691, 186.948257446, 195.416488647, 120.882705688, 120.738174438, 149.791931152, 285.656768799, 206.004867554, 208.32460022, 615.178283691, 405.511291504, 210.272155762, 468.300689697, 363.695922852, 944.263244629, 594.603027344, 479.728027344, 240.141174316, 169.617462158, 134.886459351, 34.8464279175, 6.71494865417, 3.75647377968, 0.916652023792, 0.252010673285, 0.00431494275108, 1.18912930702e-06, 3.63827235006e-09],
        "dvar2": [4.69112062454, 54.0278549194, 133.25151062, 209.072525024, 642.586303711, 1061.13427734, 583.864501953, 301.914825439, 466.291107178, 1621.00598145, 1100.4140625, 262.298522949, 1218.70935059, 338.355072021, 492.055419922, 281.068481445, 243.297561646, 285.850128174, 542.955993652, 539.064453125, 485.965057373, 1383.50024414, 907.240600586, 462.201629639, 1088.73791504, 715.115539551, 2490.47998047, 1288.60888672, 942.623535156, 423.614837646, 324.148620605, 308.790313721, 69.9827194214, 12.2653408051, 6.30918645859, 1.96637606621, 0.380194365978, 0.00725844176486, 1.96698010768e-06, 6.22005025264e-09],
        "max": [12.6377382278, 39.6310806274, 88.3738708496, 64.2734909058, 166.561416626, 289.608123779, 230.088439941, 172.086669922, 208.050811768, 482.498626709, 398.294647217, 222.204666138, 763.660888672, 296.646606445, 249.469848633, 179.557907104, 130.066040039, 247.066299438, 257.122650146, 146.264358521, 378.229248047, 613.626281738, 401.632568359, 233.778686523, 364.200439453, 362.796569824, 311.849639893, 318.482147217, 366.06729126, 302.212890625, 257.692962646, 271.441314697, 105.768768311, 46.7065391541, 33.7785644531, 9.15986061096, 4.61878681183, 0.726470351219, 0.0120799373835, 0.000618235324509],
        "mean": [1.15545785427, 3.54941487312, 3.82418632507, 8.98354816437, 13.9152297974, 29.0272197723, 21.473323822, 10.393368721, 16.0255222321, 27.3269882202, 24.6735496521, 15.9263057709, 17.3920173645, 9.2382478714, 8.05387401581, 5.88110971451, 6.9666633606, 9.69790458679, 11.4953479767, 8.39240074158, 7.71197843552, 12.321890831, 12.056640625, 7.83303260803, 9.70067501068, 9.68497276306, 12.1549367905, 12.9780778885, 11.936164856, 9.19468021393, 6.54059886932, 4.51681566238, 2.64981937408, 1.34727299213, 1.0274374485, 0.41330063343, 0.199224859476, 0.0217546503991, 0.000405751139624, 7.42694537621e-05],
        "median": [0.37766328454, 1.32110083103, 1.76648414135, 4.98179388046, 7.84799337387, 10.8045883179, 11.3641471863, 5.24580955505, 5.96789216995, 8.90512466431, 5.48921871185, 2.36449384689, 2.13657283783, 1.45279252529, 1.18020486832, 0.922575116158, 0.860030055046, 0.865527689457, 1.0632390976, 0.956894159317, 1.00524747372, 1.51265573502, 1.52650082111, 1.42527520657, 1.22562384605, 1.07088911533, 1.02688455582, 1.13397479057, 1.75060677528, 1.56447422504, 0.830135583878, 0.6463072896, 0.354475140572, 0.158833384514, 0.0904544070363, 0.0299486946315, 0.00617200322449, 0.00039562874008, 3.05068388116e-05, 4.18114832428e-05],
        "min": [0.000656761869323, 0.0101193739101, 0.0423048511147, 0.136715531349, 0.296614378691, 0.354902684689, 0.238324657083, 0.0972739979625, 0.213721677661, 0.229047313333, 0.111562438309, 0.0296371933073, 0.0166938379407, 0.0212058536708, 0.0171304885298, 0.00978924985975, 0.00798478443176, 0.0091901673004, 0.00485741021112, 0.00494524184614, 0.00497172074392, 0.00707702105865, 0.00418480299413, 0.00437650969252, 0.00455523468554, 0.00389872677624, 0.00314981932752, 0.00286991568282, 0.00231379526667, 0.0016403098125, 0.000633055926301, 0.000753850443289, 0.000112445355626, 2.82381679426e-05, 1.67029920703e-05, 4.70237637273e-06, 1.62819208072e-06, 2.50778811051e-07, 1.01712703326e-06, 1.93028313333e-06],
        "var": [4.09138298035, 29.9317569733, 39.8694000244, 101.630813599, 310.210113525, 1706.92224121, 790.892272949, 243.466644287, 697.715209961, 2420.78955078, 1828.73999023, 896.227111816, 2114.17114258, 518.020385742, 345.085906982, 185.859344482, 261.481140137, 501.131225586, 829.944335938, 313.394775391, 348.705413818, 1205.69006348, 842.734985352, 366.321990967, 724.164123535, 732.955871582, 1121.75109863, 1068.13916016, 968.461608887, 571.94354248, 362.6355896, 178.875808716, 68.4136886597, 14.7757263184, 8.15668964386, 1.31621408463, 0.427343040705, 0.00646600499749, 1.84382656698e-06, 8.43644443194e-09]
    },
    "gfcc": {
        "mean": [-33.6451759338, 109.366882324, -66.5788650513, 53.0530509949, -67.1955184937, 12.4111709595, -37.4542350769, 8.11465072632, -16.9378299713, 1.08797824383, -15.2397966385, -0.138567239046, -8.81728363037],
        "cov": [[7658.89941406, -2918.28637695, -1437.47021484, 173.742218018, 88.4580078125, 536.997070312, -227.876739502, 526.050231934, -305.534332275, 536.509765625, -406.976928711, 455.27722168, -397.788452148], [-2918.28637695, 2315.88134766, 120.142402649, -569.453918457, 166.330093384, -253.843994141, 288.155273438, -216.076431274, 313.667358398, -383.009277344, 289.682403564, -202.553482056, 141.450164795], [-1437.47021484, 120.142402649, 1231.13366699, 267.73651123, -13.6411514282, -58.0566596985, 111.058570862, -57.2406768799, 22.5647125244, 49.9787101746, 39.8959617615, -7.38467025757, 81.9102783203], [173.742218018, -569.453918457, 267.73651123, 510.498901367, 26.1722583771, 46.7918319702, -39.5469779968, 27.7151241302, -0.907341837883, 86.7893371582, -13.9476661682, 10.5516223907, 45.9611816406], [88.4580078125, 166.330093384, -13.6411514282, 26.1722583771, 455.866424561, 73.7481002808, 87.0236053467, 16.6868896484, 80.0014724731, 29.2531108856, 34.9831809998, 41.4400177002, 31.3822402954], [536.997070312, -253.843994141, -58.0566596985, 46.7918319702, 73.7481002808, 215.511917114, 80.4537734985, 48.4848213196, -19.0263328552, 65.8039779663, -15.6656103134, 41.238319397, -8.21448135376], [-227.876739502, 288.155273438, 111.058570862, -39.5469779968, 87.0236053467, 80.4537734985, 318.330718994, 13.4720048904, 14.0408582687, -24.8652954102, 75.3865661621, 26.5302581787, -9.86675357819], [526.050231934, -216.076431274, -57.2406768799, 27.7151241302, 16.6868896484, 48.4848213196, 13.4720048904, 164.016174316, 20.0469264984, 62.1443557739, -18.297039032, 37.4716682434, -48.8605613708], [-305.534332275, 313.667358398, 22.5647125244, -0.907341837883, 80.0014724731, -19.0263328552, 14.0408582687, 20.0469264984, 190.07623291, -17.0891399384, 39.8922271729, -38.140209198, 33.9671554565], [536.509765625, -383.009277344, 49.9787101746, 86.7893371582, 29.2531108856, 65.8039779663, -24.8652954102, 62.1443557739, -17.0891399384, 191.200973511, -22.1088848114, 32.9556694031, -29.1748561859], [-406.976928711, 289.682403564, 39.8959617615, -13.9476661682, 34.9831809998, -15.6656103134, 75.3865661621, -18.297039032, 39.8922271729, -22.1088848114, 120.81880188, -10.9168462753, 20.8023662567], [455.27722168, -202.553482056, -7.38467025757, 10.5516223907, 41.4400177002, 41.238319397, 26.5302581787, 37.4716682434, -38.140209198, 32.9556694031, -10.9168462753, 127.992271423, -20.1618537903], [-397.788452148, 141.450164795, 81.9102783203, 45.9611816406, 31.3822402954, -8.21448135376, -9.86675357819, -48.8605613708, 33.9671554565, -29.1748561859, 20.8023662567, -20.1618537903, 98.4358825684]],
        "icov": [[0.000602495856583, 0.000687367632054, 0.000522446935065, 0.000317128084134, -0.000189328289707, -0.000203743766178, -0.000202375347726, -0.000265748123638, -0.000472988525871, -0.000214023209992, 0.000298439525068, -0.000764927943237, 0.000635399657767], [0.000687367632054, 0.00624370528385, -0.00029492637259, 0.00561570050195, -0.00169134885073, 0.00278142862953, -0.00308373896405, 0.00149256817531, -0.00544172851369, 0.00448322063312, -0.00560315186158, 0.0031897269655, -0.00232393317856], [0.000522446935065, -0.00029492637259, 0.00174838025123, -0.00116222444922, 0.000274312798865, 0.000140192598337, -0.000579865300097, -0.000133525390993, 0.000282550026895, -0.00162907969207, 0.00147387757897, -0.00143647391815, 0.00023667680216], [0.000317128084134, 0.00561570050195, -0.00116222444922, 0.00787451583892, -0.00160245934967, 0.00218597147614, -0.0022239475511, 0.000881380867213, -0.00467653712258, 0.00371480896138, -0.00560449110344, 0.00360978185199, -0.00395134883001], [-0.000189328289707, -0.00169134885073, 0.000274312798865, -0.00160245934967, 0.00329664186575, -0.00128399278037, 0.000214160536416, -4.28107741755e-05, 0.000116229093692, -0.00174579233862, 0.00138365209568, -0.00197435775772, -0.000226973497774], [-0.000203743766178, 0.00278142862953, 0.000140192598337, 0.00218597147614, -0.00128399278037, 0.00907398480922, -0.0042083831504, 0.000165026227478, -0.00178892118856, 0.000357856886694, -0.00148218870163, 0.00193637108896, -0.00369765353389], [-0.000202375347726, -0.00308373896405, -0.000579865300097, -0.0022239475511, 0.000214160536416, -0.0042083831504, 0.00696578528732, -0.00127783149946, 0.00291456095874, -0.000606659799814, -0.00033127257484, -0.0022940991912, 0.00319342897274], [-0.000265748123638, 0.00149256817531, -0.000133525390993, 0.000881380867213, -4.28107741755e-05, 0.000165026227478, -0.00127783149946, 0.0102075831965, -0.00420566555113, -0.000146654012497, -0.00114289415069, -0.000373154180124, 0.00301982206292], [-0.000472988525871, -0.00544172851369, 0.000282550026895, -0.00467653712258, 0.000116229093692, -0.00178892118856, 0.00291456095874, -0.00420566555113, 0.0123408548534, -0.00364481215365, 0.00336043024436, -0.000502697774209, -0.000276910344837], [-0.000214023209992, 0.00448322063312, -0.00162907969207, 0.00371480896138, -0.00174579233862, 0.000357856886694, -0.000606659799814, -0.000146654012497, -0.00364481215365, 0.0120171075687, -0.00580543698743, 0.00331922271289, -0.000507151766215], [0.000298439525068, -0.00560315186158, 0.00147387757897, -0.00560449110344, 0.00138365209568, -0.00148218870163, -0.00033127257484, -0.00114289415069, 0.00336043024436, -0.00580543698743, 0.0181198231876, -0.00461944192648, 0.0018270626897], [-0.000764927943237, 0.0031897269655, -0.00143647391815, 0.00360978185199, -0.00197435775772, 0.00193637108896, -0.0022940991912, -0.000373154180124, -0.000502697774209, 0.00331922271289, -0.00461944192648, 0.0139625761658, -0.00279569556005], [0.000635399657767, -0.00232393317856, 0.00023667680216, -0.00395134883001, -0.000226973497774, -0.00369765353389, 0.00319342897274, 0.00301982206292, -0.000276910344837, -0.000507151766215, 0.0018270626897, -0.00279569556005, 0.0182833895087]]
    },
    "melbands": {
        "dmean": [0.00535435555503, 0.00194688851479, 0.00109072809573, 0.000692490604706, 0.000445048412075, 0.000136860267958, 0.000123984573293, 0.000135981128551, 7.94294610387e-05, 3.50875707227e-05, 3.88996850234e-05, 2.03715408134e-05, 1.68187307281e-05, 1.29084855871e-05, 9.49922468862e-06, 9.87859220913e-06, 1.07213954834e-05, 1.24860353026e-05, 8.79615254235e-06, 1.13367541417e-05, 6.43935436528e-06, 8.80578591023e-06, 8.58856674313e-06, 6.62680577079e-06, 4.12844929087e-06, 5.27096335645e-06, 4.928063845e-06, 4.59960710941e-06, 7.3801606959e-06, 6.38889014226e-06, 5.61491742701e-06, 5.18747992828e-06, 4.19811112806e-06, 3.24285338138e-06, 2.93002108265e-06, 2.83593112727e-06, 1.9809835976e-06, 1.59569435709e-06, 1.00462580122e-06, 9.50651326548e-07],
        "dmean2": [0.00748863397166, 0.00324328895658, 0.00188617792446, 0.00109769462142, 0.000651039124932, 0.000224095740123, 0.000185537035577, 0.000200495691388, 0.000113000962301, 4.6805376769e-05, 5.07890326844e-05, 2.77565068245e-05, 2.61956702161e-05, 2.05859887501e-05, 1.41684968185e-05, 1.47337414091e-05, 1.56955466082e-05, 1.73075768544e-05, 1.37279112096e-05, 2.0227062123e-05, 9.8583759609e-06, 1.35418958962e-05, 1.27273387989e-05, 1.02058547782e-05, 6.24085396339e-06, 8.39331187308e-06, 7.26470261725e-06, 6.95981407262e-06, 1.25596643556e-05, 9.75306556938e-06, 8.06805292086e-06, 7.6006240306e-06, 6.2722237999e-06, 4.81438610223e-06, 4.43862836619e-06, 4.25154939876e-06, 3.06352785628e-06, 2.32186380345e-06, 1.5034614762e-06, 1.39238090924e-06],
        "dvar": [0.00010340983863, 1.509631511e-05, 2.84956763608e-06, 1.34933236495e-06, 4.59736753555e-07, 6.05346599514e-08, 5.77444545513e-08, 7.32974498874e-08, 3.34841381289e-08, 7.2726025202e-09, 2.12038404612e-08, 4.77344119787e-09, 2.55082754919e-09, 1.55132362512e-09, 6.63731625217e-10, 6.28538776581e-10, 6.70456024032e-10, 1.31645550017e-09, 4.29465796259e-10, 5.77011438629e-10, 3.62593233216e-10, 7.18506198982e-10, 5.54156720511e-10, 2.70576644423e-10, 1.4647272284e-10, 2.83258611011e-10, 2.66263400217e-10, 1.74257927532e-10, 4.66553962131e-10, 3.04625685787e-10, 1.84708401352e-10, 1.83725826219e-10, 1.1536834682e-10, 6.98426178003e-11, 6.1441164656e-11, 6.07393302321e-11, 5.16846426768e-11, 2.44236471325e-11, 7.12795144089e-12, 5.18392143448e-12],
        "dvar2": [0.000221319889533, 4.10626125813e-05, 7.82533970778e-06, 3.29884232997e-06, 8.94027721188e-07, 1.50261541876e-07, 1.17403800459e-07, 1.51359998313e-07, 6.67527544351e-08, 1.08171596125e-08, 3.27879909889e-08, 7.8514332813e-09, 6.15796524883e-09, 3.75447850587e-09, 1.53062851282e-09, 1.24836541104e-09, 1.29470334453e-09, 2.44726616749e-09, 9.4251684235e-10, 1.65017122189e-09, 8.01092470137e-10, 1.52051438107e-09, 1.06848629944e-09, 6.67398636356e-10, 3.1918817589e-10, 6.77178535469e-10, 6.18103457306e-10, 3.50277779004e-10, 1.27134702765e-09, 7.41251060532e-10, 3.8969677485e-10, 3.71719932613e-10, 2.19855147976e-10, 1.26056373673e-10, 1.18406409677e-10, 1.29422694783e-10, 1.20370213796e-10, 5.10228075068e-11, 1.36783449151e-11, 1.00477204681e-11],
        "max": [0.0910032987595, 0.0443173721433, 0.0138556621969, 0.0184395704418, 0.00673760985956, 0.00348335714079, 0.00325204362161, 0.00438970141113, 0.00261382432655, 0.00140537100378, 0.00413904385641, 0.00172281661071, 0.00122691469733, 0.000533115002327, 0.000360333506251, 0.000404457707191, 0.000521391222719, 0.000565423164517, 0.000278584979242, 0.000255797320278, 0.000561630877201, 0.000684230297338, 0.000725763966329, 0.000152327571413, 0.000207323522773, 0.000301030697301, 0.000333256553859, 0.000257012958173, 0.00021447952895, 0.000173789187102, 0.000200138441869, 0.000230845791521, 0.000167564576259, 0.000168310827576, 0.000138324321597, 0.000134679648909, 0.000182324423804, 8.96308920346e-05, 4.60539449705e-05, 3.72218673874e-05],
        "mean": [0.00821880623698, 0.00286136288196, 0.00171075633261, 0.00146834610496, 0.000945745385252, 0.000245206902036, 0.000276765582385, 0.000277852872387, 0.00020988509641, 9.51715119299e-05, 8.60786094563e-05, 3.78655822715e-05, 2.83993140329e-05, 2.01207731152e-05, 1.33435951284e-05, 1.59622140927e-05, 1.84635537153e-05, 2.04507814487e-05, 1.15548327813e-05, 1.14191852845e-05, 8.30671797303e-06, 1.22479777929e-05, 1.32927270897e-05, 8.87859914656e-06, 5.7681600083e-06, 7.17016246199e-06, 6.78266178511e-06, 6.27996769254e-06, 7.7919657997e-06, 7.32633498046e-06, 7.517729955e-06, 6.99140400684e-06, 5.82884422329e-06, 4.80337757836e-06, 3.78726144845e-06, 3.50578011421e-06, 2.39045448325e-06, 2.01744728656e-06, 1.24939492707e-06, 1.12005648134e-06],
        "median": [0.00309843174182, 0.00137124874163, 0.00101611937862, 0.000711756874807, 0.000434291025158, 0.000130129032186, 9.75391958491e-05, 8.63924797159e-05, 3.97107978642e-05, 1.38358864206e-05, 1.06692978079e-05, 5.62127070225e-06, 4.49546087111e-06, 2.79615869658e-06, 2.02324940801e-06, 1.56705095833e-06, 1.53605856212e-06, 1.41341706694e-06, 1.16387252547e-06, 1.17904153285e-06, 9.23865059121e-07, 1.34628146498e-06, 1.62301523687e-06, 1.10999064873e-06, 9.72462203208e-07, 9.15708824323e-07, 7.38180631288e-07, 6.5580871933e-07, 6.62166712573e-07, 4.60073039221e-07, 6.51221284897e-07, 9.21413231936e-07, 1.0294055528e-06, 7.22486220184e-07, 4.4297357249e-07, 4.26880319537e-07, 3.45392862755e-07, 2.54301170344e-07, 1.49309130393e-07, 1.13907510979e-07],
        "min": [1.04492628452e-05, 1.57415561262e-05, 3.31746559823e-05, 3.43267529388e-05, 5.48423577129e-06, 1.9887856979e-06, 3.46787828676e-06, 1.5931229882e-06, 3.39750869216e-07, 7.54259659175e-08, 7.4032364239e-08, 7.77996049806e-08, 4.61507845273e-08, 2.21990941185e-08, 1.22666143909e-08, 1.31871482623e-08, 1.23441514788e-08, 5.74627989636e-09, 5.86661030866e-09, 5.53616841259e-09, 4.7343080567e-09, 3.17343196166e-09, 3.30752358835e-09, 3.75172426459e-09, 2.7171564998e-09, 3.38855388193e-09, 3.80406595113e-10, 2.116508524e-09, 2.13272599581e-09, 1.69327829536e-09, 1.18375242941e-09, 1.22523446944e-09, 7.14274528413e-10, 3.12634890198e-10, 3.19608256527e-10, 2.56957455314e-10, 2.82264822626e-10, 1.08824299398e-12, 8.00988507292e-13, 7.5169530973e-13],
