{
"highlevel": {
    "danceability": {
        "all": {
            "danceable": 0.886660635471,
            "not_danceable": 0.113339342177
        },
        "probability": 0.886660635471,
        "value": "danceable"
    },
    "gender": {
        "all": {
            "female": 0.228456243873,
            "male": 0.771543741226
        },
        "probability": 0.771543741226,
        "value": "male"
    },
    "genre_dortmund": {
        "all": {
            "alternative": 0.193111374974,
            "blues": 0.0283246990293,
            "electronic": 0.0102955391631,
            "folkcountry": 0.338351637125,
            "funksoulrnb": 0.0047125602141,
            "jazz": 0.0686348229647,
            "pop": 0.0928484126925,
            "raphiphop": 0.00238233665004,
            "rock": 0.261338621378
        },
        "probability": 0.338351637125,
        "value": "folkcountry"
    },
    "genre_electronic": {
        "all": {
            "ambient": 0.832025468349,
            "dnb": 0.0276047177613,
            "house": 0.0569719225168,
            "techno": 0.00623496528715,
            "trance": 0.0771629214287
        },
        "probability": 0.832025468349,
        "value": "ambient"
    },
    "genre_rosamerica": {
        "all": {
            "cla": 0.0515778586268,
            "dan": 0.0134262572974,
            "hip": 0.0216641891748,
            "jaz": 0.0937221199274,
            "pop": 0.357599824667,
            "rhy": 0.278806477785,
            "roc": 0.157862812281,
            "spe": 0.0253404416144
        },
        "probability": 0.357599824667,
        "value": "pop"
    },
    "genre_tzanetakis": {
        "all": {
            "blu": 0.0626541376114,
            "cla": 0.0348133966327,
            "cou": 0.0783501937985,
            "dis": 0.104547761381,
            "hip": 0.15693578124,
            "jaz": 0.313987255096,
            "met": 0.044816005975,
            "pop": 0.0627349764109,
            "reg": 0.0627352520823,
            "roc": 0.0784252434969
        },
        "probability": 0.313987255096,
        "value": "jaz"
    },
    "ismir04_rhythm": {
        "all": {
            "ChaChaCha": 0.328198313713,
            "Jive": 0.0464578047395,
            "Quickstep": 0.0609816275537,
            "Rumba-American": 0.0344271995127,
            "Rumba-International": 0.239826902747,
            "Rumba-Misc": 0.0318939201534,
            "Samba": 0.0506168119609,
            "Tango": 0.0570227652788,
            "VienneseWaltz": 0.114698342979,
            "Waltz": 0.0358763150871
        },
        "probability": 0.328198313713,
        "value": "ChaChaCha"
    },
    "mood_acoustic": {
        "all": {
            "acoustic": 0.988191068172,
            "not_acoustic": 0.0118089178577
        },
        "probability": 0.988191068172,
        "value": "acoustic"
    },
    "mood_aggressive": {
        "all": {
            "aggressive": 0.0295990053564,
            "not_aggressive": 0.970400989056
        },
        "probability": 0.970400989056,
        "value": "not_aggressive"
    },
    "mood_electronic": {
        "all": {
            "electronic": 0.0348236188293,
            "not_electronic": 0.965176403522
        },
        "probability": 0.965176403522,
        "value": "not_electronic"
    },
    "mood_happy": {
        "all": {
            "happy": 0.519291460514,
            "not_happy": 0.480708569288
        },
        "probability": 0.519291460514,
        "value": "happy"
    },
    "mood_party": {
        "all": {
            "not_party": 0.974088311195,
            "party": 0.0259116720408
        },
        "probability": 0.974088311195,
        "value": "not_party"
    },
    "mood_relaxed": {
        "all": {
            "not_relaxed": 0.142356932163,
            "relaxed": 0.857643067837
        },
        "probability": 0.857643067837,
        "value": "relaxed"
    },
    "mood_sad": {
        "all": {
            "not_sad": 0.0509849675,
            "sad": 0.949015021324
        },
        "probability": 0.949015021324,
        "value": "sad"
    },
    "moods_mirex": {
        "all": {
            "Cluster1": 0.133683308959,
            "Cluster2": 0.243490472436,
            "Cluster3": 0.508358240128,
            "Cluster4": 0.0913169458508,
            "Cluster5": 0.0231510121375
        },
        "probability": 0.508358240128,
        "value": "Cluster3"
    },
    "timbre": {
        "all": {
            "bright": 0.99663579464,
            "dark": 0.00336421723478
        },
        "probability": 0.99663579464,
        "value": "bright"
    },
    "tonal_atonal": {
        "all": {
            "atonal": 8.72583623277e-05,
            "tonal": 0.9999127388
        },
        "probability": 0.9999127388,
        "value": "tonal"
    },
    "voice_instrumental": {
        "all": {
            "instrumental": 0.0064568859525,
            "voice": 0.993543088436
        },
        "probability": 0.993543088436,
        "value": "voice"
    }
},
"lowlevel": {
    "average_loudness": 0.958233296871,
    "barkbands_crest": {
        "dmean": 2.3798520565,
        "dmean2": 3.8602449894,
        "dvar": 4.69563579559,
        "dvar2": 12.2128381729,
        "max": 22.9078159332,
        "mean": 11.1014537811,
        "median": 10.4181432724,
        "min": 3.48314428329,
        "var": 13.872048378
    },
    "barkbands_flatness_db": {
        "dmean": 0.0197525378317,
        "dmean2": 0.0306948944926,
        "dvar": 0.000355685653631,
        "dvar2": 0.000860747415572,
        "max": 0.324591368437,
        "mean": 0.186381369829,
        "median": 0.184040218592,
        "min": 0.0512947365642,
        "var": 0.00157069717534
    },
    "barkbands_kurtosis": {
        "dmean": 2.82288360596,
        "dmean2": 4.557970047,
        "dvar": 18.7045440674,
        "dvar2": 49.6569023132,
        "max": 46.5988578796,
        "mean": 5.75939750671,
        "median": 4.3231215477,
        "min": -1.58595740795,
        "var": 32.2636108398
    },
    "barkbands_skewness": {
        "dmean": 0.484904766083,
        "dmean2": 0.743949890137,
        "dvar": 0.291565686464,
        "dvar2": 0.701394200325,
        "max": 5.89825725555,
        "mean": 1.74106192589,
        "median": 1.68692910671,
        "min": -1.12636017799,
        "var": 1.13770782948
    },
    "barkbands_spread": {
        "dmean": 2.95650434494,
        "dmean2": 4.52495908737,
        "dvar": 14.6100387573,
        "dvar2": 31.9772396088,
        "max": 66.4240112305,
        "mean": 12.7984714508,
        "median": 11.158659935,
        "min": 3.0132830143,
        "var": 45.6646881104
    },
    "dissonance": {
        "dmean": 0.0302392411977,
        "dmean2": 0.050835672766,
        "dvar": 0.000789157813415,
        "dvar2": 0.00210430310108,
        "max": 0.499744772911,
        "mean": 0.434254854918,
        "median": 0.441906481981,
        "min": 0.2346585989,
        "var": 0.00164566899184
    },
    "dynamic_complexity": 2.44448471069,
    "erbbands_crest": {
        "dmean": 3.05489349365,
        "dmean2": 4.63830518723,
        "dvar": 8.88613414764,
        "dvar2": 18.7634048462,
        "max": 30.47423172,
        "mean": 12.7239732742,
        "median": 11.1502485275,
        "min": 3.12108373642,
        "var": 43.7965049744
    },
    "erbbands_flatness_db": {
        "dmean": 0.0174361877143,
        "dmean2": 0.0242793466896,
        "dvar": 0.000316655059578,
        "dvar2": 0.000565481022932,
        "max": 0.306945204735,
        "mean": 0.169108599424,
        "median": 0.168458119035,
        "min": 0.0545272156596,
        "var": 0.00196396512911
    },
    "erbbands_kurtosis": {
        "dmean": 1.45657277107,
        "dmean2": 2.16570520401,
        "dvar": 3.68450689316,
        "dvar2": 7.76122760773,
        "max": 24.3415527344,
        "mean": 2.45593929291,
        "median": 1.24484395981,
        "min": -1.6796797514,
        "var": 14.5107822418
    },
    "erbbands_skewness": {
        "dmean": 0.377309024334,
        "dmean2": 0.571377754211,
        "dvar": 0.129683807492,
        "dvar2": 0.29361063242,
        "max": 4.01579189301,
        "mean": 0.938349485397,
        "median": 0.849202692509,
        "min": -1.62237083912,
        "var": 0.636221706867
    },
    "erbbands_spread": {
        "dmean": 6.38310813904,
        "dmean2": 9.14215946198,
        "dvar": 65.3958892822,
        "dvar2": 116.64339447,
        "max": 113.139266968,
        "mean": 29.3929328918,
        "median": 25.1217727661,
        "min": 3.6581325531,
        "var": 306.591827393
    },
    "hfc": {
        "dmean": 4.53856039047,
        "dmean2": 6.50323152542,
        "dvar": 30.1270885468,
        "dvar2": 57.9715232849,
        "max": 73.168182373,
        "mean": 17.7451725006,
        "median": 13.3169746399,
        "min": 1.74618792534,
        "var": 178.08946228
    },
    "melbands_crest": {
        "dmean": 2.78518676758,
        "dmean2": 4.566614151,
        "dvar": 6.57731151581,
        "dvar2": 17.6903362274,
        "max": 30.0160045624,
        "mean": 14.3469390869,
        "median": 13.9034738541,
        "min": 5.71649932861,
        "var": 17.6951084137
    },
    "melbands_flatness_db": {
        "dmean": 0.022528078407,
        "dmean2": 0.0337757505476,
        "dvar": 0.000547374482267,
        "dvar2": 0.00126937159803,
        "max": 0.427407383919,
        "mean": 0.256407499313,
        "median": 0.253569364548,
        "min": 0.123339653015,
        "var": 0.00275513948873
    },
    "melbands_kurtosis": {
        "dmean": 6.14819669724,
        "dmean2": 9.69317722321,
        "dvar": 117.393188477,
        "dvar2": 301.452209473,
        "max": 116.842826843,
        "mean": 12.4468326569,
        "median": 7.35271167755,
        "min": -1.20804226398,
        "var": 224.955001831
    },
    "melbands_skewness": {
        "dmean": 0.677345454693,
        "dmean2": 1.01898610592,
        "dvar": 0.616466403008,
        "dvar2": 1.44089794159,
        "max": 8.99823856354,
        "mean": 2.36450314522,
        "median": 2.17206287384,
        "min": -1.04087400436,
        "var": 2.54705476761
    },
    "melbands_spread": {
        "dmean": 3.0510931015,
        "dmean2": 4.64109373093,
        "dvar": 11.0560779572,
        "dvar2": 23.9128360748,
        "max": 51.4544487,
        "mean": 13.2498569489,
        "median": 11.8100681305,
        "min": 2.06017804146,
        "var": 50.9561538696
    },
    "pitch_salience": {
        "dmean": 0.0591862089932,
        "dmean2": 0.0961965620518,
        "dvar": 0.00316810421646,
        "dvar2": 0.0081342170015,
        "max": 0.753005325794,
        "mean": 0.496741950512,
        "median": 0.491607427597,
        "min": 0.224737092853,
        "var": 0.00931171886623
    },
    "silence_rate_20dB": {
        "dmean": 0,
        "dmean2": 0,
        "dvar": 0,
        "dvar2": 0,
        "max": 1,
        "mean": 1,
        "median": 1,
        "min": 1,
        "var": 0
    },
    "silence_rate_30dB": {
        "dmean": 0.00154798757285,
        "dmean2": 0.00309837330133,
        "dvar": 0.00154558022041,
        "dvar2": 0.00463790260255,
        "max": 1,
        "mean": 0.999226629734,
        "median": 1,
        "min": 0,
        "var": 0.000772795174271
    },
    "silence_rate_60dB": {
        "dmean": 0,
        "dmean2": 0,
        "dvar": 0,
        "dvar2": 0,
        "max": 0,
        "mean": 0,
        "median": 0,
        "min": 0,
        "var": 0
    },
    "spectral_centroid": {
        "dmean": 118.514877319,
        "dmean2": 176.732711792,
        "dvar": 19182.7578125,
        "dvar2": 43052.6796875,
        "max": 2163.2277832,
        "mean": 748.941040039,
        "median": 690.074584961,
        "min": 292.233459473,
        "var": 85108.3515625
    },
    "spectral_complexity": {
        "dmean": 2.19814252853,
        "dmean2": 3.55770730972,
        "dvar": 3.97312760353,
        "dvar2": 9.45505619049,
        "max": 29,
        "mean": 14.5483369827,
        "median": 14,
        "min": 6,
        "var": 14.4920682907
    },
    "spectral_decrease": {
        "dmean": 2.70786659762e-09,
        "dmean2": 4.27776436496e-09,
        "dvar": 1.3525267419e-17,
        "dvar2": 3.44224495207e-17,
        "max": -7.90252141503e-10,
        "mean": -9.44896960675e-09,
        "median": -8.28268920117e-09,
        "min": -3.55649731887e-08,
        "var": 2.82573235229e-17
    },
    "spectral_energy": {
        "dmean": 0.0105523392558,
        "dmean2": 0.0166078731418,
        "dvar": 0.00020068557933,
        "dvar2": 0.000507814576849,
        "max": 0.137183994055,
        "mean": 0.037272118032,
        "median": 0.0326156541705,
        "min": 0.0034993798472,
        "var": 0.000440229399828
    },
    "spectral_energyband_high": {
        "dmean": 0.000145093305036,
        "dmean2": 0.000204129217309,
        "dvar": 4.52871624645e-08,
        "dvar2": 9.43017610666e-08,
        "max": 0.00237599853426,
        "mean": 0.000380410114303,
        "median": 0.000237997781369,
        "min": 1.95207962861e-06,
        "var": 1.66852018424e-07
    },
    "spectral_energyband_low": {
        "dmean": 0.00711283134297,
        "dmean2": 0.0118826683611,
        "dvar": 0.000152231412358,
        "dvar2": 0.000399919837946,
        "max": 0.113258183002,
        "mean": 0.0163705330342,
        "median": 0.0145107479766,
        "min": 0.000145938131027,
        "var": 0.000176614688826
    },
    "spectral_energyband_middle_high": {
        "dmean": 0.00181024346966,
        "dmean2": 0.00242640846409,
        "dvar": 1.20687018352e-05,
        "dvar2": 2.07370776479e-05,
        "max": 0.0730442553759,
        "mean": 0.00497992662713,
        "median": 0.00204040878452,
        "min": 0.000203533229069,
        "var": 6.18884878349e-05
    },
    "spectral_energyband_middle_low": {
        "dmean": 0.00580858392641,
        "dmean2": 0.00890388991684,
        "dvar": 7.19013987691e-05,
        "dvar2": 0.000174361324753,
        "max": 0.0978444814682,
        "mean": 0.0178798474371,
        "median": 0.0127280419692,
        "min": 0.00125887314789,
        "var": 0.000211499180296
    },
    "spectral_entropy": {
        "dmean": 0.156362593174,
        "dmean2": 0.230887845159,
        "dvar": 0.0263247676194,
        "dvar2": 0.0478512011468,
        "max": 8.4530172348,
        "mean": 7.16629600525,
        "median": 7.17363977432,
        "min": 6.16005516052,
        "var": 0.153190135956
    },
    "spectral_flux": {
        "dmean": 0.0284724514931,
        "dmean2": 0.0449778661132,
        "dvar": 0.00105269171763,
        "dvar2": 0.00233146222308,
        "max": 0.304652929306,
        "mean": 0.0818049237132,
        "median": 0.0715390071273,
        "min": 0.014283824712,
        "var": 0.00207115057856
    },
    "spectral_kurtosis": {
        "dmean": 2.0580034256,
        "dmean2": 3.34416031837,
        "dvar": 6.65203523636,
        "dvar2": 17.1907157898,
        "max": 32.3945159912,
        "mean": 6.42752885818,
        "median": 5.28848743439,
        "min": -0.247522115707,
        "var": 20.2210617065
    },
    "spectral_rms": {
        "dmean": 0.000833837781101,
        "dmean2": 0.00129476527218,
        "dvar": 9.70484961726e-07,
        "dvar2": 2.3120098831e-06,
        "max": 0.0115688387305,
        "mean": 0.00579369533807,
        "median": 0.00564093515277,
        "min": 0.00184770917986,
        "var": 2.79615528598e-06
    },
    "spectral_rolloff": {
        "dmean": 145.182159424,
        "dmean2": 244.503890991,
        "dvar": 87313.7421875,
        "dvar2": 169988.171875,
        "max": 7493.5546875,
        "mean": 649.376098633,
        "median": 602.9296875,
        "min": 129.19921875,
        "var": 200326.21875
    },
    "spectral_skewness": {
        "dmean": 0.254824578762,
        "dmean2": 0.394677102566,
        "dvar": 0.0664821490645,
        "dvar2": 0.148289442062,
        "max": 4.22478675842,
        "mean": 2.00053453445,
        "median": 1.95957231522,
        "min": 0.671536922455,
        "var": 0.332567363977
    },
    "spectral_spread": {
        "dmean": 530646.8125,
        "dmean2": 752602.3125,
        "dvar": 502126542848,
        "dvar2": 887117512704,
        "max": 12363726,
        "mean": 4454928,
        "median": 4344168,
        "min": 1521820.125,
        "var": 2.17920425165e+12
    },
    "spectral_strongpeak": {
        "dmean": 0.692652404308,
        "dmean2": 1.14786314964,
        "dvar": 1.25059986115,
        "dvar2": 2.79487657547,
        "max": 9.87313461304,
        "mean": 1.47935533524,
        "median": 0.510086119175,
        "min": 0.0426910817623,
        "var": 3.17872595787
    },
    "zerocrossingrate": {
        "dmean": 0.00614848872647,
        "dmean2": 0.00755568919703,
        "dvar": 4.7312812967e-05,
        "dvar2": 5.96423633397e-05,
        "max": 0.18408203125,
        "mean": 0.0356007255614,
        "median": 0.033203125,
        "min": 0.00341796875,
        "var": 0.000307115959004
    },
    "barkbands": {
        "dmean": [6.84887272655e-05, 0.00322561850771, 0.00370625918731, 0.00192431767937, 0.00164073763881, 0.000766616256442, 0.000898402009625, 0.0018851456698, 0.00161554221995, 0.00106813630555, 0.000304935820168, 0.000275206140941, 0.000464829587145, 0.000273638841463, 0.000240021472564, 6.53931492707e-05, 7.13451445336e-05, 2.8225746064e-05, 2.70915716101e-05, 5.79870720685e-05, 4.55839362985e-05, 4.57542373624e-05, 1.78291811608e-05, 1.74257056642e-05, 2.31589692703e-05, 1.49939996845e-05, 3.1706499648e-09],
        "dmean2": [0.000112523397547, 0.00542262895033, 0.0063423034735, 0.00313809607178, 0.00275873253122, 0.00122354982886, 0.00127835571766, 0.00276558101177, 0.0022978365887, 0.00140842504334, 0.000408241758123, 0.000403742276831, 0.000702713150531, 0.00040437586722, 0.000348040019162, 0.000107685707917, 0.000114626556751, 4.65081539005e-05, 4.39979594375e-05, 8.64580506459e-05, 6.61780723021e-05, 6.92343164701e-05, 2.66039915005e-05, 2.60245687969e-05, 3.42166604241e-05, 2.12715513044e-05, 4.51018511427e-09],
        "dvar": [1.43999168145e-08, 3.33617936121e-05, 4.52915555798e-05, 2.47429197771e-05, 9.40093195823e-06, 1.46360343933e-06, 5.09961500939e-06, 1.72830677911e-05, 1.61669850058e-05, 9.01151724975e-06, 9.83777795227e-07, 6.85892018737e-07, 2.33308264797e-06, 7.42833265122e-07, 5.79256891342e-07, 1.10498170613e-08, 2.06990353746e-08, 1.91310389752e-09, 2.94664048717e-09, 1.17142935352e-08, 4.89189266872e-09, 6.04406391602e-09, 1.19095044937e-09, 1.28017052514e-09, 2.86006685002e-09, 8.98921936887e-10, 3.24546221806e-15],
        "dvar2": [3.83463678588e-08, 8.90243754839e-05, 0.000121757264424, 6.20407736278e-05, 2.65697508439e-05, 3.65596451957e-06, 9.88391002466e-06, 3.47455388692e-05, 3.11666990456e-05, 1.39775493153e-05, 1.71247734215e-06, 1.49642630731e-06, 5.04194213136e-06, 1.41585155689e-06, 1.14204112833e-06, 2.88542612026e-08, 5.20144389782e-08, 4.74511896442e-09, 7.43446681994e-09, 2.60248995687e-08, 1.03567909804e-08, 1.44905216715e-08, 2.6847863932e-09, 2.99973645923e-09, 6.03951555433e-09, 1.8724477524e-09, 3.25023376641e-15],
        "max": [0.00145185762085, 0.0612465143204, 0.060319237411, 0.0661443769932, 0.0309497378767, 0.0209829583764, 0.0358854420483, 0.0535527989268, 0.0659638643265, 0.0655371174216, 0.0164105445147, 0.0136628225446, 0.0353395976126, 0.0216490589082, 0.0176525563002, 0.00139433203731, 0.00226797093637, 0.000452200969448, 0.000657764088828, 0.00183669989929, 0.00106497574598, 0.00103697134182, 0.000473100255476, 0.000688937318046, 0.000796700827777, 0.000370764639229, 2.04939942705e-06],
        "mean": [0.000119095020636, 0.00793709978461, 0.00615097116679, 0.00297100539319, 0.00318227522075, 0.00163007166702, 0.00197613239288, 0.00376632576808, 0.00402097217739, 0.00222013657913, 0.00050116359489, 0.000434803310782, 0.000792001083028, 0.000402498495532, 0.000389969092794, 0.000110743756522, 0.000124864745885, 4.76677341794e-05, 4.58479735244e-05, 0.000120332639199, 9.75286166067e-05, 9.5204799436e-05, 3.65367013728e-05, 3.55327829311e-05, 4.0648956201e-05, 2.27023156185e-05, 2.84286016949e-09],
        "median": [5.59860272915e-05, 0.00695071741939, 0.00425593322143, 0.00136394973379, 0.00224259751849, 0.0011371197179, 0.000729203573428, 0.000579705054406, 0.000685665756464, 0.000419109303039, 9.38190569286e-05, 0.00013354679686, 0.000158249182277, 0.000142751669046, 0.00014369089331, 6.7387445597e-05, 6.4897860284e-05, 2.79738505924e-05, 2.3446211344e-05, 4.32205561083e-05, 4.41104348283e-05, 4.42723940068e-05, 1.75814748218e-05, 1.9057721147e-05, 1.77046713361e-05, 7.66470566305e-06, 5.56204693414e-10],
        "min": [5.52059731262e-09, 6.3169409259e-06, 3.95458228013e-05, 6.41099904897e-06, 3.80349738407e-05, 2.41687630478e-05, 1.69814356923e-05, 4.61486433778e-06, 8.66561094881e-06, 1.27138828248e-05, 1.89790284821e-06, 7.01282624505e-06, 2.31154626817e-06, 3.0464241263e-06, 3.07478285322e-06, 1.11941153591e-06, 4.2102401494e-06, 8.66030461566e-07, 5.0148395303e-07, 5.8293079519e-07, 2.714472771e-07, 3.04146482222e-07, 1.48452102167e-07, 5.77242857958e-08, 6.28984082596e-08, 1.28007965339e-10, 1.15582760377e-11],
        "var": [2.31824888175e-08, 4.41325501015e-05, 5.07093500346e-05, 2.89538438665e-05, 1.192806576e-05, 3.01065256281e-06, 1.93431096704e-05, 6.6076980147e-05, 9.38992088777e-05, 3.56841410394e-05, 2.62089361058e-06, 1.19529056519e-06, 6.88491991241e-06, 1.18231139368e-06, 1.11178690076e-06, 1.83954078636e-08, 3.81295315321e-08, 3.10908609968e-09, 4.28630952953e-09, 3.96428063709e-08, 1.80172570197e-08, 1.64941873493e-08, 2.90526558366e-09, 2.38192132684e-09, 5.71243763403e-09, 1.69157698959e-09, 3.24625885255e-15]
    },
    "erbbands": {
        "dmean": [0.0723464488983, 0.841958522797, 3.5276658535, 6.19070196152, 4.90012121201, 5.62003612518, 8.35072231293, 4.94247484207, 10.2684993744, 20.5922374725, 45.7784500122, 40.8703269958, 20.5167369843, 34.5497550964, 10.7567691803, 12.4601488113, 21.2921924591, 12.5193824768, 14.9818258286, 6.54498910904, 3.00932002068, 3.48881983757, 1.80523264408, 1.08269774914, 1.84848821163, 2.811845541, 1.7047778368, 2.00982904434, 1.79826629162, 0.727627754211, 0.513718187809, 0.397543102503, 0.298766225576, 0.260149329901, 0.175663664937, 0.0744940117002, 0.0297761503607, 0.0028591665905, 5.14274033776e-05, 1.27820276248e-05],
        "dmean2": [0.115636706352, 1.42697107792, 6.10799360275, 9.92329597473, 8.61065769196, 9.3057975769, 13.2154855728, 7.91620254517, 14.3782892227, 30.1065559387, 66.4381713867, 57.9792633057, 27.4357624054, 42.416469574, 14.4302597046, 18.0452613831, 31.8873329163, 18.46833992, 21.8951892853, 9.40705966949, 4.90486097336, 5.51766633987, 2.91310548782, 1.77527868748, 2.87361335754, 4.15737915039, 2.52272200584, 3.01773309708, 2.72329449654, 1.09362864494, 0.768501996994, 0.58365893364, 0.456703513861, 0.394946157932, 0.255494862795, 0.106879249215, 0.0442861765623, 0.00434768619016, 7.65141594457e-05, 1.97181398107e-05],
        "dvar": [0.0163154713809, 2.30579423904, 37.9671974182, 200.449279785, 142.036087036, 96.0872344971, 162.622436523, 66.3266601562, 599.449707031, 2877.54980469, 9863.31152344, 11116.0068359, 2252.24121094, 10654.1845703, 976.836669922, 1413.77258301, 5518.62646484, 1078.06884766, 1430.06323242, 455.112609863, 25.6694717407, 61.0821876526, 7.64830446243, 4.75428962708, 10.9295759201, 28.0440788269, 7.4103512764, 10.3073968887, 9.32753658295, 2.4259493351, 0.882869005203, 0.544061303139, 0.495741933584, 0.364624649286, 0.167485833168, 0.0241270605475, 0.00403243675828, 3.42651146639e-05, 1.00497103972e-08, 2.66769051294e-10],
        "dvar2": [0.0415558740497, 6.22855472565, 104.232162476, 481.710632324, 413.391357422, 260.182769775, 402.210296631, 167.373321533, 1106.26184082, 6164.16650391, 20039.2246094, 21568.4550781, 3314.78857422, 16448.3085938, 1918.72729492, 3111.32373047, 11890.9345703, 2304.90136719, 3027.75341797, 886.33026123, 64.9775390625, 147.092330933, 18.1278495789, 12.7795705795, 24.7740020752, 63.3890533447, 15.7241430283, 23.302028656, 22.1040534973, 5.70013952255, 1.92863547802, 1.19236469269, 1.22890996933, 0.783563733101, 0.375120699406, 0.047830875963, 0.00912051834166, 7.85542506492e-05, 2.26852847618e-08, 6.4107369413e-10],
        "max": [1.59954977036, 14.7922229767, 59.0543479919, 163.079116821, 143.801559448, 92.7269744873, 197.638168335, 125.166786194, 514.608093262, 757.539916992, 1469.12805176, 1976.47290039, 902.929016113, 2653.53515625, 534.570007324, 700.329650879, 1876.20019531, 771.760803223, 598.664855957, 631.501342773, 77.20362854, 157.169525146, 32.8051834106, 24.494726181, 50.6814575195, 93.2823181152, 37.0799217224, 52.7426528931, 39.7188110352, 19.5880393982, 12.6684522629, 11.5982532501, 15.1458263397, 10.0348548889, 5.9683175087, 2.75172042847, 0.649594843388, 0.071447506547, 0.00116525695194, 0.000172301224666],
        "mean": [0.186813786626, 1.96981620789, 6.30918216705, 10.4588251114, 8.23673248291, 10.6525068283, 15.5419025421, 11.1151533127, 23.305557251, 41.4961585999, 99.42918396, 104.00819397, 48.7645149231, 68.0636138916, 21.3355712891, 21.9294319153, 37.4228248596, 20.8987541199, 24.7185516357, 11.8599033356, 5.84274196625, 6.4594373703, 3.49271535873, 1.96208894253, 3.58809876442, 5.79090213776, 3.61060619354, 4.4429526329, 3.83404111862, 1.50462341309, 1.0340089798, 0.804557979107, 0.572876274586, 0.45098221302, 0.281155198812, 0.116593837738, 0.0416277647018, 0.00359973893501, 8.55040925671e-05, 4.58717877336e-05],
        "median": [0.169847846031, 1.65690255165, 4.68906116486, 5.30358695984, 5.59582424164, 6.69740200043, 10.5650587082, 7.47350502014, 11.355837822, 9.69797515869, 24.3776092529, 20.669178009, 13.6496543884, 13.0813913345, 6.48728370667, 6.59902143478, 7.99649906158, 9.9707736969, 8.32576370239, 5.5059337616, 3.54037165642, 3.42168498039, 2.12527441978, 1.22280871868, 1.61219370365, 2.08671569824, 1.59901940823, 2.0274503231, 1.77553927898, 0.708436369896, 0.495254099369, 0.398507356644, 0.304262131453, 0.197737693787, 0.108339697123, 0.0391746498644, 0.0126017518342, 0.000953980837949, 4.22288394475e-05, 4.01195538871e-05],
        "min": [0.000114443304483, 0.003277373733, 0.0635454282165, 0.0709532499313, 0.0716926679015, 0.129260197282, 0.203734263778, 0.336377561092, 0.5400146842, 0.407209783792, 0.281920552254, 0.729727268219, 0.399871230125, 0.585638582706, 0.241629272699, 0.322430551052, 0.286323517561, 0.21324723959, 0.15020018816, 0.2582642138, 0.0868252366781, 0.182362347841, 0.0720475465059, 0.0451302081347, 0.0413395613432, 0.0284097958356, 0.0134043609723, 0.0138189671561, 0.0115744723007, 0.00659094098955, 0.00403929129243, 0.00225685536861, 0.00129583908711, 0.000759540183935, 0.000275097991107, 0.000168042912264, 2.30229434237e-05, 2.45202045335e-06, 3.13190230372e-06, 5.34914488526e-06],
        "var": [0.0254942234606, 2.9046163559, 39.0268669128, 278.032043457, 121.899505615, 156.472839355, 285.401977539, 154.231231689, 2127.80541992, 8462.65917969, 40548.3554688, 61004.2695312, 11080.9716797, 38311.4765625, 2758.68554688, 2702.91015625, 16297.9335938, 1668.16101074, 2616.4206543, 860.094543457, 53.5669670105, 119.250579834, 15.3788862228, 6.13475322723, 27.2143211365, 92.1706390381, 24.0461959839, 39.4355545044, 27.5724449158, 5.39738416672, 2.17533302307, 1.26214146614, 0.78114336729, 0.723300993443, 0.297072470188, 0.0488398037851, 0.00612373370677, 4.91736573167e-05, 1.59932636024e-08, 6.58625431971e-10]
    },
    "gfcc": {
        "mean": [0.902493596077, 120.101867676, -96.0346832275, 23.6853466034, -59.3357009888, 22.6668300629, -31.0726089478, 10.8253717422, -20.0490608215, 9.6120634079, -22.6259479523, -5.13269996643, -9.13650989532],
        "cov": [[1971.87866211, -907.323913574, -60.6992263794, 85.457244873, -307.223144531, 112.141639709, 66.7284622192, 50.6650314331, -115.019859314, 219.123062134, -226.213256836, -18.2995357513, -152.572952271], [-907.323913574, 864.026489258, -39.1793861389, -47.8255348206, 258.978973389, -96.038444519, 43.5596847534, -48.6261138916, 124.932579041, -128.178009033, 158.169967651, -38.051486969, 121.468856812], [-60.6992263794, -39.1793861389, 405.195709229, 46.8954238892, 43.7238464355, 48.2078399658, -72.99634552, 61.7067184448, 1.82953882217, 7.22701883316, 1.24002456665, 29.7692108154, -49.7886734009], [85.457244873, -47.8255348206, 46.8954238892, 266.170684814, 23.8403282166, 2.74657249451, -55.408493042, -1.72491300106, 43.1335029602, -31.6006317139, 2.97259259224, -43.3000488281, 8.92481040955], [-307.223144531, 258.978973389, 43.7238464355, 23.8403282166, 277.871185303, -12.9488830566, -54.389377594, -3.52778053284, 36.8595428467, -55.0373153687, 22.6312103271, 13.5992174149, 16.4227142334], [112.141639709, -96.038444519, 48.2078399658, 2.74657249451, -12.9488830566, 117.838256836, 30.5036373138, 9.19476604462, -33.0037460327, 7.67173671722, -0.249188810587, 18.8077526093, -1.1584097147], [66.7284622192, 43.5596847534, -72.99634552, -55.408493042, -54.389377594, 30.5036373138, 234.623550415, 30.0176868439, -31.9730644226, 16.300075531, 2.35443663597, -11.1265525818, 18.3699092865], [50.6650314331, -48.6261138916, 61.7067184448, -1.72491300106, -3.52778053284, 9.19476604462, 30.0176868439, 102.123352051, 33.8026809692, 17.735080719, -24.4889392853, -6.86146640778, -1.77201783657], [-115.019859314, 124.932579041, 1.82953882217, 43.1335029602, 36.8595428467, -33.0037460327, -31.9730644226, 33.8026809692, 163.841308594, 21.5115566254, 0.0273675657809, -38.3253822327, 11.3545856476], [219.123062134, -128.178009033, 7.22701883316, -31.6006317139, -55.0373153687, 7.67173671722, 16.300075531, 17.735080719, 21.5115566254, 128.124359131, -12.5941925049, -3.63079166412, -35.4392433167], [-226.213256836, 158.169967651, 1.24002456665, 2.97259259224, 22.6312103271, -0.249188810587, 2.35443663597, -24.4889392853, 0.0273675657809, -12.5941925049, 121.42578125, 27.9640159607, 24.9193954468], [-18.2995357513, -38.051486969, 29.7692108154, -43.3000488281, 13.5992174149, 18.8077526093, -11.1265525818, -6.86146640778, -38.3253822327, -3.63079166412, 27.9640159607, 102.223838806, 11.0003910065], [-152.572952271, 121.468856812, -49.7886734009, 8.92481040955, 16.4227142334, -1.1584097147, 18.3699092865, -1.77201783657, 11.3545856476, -35.4392433167, 24.9193954468, 11.0003910065, 98.8085784912]],
        "icov": [[0.00133397243917, 0.000265637383563, 0.000588013092056, -0.0010288041085, 0.000556431070436, -0.000710072228685, -0.000118365933304, -0.000368640961824, 0.00079466070747, -0.00166399462614, 0.00174499943387, -0.000593791075516, 0.000974956259597], [0.000265637383563, 0.00869267433882, -0.0024972895626, 0.0044772522524, -0.00581927085295, 0.00462955515832, -0.00442423764616, 0.00574557995424, -0.00613148603588, 0.00520158978179, -0.008296020329, 0.00654073618352, -0.0060574519448], [0.000588013092056, -0.0024972895626, 0.00479938834906, -0.0024786668364, 0.00162680004723, -0.00316655426286, 0.00261558266357, -0.0048505901359, 0.00266608293168, -0.00224301964045, 0.00264183222316, -0.00321429711767, 0.00432016234845], [-0.0010288041085, 0.0044772522524, -0.0024786668364, 0.00808371510357, -0.00349617097527, 0.00229628221132, -0.00131082464941, 0.00383143383078, -0.00492344330996, 0.00543890381232, -0.00640296889469, 0.00639355136082, -0.00473180552945], [0.000556431070436, -0.00581927085295, 0.00162680004723, -0.00349617097527, 0.00871560536325, -0.00348277552985, 0.00350769562647, -0.00395646924153, 0.00327914603986, -0.00246290583163, 0.00622930331156, -0.00549333402887, 0.00471640750766], [-0.000710072228685, 0.00462955515832, -0.00316655426286, 0.00229628221132, -0.00348277552985, 0.0133336242288, -0.00401405477896, 0.00336988572963, -0.00206434144638, 0.00293814297765, -0.00526140164584, 0.00256766658276, -0.00471673998982], [-0.000118365933304, -0.00442423764616, 0.00261558266357, -0.00131082464941, 0.00350769562647, -0.00401405477896, 0.00830448791385, -0.00595538550988, 0.00473734177649, -0.00312137533911, 0.00313588860445, -0.00163167261053, 0.00213854084723], [-0.000368640961824, 0.00574557995424, -0.0048505901359, 0.00383143383078, -0.00395646924153, 0.00336988572963, -0.00595538550988, 0.0185503400862, -0.00809416733682, 0.00345668778755, -0.00301595823839, 0.00415064580739, -0.00581727223471], [0.00079466070747, -0.00613148603588, 0.00266608293168, -0.00492344330996, 0.00327914603986, -0.00206434144638, 0.00473734177649, -0.00809416733682, 0.0143746091053, -0.00779085746035, 0.00622437288985, -0.00201696832664, 0.00316630885936], [-0.00166399462614, 0.00520158978179, -0.00224301964045, 0.00543890381232, -0.00246290583163, 0.00293814297765, -0.00312137533911, 0.00345668778755, -0.00779085746035, 0.0163224358112, -0.00777710741386, 0.00419611716643, -0.00125551247038], [0.00174499943387, -0.008296020329, 0.00264183222316, -0.00640296889469, 0.00622930331156, -0.00526140164584, 0.00313588860445, -0.00301595823839, 0.00622437288985, -0.00777710741386, 0.0210266336799, -0.0102549856529, 0.00540263857692], [-0.000593791075516, 0.00654073618352, -0.00321429711767, 0.00639355136082, -0.00549333402887, 0.00256766658276, -0.00163167261053, 0.00415064580739, -0.00201696832664, 0.00419611716643, -0.0102549856529, 0.0191349107772, -0.00764108588919], [0.000974956259597, -0.0060574519448, 0.00432016234845, -0.00473180552945, 0.00471640750766, -0.00471673998982, 0.00213854084723, -0.00581727223471, 0.00316630885936, -0.00125551247038, 0.00540263857692, -0.00764108588919, 0.0190098267049]]
    },
    "melbands": {
        "dmean": [0.000781685928814, 0.00157381675672, 0.000955559138674, 0.000364758598153, 0.000277126731817, 0.000118078140076, 0.000166892903508, 0.000259500491666, 0.000382033787901, 0.000229103883612, 0.000108930085844, 0.000151247193571, 4.13722846133e-05, 2.78419338429e-05, 4.86961471324e-05, 3.88542102883e-05, 2.37824206124e-05, 2.64920581685e-05, 1.58550119522e-05, 5.79880270379e-06, 3.71505188923e-06, 3.94418339056e-06, 3.15526403938e-06, 1.47769765135e-06, 8.62759975462e-07, 1.08481060579e-06, 2.09944255403e-06, 1.94127233044e-06, 1.24836458326e-06, 9.83864765658e-07, 1.38290511131e-06, 1.28704721192e-06, 6.33659396954e-07, 3.61695697393e-07, 3.02491315551e-07, 3.06601094735e-07, 2.4617494887e-07, 2.18471413405e-07, 2.24988312425e-07, 2.42632921754e-07],
        "dmean2": [0.00127912592143, 0.00268895225599, 0.00154572061729, 0.000626262975857, 0.00043882150203, 0.00018896862457, 0.000235483967117, 0.000382372323656, 0.00055036356207, 0.000325501256157, 0.000142999444506, 0.000189205078641, 5.49539472559e-05, 4.05462342314e-05, 7.18179726391e-05, 5.79557236051e-05, 3.5684555769e-05, 3.88947992178e-05, 2.22374674195e-05, 9.20117963688e-06, 6.14500186202e-06, 6.26397695669e-06, 5.04564104631e-06, 2.4542164283e-06, 1.45226363202e-06, 1.77005699697e-06, 3.1342967759e-06, 2.92768527288e-06, 1.89582283383e-06, 1.46993193084e-06, 2.08967753679e-06, 1.97631652554e-06, 9.9384681107e-07, 5.50490881324e-07, 4.63269401507e-07, 4.77047876757e-07, 3.68906313497e-07, 3.41277711868e-07, 3.42687258126e-07, 3.77711160127e-07],
        "dvar": [1.96070118363e-06, 7.45548140912e-06, 4.75433307656e-06, 5.66041364891e-07, 1.69391938698e-07, 3.68213335378e-08, 1.5606023851e-07, 3.80724742399e-07, 6.25721327197e-07, 3.60725920245e-07, 7.14429049253e-08, 2.07370305816e-07, 1.66565570225e-08, 6.63507560006e-09, 2.61284895942e-08, 1.39105820196e-08, 5.34612620839e-09, 5.44869793728e-09, 4.78275863358e-09, 8.6838911062e-11, 3.80574356751e-11, 7.79866587974e-11, 3.7098057265e-11, 6.01366916334e-12, 3.44466794498e-12, 4.76483696249e-12, 1.7058503915e-11, 1.46809821244e-11, 4.58368499406e-12, 2.35958821926e-12, 5.30505847585e-12, 5.19449977823e-12, 1.58998096807e-12, 6.21156988692e-13, 2.93752815041e-13, 4.40017434381e-13, 1.70797918994e-13, 2.11596826215e-13, 2.84357579801e-13, 3.30746877369e-13],
        "dvar2": [5.10294103151e-06, 2.06066415558e-05, 1.18564958029e-05, 1.6459730432e-06, 4.2094256969e-07, 9.15281788139e-08, 2.94315697147e-07, 8.34318655052e-07, 1.29525449211e-06, 7.05583033778e-07, 1.02805181257e-07, 3.20457587577e-07, 2.73461004952e-08, 1.54506611949e-08, 5.7119112995e-08, 2.88105006518e-08, 1.10536300113e-08, 1.18124203752e-08, 9.17776965537e-09, 2.19769910603e-10, 1.00206197506e-10, 1.97987320982e-10, 8.46145098432e-11, 1.58108803827e-11, 9.42546561633e-12, 1.13087811685e-11, 3.71892204531e-11, 3.50257288451e-11, 1.00379713222e-11, 5.39714670525e-12, 1.23890186304e-11, 1.25220901356e-11, 3.90117148655e-12, 1.47033275312e-12, 6.58737604395e-13, 1.04765263305e-12, 3.70725612752e-13, 5.20346352811e-13, 7.09804665131e-13, 7.22026388331e-13],
        "max": [0.0167544484138, 0.0270727872849, 0.0267443899065, 0.00725229876116, 0.00541618419811, 0.00257874722593, 0.00805449020118, 0.00757589284331, 0.0111197512597, 0.0110398428515, 0.00514828134328, 0.0115011297166, 0.00250428891741, 0.0014998143306, 0.00286413775757, 0.0026029155124, 0.00178141123615, 0.00151622330304, 0.00194323214237, 0.000124406506075, 9.1716843599e-05, 0.000195934495423, 0.000107766070869, 2.57541596511e-05, 2.03647668968e-05, 3.31246010319e-05, 7.49841929064e-05, 7.48293750803e-05, 2.96989601338e-05, 2.44153543463e-05, 4.42681848654e-05, 2.93143966701e-05, 1.75552395376e-05, 9.87782277662e-06, 6.82168820276e-06, 1.2464417523e-05, 5.91743355471e-06, 8.39718995849e-06, 1.1613589777e-05, 8.99673068488e-06],
        "mean": [0.00198776088655, 0.00315617886372, 0.001694975188, 0.000674539653119, 0.000527192780282, 0.000259484775597, 0.000374639232177, 0.000512988248374, 0.000853608653415, 0.000589100527577, 0.000237887739786, 0.000297638995107, 7.51293919166e-05, 4.64589902549e-05, 8.22727597551e-05, 6.37546399958e-05, 3.67928587366e-05, 4.05142236559e-05, 2.53583730228e-05, 9.76936553343e-06, 6.11840914644e-06, 6.66449977871e-06, 5.25304085386e-06, 2.23506049224e-06, 1.40468398513e-06, 1.86231306998e-06, 4.02378782383e-06, 3.70731163457e-06, 2.31472995438e-06, 1.95155757865e-06, 2.87583111458e-06, 2.55234454016e-06, 1.18592640774e-06, 6.77570653806e-07, 5.75622777887e-07, 5.70128747768e-07, 4.64237530196e-07, 4.01991343324e-07, 3.73517906382e-07, 3.8657194068e-07],
        "median": [0.00174290267751, 0.00274915783666, 0.00100125081372, 0.000450674269814, 0.000355921598384, 0.000169587307028, 0.000168660175405, 0.000106070016045, 0.000203431976843, 9.70016335486e-05, 5.47179988644e-05, 5.16064137628e-05, 1.82203857548e-05, 1.59739338415e-05, 1.50316291183e-05, 1.66617937793e-05, 1.52451657414e-05, 1.12847437777e-05, 8.63384957484e-06, 5.40708242625e-06, 3.51156108991e-06, 3.35178356181e-06, 2.74177432402e-06, 1.15431600989e-06, 7.96153869942e-07, 9.0695630206e-07, 1.37993015414e-06, 1.2315646245e-06, 8.941113947e-07, 9.04997307316e-07, 1.17763556773e-06, 1.06448180759e-06, 5.10736583692e-07, 3.01169848171e-07, 2.87099481966e-07, 2.36334969372e-07, 2.38631173488e-07, 2.11846170828e-07, 1.73004778503e-07, 1.57410340762e-07],
        "min": [1.41861869452e-06, 2.06178374356e-05, 1.73052521859e-05, 5.46216415387e-06, 7.63882053434e-06, 7.4873378253e-06, 4.91898663313e-06, 2.36111259255e-06, 2.36785831476e-06, 2.17196929952e-06, 1.88971296211e-06, 1.21329048852e-06, 6.22298557573e-07, 8.08732067981e-07, 7.22290451449e-07, 2.29073847891e-07, 2.27289731924e-07, 1.57891122399e-07, 2.62308077481e-07, 9.06266208744e-08, 9.03006238673e-08, 1.4184780639e-07, 6.30966923154e-08, 2.17036522088e-08, 2.04334416054e-08, 1.25666694828e-08, 1.84798594205e-08, 1.53195109931e-08, 6.15228668011e-09, 5.5678999189e-09, 6.22701579189e-09, 5.54525092511e-09, 2.83146261992e-09, 2.734187321e-09, 1.44456246964e-09, 6.99916180569e-10, 2.9303903748e-10, 3.91907423181e-10, 1.39949744501e-11, 2.66166588769e-10],
