{
"highlevel": {
    "danceability": {
        "all": {
            "danceable": 0.0374414436519,
            "not_danceable": 0.962558567524
        },
        "probability": 0.962558567524,
        "value": "not_danceable"
    },
    "gender": {
        "all": {
            "female": 0.607944786549,
            "male": 0.392055183649
        },
        "probability": 0.607944786549,
        "value": "female"
    },
    "genre_dortmund": {
        "all": {
            "alternative": 0.239857643843,
            "blues": 0.0119688585401,
            "electronic": 0.0155645683408,
            "folkcountry": 0.359264522791,
            "funksoulrnb": 0.00436701299623,
            "jazz": 0.0196212604642,
            "pop": 0.238499507308,
            "raphiphop": 0.00315872486681,
            "rock": 0.107697911561
        },
        "probability": 0.359264522791,
        "value": "folkcountry"
    },
    "genre_electronic": {
        "all": {
            "ambient": 0.530819177628,
            "dnb": 0.0919599831104,
            "house": 0.260528296232,
            "techno": 0.0329553373158,
            "trance": 0.0837372094393
        },
        "probability": 0.530819177628,
        "value": "ambient"
    },
    "genre_rosamerica": {
        "all": {
            "cla": 0.00614448171109,
            "dan": 0.0180383697152,
            "hip": 0.0168674588203,
            "jaz": 0.0603589303792,
            "pop": 0.226634502411,
            "rhy": 0.63973069191,
            "roc": 0.0165805984288,
            "spe": 0.0156449601054
        },
        "probability": 0.63973069191,
        "value": "rhy"
    },
    "genre_tzanetakis": {
        "all": {
            "blu": 0.0631970837712,
            "cla": 0.0351076424122,
            "cou": 0.105340525508,
            "dis": 0.0632559657097,
            "hip": 0.158187583089,
            "jaz": 0.316573172808,
            "met": 0.0527318492532,
            "pop": 0.063265889883,
            "reg": 0.0632615014911,
            "roc": 0.0790787860751
        },
        "probability": 0.316573172808,
        "value": "jaz"
    },
    "ismir04_rhythm": {
        "all": {
            "ChaChaCha": 0.0273258853704,
            "Jive": 0.012459019199,
            "Quickstep": 0.0929664447904,
            "Rumba-American": 0.0424217693508,
            "Rumba-International": 0.668618738651,
            "Rumba-Misc": 0.0143357021734,
            "Samba": 0.037876278162,
            "Tango": 0.00795421563089,
            "VienneseWaltz": 0.0463735200465,
            "Waltz": 0.0496684238315
        },
        "probability": 0.668618738651,
        "value": "Rumba-International"
    },
    "mood_acoustic": {
        "all": {
            "acoustic": 0.990281403065,
            "not_acoustic": 0.00971861090511
        },
        "probability": 0.990281403065,
        "value": "acoustic"
    },
    "mood_aggressive": {
        "all": {
            "aggressive": 0.00896441098303,
            "not_aggressive": 0.991035580635
        },
        "probability": 0.991035580635,
        "value": "not_aggressive"
    },
    "mood_electronic": {
        "all": {
            "electronic": 0.36613664031,
            "not_electronic": 0.633863329887
        },
        "probability": 0.633863329887,
        "value": "not_electronic"
    },
    "mood_happy": {
        "all": {
            "happy": 0.0405308790505,
            "not_happy": 0.959469139576
        },
        "probability": 0.959469139576,
        "value": "not_happy"
    },
    "mood_party": {
        "all": {
            "not_party": 0.939402341843,
            "party": 0.0605976879597
        },
        "probability": 0.939402341843,
        "value": "not_party"
    },
    "mood_relaxed": {
        "all": {
            "not_relaxed": 0.0562002584338,
            "relaxed": 0.943799734116
        },
        "probability": 0.943799734116,
        "value": "relaxed"
    },
    "mood_sad": {
        "all": {
            "not_sad": 0.0518021732569,
            "sad": 0.948197841644
        },
        "probability": 0.948197841644,
        "value": "sad"
    },
    "moods_mirex": {
        "all": {
            "Cluster1": 0.0906911119819,
            "Cluster2": 0.0255737490952,
            "Cluster3": 0.831585943699,
            "Cluster4": 0.0334452055395,
            "Cluster5": 0.0187040101737
        },
        "probability": 0.831585943699,
        "value": "Cluster3"
    },
    "timbre": {
        "all": {
            "bright": 0.785573780537,
            "dark": 0.214426219463
        },
        "probability": 0.785573780537,
        "value": "bright"
    },
    "tonal_atonal": {
        "all": {
            "atonal": 0.0160894431174,
            "tonal": 0.983910560608
        },
        "probability": 0.983910560608,
        "value": "tonal"
    },
    "voice_instrumental": {
        "all": {
            "instrumental": 3.63754152204e-05,
            "voice": 0.999963641167
        },
        "probability": 0.999963641167,
        "value": "voice"
    }
},
"lowlevel": {
    "average_loudness": 0.959919989109,
    "barkbands_crest": {
        "dmean": 2.54204654694,
        "dmean2": 4.22546625137,
        "dvar": 5.19733381271,
        "dvar2": 14.7987937927,
        "max": 23.6817264557,
        "mean": 12.318151474,
        "median": 12.1467170715,
        "min": 3.63384342194,
        "var": 14.7491159439
    },
    "barkbands_flatness_db": {
        "dmean": 0.0264188218862,
        "dmean2": 0.041956346482,
        "dvar": 0.000637215736788,
        "dvar2": 0.0014885943383,
        "max": 0.420432686806,
        "mean": 0.204758763313,
        "median": 0.198521465063,
        "min": 0.064118899405,
        "var": 0.0032143315766
    },
    "barkbands_kurtosis": {
        "dmean": 8.481133461,
        "dmean2": 13.8869438171,
        "dvar": 124.973052979,
        "dvar2": 330.874938965,
        "max": 119.473579407,
        "mean": 19.317615509,
        "median": 13.248664856,
        "min": -1.93906140327,
        "var": 385.255828857
    },
    "barkbands_skewness": {
        "dmean": 0.812640845776,
        "dmean2": 1.2758384943,
        "dvar": 0.666249275208,
        "dvar2": 1.5009496212,
        "max": 9.20879364014,
        "mean": 3.27167248726,
        "median": 3.27360677719,
        "min": -3.77144932747,
        "var": 3.63478636742
    },
    "barkbands_spread": {
        "dmean": 5.37032747269,
        "dmean2": 8.40715694427,
        "dvar": 83.4433288574,
        "dvar2": 184.984176636,
        "max": 89.8896255493,
        "mean": 14.2410621643,
        "median": 8.93904590607,
        "min": 0.731067717075,
        "var": 263.002044678
    },
    "dissonance": {
        "dmean": 0.0185506977141,
        "dmean2": 0.0310760010034,
        "dvar": 0.00027817604132,
        "dvar2": 0.00073407770833,
        "max": 0.499439865351,
        "mean": 0.450166702271,
        "median": 0.453932464123,
        "min": 0.325850754976,
        "var": 0.000799452071078
    },
    "dynamic_complexity": 2.2160089016,
    "erbbands_crest": {
        "dmean": 2.26324701309,
        "dmean2": 3.77830290794,
        "dvar": 4.30568742752,
        "dvar2": 11.1255607605,
        "max": 24.0240192413,
        "mean": 9.18287754059,
        "median": 8.6252155304,
        "min": 2.76665830612,
        "var": 12.2222585678
    },
    "erbbands_flatness_db": {
        "dmean": 0.017552183941,
        "dmean2": 0.0259811859578,
        "dvar": 0.000338300771546,
        "dvar2": 0.000672016583849,
        "max": 0.328687787056,
        "mean": 0.16645552218,
        "median": 0.162870675325,
        "min": 0.0657348185778,
        "var": 0.00137126608752
    },
    "erbbands_kurtosis": {
        "dmean": 1.46039319038,
        "dmean2": 2.31563043594,
        "dvar": 3.78761839867,
        "dvar2": 9.34016704559,
        "max": 24.2216854095,
        "mean": 1.86151218414,
        "median": 0.870306015015,
        "min": -1.78447413445,
        "var": 10.7140140533
    },
    "erbbands_skewness": {
        "dmean": 0.410286337137,
        "dmean2": 0.619596540928,
        "dvar": 0.205461651087,
        "dvar2": 0.380765706301,
        "max": 3.72310876846,
        "mean": 0.959576666355,
        "median": 1.06862652302,
        "min": -3.1424164772,
        "var": 1.2472383976
    },
    "erbbands_spread": {
        "dmean": 10.1193723679,
        "dmean2": 15.7444429398,
        "dvar": 166.504440308,
        "dvar2": 398.820800781,
        "max": 144.289016724,
        "mean": 43.8290863037,
        "median": 40.8571662903,
        "min": 8.06529045105,
        "var": 417.045135498
    },
    "hfc": {
        "dmean": 9.77153682709,
        "dmean2": 13.6127595901,
        "dvar": 931.244873047,
        "dvar2": 1716.1907959,
        "max": 481.265197754,
        "mean": 24.9779605865,
        "median": 11.6322221756,
        "min": 0.697123527527,
        "var": 2466.66015625
    },
    "melbands_crest": {
        "dmean": 3.27427792549,
        "dmean2": 5.32841873169,
        "dvar": 8.32016563416,
        "dvar2": 23.8336620331,
        "max": 33.3822822571,
        "mean": 18.0322780609,
        "median": 17.6985931396,
        "min": 4.45844078064,
        "var": 29.2111759186
    },
    "melbands_flatness_db": {
        "dmean": 0.0312995687127,
        "dmean2": 0.048405405134,
        "dvar": 0.000961428740993,
        "dvar2": 0.00206389720552,
        "max": 0.499743252993,
        "mean": 0.259237796068,
        "median": 0.257934063673,
        "min": 0.0346051566303,
        "var": 0.00619590748101
    },
    "melbands_kurtosis": {
        "dmean": 16.3084087372,
        "dmean2": 26.7976913452,
        "dvar": 454.432861328,
        "dvar2": 1166.39611816,
        "max": 261.76574707,
        "mean": 39.4128646851,
        "median": 30.0115242004,
        "min": -1.84277141094,
        "var": 1314.73095703
    },
    "melbands_skewness": {
        "dmean": 1.00258541107,
        "dmean2": 1.62848448753,
        "dvar": 1.1051940918,
        "dvar2": 2.56714177132,
        "max": 12.3064393997,
        "mean": 4.47992563248,
        "median": 4.25530576706,
        "min": -1.43688452244,
        "var": 4.38499164581
    },
    "melbands_spread": {
        "dmean": 7.21601915359,
        "dmean2": 11.3818235397,
        "dvar": 434.411956787,
        "dvar2": 901.799682617,
        "max": 235.062286377,
        "mean": 17.9531440735,
        "median": 7.23748588562,
        "min": 0.718506038189,
        "var": 1347.42260742
    },
    "pitch_salience": {
        "dmean": 0.0765462741256,
        "dmean2": 0.128031626344,
        "dvar": 0.00463780574501,
        "dvar2": 0.0126804588363,
        "max": 0.814444720745,
        "mean": 0.500968754292,
        "median": 0.505671739578,
        "min": 0.1505189538,
        "var": 0.0134665304795
    },
    "silence_rate_20dB": {
        "dmean": 0,
        "dmean2": 0,
        "dvar": 0,
        "dvar2": 0,
        "max": 1,
        "mean": 1,
        "median": 1,
        "min": 1,
        "var": 0
    },
    "silence_rate_30dB": {
        "dmean": 0,
        "dmean2": 0,
        "dvar": 0,
        "dvar2": 0,
        "max": 1,
        "mean": 1,
        "median": 1,
        "min": 1,
        "var": 0
    },
    "silence_rate_60dB": {
        "dmean": 0.00154798757285,
        "dmean2": 0.00309837330133,
        "dvar": 0.00154558266513,
        "dvar2": 0.00308872875758,
        "max": 1,
        "mean": 0.00618716143072,
        "median": 0,
        "min": 0,
        "var": 0.00614878581837
    },
    "spectral_centroid": {
        "dmean": 232.985214233,
        "dmean2": 350.8722229,
        "dvar": 148525.015625,
        "dvar2": 261936.65625,
        "max": 5157.87548828,
        "mean": 864.403503418,
        "median": 574.221252441,
        "min": 182.594528198,
        "var": 754369.5
    },
    "spectral_complexity": {
        "dmean": 2.51315784454,
        "dmean2": 3.91092181206,
        "dvar": 7.80713701248,
        "dvar2": 16.539680481,
        "max": 43,
        "mean": 13.051817894,
        "median": 12,
        "min": 2,
        "var": 35.3082580566
    },
    "spectral_decrease": {
        "dmean": 2.78329692627e-09,
        "dmean2": 4.61304860977e-09,
        "dvar": 9.49115223931e-18,
        "dvar2": 2.68782546231e-17,
        "max": -5.29965737961e-10,
        "mean": -8.15783796071e-09,
        "median": -7.77374786765e-09,
        "min": -2.94303674764e-08,
        "var": 2.31275612998e-17
    },
    "spectral_energy": {
        "dmean": 0.0110762966797,
        "dmean2": 0.0181471947581,
        "dvar": 0.000142964170664,
        "dvar2": 0.000400463468395,
        "max": 0.113543890417,
        "mean": 0.0330551527441,
        "median": 0.0315470732749,
        "min": 0.00206344039179,
        "var": 0.000357087905286
    },
    "spectral_energyband_high": {
        "dmean": 0.00103398854844,
        "dmean2": 0.0014113180805,
        "dvar": 1.6898393369e-05,
        "dvar2": 3.01323834719e-05,
        "max": 0.061455488205,
        "mean": 0.00194916978944,
        "median": 0.000270948425168,
        "min": 4.15693079958e-07,
        "var": 4.46711492259e-05
    },
    "spectral_energyband_low": {
        "dmean": 0.00368010951206,
        "dmean2": 0.00617429427803,
        "dvar": 3.03085435007e-05,
        "dvar2": 9.27781802602e-05,
        "max": 0.0620028749108,
        "mean": 0.00738339591771,
        "median": 0.00384656060487,
        "min": 1.23258032545e-05,
        "var": 7.74415311753e-05
    },
    "spectral_energyband_middle_high": {
        "dmean": 0.000750525330659,
        "dmean2": 0.00106555665843,
        "dvar": 1.56648820848e-06,
        "dvar2": 3.0872397474e-06,
        "max": 0.026765845716,
        "mean": 0.0021524480544,
        "median": 0.00129746331368,
        "min": 5.73625911784e-05,
        "var": 6.76540230415e-06
    },
    "spectral_energyband_middle_low": {
        "dmean": 0.00976443476975,
        "dmean2": 0.0163036696613,
        "dvar": 0.000129844978801,
        "dvar2": 0.000364812789485,
        "max": 0.109971575439,
        "mean": 0.0260867252946,
        "median": 0.0242677815259,
        "min": 0.000343555264408,
        "var": 0.000310753879603
    },
    "spectral_entropy": {
        "dmean": 0.234499543905,
        "dmean2": 0.351313441992,
        "dvar": 0.0636306554079,
        "dvar2": 0.12709210813,
        "max": 8.7220993042,
        "mean": 7.09431362152,
        "median": 7.10966348648,
        "min": 5.23883724213,
        "var": 0.354870915413
    },
    "spectral_flux": {
        "dmean": 0.0240861047059,
        "dmean2": 0.0392056927085,
        "dvar": 0.000615952536464,
        "dvar2": 0.00149569555651,
        "max": 0.250623703003,
        "mean": 0.0786104872823,
        "median": 0.0716350823641,
        "min": 0.00698590977117,
        "var": 0.00169624970295
    },
    "spectral_kurtosis": {
        "dmean": 1.87747347355,
        "dmean2": 3.02394294739,
        "dvar": 9.89680099487,
        "dvar2": 25.041841507,
        "max": 75.8111419678,
        "mean": 5.14777088165,
        "median": 4.31120967865,
        "min": -0.892772912979,
        "var": 21.7473487854
    },
    "spectral_rms": {
        "dmean": 0.000923782587051,
        "dmean2": 0.00148897990584,
        "dvar": 7.7810119592e-07,
        "dvar2": 2.14096621676e-06,
        "max": 0.0105249481276,
        "mean": 0.00542428251356,
        "median": 0.00554775912315,
        "min": 0.00141884200275,
        "var": 2.82612973024e-06
    },
    "spectral_rolloff": {
        "dmean": 374.17956543,
        "dmean2": 617.741394043,
        "dvar": 1190060.75,
        "dvar2": 2163524.75,
        "max": 11477.1972656,
        "mean": 1135.08337402,
        "median": 409.130859375,
        "min": 150.732421875,
        "var": 4343891
    },
    "spectral_skewness": {
        "dmean": 0.262254655361,
        "dmean2": 0.403419345617,
        "dvar": 0.0881269201636,
        "dvar2": 0.197399616241,
        "max": 6.87991809845,
        "mean": 1.76396548748,
        "median": 1.74286341667,
        "min": -0.0302407424897,
        "var": 0.427096366882
    },
    "spectral_spread": {
        "dmean": 655237.375,
        "dmean2": 966387.875,
        "dvar": 617502081024,
        "dvar2": 1.34475087872e+12,
        "max": 11511945,
        "mean": 4979631.5,
        "median": 4727435,
        "min": 1030725.8125,
        "var": 2.20737594982e+12
    },
    "spectral_strongpeak": {
        "dmean": 0.37208122015,
        "dmean2": 0.627387106419,
        "dvar": 0.390797168016,
        "dvar2": 0.917192816734,
        "max": 10.1334819794,
        "mean": 0.892829656601,
        "median": 0.746466875076,
        "min": 0.0461793914437,
        "var": 0.681982815266
    },
    "zerocrossingrate": {
        "dmean": 0.0120509471744,
        "dmean2": 0.0135323116556,
        "dvar": 0.000400683406042,
        "dvar2": 0.00035125008435,
        "max": 0.32080078125,
        "mean": 0.0519447401166,
        "median": 0.033203125,
        "min": 0.0048828125,
        "var": 0.0033709758427
    },
    "barkbands": {
        "dmean": [7.94941479398e-06, 0.000227475451538, 0.00143486948218, 0.00545848347247, 0.00516983540729, 0.00109612720553, 0.000811283709481, 0.000370073714294, 0.000295989593724, 0.000173610256752, 0.000189577272977, 0.000175956534804, 0.000135672846227, 9.06532732188e-05, 9.17844445212e-05, 4.90902893944e-05, 7.78270332376e-05, 4.10633947467e-05, 0.000105358980363, 0.000236074993154, 0.000161166419275, 0.000144060119055, 0.000251710502198, 0.000349170441041, 0.000127915962366, 4.80293529108e-05, 2.87975687741e-09],
        "dmean2": [1.2796917872e-05, 0.000325314467773, 0.00240787887014, 0.00923579651862, 0.00858291331679, 0.00161388376728, 0.00123425049242, 0.000549838179722, 0.000423091551056, 0.000245342147537, 0.00028759977431, 0.000263579859165, 0.000208052602829, 0.000137291513965, 0.000141116339364, 7.30263636797e-05, 0.000125777878566, 6.75380870234e-05, 0.000160167895956, 0.000351333874278, 0.00023782462813, 0.000209410238313, 0.000354946503649, 0.000512418569997, 0.000194299951545, 7.57858942961e-05, 3.91285404078e-09],
        "dvar": [4.72729411172e-09, 3.87053376016e-07, 6.70636154609e-06, 6.3299346948e-05, 4.58621361759e-05, 4.24084419137e-06, 3.08632047563e-06, 8.86450663984e-07, 8.51281811265e-07, 1.09410919436e-07, 1.80336442668e-07, 1.79942531986e-07, 1.51924879788e-07, 1.06469450145e-07, 1.06983776504e-07, 2.67871076431e-08, 1.73385359403e-08, 6.65237775976e-09, 7.9884465265e-08, 5.62466595966e-07, 5.73042314045e-07, 3.4949917449e-07, 1.2001412415e-06, 2.2524866381e-06, 2.48504107958e-07, 2.70082729514e-08, 2.80147359338e-15],
        "dvar2": [8.67177885056e-09, 9.09172285901e-07, 1.99154201255e-05, 0.000193269748706, 0.000130434113089, 9.76251249085e-06, 6.49763842375e-06, 2.15294403461e-06, 1.31273100124e-06, 2.28688676884e-07, 4.22724951932e-07, 4.05420280458e-07, 3.24393539586e-07, 2.07606504432e-07, 2.51943248486e-07, 4.77051074199e-08, 4.21614281265e-08, 1.768596114e-08, 1.68456779193e-07, 1.28315912207e-06, 1.06131983557e-06, 7.09328048742e-07, 2.11894507629e-06, 4.68777625429e-06, 5.65450704926e-07, 6.46041939945e-08, 2.80370150178e-15],
        "max": [0.00208723521791, 0.0101866358891, 0.0321002341807, 0.0794669687748, 0.0688116177917, 0.0302620790899, 0.0306236296892, 0.0129763633013, 0.0211465042084, 0.00671628024429, 0.00735680852085, 0.00820300448686, 0.00907519459724, 0.00721133733168, 0.00942246988416, 0.00551742780954, 0.00217576115392, 0.000824543705676, 0.00519050518051, 0.0123132700101, 0.0179677363485, 0.00914061162621, 0.0219486039132, 0.0233319085091, 0.00894685741514, 0.00298929703422, 1.88928868283e-06],
        "mean": [8.22035781312e-06, 0.000310408620862, 0.00267246342264, 0.00967540498823, 0.00977308675647, 0.00308055290952, 0.00182966992725, 0.000826763163786, 0.000650027242955, 0.000379714882001, 0.000371026661014, 0.000332325464115, 0.000210642145248, 0.000160525873071, 0.000154207838932, 8.13218284748e-05, 0.000142243326991, 6.38789642835e-05, 0.000179863389349, 0.000397221447201, 0.000249242642894, 0.000229316239711, 0.000434022484114, 0.00059213116765, 0.000185731027159, 6.51468435535e-05, 2.67991895342e-09],
        "median": [1.09091979539e-06, 6.22267543804e-05, 0.0010713476222, 0.00587673345581, 0.00658924132586, 0.00182836432941, 0.000690010550898, 0.000189525642782, 0.000115227347123, 0.000155321453349, 0.000149101091665, 0.000107982516056, 3.62696227967e-05, 3.6643265048e-05, 6.04739252594e-05, 2.69514730462e-05, 8.02900685812e-05, 3.53237810486e-05, 5.09121200594e-05, 9.00250306586e-05, 3.14912613248e-05, 2.07383654924e-05, 3.96094619646e-05, 3.3256932511e-05, 2.23845272558e-05, 1.38644900289e-05, 4.16104040113e-10],
        "min": [1.05407291784e-08, 8.43794509819e-07, 7.79189349487e-07, 1.99340138352e-05, 7.80597183621e-05, 1.89057464013e-05, 4.17644969275e-06, 7.1034571647e-07, 6.6572306423e-07, 1.7629965896e-06, 1.2095783859e-06, 1.68919098087e-06, 7.17221382729e-07, 7.7555785083e-07, 2.15752493204e-06, 8.17558827748e-07, 7.93125309428e-07, 2.22687063456e-07, 3.35814320351e-07, 1.9684601682e-07, 1.62946932392e-07, 5.02982722139e-09, 4.22142809597e-09, 6.09644068561e-09, 1.10085829341e-10, 3.8588045953e-11, 4.20909834764e-11],
        "var": [6.02528782423e-09, 5.60130956728e-07, 1.75146287802e-05, 0.000115879724035, 9.44405619521e-05, 1.28631882035e-05, 8.76282956597e-06, 2.85368628283e-06, 3.7531219732e-06, 3.59938155725e-07, 4.35850495251e-07, 4.09349183883e-07, 3.116313394e-07, 3.01626045029e-07, 1.48771775343e-07, 5.7957009858e-08, 3.30858540565e-08, 8.05730682174e-09, 1.98235028392e-07, 1.07635526092e-06, 1.18028845009e-06, 7.91935519828e-07, 2.92206414088e-06, 5.11732469022e-06, 4.64545223622e-07, 4.21386872063e-08, 2.80342939245e-15]
    },
    "erbbands": {
        "dmean": [0.00232328753918, 0.077533364296, 1.10915601254, 9.99758911133, 25.2744026184, 11.0388793945, 5.47222185135, 10.047949791, 13.9861841202, 6.71481752396, 9.26462173462, 6.17879867554, 6.3855881691, 4.22913885117, 7.43754148483, 7.37976551056, 5.70955991745, 4.75559520721, 4.76598501205, 3.09009170532, 3.09443473816, 3.84221482277, 2.31097817421, 2.81816530228, 7.66844177246, 11.9209775925, 8.63169670105, 4.28859376907, 4.38320493698, 7.72215414047, 7.63136148453, 8.96299362183, 4.92821788788, 2.02488684654, 0.615848958492, 0.309035360813, 0.0718613266945, 0.00412272522226, 9.41279504332e-05, 1.8488837668e-05],
        "dmean2": [0.00342542445287, 0.112961828709, 1.82125222683, 17.0764522552, 42.8405838013, 17.7743301392, 8.55979442596, 14.7711610794, 20.7620296478, 9.83330631256, 13.2460041046, 8.74964523315, 9.3036031723, 6.47372531891, 11.1939611435, 11.0063076019, 8.97643184662, 7.0917339325, 7.19264888763, 4.83206987381, 4.59712600708, 6.14321899414, 3.76558685303, 4.32598876953, 11.5174160004, 17.9239196777, 12.650677681, 6.4334025383, 6.14089155197, 11.3637399673, 11.0918893814, 13.6894922256, 7.23098468781, 2.9527156353, 0.98336493969, 0.489546686411, 0.112425528467, 0.00651402352378, 0.000144308680319, 2.85900623567e-05],
        "dvar": [0.000103691105323, 0.0352562852204, 3.58757853508, 199.859283447, 1134.43029785, 226.664810181, 65.2555389404, 524.424926758, 884.663513184, 224.105194092, 638.040161133, 320.624053955, 184.070114136, 63.7260665894, 309.044250488, 314.162719727, 193.26524353, 253.733184814, 273.3487854, 52.2294692993, 82.4688796997, 37.8162002563, 19.2950077057, 65.3687133789, 348.011016846, 1578.23950195, 1770.94641113, 379.194976807, 289.202270508, 1122.5958252, 1063.2232666, 1459.86035156, 469.484558105, 65.4184875488, 5.97143030167, 1.16748952866, 0.0602439269423, 0.000178045724169, 9.29683423578e-08, 1.1431938729e-09],
        "dvar2": [0.000234807812376, 0.0834221541882, 10.0333166122, 614.382507324, 3209.14941406, 637.544006348, 182.974319458, 1197.78405762, 1807.28198242, 510.97467041, 1438.47351074, 512.15802002, 403.97177124, 150.052154541, 742.924438477, 711.147888184, 482.249664307, 425.586425781, 564.108947754, 113.985862732, 129.638031006, 88.7943496704, 51.2906303406, 152.330749512, 689.70880127, 3770.03515625, 3393.95385742, 692.084655762, 541.484313965, 2276.85986328, 2094.93237305, 3200.52197266, 951.376525879, 139.261444092, 14.1909732819, 2.80097103119, 0.144794031978, 0.000414383364841, 2.12919673004e-07, 2.46538034432e-09],
        "max": [0.220739707351, 3.09272503853, 23.3104534149, 141.336502075, 299.128265381, 232.263153076, 104.503494263, 357.460357666, 535.255187988, 396.874572754, 480.07925415, 471.473022461, 255.608444214, 144.10017395, 287.782562256, 317.850097656, 179.532073975, 387.108276367, 517.786743164, 146.827041626, 317.772827148, 72.6792449951, 43.4964485168, 184.138153076, 335.388946533, 690.415649414, 1103.14245605, 318.577850342, 321.517608643, 510.178924561, 670.301818848, 559.376403809, 347.472930908, 138.144104004, 47.1255874634, 17.8703422546, 4.7028336525, 0.219436153769, 0.00523487804458, 0.000509357894771],
        "mean": [0.00333275622688, 0.124746501446, 2.22526431084, 19.4725151062, 44.1198501587, 22.9836406708, 14.8619337082, 27.6482524872, 31.9985218048, 17.3869018555, 22.566734314, 13.4324121475, 13.8481731415, 9.46940612793, 13.9564723969, 14.6393499374, 9.71867084503, 9.72510147095, 8.1179895401, 5.73018026352, 6.01288557053, 7.54813337326, 3.94995331764, 4.78718614578, 13.6602745056, 19.2470779419, 13.5930252075, 7.28864097595, 7.0019288063, 12.0079040527, 12.5563745499, 13.653629303, 8.44379138947, 3.05325078964, 0.848126471043, 0.408679336309, 0.0956522300839, 0.00525218108669, 0.000145679558045, 5.09553210577e-05],
        "median": [0.00128427369054, 0.0447541214526, 1.12174475193, 12.1282501221, 29.5399265289, 15.979716301, 10.2796058655, 13.0611925125, 12.0946807861, 7.74304437637, 3.57020998001, 3.26595568657, 5.19737625122, 4.70248126984, 5.44554424286, 4.78190565109, 2.20410227776, 2.06495428085, 3.01605343819, 2.24532866478, 2.44474005699, 4.44457864761, 2.43135738373, 1.78815889359, 3.90085577965, 4.25871658325, 2.11427569389, 0.977999925613, 0.736313164234, 0.86960631609, 1.17909693718, 0.750729799271, 0.453826755285, 0.270925760269, 0.125922724605, 0.084384560585, 0.0187742486596, 0.000869946496096, 4.08304549637e-05, 4.05270984629e-05],
        "min": [5.43936876056e-05, 0.000785492884461, 0.00804125517607, 0.0523506179452, 0.0898891761899, 0.297919481993, 0.296655803919, 0.14558172226, 0.110362701118, 0.131574198604, 0.0670968592167, 0.0285451114178, 0.0484371222556, 0.0457589253783, 0.0474779941142, 0.110352963209, 0.0752029269934, 0.0679912567139, 0.110516019166, 0.0924365222454, 0.0494633726776, 0.065587259829, 0.0269447211176, 0.0142485890538, 0.0177399255335, 0.00747226830572, 0.00632801093161, 0.00259200343862, 0.000250222044997, 0.000181462135515, 0.000105632650957, 0.000151148706209, 4.37745911768e-05, 1.14231079351e-05, 6.53284814689e-06, 4.72470765089e-06, 1.53444955231e-06, 1.94477280502e-07, 1.04546336388e-06, 2.29497777582e-06],
        "var": [0.000117767187476, 0.0560695417225, 9.58734512329, 438.413726807, 1821.21289062, 613.659423828, 205.064743042, 1521.49841309, 2728.19775391, 710.5703125, 2587.81884766, 1157.95324707, 543.840148926, 166.87171936, 676.146728516, 760.688903809, 405.563995361, 964.010070801, 490.619354248, 120.469413757, 206.242797852, 81.7817382812, 24.824054718, 100.673934937, 946.188781738, 2757.77392578, 3378.59008789, 866.539550781, 716.389526367, 2375.69555664, 2355.65454102, 2946.16772461, 1078.77282715, 132.958618164, 9.92122173309, 1.79217779636, 0.0909299775958, 0.000298815255519, 1.66735489415e-07, 2.73622280389e-09]
    },
    "gfcc": {
        "mean": [-14.4941148758, 92.0460739136, -95.9595108032, 31.9595508575, -75.4948959351, 1.62547433376, -56.0472564697, -5.0640540123, -44.9773826599, -11.2725105286, -23.7052822113, -10.1069192886, -17.009054184],
        "cov": [[2966.56323242, -1606.29406738, -116.834632874, -67.5653076172, -547.252990723, 184.601364136, -249.359573364, 275.492706299, -195.148727417, 316.867980957, -43.0359039307, 45.4192390442, -253.466552734], [-1606.29406738, 1864.2487793, -89.4437942505, -337.221099854, 419.203460693, -229.872344971, 229.421798706, -179.695373535, 124.913665771, -231.300048828, 42.0292549133, -41.4970588684, 118.182350159], [-116.834632874, -89.4437942505, 457.013641357, 135.648544312, 81.0091781616, 50.7335472107, 2.00224542618, -8.34111595154, 12.5367212296, -1.19734489918, -35.8042297363, 52.4984321594, -26.2369117737], [-67.5653076172, -337.221099854, 135.648544312, 426.244354248, 57.6283073425, 105.891326904, -8.63593769073, -27.967918396, 48.4079437256, -14.7258424759, 16.1921787262, -33.3123855591, 68.2328720093], [-547.252990723, 419.203460693, 81.0091781616, 57.6283073425, 356.618377686, 15.8553323746, 21.1043167114, -51.1076927185, 51.9725227356, -19.2569637299, -21.1329689026, -14.4651479721, 64.0010147095], [184.601364136, -229.872344971, 50.7335472107, 105.891326904, 15.8553323746, 198.381591797, 6.28263282776, 32.392868042, 12.4959640503, 28.546295166, 0.0448893792927, -18.2794094086, 7.56090688705], [-249.359573364, 229.421798706, 2.00224542618, -8.63593769073, 21.1043167114, 6.28263282776, 226.944946289, -4.60919189453, 9.90819740295, -35.9825439453, -16.4943141937, -4.71236944199, -4.00733804703], [275.492706299, -179.695373535, -8.34111595154, -27.967918396, -51.1076927185, 32.392868042, -4.60919189453, 129.58732605, -25.7181243896, 51.3169250488, -0.752305328846, 17.522518158, -35.6767196655], [-195.148727417, 124.913665771, 12.5367212296, 48.4079437256, 51.9725227356, 12.4959640503, 9.90819740295, -25.7181243896, 89.4842071533, -21.6689147949, 9.64045333862, -15.0310955048, 22.854927063], [316.867980957, -231.300048828, -1.19734489918, -14.7258424759, -19.2569637299, 28.546295166, -35.9825439453, 51.3169250488, -21.6689147949, 134.443908691, -8.93318748474, 12.4483823776, -40.9041137695], [-43.0359039307, 42.0292549133, -35.8042297363, 16.1921787262, -21.1329689026, 0.0448893792927, -16.4943141937, -0.752305328846, 9.64045333862, -8.93318748474, 99.9267883301, -9.60614871979, -3.20023679733], [45.4192390442, -41.4970588684, 52.4984321594, -33.3123855591, -14.4651479721, -18.2794094086, -4.71236944199, 17.522518158, -15.0310955048, 12.4483823776, -9.60614871979, 84.6263656616, -18.3028297424], [-253.466552734, 118.182350159, -26.2369117737, 68.2328720093, 64.0010147095, 7.56090688705, -4.00733804703, -35.6767196655, 22.854927063, -40.9041137695, -3.20023679733, -18.3028297424, 131.901153564]],
        "icov": [[0.00101605698001, 0.00031998284976, 0.000276393227978, 0.000109740227344, 0.000763911870308, -0.000648044398986, 0.000629970047157, -0.000505605130456, 0.000637457997072, -0.000825368450023, 0.000548540439922, 9.95215232251e-05, 0.000873576384038], [0.00031998284976, 0.00358159514144, -0.00030153937405, 0.00376028683968, -0.00338542554528, 0.00206375820562, -0.00250000413507, 0.000964908977039, -0.00252034747973, 0.00269681587815, -0.00264601549134, 0.00131092651282, -0.00149923469871], [0.000276393227978, -0.00030153937405, 0.00333053944632, -0.00162211153656, -0.000157129252329, -0.000961467158049, 0.000647379492875, 5.57306084374e-05, 0.00049748638412, 6.83236357872e-05, 0.00156118127052, -0.00250232405961, 0.00209465390071], [0.000109740227344, 0.00376028683968, -0.00162211153656, 0.00759811233729, -0.00353625882417, 0.000942873186432, -0.00271947635338, 0.00156213040464, -0.00377302453853, 0.00279530673288, -0.00378291262314, 0.00261321221478, -0.00361831998453], [0.000763911870308, -0.00338542554528, -0.000157129252329, -0.00353625882417, 0.00797168444842, -0.00291540799662, 0.00296844844706, -0.000692159868777, 0.00177354831249, -0.00432759523392, 0.00383804668672, -0.000754067732487, 0.000840548367705], [-0.000648044398986, 0.00206375820562, -0.000961467158049, 0.000942873186432, -0.00291540799662, 0.0085380282253, -0.00257956935093, -0.000893241958693, -0.0026981504634, 0.00116650084965, -0.00217082840391, 0.0023712629918, -0.00206256867386], [0.000629970047157, -0.00250000413507, 0.000647379492875, -0.00271947635338, 0.00296844844706, -0.00257956935093, 0.00730634992942, -0.00153356604278, 0.00214691576548, -0.00106487120502, 0.00352599425241, -0.000824257440399, 0.00276976171881], [-0.000505605130456, 0.000964908977039, 5.57306084374e-05, 0.00156213040464, -0.000692159868777, -0.000893241958693, -0.00153356604278, 0.0111666722223, 0.000174042274011, -0.00150205357932, -0.00144657143392, -0.00129254371859, 1.72647960426e-05], [0.000637457997072, -0.00252034747973, 0.00049748638412, -0.00377302453853, 0.00177354831249, -0.0026981504634, 0.00214691576548, 0.000174042274011, 0.0162635184824, -0.00172293384094, 0.00119106355123, 6.08807677054e-05, 0.00162534811534], [-0.000825368450023, 0.00269681587815, 6.83236357872e-05, 0.00279530673288, -0.00432759523392, 0.00116650084965, -0.00106487120502, -0.00150205357932, -0.00172293384094, 0.0135423634201, -0.00159930554219, 0.000249014556175, 0.000653458177112], [0.000548540439922, -0.00264601549134, 0.00156118127052, -0.00378291262314, 0.00383804668672, -0.00217082840391, 0.00352599425241, -0.00144657143392, 0.00119106355123, -0.00159930554219, 0.013692881912, -0.000671759888064, 0.00320701929741], [9.95215232251e-05, 0.00131092651282, -0.00250232405961, 0.00261321221478, -0.000754067732487, 0.0023712629918, -0.000824257440399, -0.00129254371859, 6.08807677054e-05, 0.000249014556175, -0.000671759888064, 0.0153165953234, -0.000801860238425], [0.000873576384038, -0.00149923469871, 0.00209465390071, -0.00361831998453, 0.000840548367705, -0.00206256867386, 0.00276976171881, 1.72647960426e-05, 0.00162534811534, 0.000653458177112, 0.00320701929741, -0.000801860238425, 0.0125786177814]]
    },
    "melbands": {
        "dmean": [3.83677943319e-05, 0.000411126267863, 0.00217615137808, 0.00135334127117, 0.000199491740204, 0.000228498145589, 0.000192697523744, 6.83697508066e-05, 8.0822253949e-05, 3.62744322047e-05, 3.14887583954e-05, 1.61281186593e-05, 2.47909247264e-05, 1.80353890755e-05, 1.92812021851e-05, 1.20924214571e-05, 9.37106960919e-06, 7.77539662522e-06, 7.03792329659e-06, 3.0747294204e-06, 4.39510358774e-06, 4.71005205327e-06, 2.48045557782e-06, 2.01933357857e-06, 2.16886883209e-06, 5.23330982105e-06, 7.20883554095e-06, 8.37100651552e-06, 5.98950327912e-06, 4.03556668971e-06, 2.23268057198e-06, 2.21816571866e-06, 3.57901490133e-06, 4.69656015412e-06, 4.37903372585e-06, 5.35975868843e-06, 5.88301099924e-06, 3.73200668946e-06, 2.7950866297e-06, 1.45313845223e-06],
        "dmean2": [5.53173631488e-05, 0.000666962354444, 0.0037172108423, 0.00223732250743, 0.000314450066071, 0.00033657765016, 0.000286408379907, 0.000100551085779, 0.000115428396384, 5.18881279277e-05, 4.59444090666e-05, 2.49814438575e-05, 3.78013719455e-05, 2.68056937784e-05, 3.03625420202e-05, 1.81586201506e-05, 1.40769370773e-05, 1.21070461319e-05, 1.07721307359e-05, 5.06797414346e-06, 6.5524936872e-06, 7.66653920437e-06, 3.95007236875e-06, 3.41588679476e-06, 3.33610682901e-06, 8.1776006482e-06, 1.12116631499e-05, 1.28304582176e-05, 8.9504828793e-06, 6.28501402389e-06, 3.30437387674e-06, 3.24191341861e-06, 5.18744400324e-06, 6.88094814905e-06, 6.78980131852e-06, 7.82569986768e-06, 9.29457291932e-06, 5.54023154109e-06, 4.16437251261e-06, 2.17895012611e-06],
        "dvar": [1.32834010458e-08, 5.25580901467e-07, 8.23822301754e-06, 3.00897772831e-06, 7.66624097537e-08, 2.20966015263e-07, 1.60393170745e-07, 2.25394085618e-08, 5.08248945152e-08, 1.04005444257e-08, 4.45841186192e-09, 9.4773699999e-10, 3.58054719207e-09, 1.49080836565e-09, 3.89098131492e-09, 1.34333733026e-09, 1.08779552033e-09, 6.83210044095e-10, 3.73863773273e-10, 8.60818916149e-11, 1.56216539704e-10, 6.22077181434e-11, 1.8095840798e-11, 2.51900375559e-11, 5.02913509448e-11, 2.13538006721e-10, 4.3165040986e-10, 8.71490046794e-10, 8.09915856603e-10, 4.1853967514e-10, 8.75157446512e-11, 7.04932084927e-11, 2.42686787333e-10, 4.02041233638e-10, 3.5391928277e-10, 5.2269716333e-10, 6.38342989578e-10, 2.75688499807e-10, 1.29135660498e-10, 3.56984164451e-11],
        "dvar2": [3.09031520374e-08, 1.45558408349e-06, 2.45449573413e-05, 8.45707018016e-06, 2.16293159383e-07, 4.96631400893e-07, 3.21751230103e-07, 4.98135008797e-08, 1.04113240695e-07, 1.69212892587e-08, 9.76591163493e-09, 2.25453145042e-09, 8.67901306378e-09, 3.08134473492e-09, 1.02257402546e-08, 2.5973632134e-09, 1.85196846747e-09, 1.20463650166e-09, 7.598697227e-10, 2.20493068248e-10, 2.58763122041e-10, 1.49595780208e-10, 4.42408019941e-11, 6.9379266221e-11, 1.19845383617e-10, 4.46008119326e-10, 1.00263308767e-09, 2.10612904894e-09, 1.54180712642e-09, 7.99265209572e-10, 1.69648892157e-10, 1.35061961615e-10, 5.05218089586e-10, 7.94141419291e-10, 7.51257223097e-10, 1.11747500142e-09, 1.4510291857e-09, 5.6493937306e-10, 2.79176487483e-10, 8.07596073349e-11],
        "max": [0.00168579549063, 0.00863046944141, 0.0272500645369, 0.0170891545713, 0.00371926696971, 0.00721508776769, 0.00710795819759, 0.00343049690127, 0.00507882144302, 0.00252607255243, 0.00126755400561, 0.000517642882187, 0.000870344927534, 0.000688079046085, 0.00118032842875, 0.000898891885299, 0.000883338158019, 0.000736993853934, 0.00048978155246, 0.000199494708795, 0.000432968343375, 0.000112514186185, 6.64673862047e-05, 5.21248948644e-05, 0.0001695715182, 0.000315419514664, 0.000347994558979, 0.00051989115309, 0.000736653862987, 0.000439703289885, 0.000188103062101, 0.000180829520104, 0.000273135578027, 0.000368179753423, 0.000352911418304, 0.000453949556686, 0.000352640083292, 0.000252213038038, 0.000166515063029, 0.000104101425677],
        "mean": [5.13677987328e-05, 0.000775703345425, 0.00422252342105, 0.00259743351489, 0.000533450569492, 0.000638308993075, 0.000461708317744, 0.000171642241185, 0.000194728680071, 7.55104338168e-05, 6.68069187668e-05, 3.46664528479e-05, 4.75343804283e-05, 3.61967468052e-05, 3.21467014146e-05, 1.99191490537e-05, 1.80564366019e-05, 1.21432567539e-05, 1.23726113088e-05, 4.63611104351e-06, 7.89510340837e-06, 8.82283984538e-06, 4.46701869805e-06, 2.8043605198e-06, 3.37906044479e-06, 8.79716026247e-06, 1.21288512673e-05, 1.27055291159e-05, 9.20271486393e-06, 6.06536104897e-06, 3.52993151864e-06, 3.48992170984e-06, 5.31311934537e-06, 7.09096184437e-06, 7.07517756382e-06, 7.55126211516e-06, 8.68389906827e-06, 6.26886776445e-06, 4.17738419856e-06, 2.03175227398e-06],
        "median": [1.07662408482e-05, 0.000338285724865, 0.00316706160083, 0.0017848238349, 0.00037799202255, 0.000334948097588, 0.000186003686395, 6.61023368593e-05, 2.5164703402e-05, 1.87154801097e-05, 2.41834641201e-05, 1.62873875524e-05, 1.73259286385e-05, 1.40047541208e-05, 7.79249876359e-06, 3.48686603502e-06, 3.50575419361e-06, 4.08396363127e-06, 4.67409699922e-06, 1.72662987552e-06, 2.97357223644e-06, 4.71002022095e-06, 2.82439668808e-06, 1.40667202686e-06, 1.22075414311e-06, 2.30258501688e-06, 2.90818297799e-06, 2.60292085841e-06, 1.29984857722e-06, 6.48162256311e-07, 4.39289607357e-07, 4.10327487543e-07, 3.52808172011e-07, 5.07164486407e-07, 6.75694138863e-07, 5.30326758508e-07, 3.89061170836e-07, 2.52371819442e-07, 3.08727720721e-07, 1.61892586448e-07],
        "min": [1.89688037722e-07, 4.59927434804e-07, 1.35644313559e-05, 1.05893514046e-05, 6.65775542075e-06, 3.29259387399e-06, 1.98635734705e-06, 3.83677331683e-07, 1.40728275255e-07, 1.50901826146e-07, 1.76994348067e-07, 1.64932956181e-07, 1.35913566623e-07, 1.53316776164e-07, 1.97514481215e-07, 6.15764221834e-08, 2.39677451219e-08, 1.761740549e-07, 1.70169002445e-07, 4.76756163437e-08, 3.94980190777e-08, 4.93729110929e-08, 4.83472710755e-08, 1.11530606972e-08, 1.053246379e-08, 1.39057911852e-08, 6.84134748852e-09, 4.61874405389e-09, 3.03025049497e-09, 3.27832205826e-09, 7.24460422208e-11, 2.84722037613e-11, 6.51970838428e-11, 1.10061966485e-10, 5.47807493811e-11, 5.37122325783e-11, 1.11601339281e-10, 1.57359368591e-11, 1.63910042223e-12, 2.84512214135e-13],
