{
"highlevel": {
    "danceability": {
        "all": {
            "danceable": 0.97534185648,
            "not_danceable": 0.02465817146
        },
        "probability": 0.97534185648,
        "value": "danceable"
    },
    "gender": {
        "all": {
            "female": 0.249260783195,
            "male": 0.750739216805
        },
        "probability": 0.750739216805,
        "value": "male"
    },
    "genre_dortmund": {
        "all": {
            "alternative": 0.0730073153973,
            "blues": 0.0537908710539,
            "electronic": 0.158704981208,
            "folkcountry": 0.0734277963638,
            "funksoulrnb": 0.0656300634146,
            "jazz": 0.183364570141,
            "pop": 0.113617576659,
            "raphiphop": 0.118437111378,
            "rock": 0.16001971066
        },
        "probability": 0.183364570141,
        "value": "jazz"
    },
    "genre_electronic": {
        "all": {
            "ambient": 0.542418539524,
            "dnb": 0.0918816924095,
            "house": 0.268004745245,
            "techno": 0.0183288455009,
            "trance": 0.0793661847711
        },
        "probability": 0.542418539524,
        "value": "ambient"
    },
    "genre_rosamerica": {
        "all": {
            "cla": 0.00828966405243,
            "dan": 0.0713675245643,
            "hip": 0.0343614667654,
            "jaz": 0.0180951673537,
            "pop": 0.616972148418,
            "rhy": 0.19100047648,
            "roc": 0.0569591261446,
            "spe": 0.00295442249626
        },
        "probability": 0.616972148418,
        "value": "pop"
    },
    "genre_tzanetakis": {
        "all": {
            "blu": 0.0607446469367,
            "cla": 0.0337137691677,
            "cou": 0.0606741718948,
            "dis": 0.0505652837455,
            "hip": 0.151725843549,
            "jaz": 0.303678125143,
            "met": 0.0607158839703,
            "pop": 0.0758745893836,
            "reg": 0.0505764111876,
            "roc": 0.151731267571
        },
        "probability": 0.303678125143,
        "value": "jaz"
    },
    "ismir04_rhythm": {
        "all": {
            "ChaChaCha": 0.132086336613,
            "Jive": 0.0615163184702,
            "Quickstep": 0.136346906424,
            "Rumba-American": 0.0377491675317,
            "Rumba-International": 0.227127984166,
            "Rumba-Misc": 0.0229323320091,
            "Samba": 0.2715459764,
            "Tango": 0.0416279584169,
            "VienneseWaltz": 0.052449375391,
            "Waltz": 0.01661766693
        },
        "probability": 0.2715459764,
        "value": "Samba"
    },
    "mood_acoustic": {
        "all": {
            "acoustic": 0.0598944015801,
            "not_acoustic": 0.940105617046
        },
        "probability": 0.940105617046,
        "value": "not_acoustic"
    },
    "mood_aggressive": {
        "all": {
            "aggressive": 0.161734625697,
            "not_aggressive": 0.838265359402
        },
        "probability": 0.838265359402,
        "value": "not_aggressive"
    },
    "mood_electronic": {
        "all": {
            "electronic": 0.685058832169,
            "not_electronic": 0.314941167831
        },
        "probability": 0.685058832169,
        "value": "electronic"
    },
    "mood_happy": {
        "all": {
            "happy": 0.340228289366,
            "not_happy": 0.659771680832
        },
        "probability": 0.659771680832,
        "value": "not_happy"
    },
    "mood_party": {
        "all": {
            "not_party": 0.797433435917,
            "party": 0.202566593885
        },
        "probability": 0.797433435917,
        "value": "not_party"
    },
    "mood_relaxed": {
        "all": {
            "not_relaxed": 0.0474228970706,
            "relaxed": 0.952577114105
        },
        "probability": 0.952577114105,
        "value": "relaxed"
    },
    "mood_sad": {
        "all": {
            "not_sad": 0.651152968407,
            "sad": 0.348847031593
        },
        "probability": 0.651152968407,
        "value": "not_sad"
    },
    "moods_mirex": {
        "all": {
            "Cluster1": 0.254954457283,
            "Cluster2": 0.231116056442,
            "Cluster3": 0.262251794338,
            "Cluster4": 0.178865090013,
            "Cluster5": 0.0728126093745
        },
        "probability": 0.262251794338,
        "value": "Cluster3"
    },
    "timbre": {
        "all": {
            "bright": 0.6774045825,
            "dark": 0.3225954175
        },
        "probability": 0.6774045825,
        "value": "bright"
    },
    "tonal_atonal": {
        "all": {
            "atonal": 0.0560381710529,
            "tonal": 0.943961799145
        },
        "probability": 0.943961799145,
        "value": "tonal"
    },
    "voice_instrumental": {
        "all": {
            "instrumental": 0.294318944216,
            "voice": 0.705681025982
        },
        "probability": 0.705681025982,
        "value": "voice"
    }
},
"lowlevel": {
    "average_loudness": 0.934572517872,
    "barkbands_crest": {
        "dmean": 2.69605326653,
        "dmean2": 4.10324573517,
        "dvar": 8.04221916199,
        "dvar2": 16.8146743774,
        "max": 26.2845973969,
        "mean": 12.1136693954,
        "median": 10.6721096039,
        "min": 2.23407149315,
        "var": 33.6245994568
    },
    "barkbands_flatness_db": {
        "dmean": 0.0310707241297,
        "dmean2": 0.0434846654534,
        "dvar": 0.00112733105198,
        "dvar2": 0.00242748763412,
        "max": 0.474473893642,
        "mean": 0.18942026794,
        "median": 0.17458806932,
        "min": 0.0482207797468,
        "var": 0.00528926076367
    },
    "barkbands_kurtosis": {
        "dmean": 5.77303123474,
        "dmean2": 8.33299446106,
        "dvar": 240.851028442,
        "dvar2": 471.697143555,
        "max": 300.173980713,
        "mean": 9.24636363983,
        "median": 2.65504550934,
        "min": -1.71013116837,
        "var": 513.875
    },
    "barkbands_skewness": {
        "dmean": 0.663595676422,
        "dmean2": 0.929897248745,
        "dvar": 0.740332901478,
        "dvar2": 1.27365744114,
        "max": 14.005604744,
        "mean": 1.93880259991,
        "median": 1.45012927055,
        "min": -0.956688821316,
        "var": 3.53287148476
    },
    "barkbands_spread": {
        "dmean": 4.79550886154,
        "dmean2": 7.37758636475,
        "dvar": 31.5809822083,
        "dvar2": 75.1882171631,
        "max": 69.1707763672,
        "mean": 15.3317747116,
        "median": 13.2772760391,
        "min": 0.241613894701,
        "var": 107.996269226
    },
    "dissonance": {
        "dmean": 0.0259064212441,
        "dmean2": 0.0433642193675,
        "dvar": 0.00055518647423,
        "dvar2": 0.00141116313171,
        "max": 0.5,
        "mean": 0.453207433224,
        "median": 0.460648864508,
        "min": 0.267813056707,
        "var": 0.00128184596542
    },
    "dynamic_complexity": 2.26291131973,
    "erbbands_crest": {
        "dmean": 3.37619829178,
        "dmean2": 5.46067667007,
        "dvar": 10.514134407,
        "dvar2": 24.0211467743,
        "max": 29.7827529907,
        "mean": 10.7569255829,
        "median": 9.50053405762,
        "min": 2.90292072296,
        "var": 28.1497516632
    },
    "erbbands_flatness_db": {
        "dmean": 0.0254031196237,
        "dmean2": 0.0344049409032,
        "dvar": 0.000643839128315,
        "dvar2": 0.00118169549387,
        "max": 0.343661814928,
        "mean": 0.178352624178,
        "median": 0.179998233914,
        "min": 0.0741273313761,
        "var": 0.00233172182925
    },
    "erbbands_kurtosis": {
        "dmean": 1.25604581833,
        "dmean2": 1.95858252048,
        "dvar": 3.79110527039,
        "dvar2": 9.5901927948,
        "max": 29.8687782288,
        "mean": 1.28085410595,
        "median": 0.671899795532,
        "min": -1.54725003242,
        "var": 6.90862894058
    },
    "erbbands_skewness": {
        "dmean": 0.403551697731,
        "dmean2": 0.626282393932,
        "dvar": 0.158465981483,
        "dvar2": 0.364870250225,
        "max": 5.19131422043,
        "mean": 0.537122249603,
        "median": 0.543251752853,
        "min": -1.80407309532,
        "var": 0.467557013035
    },
    "erbbands_spread": {
        "dmean": 7.78077554703,
        "dmean2": 11.2329683304,
        "dvar": 65.6983566284,
        "dvar2": 143.264419556,
        "max": 110.212150574,
        "mean": 30.2141723633,
        "median": 28.3165168762,
        "min": 3.70951700211,
        "var": 225.55065918
    },
    "hfc": {
        "dmean": 8.07835674286,
        "dmean2": 12.2452297211,
        "dvar": 142.194168091,
        "dvar2": 339.219146729,
        "max": 99.5874938965,
        "mean": 21.4775066376,
        "median": 17.6342639923,
        "min": 0.733179807663,
        "var": 300.81350708
    },
    "melbands_crest": {
        "dmean": 3.26662755013,
        "dmean2": 4.62522315979,
        "dvar": 12.1286649704,
        "dvar2": 24.6529026031,
        "max": 36.218547821,
        "mean": 16.0440559387,
        "median": 13.6860256195,
        "min": 3.59268093109,
        "var": 66.139289856
    },
    "melbands_flatness_db": {
        "dmean": 0.0348240658641,
        "dmean2": 0.0491903014481,
        "dvar": 0.00162899878342,
        "dvar2": 0.00359695544466,
        "max": 0.595393359661,
        "mean": 0.249042585492,
        "median": 0.236699044704,
        "min": 0.0336958579719,
        "var": 0.00996943004429
    },
    "melbands_kurtosis": {
        "dmean": 9.74338912964,
        "dmean2": 13.9072504044,
        "dvar": 381.94418335,
        "dvar2": 715.95135498,
        "max": 290.777435303,
        "mean": 18.1769104004,
        "median": 6.22395992279,
        "min": -1.47513794899,
        "var": 1094.01293945
    },
    "melbands_skewness": {
        "dmean": 0.803911626339,
        "dmean2": 1.09994971752,
        "dvar": 0.950040638447,
        "dvar2": 1.67354202271,
        "max": 13.7937269211,
        "mean": 2.71395754814,
        "median": 2.04333591461,
        "min": -0.844836890697,
        "var": 5.2845788002
    },
    "melbands_spread": {
        "dmean": 4.93381166458,
        "dmean2": 7.68323421478,
        "dvar": 42.3130989075,
        "dvar2": 97.7168731689,
        "max": 144.088989258,
        "mean": 16.9403095245,
        "median": 14.4658384323,
        "min": 0.366513282061,
        "var": 178.597198486
    },
    "pitch_salience": {
        "dmean": 0.0805763974786,
        "dmean2": 0.122423276305,
        "dvar": 0.00800058245659,
        "dvar2": 0.0177360773087,
        "max": 0.849496483803,
        "mean": 0.490831524134,
        "median": 0.517419219017,
        "min": 0.0564603023231,
        "var": 0.0311408378184
    },
    "silence_rate_20dB": {
        "dmean": 0,
        "dmean2": 0,
        "dvar": 0,
        "dvar2": 0,
        "max": 1,
        "mean": 1,
        "median": 1,
        "min": 1,
        "var": 0
    },
    "silence_rate_30dB": {
        "dmean": 0.0650154799223,
        "dmean2": 0.130131676793,
        "dvar": 0.0607881806791,
        "dvar2": 0.11939561367,
        "max": 1,
        "mean": 0.799690663815,
        "median": 1,
        "min": 0,
        "var": 0.160188674927
    },
    "silence_rate_60dB": {
        "dmean": 0.0061919502914,
        "dmean2": 0.0123934932053,
        "dvar": 0.00615362636745,
        "dvar2": 0.0137890577316,
        "max": 1,
        "mean": 0.0123743228614,
        "median": 0,
        "min": 0,
        "var": 0.0122211873531
    },
    "spectral_centroid": {
        "dmean": 198.395217896,
        "dmean2": 309.893463135,
        "dvar": 58720.4453125,
        "dvar2": 143620.25,
        "max": 3422.6730957,
        "mean": 1064.10961914,
        "median": 944.129211426,
        "min": 146.840362549,
        "var": 272722.21875
    },
    "spectral_complexity": {
        "dmean": 3.72136211395,
        "dmean2": 5.67002344131,
        "dvar": 20.6514186859,
        "dvar2": 43.8275604248,
        "max": 56,
        "mean": 17.8035583496,
        "median": 17,
        "min": 4,
        "var": 66.7719116211
    },
    "spectral_decrease": {
        "dmean": 3.43179107354e-09,
        "dmean2": 4.6456394287e-09,
        "dvar": 2.50749843441e-17,
        "dvar2": 4.1941686725e-17,
        "max": -1.89388130178e-10,
        "mean": -1.35581199601e-08,
        "median": -8.2826918657e-09,
        "min": -5.11840312356e-08,
        "var": 1.60365081839e-16
    },
    "spectral_energy": {
        "dmean": 0.013333410956,
        "dmean2": 0.0180116463453,
        "dvar": 0.000367574568372,
        "dvar2": 0.000607120979112,
        "max": 0.198487907648,
        "mean": 0.0531196221709,
        "median": 0.0332593545318,
        "min": 0.000803771719802,
        "var": 0.00235311104916
    },
    "spectral_energyband_high": {
        "dmean": 0.000436976843048,
        "dmean2": 0.000648521760013,
        "dvar": 5.72406122501e-07,
        "dvar2": 1.2207204918e-06,
        "max": 0.00763636780903,
        "mean": 0.000647257606033,
        "median": 0.000209873716813,
        "min": 2.11706492337e-06,
        "var": 1.09010545657e-06
    },
    "spectral_energyband_low": {
        "dmean": 0.0109077915549,
        "dmean2": 0.0151308160275,
        "dvar": 0.000451859872555,
        "dvar2": 0.00083424791228,
        "max": 0.183238103986,
        "mean": 0.0331937000155,
        "median": 0.00883497670293,
        "min": 1.94362728507e-05,
        "var": 0.00219652336091
    },
    "spectral_energyband_middle_high": {
        "dmean": 0.00260678376071,
        "dmean2": 0.00399253005162,
        "dvar": 1.40798310895e-05,
        "dvar2": 3.58836659871e-05,
        "max": 0.0453890971839,
        "mean": 0.00624920940027,
        "median": 0.00401963014156,
        "min": 0.000134562826133,
        "var": 4.04525999329e-05
    },
    "spectral_energyband_middle_low": {
        "dmean": 0.00566669087857,
        "dmean2": 0.00899753719568,
        "dvar": 7.98572000349e-05,
        "dvar2": 0.000211865932215,
        "max": 0.0672864019871,
        "mean": 0.0141979856417,
        "median": 0.0108399484307,
        "min": 0.000423076067818,
        "var": 0.00014165500761
    },
    "spectral_entropy": {
        "dmean": 0.229823693633,
        "dmean2": 0.328199923038,
        "dvar": 0.0718710422516,
        "dvar2": 0.161461278796,
        "max": 8.59027957916,
        "mean": 7.31138372421,
        "median": 7.3253531456,
        "min": 5.42001867294,
        "var": 0.258347272873
    },
    "spectral_flux": {
        "dmean": 0.0369856879115,
        "dmean2": 0.0544328577816,
        "dvar": 0.00233863876201,
        "dvar2": 0.00383744388819,
        "max": 0.414963006973,
        "mean": 0.0974978432059,
        "median": 0.0785190686584,
        "min": 0.0143689597026,
        "var": 0.0049812705256
    },
    "spectral_kurtosis": {
        "dmean": 2.81479883194,
        "dmean2": 4.48751926422,
        "dvar": 11.6595420837,
        "dvar2": 30.0800285339,
        "max": 40.1612892151,
        "mean": 6.25303030014,
        "median": 4.85650444031,
        "min": -0.188982963562,
        "var": 25.4170532227
    },
    "spectral_rms": {
        "dmean": 0.000888801005203,
        "dmean2": 0.0012001413852,
        "dvar": 1.22372171063e-06,
        "dvar2": 1.92558059098e-06,
        "max": 0.0139157017693,
        "mean": 0.00646146433428,
        "median": 0.0056963278912,
        "min": 0.000885532354005,
        "var": 1.00734769148e-05
    },
    "spectral_rolloff": {
        "dmean": 327.930755615,
        "dmean2": 559.746398926,
        "dvar": 330120.5625,
        "dvar2": 783750.375,
        "max": 10766.6015625,
        "mean": 1030.81225586,
        "median": 775.1953125,
        "min": 64.599609375,
        "var": 1281744
    },
    "spectral_skewness": {
        "dmean": 0.308155953884,
        "dmean2": 0.477925181389,
        "dvar": 0.0972611904144,
        "dvar2": 0.233804166317,
        "max": 4.59162139893,
        "mean": 1.82367217541,
        "median": 1.74038434029,
        "min": 0.516719520092,
        "var": 0.368660390377
    },
    "spectral_spread": {
        "dmean": 821439.375,
        "dmean2": 1062413.5,
        "dvar": 1.05892793549e+12,
        "dvar2": 1.97052517581e+12,
        "max": 12357111,
        "mean": 3982359.25,
        "median": 3582809.5,
        "min": 1532852.5,
        "var": 2.50720681984e+12
    },
    "spectral_strongpeak": {
        "dmean": 0.475581198931,
        "dmean2": 0.771943628788,
        "dvar": 0.5155210495,
        "dvar2": 1.19052767754,
        "max": 7.38638448715,
        "mean": 1.02613627911,
        "median": 0.742130041122,
        "min": 0,
        "var": 1.0455852747
    },
    "zerocrossingrate": {
        "dmean": 0.00914166774601,
        "dmean2": 0.0110965790227,
        "dvar": 0.00011309630645,
        "dvar2": 0.000137812763569,
        "max": 0.255859375,
        "mean": 0.0442477986217,
        "median": 0.0390625,
        "min": 0.001953125,
        "var": 0.00103496643715
    },
    "barkbands": {
        "dmean": [0.000767364690546, 0.0103690037504, 0.0035024471581, 0.00154746393673, 0.00169053126592, 0.0015588758979, 0.0005734685692, 0.00128853949718, 0.00154327077325, 0.00132378027774, 0.000392822810682, 0.000384489365388, 0.000562852248549, 0.000624395266641, 0.000360308593372, 0.000206506912946, 0.000147520782775, 0.000182437172043, 0.000161405754625, 7.63174612075e-05, 7.42250558687e-05, 5.94192460994e-05, 6.31870716461e-05, 7.30512547307e-05, 0.00010569387814, 8.67360504344e-05, 4.89321543284e-08],
        "dmean2": [0.000790683552623, 0.0142088960856, 0.0064111542888, 0.00285494141281, 0.00258558639325, 0.00232090032659, 0.000952600617893, 0.00199769623578, 0.00251646549441, 0.00190174183808, 0.000664531893563, 0.000592280819546, 0.000931694463361, 0.00104278058279, 0.000586771522649, 0.000346181972418, 0.000259167863987, 0.000304238550598, 0.000273286510492, 0.000125997554278, 0.000118955475045, 9.24883352127e-05, 9.49606110225e-05, 0.000118376337923, 0.000161290372489, 0.00014139690029, 8.74401280271e-08],
        "dvar": [2.52939275924e-06, 0.00043801299762, 0.000155829300638, 2.72458964901e-05, 1.04627761175e-05, 6.167193078e-06, 1.33096091304e-06, 6.1287837525e-06, 8.83370375959e-06, 5.16063983014e-06, 5.78015828978e-07, 7.20812465715e-07, 1.04653440758e-06, 1.32443187795e-06, 4.23105774416e-07, 1.90427485336e-07, 7.64862733149e-08, 1.59498725338e-07, 1.87871350477e-07, 1.80877961498e-08, 1.75395307167e-08, 9.76482450454e-09, 1.48193208815e-08, 2.75711595776e-08, 5.57461561357e-08, 3.32982494911e-08, 5.12973452778e-14],
        "dvar2": [2.75052775578e-06, 0.000811697915196, 0.000449676008429, 7.88977922639e-05, 2.77099643426e-05, 1.45277927004e-05, 3.55360521098e-06, 1.49458792293e-05, 2.21135433094e-05, 8.77345155459e-06, 1.5473115127e-06, 1.58568116149e-06, 2.68381131718e-06, 3.2941425161e-06, 9.74035287982e-07, 4.74405595696e-07, 2.15048402197e-07, 4.22464211169e-07, 5.15251826982e-07, 4.52646631288e-08, 4.67996166265e-08, 1.96554914567e-08, 3.15648236437e-08, 6.49071409953e-08, 1.36163592401e-07, 8.59755360239e-08, 1.463394835e-13],
        "max": [0.0160289350897, 0.16690890491, 0.0888706147671, 0.0376648269594, 0.0306354425848, 0.0283593349159, 0.0136338332668, 0.0317555852234, 0.0425161644816, 0.0437822788954, 0.0125648928806, 0.0190017130226, 0.00931836850941, 0.0135855274275, 0.00635658111423, 0.0055755157955, 0.00277421670035, 0.0046796114184, 0.00437918351963, 0.00143048050813, 0.00202997494489, 0.00104886316694, 0.00230209203437, 0.00267332885414, 0.00209088809788, 0.0010966998525, 2.50029938798e-06],
        "mean": [0.00136416545138, 0.0274957157671, 0.00354095851071, 0.00140260753687, 0.00355727085844, 0.00347804534249, 0.000854355341289, 0.00196429388598, 0.00211720960215, 0.00258617056534, 0.000515301595442, 0.000561781984288, 0.000715923204552, 0.000820467830636, 0.000545221089851, 0.000262957270024, 0.000186648612726, 0.000245271396125, 0.000202799128601, 0.000132220971864, 0.000122892466607, 9.35053103603e-05, 9.12853138288e-05, 9.10170783754e-05, 9.73020505626e-05, 7.4255221989e-05, 3.26846780752e-08],
        "median": [2.82085020444e-05, 0.00541427358985, 0.000922874722164, 0.000383990613045, 0.00202202587388, 0.00193022645544, 0.000396187359001, 0.000650218105875, 0.000887333939318, 0.00080254545901, 0.000222854781896, 0.000137141571031, 0.00021108504734, 0.000186199235031, 0.000133441542857, 6.91732711857e-05, 7.03454279574e-05, 9.0636764071e-05, 8.47032206366e-05, 5.47248455405e-05, 4.59370021417e-05, 2.7654463338e-05, 2.55707709584e-05, 1.29119152916e-05, 6.60177920508e-06, 2.7118401249e-06, 6.16697970468e-10],
        "min": [5.79394709987e-09, 6.52937217183e-07, 6.8786293923e-06, 2.48118067248e-06, 1.98792058654e-05, 3.93961381633e-05, 6.1300888774e-06, 5.65200298297e-06, 2.75532165688e-05, 4.29067767982e-06, 3.71108603758e-06, 9.84445136964e-07, 3.93980371882e-06, 3.4513313949e-06, 4.41048587163e-06, 1.13367514132e-06, 1.22895437471e-06, 1.29900502088e-06, 1.51575807195e-06, 6.75599721944e-07, 4.40233264953e-07, 1.95870200059e-07, 9.65946489462e-11, 2.29670917701e-11, 6.85088374919e-11, 1.33015586393e-11, 1.10851128624e-11],
        "var": [1.02176472865e-05, 0.00176773569547, 9.62399717537e-05, 1.60383988259e-05, 1.71538158611e-05, 1.86407614819e-05, 1.76549212938e-06, 1.15074681162e-05, 1.33233506858e-05, 2.28993794735e-05, 8.12917051007e-07, 1.50474920702e-06, 1.49162940488e-06, 2.36101163864e-06, 7.83198970566e-07, 2.48596535357e-07, 8.81777353356e-08, 1.76898254267e-07, 1.53810873371e-07, 3.52181466212e-08, 3.47334925266e-08, 2.16477609172e-08, 2.74992419946e-08, 4.17666683461e-08, 5.99427494308e-08, 3.16578621096e-08, 3.31879028382e-14]
    },
    "erbbands": {
        "dmean": [0.422911643982, 2.2764236927, 4.04685878754, 4.84374761581, 4.06877231598, 6.47539710999, 10.2374868393, 14.6199417114, 8.25929355621, 14.2886743546, 28.5110206604, 41.0900268555, 32.8687973022, 33.5954818726, 17.1090316772, 15.2690925598, 23.0139026642, 30.8786315918, 23.223651886, 14.8216581345, 8.84421825409, 7.84366369247, 9.80743980408, 7.78085899353, 7.51666355133, 3.56585073471, 3.5005543232, 2.59884166718, 2.19068241119, 1.84150338173, 1.77152061462, 1.45064711571, 1.28620970249, 1.13532245159, 0.766800284386, 0.425806105137, 0.153583362699, 0.0143957193941, 0.000260702217929, 2.47814623435e-05],
        "dmean2": [0.477249026299, 3.28462791443, 7.09561443329, 8.8776473999, 6.84709358215, 9.77888584137, 14.4440813065, 22.4650096893, 13.4162969589, 23.904088974, 43.3716278076, 66.791229248, 52.414855957, 46.0294799805, 27.6444072723, 23.5857696533, 37.4485778809, 51.9687805176, 36.9235496521, 23.9357948303, 15.1812562943, 13.616560936, 16.4757671356, 12.9895248413, 12.5906505585, 5.86440849304, 5.78348398209, 4.04430580139, 3.44097399712, 2.83751511574, 2.66740131378, 2.25369906425, 2.06410479546, 1.68873715401, 1.19879746437, 0.698796749115, 0.259654521942, 0.0248180944473, 0.000441769487225, 3.5379340261e-05],
        "dvar": [0.737752556801, 22.3750514984, 173.496276855, 286.202972412, 100.748649597, 152.632659912, 275.595916748, 561.198486328, 249.29208374, 1122.92089844, 3037.06616211, 7391.05126953, 2917.75537109, 5484.41162109, 1089.84521484, 810.754882812, 1768.72119141, 2867.6105957, 1764.12902832, 856.317321777, 348.87991333, 222.6459198, 439.307312012, 423.529205322, 370.08114624, 42.6949539185, 41.4874382019, 22.7861728668, 14.0806446075, 11.4845438004, 13.4109811783, 11.2255878448, 7.95707893372, 6.38652849197, 3.01665759087, 0.86678737402, 0.109696812928, 0.00104676035699, 3.27701854985e-07, 1.30285326971e-09],
        "dvar2": [0.907084345818, 50.6825752258, 488.679595947, 826.003417969, 267.101196289, 399.959014893, 626.639770508, 1371.04040527, 666.726013184, 2959.88745117, 6895.67675781, 18408.7929688, 6987.65429688, 8029.73339844, 2570.2878418, 1775.23449707, 4440.35351562, 7662.23876953, 4161.74853516, 2189.76904297, 1009.20257568, 620.047668457, 1149.1373291, 1157.61865234, 978.846313477, 110.403213501, 111.74282074, 52.8719329834, 29.2299423218, 25.736164093, 29.3149032593, 27.0148868561, 17.5742855072, 15.0086994171, 7.3462138176, 2.13384509087, 0.299474656582, 0.00283957202919, 8.76835770214e-07, 2.6477966486e-09],
        "max": [7.70442724228, 39.0060310364, 103.338935852, 120.00994873, 87.6636810303, 120.637184143, 251.045455933, 283.466217041, 177.022232056, 516.035400391, 889.024353027, 1329.32128906, 750.683349609, 1616.2154541, 598.870727539, 442.428192139, 471.891937256, 769.559082031, 461.529602051, 324.629730225, 144.671340942, 192.755249023, 234.98651123, 198.324127197, 204.083572388, 74.1436691284, 113.016113281, 49.1176338196, 31.0842437744, 62.5759849548, 74.4011764526, 69.8029327393, 28.6593894958, 24.1679191589, 14.133433342, 7.01319885254, 2.0788269043, 0.219146415591, 0.00380165316164, 0.000331019691657],
        "mean": [1.04847717285, 5.05804777145, 5.03474712372, 4.7567243576, 5.76108455658, 13.7188043594, 24.0843315125, 29.50507164, 13.7648773193, 21.6712284088, 44.7672920227, 58.7898254395, 60.1393203735, 66.8438034058, 27.8109016418, 24.2578392029, 32.3994522095, 44.9187393188, 35.3350448608, 22.0222358704, 10.7918329239, 10.3556594849, 13.8385038376, 10.3434963226, 9.9071521759, 6.30398607254, 6.28794050217, 3.99716281891, 3.37443614006, 2.87268614769, 2.48566007614, 1.87484323978, 1.58794879913, 1.13190364838, 0.676757931709, 0.357735157013, 0.130868539214, 0.012351850979, 0.000252444762737, 7.14487032383e-05],
        "median": [0.0974912196398, 1.33567023277, 1.70857572556, 1.40010643005, 2.76040816307, 7.22233200073, 12.6963720322, 15.1627874374, 7.51595497131, 9.79884529114, 15.0901765823, 25.2241096497, 25.459192276, 18.6230831146, 13.8645296097, 7.76972770691, 11.6851568222, 12.2422780991, 9.04124355316, 6.77839708328, 3.57742476463, 4.07069349289, 5.58683300018, 4.23623228073, 4.05492925644, 2.73046684265, 2.25561118126, 1.31635129452, 1.00466680527, 0.888879060745, 0.672035813332, 0.341448098421, 0.180636569858, 0.0997936278582, 0.0347814671695, 0.0103684850037, 0.00697789760306, 0.000320625782479, 3.81968711736e-05, 4.44391916972e-05],
        "min": [2.94236397167e-05, 0.000532515579835, 0.00699073309079, 0.0164891257882, 0.0230611935258, 0.0582110062242, 0.0864407941699, 0.41762778163, 0.151974290609, 0.1637006253, 0.550680339336, 0.85758125782, 0.392035514116, 0.213941574097, 0.305342882872, 0.116951860487, 0.234327152371, 0.190942183137, 0.187485545874, 0.173178762197, 0.0810983330011, 0.0948599502444, 0.105379067361, 0.0628185197711, 0.0648855194449, 0.027837831527, 0.0288821570575, 0.00926479231566, 0.00712713506073, 0.00490572163835, 0.000455698434962, 7.36453803256e-05, 4.60664887214e-05, 2.72630077234e-05, 1.53069649969e-05, 7.67083838582e-06, 1.77664480816e-06, 2.95114887194e-07, 1.17925333143e-06, 1.13370572308e-06],
        "var": [3.60709667206, 60.1474838257, 134.517868042, 170.322174072, 92.3770141602, 290.18081665, 916.259399414, 1380.56616211, 349.796325684, 1613.98803711, 6232.59375, 10916.1650391, 8058.11132812, 25382.9902344, 2315.9753418, 1770.33483887, 2836.55444336, 5744.45654297, 3453.18945312, 1264.15161133, 374.443725586, 276.529632568, 520.719482422, 359.700866699, 353.602172852, 78.8953704834, 93.3943786621, 41.5172576904, 28.5435848236, 23.0401916504, 22.4082775116, 17.2110614777, 12.9170637131, 7.91271352768, 3.04501652718, 0.79742538929, 0.10123347491, 0.000969770888332, 3.18764222129e-07, 4.44847758629e-09]
    },
    "gfcc": {
        "mean": [-1.6240683794, 117.47202301, -115.517860413, 24.4722652435, -58.9191856384, 12.9922180176, -27.9229984283, 8.94419574738, -19.9029521942, 3.2862765789, -12.111782074, -0.284077465534, -6.21221971512],
        "cov": [[3862.96826172, -1718.7689209, 366.186981201, -54.6734886169, -15.500087738, 653.602783203, -401.449462891, 293.314697266, -223.041946411, 419.386016846, -288.266174316, 163.791778564, -146.336669922], [-1718.7689209, 1931.50500488, 134.169021606, 70.5405654907, 392.690551758, -371.579223633, 545.420043945, -187.600387573, 266.570281982, -170.109970093, 191.518768311, -95.3865585327, 217.312255859], [366.186981201, 134.169021606, 918.543334961, 57.9146728516, 303.142211914, 86.8059921265, 125.274658203, 198.847961426, 44.9767227173, 117.546089172, -110.831413269, 163.675689697, 81.5027313232], [-54.6734886169, 70.5405654907, 57.9146728516, 326.411834717, 90.7317504883, 19.4249038696, 71.8600997925, 26.9403820038, 137.41835022, 4.67243432999, 79.3285446167, -31.8797073364, 50.6142807007], [-15.500087738, 392.690551758, 303.142211914, 90.7317504883, 469.696502686, 66.0796813965, 241.244216919, 45.572479248, 133.341308594, 60.8111877441, 19.2028903961, 54.1091194153, 87.5865402222], [653.602783203, -371.579223633, 86.8059921265, 19.4249038696, 66.0796813965, 389.665863037, -27.0235805511, 40.6916275024, 4.73993825912, 112.736106873, 7.09769248962, 3.26482868195, 22.2733688354], [-401.449462891, 545.420043945, 125.274658203, 71.8600997925, 241.244216919, -27.0235805511, 375.09185791, -20.6858272552, 102.297767639, -0.883274257183, 56.3789253235, 13.9210014343, 82.8978347778], [293.314697266, -187.600387573, 198.847961426, 26.9403820038, 45.572479248, 40.6916275024, -20.6858272552, 229.562332153, 42.5996170044, 28.7909641266, -35.3078422546, 48.0565567017, 13.3863525391], [-223.041946411, 266.570281982, 44.9767227173, 137.41835022, 133.341308594, 4.73993825912, 102.297767639, 42.5996170044, 259.209747314, 27.5811843872, 85.7009963989, -29.4541568756, 64.8531494141], [419.386016846, -170.109970093, 117.546089172, 4.67243432999, 60.8111877441, 112.736106873, -0.883274257183, 28.7909641266, 27.5811843872, 173.878097534, -17.5449676514, 40.6185874939, 5.6129360199], [-288.266174316, 191.518768311, -110.831413269, 79.3285446167, 19.2028903961, 7.09769248962, 56.3789253235, -35.3078422546, 85.7009963989, -17.5449676514, 157.901031494, -32.8924102783, 39.4588317871], [163.791778564, -95.3865585327, 163.675689697, -31.8797073364, 54.1091194153, 3.26482868195, 13.9210014343, 48.0565567017, -29.4541568756, 40.6185874939, -32.8924102783, 132.157104492, 1.31751418114], [-146.336669922, 217.312255859, 81.5027313232, 50.6142807007, 87.5865402222, 22.2733688354, 82.8978347778, 13.3863525391, 64.8531494141, 5.6129360199, 39.4588317871, 1.31751418114, 142.529708862]],
        "icov": [[0.00068712834036, 0.000132172339363, 9.1810732556e-05, -0.000258968473645, -0.000179870636202, -0.000682880461682, 0.000327826244757, -0.000469518039608, 0.000421960721724, -0.000970713386778, 0.000683891470544, -0.000145781959873, 0.000272343255347], [0.000132172339363, 0.00299000740051, -0.00126322312281, 0.0016126902774, -0.00113060162403, 0.0023998466786, -0.00210751453415, 0.0021207339596, -0.00130857084878, 0.00135172705632, -0.00195083406288, 0.00262823561206, -0.00186913774814], [9.1810732556e-05, -0.00126322312281, 0.0028266441077, -0.00122118508443, -0.000399052281864, -0.00125678512268, 0.000771686609369, -0.00211320654489, 0.000786674092524, -0.00125761167146, 0.00250009889714, -0.00275575998239, 5.37511768925e-05], [-0.000258968473645, 0.0016126902774, -0.00122118508443, 0.00532920425758, -0.000693410111126, 0.00160115724429, -0.00132487271912, 0.00118276721332, -0.00243042083457, 0.00142522633541, -0.00289062550291, 0.00255009904504, -0.0012570702238], [-0.000179870636202, -0.00113060162403, -0.000399052281864, -0.000693410111126, 0.00487187504768, -0.00142115191557, -0.00142756686546, -0.000355053780368, -0.00099156179931, -0.000446936843218, 0.00105849688407, -0.00176939275116, 0.000297546066577], [-0.000682880461682, 0.0023998466786, -0.00125678512268, 0.00160115724429, -0.00142115191557, 0.00635860068724, -0.00156872323714, 0.00175869592931, -0.000618901278358, -0.000116552037071, -0.00333720259368, 0.00356301758438, -0.00240601971745], [0.000327826244757, -0.00210751453415, 0.000771686609369, -0.00132487271912, -0.00142756686546, -0.00156872323714, 0.00642547337338, -0.000963856233284, 0.000862382992636, -0.00119249802083, 0.000937098637223, -0.00211859191768, 0.000469553575385], [-0.000469518039608, 0.0021207339596, -0.00211320654489, 0.00118276721332, -0.000355053780368, 0.00175869592931, -0.000963856233284, 0.00817098282278, -0.00318764871918, 0.00257411343046, -0.000836476508994, 0.000553626741748, -0.00161507737357], [0.000421960721724, -0.00130857084878, 0.000786674092524, -0.00243042083457, -0.00099156179931, -0.000618901278358, 0.000862382992636, -0.00318764871918, 0.00832329783589, -0.00316950422712, -0.00143481697887, 0.000932893832214, 7.16603317414e-05], [-0.000970713386778, 0.00135172705632, -0.00125761167146, 0.00142522633541, -0.000446936843218, -0.000116552037071, -0.00119249802083, 0.00257411343046, -0.00316950422712, 0.0106307063252, -0.00100921280682, -0.000761553295888, -0.000789927202277], [0.000683891470544, -0.00195083406288, 0.00250009889714, -0.00289062550291, 0.00105849688407, -0.00333720259368, 0.000937098637223, -0.000836476508994, -0.00143481697887, -0.00100921280682, 0.0127189587802, -0.00303754303604, -0.000122508019558], [-0.000145781959873, 0.00262823561206, -0.00275575998239, 0.00255009904504, -0.00176939275116, 0.00356301758438, -0.00211859191768, 0.000553626741748, 0.000932893832214, -0.000761553295888, -0.00303754303604, 0.0140313301235, -0.00145917234477], [0.000272343255347, -0.00186913774814, 5.37511768925e-05, -0.0012570702238, 0.000297546066577, -0.00240601971745, 0.000469553575385, -0.00161507737357, 7.16603317414e-05, -0.000789927202277, -0.000122508019558, -0.00145917234477, 0.0106788417324]]
    },
    "melbands": {
        "dmean": [0.00319514842704, 0.00216427398846, 0.000804363691714, 0.000361999525921, 0.000340184895322, 0.000309288443532, 0.000124028898426, 0.000180208939128, 0.000225983952987, 0.000265702867182, 0.000162926487974, 0.000147062921315, 5.32994235982e-05, 4.52148597105e-05, 4.51891646662e-05, 5.56521736144e-05, 6.34230309515e-05, 4.0610164433e-05, 2.23874340008e-05, 1.84875407285e-05, 9.31788054004e-06, 8.84383462108e-06, 7.27485121388e-06, 1.03029988168e-05, 6.27095005257e-06, 5.94826178713e-06, 4.25834514317e-06, 2.39024598159e-06, 2.58472346104e-06, 1.83935708264e-06, 1.54047813794e-06, 1.30111175167e-06, 1.19493040529e-06, 1.09147117655e-06, 1.08747303784e-06, 9.30666999466e-07, 9.3395527756e-07, 1.09935376713e-06, 7.69423820657e-07, 1.0670427173e-06],
        "dmean2": [0.00403502164409, 0.00348128145561, 0.00144770124462, 0.000570285134017, 0.00048667890951, 0.000472003914183, 0.000201916525839, 0.000298775150441, 0.000343600899214, 0.000431251566624, 0.000257302599493, 0.000201025846764, 8.80176594364e-05, 6.93688489264e-05, 7.4014555139e-05, 9.10792587092e-05, 0.000106584600871, 6.47102133371e-05, 3.73890507035e-05, 3.01302970911e-05, 1.65281599038e-05, 1.56281494128e-05, 1.21895482152e-05, 1.72456348082e-05, 1.06112929643e-05, 1.03123338704e-05, 7.02999432178e-06, 3.91328376281e-06, 4.36355048805e-06, 2.97484666589e-06, 2.37756739807e-06, 2.04635671253e-06, 1.86881845821e-06, 1.73009834725e-06, 1.66425309089e-06, 1.43460954405e-06, 1.49393929405e-06, 1.82606584076e-06, 1.07909875169e-06, 1.66688630543e-06],
        "dvar": [4.06472900067e-05, 3.11170297209e-05, 7.17419925422e-06, 5.85810937537e-07, 2.9222081821e-07, 2.46585102559e-07, 5.70862113136e-08, 1.66648575828e-07, 1.79311484771e-07, 2.97481875577e-07, 7.25035533833e-08, 1.08533136256e-07, 1.02361070731e-08, 1.09194013831e-08, 7.63602070464e-09, 1.027729013e-08, 1.33419906234e-08, 6.01958571878e-09, 1.80109094305e-09, 1.59301194458e-09, 4.98048657871e-10, 3.096085055e-10, 1.3641464347e-10, 6.05830552391e-10, 2.6739646608e-10, 2.7727600771e-10, 9.55781356837e-11, 2.28550685322e-11, 2.5950406754e-11, 1.08780415231e-11, 7.69497746772e-12, 5.04745767752e-12, 4.10671366705e-12, 4.37748318496e-12, 6.16442443965e-12, 3.19138248814e-12, 5.7345374109e-12, 5.84417193458e-12, 3.11121918159e-12, 5.92545283673e-12],
        "dvar2": [6.30490831099e-05, 8.07439355412e-05, 2.04385596589e-05, 1.53819064508e-06, 6.95393339356e-07, 5.96107781803e-07, 1.52282609633e-07, 4.42684324753e-07, 4.13673632238e-07, 7.40201869576e-07, 1.72133766796e-07, 1.55942018409e-07, 2.53208281009e-08, 2.35088020162e-08, 1.94682563404e-08, 2.63002988277e-08, 3.52749651711e-08, 1.39022713341e-08, 4.4873829097e-09, 3.90990040344e-09, 1.50883672223e-09, 8.77845907077e-10, 3.46359996239e-10, 1.61089985795e-09, 7.32545746285e-10, 7.68691832409e-10, 2.32062952188e-10, 5.72992001069e-11, 6.96052451787e-11, 2.89036624496e-11, 1.70678852995e-11, 1.03679781774e-11, 9.29897044782e-12, 1.02158030299e-11, 1.42779477477e-11, 7.1148304262e-12, 1.41478981308e-11, 1.5308103743e-11, 5.53870317666e-12, 1.50437006602e-11],
        "max": [0.0543022193015, 0.0479359552264, 0.01867714338, 0.00689308531582, 0.00701026525348, 0.00585340010002, 0.00272826920263, 0.00593340024352, 0.00668401271105, 0.00849378667772, 0.00397495832294, 0.00719468621537, 0.00178152276203, 0.00267100846395, 0.000897761434317, 0.0010780756129, 0.00161001726519, 0.00111644912977, 0.000442218995886, 0.000554533733521, 0.000195588043425, 0.000217180670006, 0.000104893180833, 0.000295570935123, 0.000164136872627, 0.000159746865393, 0.00016181479441, 6.61941812723e-05, 9.3615570222e-05, 3.36388293363e-05, 2.75443271676e-05, 1.83773627214e-05, 2.73260138783e-05, 3.70426096197e-05, 5.64443871554e-05, 1.96578766918e-05, 5.40785440535e-05, 2.01560742425e-05, 2.20838028326e-05, 2.1967702196e-05],
        "mean": [0.00838884152472, 0.0040771169588, 0.000830640201457, 0.000683918769937, 0.00082613126142, 0.000639933801722, 0.000198451220058, 0.00027256278554, 0.000345391832525, 0.000368133856682, 0.000295848440146, 0.000286275928374, 7.78629328124e-05, 7.27222286514e-05, 5.9911122662e-05, 7.30428655515e-05, 8.64607500262e-05, 5.84580375289e-05, 3.35271106451e-05, 2.53072485066e-05, 9.86221948551e-06, 1.07468385977e-05, 1.06653933472e-05, 1.30940497911e-05, 7.78155754233e-06, 7.10203130438e-06, 5.86688565818e-06, 3.93823665945e-06, 4.45615751232e-06, 2.76908644992e-06, 2.1410444333e-06, 1.91486083168e-06, 1.72779186869e-06, 1.59423120749e-06, 1.44545299463e-06, 1.27164707919e-06, 1.10705616407e-06, 1.17521028642e-06, 9.15046143746e-07, 9.8896828149e-07],
        "median": [0.00127184670419, 0.0014970327029, 0.000274637655821, 0.000368433393305, 0.000471357197966, 0.000340643455274, 0.000102742473246, 0.000114061345812, 0.000118879972433, 0.000147169295815, 0.0001165497888, 6.64299877826e-05, 3.56353812094e-05, 2.47685729846e-05, 1.89710608538e-05, 2.08297205972e-05, 2.02968894882e-05, 1.27173116198e-05, 8.61586249812e-06, 7.36901301934e-06, 2.65208268502e-06, 3.68752785107e-06, 5.01733893543e-06, 4.36970049122e-06, 2.92818799608e-06, 2.785916422e-06, 2.28447606787e-06, 1.42322016927e-06, 1.52846234869e-06, 9.15398061352e-07, 6.09085191172e-07, 5.53763243261e-07, 4.80884750687e-07, 4.62014583036e-07, 3.79049822641e-07, 2.84989909005e-07, 1.48236239284e-07, 1.16370600267e-07, 9.14186770729e-08, 7.16332024808e-08],
        "min": [2.26671247106e-07, 2.8191329875e-06, 3.7909906041e-06, 3.89222714148e-06, 3.84573331758e-06, 7.71581562731e-06, 1.5285244217e-06, 2.23632605412e-06, 2.64279492512e-06, 5.0014577937e-06, 9.24546043279e-07, 5.65083382753e-07, 5.59765226171e-07, 1.57211474061e-07, 2.2575420644e-07, 3.7591638602e-07, 3.34389767431e-07, 2.1929218974e-07, 2.92975300908e-07, 1.12167221289e-07, 6.59379395529e-08, 5.37857829386e-08, 1.14102441273e-07, 5.5722352954e-08, 1.9985506583e-08, 2.05516812457e-08, 1.89340489953e-08, 1.58525139682e-08, 1.26494219543e-08, 9.32614785398e-09, 6.41587116768e-10, 2.25991692027e-09, 1.65361746518e-09, 2.73485106089e-11, 1.29988717273e-12, 1.00669526968e-12, 2.12933986307e-13, 1.94625768952e-13, 2.10400165172e-13, 6.28304320464e-13],
