{
"highlevel": {
    "danceability": {
        "all": {
            "danceable": 0.879245042801,
            "not_danceable": 0.1207549721
        },
        "probability": 0.879245042801,
        "value": "danceable"
    },
    "gender": {
        "all": {
            "female": 0.793531954288,
            "male": 0.206468060613
        },
        "probability": 0.793531954288,
        "value": "female"
    },
    "genre_dortmund": {
        "all": {
            "alternative": 0.0201754737645,
            "blues": 0.0290801376104,
            "electronic": 0.0363142974675,
            "folkcountry": 0.0338683947921,
            "funksoulrnb": 0.0626586079597,
            "jazz": 0.341459691525,
            "pop": 0.124821543694,
            "raphiphop": 0.324324160814,
            "rock": 0.0272977203131
        },
        "probability": 0.341459691525,
        "value": "jazz"
    },
    "genre_electronic": {
        "all": {
            "ambient": 0.477136462927,
            "dnb": 0.106603749096,
            "house": 0.332443207502,
            "techno": 0.0307306069881,
            "trance": 0.0530859529972
        },
        "probability": 0.477136462927,
        "value": "ambient"
    },
    "genre_rosamerica": {
        "all": {
            "cla": 0.00405358150601,
            "dan": 0.116290174425,
            "hip": 0.530954539776,
            "jaz": 0.0448707714677,
            "pop": 0.0364415571094,
            "rhy": 0.257545948029,
            "roc": 0.00519772898406,
            "spe": 0.0046456893906
        },
        "probability": 0.530954539776,
        "value": "hip"
    },
    "genre_tzanetakis": {
        "all": {
            "blu": 0.0631970837712,
            "cla": 0.0351076424122,
            "cou": 0.105340525508,
            "dis": 0.0632559657097,
            "hip": 0.158187583089,
            "jaz": 0.316573172808,
            "met": 0.0527318492532,
            "pop": 0.063265889883,
            "reg": 0.0632615014911,
            "roc": 0.0790787860751
        },
        "probability": 0.316573172808,
        "value": "jaz"
    },
    "ismir04_rhythm": {
        "all": {
            "ChaChaCha": 0.0534251667559,
            "Jive": 0.282226443291,
            "Quickstep": 0.0449059419334,
            "Rumba-American": 0.0089033972472,
            "Rumba-International": 0.105009101331,
            "Rumba-Misc": 0.00730326073244,
            "Samba": 0.487888664007,
            "Tango": 0.00291087804362,
            "VienneseWaltz": 0.00380262476392,
            "Waltz": 0.00362453656271
        },
        "probability": 0.487888664007,
        "value": "Samba"
    },
    "mood_acoustic": {
        "all": {
            "acoustic": 0.398104041815,
            "not_acoustic": 0.601895987988
        },
        "probability": 0.601895987988,
        "value": "not_acoustic"
    },
    "mood_aggressive": {
        "all": {
            "aggressive": 0.0114257065579,
            "not_aggressive": 0.988574266434
        },
        "probability": 0.988574266434,
        "value": "not_aggressive"
    },
    "mood_electronic": {
        "all": {
            "electronic": 0.853507876396,
            "not_electronic": 0.146492123604
        },
        "probability": 0.853507876396,
        "value": "electronic"
    },
    "mood_happy": {
        "all": {
            "happy": 0.285266250372,
            "not_happy": 0.71473377943
        },
        "probability": 0.71473377943,
        "value": "not_happy"
    },
    "mood_party": {
        "all": {
            "not_party": 0.353465646505,
            "party": 0.646534323692
        },
        "probability": 0.646534323692,
        "value": "party"
    },
    "mood_relaxed": {
        "all": {
            "not_relaxed": 0.868687987328,
            "relaxed": 0.13131198287
        },
        "probability": 0.868687987328,
        "value": "not_relaxed"
    },
    "mood_sad": {
        "all": {
            "not_sad": 0.409531742334,
            "sad": 0.590468227863
        },
        "probability": 0.590468227863,
        "value": "sad"
    },
    "moods_mirex": {
        "all": {
            "Cluster1": 0.274287223816,
            "Cluster2": 0.142852842808,
            "Cluster3": 0.343561559916,
            "Cluster4": 0.218035176396,
            "Cluster5": 0.0212631914765
        },
        "probability": 0.343561559916,
        "value": "Cluster3"
    },
    "timbre": {
        "all": {
            "bright": 0.999999940395,
            "dark": 5.34330801827e-08
        },
        "probability": 0.999999940395,
        "value": "bright"
    },
    "tonal_atonal": {
        "all": {
            "atonal": 0.070617467165,
            "tonal": 0.929382562637
        },
        "probability": 0.929382562637,
        "value": "tonal"
    },
    "voice_instrumental": {
        "all": {
            "instrumental": 0.437168717384,
            "voice": 0.562831282616
        },
        "probability": 0.562831282616,
        "value": "voice"
    }
},
"lowlevel": {
    "average_loudness": 0.984536468983,
    "barkbands_crest": {
        "dmean": 3.54196119308,
        "dmean2": 5.39822244644,
        "dvar": 15.3598194122,
        "dvar2": 30.9678630829,
        "max": 26.3599681854,
        "mean": 11.5071792603,
        "median": 10.0053939819,
        "min": 2.85772919655,
        "var": 30.6611118317
    },
    "barkbands_flatness_db": {
        "dmean": 0.0329771526158,
        "dmean2": 0.0470014214516,
        "dvar": 0.00118837167975,
        "dvar2": 0.00236150529236,
        "max": 0.359262943268,
        "mean": 0.169760808349,
        "median": 0.163810685277,
        "min": 0.057810947299,
        "var": 0.0028707170859
    },
    "barkbands_kurtosis": {
        "dmean": 9.25824832916,
        "dmean2": 14.4100561142,
        "dvar": 546.265075684,
        "dvar2": 1175.71398926,
        "max": 321.425598145,
        "mean": 9.15674209595,
        "median": 1.39521837234,
        "min": -1.95444774628,
        "var": 620.760009766
    },
    "barkbands_skewness": {
        "dmean": 1.15030872822,
        "dmean2": 1.6714360714,
        "dvar": 2.40028715134,
        "dvar2": 4.49903869629,
        "max": 16.0036888123,
        "mean": 1.90283453465,
        "median": 1.34740531445,
        "min": -2.37581896782,
        "var": 4.98494338989
    },
    "barkbands_spread": {
        "dmean": 11.1308574677,
        "dmean2": 17.524269104,
        "dvar": 211.524230957,
        "dvar2": 470.556396484,
        "max": 129.337966919,
        "mean": 29.6863994598,
        "median": 24.8117713928,
        "min": 0.851626574993,
        "var": 452.466156006
    },
    "dissonance": {
        "dmean": 0.0192651916295,
        "dmean2": 0.0310267228633,
        "dvar": 0.000378308905056,
        "dvar2": 0.000906870292965,
        "max": 0.499813884497,
        "mean": 0.45783123374,
        "median": 0.465175032616,
        "min": 0.292199015617,
        "var": 0.00097883970011
    },
    "dynamic_complexity": 2.99025654793,
    "erbbands_crest": {
        "dmean": 2.55442023277,
        "dmean2": 4.01588106155,
        "dvar": 5.78420972824,
        "dvar2": 14.0036478043,
        "max": 25.5145816803,
        "mean": 9.16092777252,
        "median": 8.46782398224,
        "min": 2.83442473412,
        "var": 14.1984167099
    },
    "erbbands_flatness_db": {
        "dmean": 0.0194811858237,
        "dmean2": 0.0286059621722,
        "dvar": 0.000411480956245,
        "dvar2": 0.000726466649212,
        "max": 0.372964024544,
        "mean": 0.153692349792,
        "median": 0.151548326015,
        "min": 0.0570390187204,
        "var": 0.00200411351398
    },
    "erbbands_kurtosis": {
        "dmean": 1.55643010139,
        "dmean2": 2.36958122253,
        "dvar": 6.72047472,
        "dvar2": 12.4627542496,
        "max": 36.3220405579,
        "mean": 1.21976077557,
        "median": -0.214130878448,
        "min": -1.82866108418,
        "var": 16.7621650696
    },
    "erbbands_skewness": {
        "dmean": 0.56094712019,
        "dmean2": 0.883684575558,
        "dvar": 0.433902859688,
        "dvar2": 0.954581022263,
        "max": 3.95222377777,
        "mean": 0.10680436343,
        "median": 0.168174698949,
        "min": -5.07878780365,
        "var": 1.33076131344
    },
    "erbbands_spread": {
        "dmean": 15.1296691895,
        "dmean2": 22.4602909088,
        "dvar": 341.428619385,
        "dvar2": 752.163452148,
        "max": 171.245742798,
        "mean": 51.8657684326,
        "median": 46.1356582642,
        "min": 5.66642713547,
        "var": 894.77166748
    },
    "hfc": {
        "dmean": 10.5472307205,
        "dmean2": 16.2474460602,
        "dvar": 447.086303711,
        "dvar2": 1144.02832031,
        "max": 140.331192017,
        "mean": 17.4134635925,
        "median": 11.584777832,
        "min": 0.169126495719,
        "var": 505.000579834
    },
    "melbands_crest": {
        "dmean": 3.71097064018,
        "dmean2": 5.5335059166,
        "dvar": 13.741314888,
        "dvar2": 30.4710865021,
        "max": 33.3842582703,
        "mean": 16.3055400848,
        "median": 15.4514131546,
        "min": 3.13516163826,
        "var": 38.0401763916
    },
    "melbands_flatness_db": {
        "dmean": 0.0431537218392,
        "dmean2": 0.0604765042663,
        "dvar": 0.00230991165154,
        "dvar2": 0.00464676087722,
        "max": 0.461059391499,
        "mean": 0.213856205344,
        "median": 0.203535482287,
        "min": 0.0225250590593,
        "var": 0.00608974462375
    },
    "melbands_kurtosis": {
        "dmean": 29.166639328,
        "dmean2": 41.9244613647,
        "dvar": 3515.86987305,
        "dvar2": 6785.11132812,
        "max": 670.80291748,
        "mean": 35.3517799377,
        "median": 7.59872722626,
        "min": -1.88241744041,
        "var": 5392.36035156
    },
    "melbands_skewness": {
        "dmean": 1.62912452221,
        "dmean2": 2.29571914673,
        "dvar": 4.66902971268,
        "dvar2": 8.44684314728,
        "max": 20.6729240417,
        "mean": 3.7472641468,
        "median": 2.57468247414,
        "min": -0.548000335693,
        "var": 11.3667831421
    },
    "melbands_spread": {
        "dmean": 15.6530332565,
        "dmean2": 24.8136062622,
        "dvar": 723.648681641,
        "dvar2": 1519.55175781,
        "max": 272.740875244,
        "mean": 33.2498817444,
        "median": 21.6808300018,
        "min": 0.503850102425,
        "var": 1543.15930176
    },
    "pitch_salience": {
        "dmean": 0.10078600049,
        "dmean2": 0.153805330396,
        "dvar": 0.0117318397388,
        "dvar2": 0.0263941027224,
        "max": 0.831976890564,
        "mean": 0.496098101139,
        "median": 0.511277139187,
        "min": 0.0601075254381,
        "var": 0.0213469471782
    },
    "silence_rate_20dB": {
        "dmean": 0,
        "dmean2": 0,
        "dvar": 0,
        "dvar2": 0,
        "max": 1,
        "mean": 1,
        "median": 1,
        "min": 1,
        "var": 0
    },
    "silence_rate_30dB": {
        "dmean": 0.00928792543709,
        "dmean2": 0.018590239808,
        "dvar": 0.00920162070543,
        "dvar2": 0.0275397896767,
        "max": 1,
        "mean": 0.99535959959,
        "median": 1,
        "min": 0,
        "var": 0.00461882119998
    },
    "silence_rate_60dB": {
        "dmean": 0.0565015487373,
        "dmean2": 0.113090626895,
        "dvar": 0.0533094331622,
        "dvar2": 0.117341302335,
        "max": 1,
        "mean": 0.0850734710693,
        "median": 0,
        "min": 0,
        "var": 0.0778365731239
    },
    "spectral_centroid": {
        "dmean": 473.913604736,
        "dmean2": 757.362609863,
        "dvar": 404587.09375,
        "dvar2": 931519.9375,
        "max": 5973.68212891,
        "mean": 1604.82824707,
        "median": 1377.72241211,
        "min": 231.631988525,
        "var": 934351.125
    },
    "spectral_complexity": {
        "dmean": 4.34907102585,
        "dmean2": 6.69481039047,
        "dvar": 40.3215141296,
        "dvar2": 91.12890625,
        "max": 47,
        "mean": 12.1593198776,
        "median": 10,
        "min": 0,
        "var": 63.8199806213
    },
    "spectral_decrease": {
        "dmean": 2.93133317619e-09,
        "dmean2": 4.67646321667e-09,
        "dvar": 3.1223169683e-17,
        "dvar2": 6.14697302302e-17,
        "max": -7.72516842162e-11,
        "mean": -5.18903853219e-09,
        "median": -2.26333263242e-09,
        "min": -2.90123907121e-08,
        "var": 5.37617006317e-17
    },
    "spectral_energy": {
        "dmean": 0.0114891082048,
        "dmean2": 0.0182944927365,
        "dvar": 0.000461674149847,
        "dvar2": 0.000914574658964,
        "max": 0.11063721776,
        "mean": 0.0211640689522,
        "median": 0.00993343442678,
        "min": 0.000308233662508,
        "var": 0.000805139890872
    },
    "spectral_energyband_high": {
        "dmean": 0.000999235664494,
        "dmean2": 0.00158432824537,
        "dvar": 5.64663650948e-06,
        "dvar2": 1.44883942994e-05,
        "max": 0.0169535949826,
        "mean": 0.00123860163148,
        "median": 0.000422586046625,
        "min": 1.52750459392e-07,
        "var": 6.28787529422e-06
    },
    "spectral_energyband_low": {
        "dmean": 0.00620211241767,
        "dmean2": 0.00916920881718,
        "dvar": 0.000303662091028,
        "dvar2": 0.000477093301015,
        "max": 0.105380952358,
        "mean": 0.00996422488242,
        "median": 0.00169169018045,
        "min": 1.79987935667e-08,
        "var": 0.000607627094723
    },
    "spectral_energyband_middle_high": {
        "dmean": 0.001181518659,
        "dmean2": 0.0019001114415,
        "dvar": 5.33704496775e-06,
        "dvar2": 1.50461246449e-05,
        "max": 0.0152581259608,
        "mean": 0.0021259826608,
        "median": 0.00146225397475,
        "min": 9.84431972029e-06,
        "var": 5.17109947396e-06
    },
    "spectral_energyband_middle_low": {
        "dmean": 0.00706547312438,
        "dmean2": 0.012072741054,
        "dvar": 0.000255359249422,
        "dvar2": 0.000668641587254,
        "max": 0.0922524780035,
        "mean": 0.00835192296654,
        "median": 0.00444608461112,
        "min": 8.5086976469e-06,
        "var": 0.000197448112885
    },
    "spectral_entropy": {
        "dmean": 0.227313369513,
        "dmean2": 0.33173596859,
        "dvar": 0.0617223978043,
        "dvar2": 0.118129074574,
        "max": 8.89834499359,
        "mean": 7.48542308807,
        "median": 7.46542024612,
        "min": 5.96255636215,
        "var": 0.223858043551
    },
    "spectral_flux": {
        "dmean": 0.0413985326886,
        "dmean2": 0.0648582205176,
        "dvar": 0.00290349102579,
        "dvar2": 0.00586097408086,
        "max": 0.308195143938,
        "mean": 0.0805314555764,
        "median": 0.0468294136226,
        "min": 0.00368227041326,
        "var": 0.00578423263505
    },
    "spectral_kurtosis": {
        "dmean": 1.70718038082,
        "dmean2": 2.76900410652,
        "dvar": 7.67429161072,
        "dvar2": 20.4258899689,
        "max": 39.4197463989,
        "mean": 3.77725243568,
        "median": 2.92366027832,
        "min": -1.23645102978,
        "var": 15.2659349442
    },
    "spectral_rms": {
        "dmean": 0.00102493551094,
        "dmean2": 0.00153185601812,
        "dvar": 2.73697946795e-06,
        "dvar2": 4.94230607728e-06,
        "max": 0.0103893578053,
        "mean": 0.00385828339495,
        "median": 0.00311306212097,
        "min": 0.000548375537619,
        "var": 5.76152615395e-06
    },
    "spectral_rolloff": {
        "dmean": 1148.51000977,
        "dmean2": 2002.58886719,
        "dvar": 3969903.75,
        "dvar2": 8362477.5,
        "max": 12683.0566406,
        "mean": 2262.70410156,
        "median": 1227.39257812,
        "min": 64.599609375,
        "var": 6903827
    },
    "spectral_skewness": {
        "dmean": 0.271157622337,
        "dmean2": 0.409320890903,
        "dvar": 0.098556406796,
        "dvar2": 0.225402295589,
        "max": 4.47050094604,
        "mean": 1.4388166666,
        "median": 1.38301634789,
        "min": -0.0897654891014,
        "var": 0.323666125536
    },
    "spectral_spread": {
        "dmean": 917581.0625,
        "dmean2": 1361005.125,
        "dvar": 1.1379081216e+12,
        "dvar2": 2.42481024205e+12,
        "max": 17544110,
        "mean": 5962204,
        "median": 5486651.5,
        "min": 1406813.75,
        "var": 6.14589320397e+12
    },
    "spectral_strongpeak": {
        "dmean": 0.319602429867,
        "dmean2": 0.537968099117,
        "dvar": 0.320715099573,
        "dvar2": 0.731177270412,
        "max": 7.05017089844,
        "mean": 0.670777142048,
        "median": 0.480287432671,
        "min": 0.0298081152141,
        "var": 0.576866805553
    },
    "zerocrossingrate": {
        "dmean": 0.020069418475,
        "dmean2": 0.0224265195429,
        "dvar": 0.000579804531299,
        "dvar2": 0.000639731122646,
        "max": 0.37890625,
        "mean": 0.0814489349723,
        "median": 0.06787109375,
        "min": 0.0068359375,
        "var": 0.00363289611414
    },
    "barkbands": {
        "dmean": [0.000462160242023, 0.00572023168206, 0.00242888089269, 0.00119655323215, 0.00479659205303, 0.000799322559033, 0.00055528874509, 0.000293639430311, 0.000280769600067, 0.000146691891132, 9.63032434811e-05, 0.000114750175271, 0.00010080771608, 9.10375019885e-05, 0.000106666586362, 0.000127187769976, 0.000185818062164, 0.000197148619918, 0.000299111939967, 0.000375895091565, 0.000193169980776, 0.000144220786751, 0.00018001110584, 0.000213100167457, 0.000109077351226, 6.67848798912e-05, 1.42259693803e-07],
        "dmean2": [0.000803197210189, 0.00802477449179, 0.00447609275579, 0.00214733695611, 0.00838640984148, 0.00146181252785, 0.000946565531194, 0.0004469640553, 0.000383881153539, 0.000198238209123, 0.000145849408, 0.000168344631675, 0.000159973205882, 0.000147350889165, 0.000166858721059, 0.000204420313821, 0.000324629392708, 0.00032057982753, 0.000514348212164, 0.000668226508424, 0.000350100686774, 0.000237293599639, 0.000267168099526, 0.000329887669068, 0.0001671147038, 0.000103950660559, 2.4888305461e-07],
        "dvar": [2.00297267838e-06, 0.000265445676632, 7.71035192884e-05, 1.62430551427e-05, 0.000162605952937, 5.66090875509e-06, 1.20139418414e-06, 2.69712074896e-07, 2.40986850031e-07, 7.07864202809e-08, 3.43615980114e-08, 4.44721024451e-08, 9.14315947398e-08, 3.67412518187e-08, 4.62330724815e-08, 5.98102047888e-08, 2.18697394416e-07, 1.22627241694e-07, 4.96713710163e-07, 1.25814574403e-06, 4.04601678383e-07, 1.40473090937e-07, 2.04958254812e-07, 2.07445751244e-07, 5.60166810715e-08, 3.17029034136e-08, 2.59610014692e-13],
        "dvar2": [5.51328093934e-06, 0.000381308811484, 0.00021738531359, 4.53933826066e-05, 0.00042869526078, 1.63639961102e-05, 3.28041596731e-06, 5.68022471725e-07, 4.23768824476e-07, 1.18339364974e-07, 8.3889887037e-08, 7.93661314447e-08, 2.01243963716e-07, 9.30319146164e-08, 9.98528193463e-08, 1.42413199455e-07, 6.26617975286e-07, 3.21192658248e-07, 1.4290285435e-06, 3.5938955989e-06, 1.14920567285e-06, 3.73847939272e-07, 3.6268508552e-07, 4.83353176151e-07, 1.20125051239e-07, 7.03851057438e-08, 7.09349462849e-13],
        "max": [0.00885558780283, 0.0991008803248, 0.0550947710872, 0.0315267294645, 0.0794879719615, 0.0169274732471, 0.00874631665647, 0.00857809372246, 0.00864199176431, 0.00525361811742, 0.00430197268724, 0.00411030463874, 0.00639555091038, 0.00266278046183, 0.00300156814046, 0.00266337976791, 0.0033782965038, 0.00429656822234, 0.00448345160112, 0.0080401962623, 0.00405973661691, 0.00274232774973, 0.0084546757862, 0.00574511056766, 0.00304144038819, 0.00311974389479, 4.77786397823e-06],
        "mean": [0.000359990866855, 0.00738983927295, 0.00179855455644, 0.000952303467784, 0.00457841856405, 0.000667071377393, 0.000725096557289, 0.000601278210524, 0.000636059965473, 0.00029483914841, 0.000158309063409, 0.000215319407289, 0.000149476123624, 0.000111557972559, 0.000133454494062, 0.000142136268551, 0.000191366314539, 0.00027447816683, 0.000370689434931, 0.000322791340295, 0.00014095264487, 0.000142379722092, 0.000257296487689, 0.00030177240842, 0.000155826317496, 9.2710761237e-05, 9.39452320381e-08],
        "median": [1.97974532057e-06, 0.000942994607612, 0.000381130405003, 0.000113650537969, 0.00155506329611, 0.00018438808911, 0.000278476101812, 0.000227752912906, 0.000168215192389, 9.0333945991e-05, 5.65141599509e-05, 5.80781852477e-05, 4.23598794441e-05, 3.61947641068e-05, 2.43556969508e-05, 2.79898649751e-05, 5.58408792131e-05, 0.000116674789751, 0.000113464731839, 8.03688526503e-05, 1.84370783245e-05, 3.27344714606e-05, 6.82765094098e-05, 0.000105545157567, 4.1713767132e-05, 1.96140135813e-05, 3.04290870279e-10],
        "min": [6.64078791957e-11, 6.86437662267e-09, 9.50190148785e-09, 4.15293186506e-08, 4.85277780626e-07, 2.36822486954e-07, 9.45283204601e-07, 1.22657252177e-06, 4.77036735447e-07, 3.34398976065e-07, 2.80227112626e-07, 4.2790705379e-07, 4.00774041509e-07, 2.73026728337e-07, 2.90463987085e-07, 1.32840071387e-07, 2.99114475411e-07, 1.80598334509e-07, 1.42518899793e-07, 2.06858459251e-07, 1.58258597338e-08, 3.69162922453e-09, 8.0101497657e-10, 2.23697638191e-09, 6.30619376163e-11, 3.89362327102e-12, 4.6628759881e-12],
        "var": [1.67175448951e-06, 0.000442362623289, 4.57859678136e-05, 1.03792908703e-05, 0.000118058233056, 3.31471755999e-06, 1.3850636833e-06, 8.27011092497e-07, 1.41310135859e-06, 2.7584096074e-07, 6.69358968253e-08, 1.98228349291e-07, 1.31880838694e-07, 4.47521770752e-08, 8.61284732423e-08, 9.23300120803e-08, 1.49678783146e-07, 1.6407982173e-07, 4.41482058022e-07, 7.71591544435e-07, 2.4468687343e-07, 1.13696856374e-07, 5.35351091457e-07, 3.62622159855e-07, 1.07431880281e-07, 5.41541922416e-08, 1.68669779207e-13]
    },
    "erbbands": {
        "dmean": [0.252539247274, 1.16205000877, 2.28423762321, 3.50913739204, 6.08902454376, 19.3745517731, 17.4488334656, 5.98060083389, 8.10495948792, 6.33296060562, 7.63510370255, 5.67260837555, 5.23476266861, 2.60824203491, 3.51956152916, 5.21745204926, 4.63301801682, 3.64317440987, 4.76814889908, 6.3883061409, 6.28436946869, 10.6305789948, 9.54866886139, 13.8905611038, 16.5428409576, 16.6396026611, 11.7471351624, 5.98221492767, 5.67324352264, 4.6314034462, 5.31072902679, 4.93987512589, 3.17811536789, 1.3836991787, 0.82724916935, 0.402577400208, 0.103218659759, 0.00631331279874, 0.000145055702887, 2.04283842322e-05],
        "dmean2": [0.335566759109, 1.37716543674, 3.92325544357, 6.17161083221, 10.5251083374, 34.2527809143, 31.0269088745, 10.6180105209, 13.7402992249, 10.7899236679, 11.0703372955, 7.77119398117, 7.0205039978, 3.9997549057, 5.37729310989, 7.68487977982, 7.26144266129, 5.80363845825, 7.32007026672, 10.0239906311, 10.068479538, 18.3757915497, 15.3319559097, 23.8389759064, 28.5743694305, 29.4262619019, 21.7494945526, 10.5491189957, 9.67234516144, 6.9293885231, 7.81117010117, 7.5849237442, 4.92177963257, 2.15261673927, 1.27689743042, 0.611136198044, 0.161962643266, 0.0101806651801, 0.000227288692258, 3.21828119922e-05],
        "dvar": [0.536542415619, 8.73532390594, 59.315196991, 135.933486938, 214.847351074, 3253.31469727, 3618.35180664, 227.002853394, 254.655517578, 179.78427124, 159.754898071, 86.5678482056, 95.5291061401, 36.808921814, 36.4131202698, 103.42477417, 201.234130859, 47.5891075134, 67.0762481689, 156.746337891, 138.687240601, 683.732910156, 253.967147827, 976.640258789, 1709.29077148, 2375.75341797, 1611.57861328, 353.280822754, 250.880508423, 99.1371002197, 226.763198853, 145.94052124, 44.534034729, 8.27864742279, 4.11889410019, 1.42549312115, 0.0567239411175, 0.000207254546694, 9.21830576317e-08, 1.20758858468e-09],
        "dvar2": [1.00188982487, 12.530421257, 161.169906616, 363.61428833, 604.201171875, 8580.8125, 9731.015625, 638.334777832, 687.597045898, 476.692779541, 316.072021484, 170.805770874, 157.450881958, 87.9715118408, 86.8551254272, 177.836120605, 447.994049072, 112.85848999, 160.721115112, 362.172698975, 354.208587646, 1958.85400391, 664.122680664, 2771.75488281, 4918.57861328, 6755.16259766, 4640.05322266, 986.349243164, 687.048156738, 216.787979126, 418.62713623, 311.787384033, 106.514320374, 19.1214122772, 8.71722793579, 3.02690505981, 0.132651925087, 0.000491595244966, 2.14108467844e-07, 2.58154098098e-09],
        "max": [4.65928697586, 22.0282859802, 52.4296150208, 74.9676971436, 113.235282898, 354.276184082, 387.719482422, 114.608726501, 149.855178833, 143.683837891, 232.980697632, 136.559494019, 196.102111816, 145.232025146, 81.2145767212, 206.97593689, 307.707763672, 85.2426681519, 88.3261489868, 124.281654358, 114.107704163, 188.920944214, 153.438491821, 226.701202393, 266.630584717, 362.333892822, 270.209564209, 126.454521179, 112.155632019, 147.292877197, 260.733032227, 223.570739746, 104.687843323, 41.742099762, 32.0257530212, 20.4966754913, 3.38445878029, 0.202676281333, 0.00384519225918, 0.000288330222247],
        "mean": [0.262475609779, 1.46733283997, 2.10064864159, 2.88568687439, 8.45982456207, 16.1382846832, 12.1531839371, 5.83512020111, 11.2205486298, 9.16734981537, 16.9751033783, 13.2706689835, 11.2984886169, 4.54655122757, 6.33212709427, 10.087805748, 7.50578403473, 5.1732749939, 6.56045627594, 7.84845924377, 7.45449066162, 11.5407342911, 13.6083431244, 17.0582485199, 20.514749527, 14.5594730377, 8.19077205658, 4.71113681793, 5.2208237648, 5.41783475876, 7.88157463074, 7.45896911621, 4.18487930298, 1.70143759251, 1.21619164944, 0.578086316586, 0.138985648751, 0.00814114045352, 0.000203358693398, 3.94841081288e-05],
        "median": [0.0080304229632, 0.273340463638, 0.736872434616, 0.473814994097, 4.72791290283, 3.46184253693, 0.808509647846, 2.17033100128, 4.7672996521, 3.05222916603, 6.02258825302, 4.85471200943, 3.51845598221, 1.73097598553, 2.42116856575, 2.80712866783, 2.39405322075, 2.07265710831, 1.95642399788, 1.64883208275, 2.22419261932, 3.56388950348, 6.34693193436, 7.21996688843, 5.53252410889, 3.56021523476, 1.16424965858, 0.709869623184, 1.03890872002, 1.37352514267, 1.96130669117, 2.39983272552, 1.2717269659, 0.43929117918, 0.262291550636, 0.0876777023077, 0.0380512028933, 0.00212384224869, 6.47117849439e-05, 1.7516893422e-05],
        "min": [1.1137498177e-06, 6.95236076353e-06, 0.000112212350359, 0.00245335628279, 0.00159203168005, 0.00109620275907, 0.00190005148761, 0.00564090022817, 0.0149164581671, 0.0191537942737, 0.0450655370951, 0.0198232699186, 0.0155360810459, 0.01651378721, 0.0177120640874, 0.023144159466, 0.025702252984, 0.0359036847949, 0.0254754126072, 0.022997546941, 0.0153177389875, 0.0218549370766, 0.0116170626134, 0.0103738252074, 0.00610468816012, 0.00941675994545, 0.00335374567658, 0.000741108029615, 0.000180041752174, 6.71979723847e-05, 1.91295985132e-05, 1.39641406349e-05, 1.28595092974e-05, 2.37725566876e-06, 3.71404985344e-06, 1.71291469542e-06, 5.74250123009e-07, 6.65413324441e-08, 7.83313168995e-07, 4.00034707582e-07],
        "var": [0.720416724682, 15.5456047058, 41.4936180115, 93.1791534424, 162.413146973, 2284.77709961, 2407.90356445, 152.630966187, 305.26159668, 275.264556885, 731.875610352, 467.30859375, 396.958343506, 59.3382873535, 83.4108428955, 461.243804932, 294.705352783, 72.1580963135, 119.145774841, 242.044815063, 186.560897827, 488.925506592, 335.027709961, 793.215759277, 1492.13500977, 1496.12890625, 918.673706055, 230.742477417, 180.355041504, 152.651397705, 586.821472168, 343.164825439, 60.297618866, 11.7931413651, 8.46512126923, 2.68007922173, 0.0882940292358, 0.00031930959085, 1.50599262838e-07, 2.27474061809e-09]
    },
    "gfcc": {
        "mean": [-33.3239021301, 64.7677230835, -99.5306243896, 35.5901908875, -65.5533905029, 12.7623195648, -46.7952575684, 21.0304317474, -29.792131424, -1.74986553192, -12.0509605408, -4.29026842117, -23.0401725769],
        "cov": [[4268.87548828, -1257.98376465, 262.061004639, 468.719818115, -498.339294434, -107.321350098, -513.486755371, -19.0500335693, -163.307144165, 57.8505210876, -232.064041138, 112.598236084, 17.7235202789], [-1257.98376465, 2034.87805176, -525.817443848, -504.4375, 392.103118896, -23.9804763794, 501.292022705, 24.3491230011, 50.2713012695, -140.592681885, 296.649078369, 7.44348096848, 97.1657867432], [262.061004639, -525.817443848, 1559.04980469, 298.688690186, 130.399917603, 464.16583252, -59.643901825, 145.740066528, 16.8843975067, 247.587890625, -137.459869385, 72.6779174805, -72.2321472168], [468.719818115, -504.4375, 298.688690186, 999.794616699, 106.79397583, 117.906974792, -18.732624054, 1.15090656281, 213.947372437, 32.5528068542, 27.1265640259, 14.415350914, 143.735626221], [-498.339294434, 392.103118896, 130.399917603, 106.79397583, 387.875183105, 109.326553345, 133.56463623, 69.215385437, 103.491714478, 48.8965415955, 38.7068328857, 22.2948741913, 45.6928787231], [-107.321350098, -23.9804763794, 464.16583252, 117.906974792, 109.326553345, 438.201568604, 211.890945435, 129.214309692, 104.698287964, 128.663772583, 71.8870010376, 32.0628585815, 10.811416626], [-513.486755371, 501.292022705, -59.643901825, -18.732624054, 133.56463623, 211.890945435, 581.933837891, 177.475082397, 68.4250488281, 68.4762954712, 203.246109009, 51.504322052, 42.8924484253], [-19.0500335693, 24.3491230011, 145.740066528, 1.15090656281, 69.215385437, 129.214309692, 177.475082397, 260.279571533, 62.4937782288, 57.1701927185, 61.9627876282, 20.8636722565, -0.0857058763504], [-163.307144165, 50.2713012695, 16.8843975067, 213.947372437, 103.491714478, 104.698287964, 68.4250488281, 62.4937782288, 256.119873047, 39.1250343323, 62.2348175049, 17.5790157318, 77.045791626], [57.8505210876, -140.592681885, 247.587890625, 32.5528068542, 48.8965415955, 128.663772583, 68.4762954712, 57.1701927185, 39.1250343323, 193.178848267, -10.7086200714, 21.2335529327, 13.9306955338], [-232.064041138, 296.649078369, -137.459869385, 27.1265640259, 38.7068328857, 71.8870010376, 203.246109009, 61.9627876282, 62.2348175049, -10.7086200714, 226.100280762, 30.8171253204, 40.1190643311], [112.598236084, 7.44348096848, 72.6779174805, 14.415350914, 22.2948741913, 32.0628585815, 51.504322052, 20.8636722565, 17.5790157318, 21.2335529327, 30.8171253204, 114.835891724, 20.8721370697], [17.7235202789, 97.1657867432, -72.2321472168, 143.735626221, 45.6928787231, 10.811416626, 42.8924484253, -0.0857058763504, 77.045791626, 13.9306955338, 40.1190643311, 20.8721370697, 167.170303345]],
        "icov": [[0.000433045061072, -0.000169941486092, 0.000194876440219, -0.000481819035485, 0.000693466281518, -0.000258869782556, 0.000560178887099, -0.000552169629373, 0.00052969076205, -0.000460820039734, 0.000389858614653, -0.000796525913756, 3.46913657268e-05], [-0.000169941486092, 0.00191336486023, -0.000440321571659, 0.00158451288007, -0.00216793012805, 0.00084493868053, -0.00159864756279, 0.00133990915492, -0.000747900339775, 0.00191863579676, -0.00161120132543, 0.00120511918794, -0.00127695000265], [0.000194876440219, -0.000440321571659, 0.00187222694512, -0.00102245074231, 0.000359280733392, -0.00207514688373, 0.001359444228, -0.00113782018889, 0.00126834271941, -0.00154495716561, 0.00133526523132, -0.0015663432423, 0.00102927582338], [-0.000481819035485, 0.00158451288007, -0.00102245074231, 0.00310273235664, -0.00219812407158, 0.00107557373121, -0.00166694633663, 0.00184329086915, -0.00213401135989, 0.00224243989214, -0.00174491177313, 0.00191826419905, -0.00204364396632], [0.000693466281518, -0.00216793012805, 0.000359280733392, -0.00219812407158, 0.00627363612875, -0.0010596398497, 0.00156585022341, -0.00208185287192, 0.000332457624609, -0.00246366742067, 0.00238268729299, -0.00214092549868, 0.000930267560761], [-0.000258869782556, 0.00084493868053, -0.00207514688373, 0.00107557373121, -0.0010596398497, 0.00609780289233, -0.00257254787721, 0.000885825196747, -0.00221349275671, 0.000201744027436, -0.00199482683092, 0.00179596815724, -0.000471471081255], [0.000560178887099, -0.00159864756279, 0.001359444228, -0.00166694633663, 0.00156585022341, -0.00257254787721, 0.00559313222766, -0.00310182664543, 0.0020974741783, -0.00278190011159, -0.000456624606159, -0.00247075152583, 0.000875381636433], [-0.000552169629373, 0.00133990915492, -0.00113782018889, 0.00184329086915, -0.00208185287192, 0.000885825196747, -0.00310182664543, 0.00705259898677, -0.00229662959464, 0.00142523099203, -0.00179775850847, 0.00184308295138, -0.000344534870237], [0.00052969076205, -0.000747900339775, 0.00126834271941, -0.00213401135989, 0.000332457624609, -0.00221349275671, 0.0020974741783, -0.00229662959464, 0.00747629441321, -0.00190377421677, 0.000171288047568, -0.00166028318927, -0.000846478447784], [-0.000460820039734, 0.00191863579676, -0.00154495716561, 0.00224243989214, -0.00246366742067, 0.000201744027436, -0.00278190011159, 0.00142523099203, -0.00190377421677, 0.00972247496247, -0.000545530114323, 0.00148805836216, -0.00227476260625], [0.000389858614653, -0.00161120132543, 0.00133526523132, -0.00174491177313, 0.00238268729299, -0.00199482683092, -0.000456624606159, -0.00179775850847, 0.000171288047568, -0.000545530114323, 0.00928147695959, -0.00281353504397, 0.00065674749203], [-0.000796525913756, 0.00120511918794, -0.0015663432423, 0.00191826419905, -0.00214092549868, 0.00179596815724, -0.00247075152583, 0.00184308295138, -0.00166028318927, 0.00148805836216, -0.00281353504397, 0.0119490288198, -0.00201373663731], [3.46913657268e-05, -0.00127695000265, 0.00102927582338, -0.00204364396632, 0.000930267560761, -0.000471471081255, 0.000875381636433, -0.000344534870237, -0.000846478447784, -0.00227476260625, 0.00065674749203, -0.00201373663731, 0.00914729200304]]
    },
    "melbands": {
        "dmean": [0.00187768915202, 0.00103143253364, 0.000662138918415, 0.000831179961096, 0.000771590683144, 0.000135322537972, 0.000118571333587, 6.44556275802e-05, 6.97033974575e-05, 3.36443335982e-05, 2.59770495177e-05, 1.04715054476e-05, 1.19498999993e-05, 1.09445400085e-05, 1.48877306856e-05, 9.27745804802e-06, 7.55106475481e-06, 7.98986729933e-06, 9.29408997763e-06, 1.05584995254e-05, 6.72757141729e-06, 1.14685099106e-05, 9.63567435974e-06, 9.34203399083e-06, 1.18033012768e-05, 1.20840904856e-05, 1.21166094686e-05, 1.15771890705e-05, 8.65314177645e-06, 4.21999538958e-06, 3.39458347298e-06, 3.1389056403e-06, 2.64277105089e-06, 2.79165533357e-06, 3.05228854813e-06, 3.5300458876e-06, 3.08611674882e-06, 2.4811899948e-06, 1.61037200996e-06, 1.11952363113e-06],
        "dmean2": [0.00260648177937, 0.00147102458868, 0.00114497391041, 0.00144922931213, 0.00135805085301, 0.000242313195486, 0.000202008814085, 0.000108227468445, 9.87193998299e-05, 4.57656133221e-05, 3.49080655724e-05, 1.61902553373e-05, 1.82902949746e-05, 1.62677715707e-05, 2.24313807848e-05, 1.47207128975e-05, 1.22374358398e-05, 1.23575628095e-05, 1.47598539115e-05, 1.7408054191e-05, 1.07802034108e-05, 2.01164602913e-05, 1.58596012625e-05, 1.5125322534e-05, 2.03787603823e-05, 2.07277771551e-05, 2.11097849387e-05, 2.06718668778e-05, 1.61991847563e-05, 7.56053668738e-06, 5.96490644966e-06, 5.42783436686e-06, 4.16860984842e-06, 4.37207108916e-06, 4.61346280645e-06, 5.28362807017e-06, 4.86215867568e-06, 3.88359467252e-06, 2.49720324064e-06, 1.81041718861e-06],
        "dvar": [2.89503877866e-05, 9.16118915484e-06, 4.20885453423e-06, 3.48350181412e-06, 6.88284580974e-06, 1.22591160334e-07, 5.4468770827e-08, 1.77939547541e-08, 1.37138549405e-08, 3.21520099433e-09, 2.37153896521e-09, 5.74012115617e-10, 4.61836846544e-10, 5.36847843957e-10, 8.1589918155e-10, 1.21136434217e-09, 2.3564789009e-10, 2.48927295443e-10, 4.05500438783e-10, 4.9022025328e-10, 1.63524860319e-10, 8.5242407577e-10, 3.31583732693e-10, 2.62015131813e-10, 7.16913806098e-10, 8.01649080451e-10, 1.00784292023e-09, 1.24929977474e-09, 8.88149109812e-10, 1.8542219149e-10, 1.12738089697e-10, 8.04274424837e-11, 3.69623706642e-11, 4.26956386912e-11, 9.07006275641e-11, 1.05439039444e-10, 4.58950030757e-11, 2.63238684323e-11, 1.14247535044e-11, 6.08151723425e-12],
        "dvar2": [4.5665045036e-05, 2.00764388865e-05, 1.12606003313e-05, 9.15834243642e-06, 1.83004194696e-05, 3.515241076e-07, 1.48756512885e-07, 4.52244819371e-08, 2.57928718383e-08, 6.40274144814e-09, 3.90097021352e-09, 1.37413325163e-09, 1.15392306821e-09, 9.56788204221e-10, 1.94757454608e-09, 2.56272136845e-09, 5.74832514921e-10, 6.2592570016e-10, 8.98033647445e-10, 1.1642947717e-09, 3.99734023659e-10, 2.44868214594e-09, 8.98954910511e-10, 6.74607592011e-10, 2.03114125519e-09, 2.29381291739e-09, 2.86825141416e-09, 3.55793972062e-09, 2.57059462605e-09, 5.25001986329e-10, 3.14062914564e-10, 2.21964058245e-10, 9.39786581888e-11, 9.574515486e-11, 1.80934725535e-10, 2.25628946082e-10, 1.00195372832e-10, 6.44818642925e-11, 2.64373696546e-11, 1.45838289362e-11],
        "max": [0.0337891355157, 0.0225928220898, 0.0142234768718, 0.011079848744, 0.0158041752875, 0.00275683309883, 0.00206076493487, 0.00172880361788, 0.00208068080246, 0.000903951353393, 0.000971805478912, 0.00053105247207, 0.000336570636136, 0.000520067871548, 0.000384231971111, 0.000846923154313, 0.000204715324799, 0.000181870709639, 0.000326429610141, 0.00027529426734, 0.000170400118805, 0.000211156817386, 0.000138790855999, 0.000202911978704, 0.000200210546609, 0.000193703614059, 0.000227546683163, 0.000276874954579, 0.0002068739268, 8.90830415301e-05, 8.31915967865e-05, 6.24907552265e-05, 7.24027049728e-05, 9.93709545583e-05, 0.000165849123732, 0.000194483538507, 0.000126398808789, 8.6767366156e-05, 4.51445521321e-05, 3.28669375449e-05],
        "mean": [0.00221981713548, 0.00139564543497, 0.000634473341051, 0.000915968848858, 0.000540110806469, 0.000135740963742, 0.000158428854775, 9.69709726633e-05, 0.000152238906594, 7.78139583417e-05, 5.4654377891e-05, 1.74773758772e-05, 1.95858974621e-05, 2.18902441702e-05, 2.51756446232e-05, 1.32847226268e-05, 9.58341024671e-06, 1.02714120658e-05, 1.15432749226e-05, 1.1127527614e-05, 8.00107955001e-06, 1.16377341328e-05, 1.14868544188e-05, 1.3269504052e-05, 1.34401425385e-05, 1.53328019223e-05, 1.30999287649e-05, 9.06994318939e-06, 5.73890338273e-06, 3.15573402077e-06, 2.59361172539e-06, 2.75655429505e-06, 2.87753687189e-06, 3.09034408019e-06, 4.25624784839e-06, 5.25687573827e-06, 4.28215980719e-06, 3.11844837597e-06, 1.9481592517e-06, 1.25332439893e-06],
        "median": [0.000161121162819, 0.000420588767156, 0.000198167486815, 0.000383379490813, 3.61505699402e-05, 5.85620909987e-05, 6.90552260494e-05, 2.56209441432e-05, 4.66286364826e-05, 2.67258346867e-05, 1.65123710758e-05, 6.52965036352e-06, 6.93771653459e-06, 6.26278097116e-06, 7.70735096012e-06, 3.65307255379e-06, 3.44615091308e-06, 2.95917789117e-06, 1.94019594346e-06, 2.04179195862e-06, 2.19170397031e-06, 3.29777594743e-06, 4.2307460717e-06, 5.7189540712e-06, 5.17131866218e-06, 3.47006130141e-06, 3.44486352333e-06, 1.35267021051e-06, 5.97427856519e-07, 4.38811724734e-07, 2.93890707326e-07, 4.68688256205e-07, 6.6568082957e-07, 6.06802245784e-07, 9.11084896416e-07, 1.50398909682e-06, 1.36854180255e-06, 9.65109165918e-07, 3.4633316659e-07, 3.03304432236e-07],
        "min": [1.81930870369e-09, 3.3246303488e-09, 2.15310635099e-07, 6.97169539876e-08, 6.09074959357e-08, 1.30614395744e-07, 2.07972775002e-07, 1.02006858071e-07, 3.30889292854e-07, 6.91781778528e-08, 5.04309483063e-08, 4.53890542929e-08, 4.59553959331e-08, 4.44185879189e-08, 5.56477388614e-08, 3.88181931044e-08, 2.17508784317e-08, 2.94230932951e-08, 2.09378505645e-08, 1.70030460822e-08, 1.82417387862e-08, 1.1082436302e-08, 1.30147554955e-08, 9.4580139276e-09, 8.25072188348e-09, 5.45386624751e-09, 3.20565729517e-09, 3.56188661899e-10, 1.74709524625e-10, 4.71729322271e-10, 1.15192529127e-10, 2.91171709139e-12, 2.21709959419e-11, 2.97350442879e-11, 7.64437558393e-12, 4.49037161621e-12, 3.34997871457e-12, 1.17685960803e-12, 2.65176928674e-14, 4.75755434939e-14],
