{
"highlevel": {
    "danceability": {
        "all": {
            "danceable": 0.232793673873,
            "not_danceable": 0.767206311226
        },
        "probability": 0.767206311226,
        "value": "not_danceable"
    },
    "gender": {
        "all": {
            "female": 0.613339543343,
            "male": 0.386660456657
        },
        "probability": 0.613339543343,
        "value": "female"
    },
    "genre_dortmund": {
        "all": {
            "alternative": 0.006370567251,
            "blues": 0.0134902512655,
            "electronic": 0.196256801486,
            "folkcountry": 0.0243884250522,
            "funksoulrnb": 0.0151063799858,
            "jazz": 0.648416638374,
            "pop": 0.00619209371507,
            "raphiphop": 0.0797784850001,
            "rock": 0.0100003536791
        },
        "probability": 0.648416638374,
        "value": "jazz"
    },
    "genre_electronic": {
        "all": {
            "ambient": 0.52921050787,
            "dnb": 0.00893479771912,
            "house": 0.384048044682,
            "techno": 0.0682100132108,
            "trance": 0.00959662534297
        },
        "probability": 0.52921050787,
        "value": "ambient"
    },
    "genre_rosamerica": {
        "all": {
            "cla": 0.346966892481,
            "dan": 0.0156308636069,
            "hip": 0.167557895184,
            "jaz": 0.0753527581692,
            "pop": 0.0188088100404,
            "rhy": 0.298764824867,
            "roc": 0.0128307770938,
            "spe": 0.0640871673822
        },
        "probability": 0.346966892481,
        "value": "cla"
    },
    "genre_tzanetakis": {
        "all": {
            "blu": 0.560044229031,
            "cla": 0.120683483779,
            "cou": 0.0492761470377,
            "dis": 0.0317908339202,
            "hip": 0.0615660510957,
            "jaz": 0.0297027602792,
            "met": 0.00511012226343,
            "pop": 0.0133408037946,
            "reg": 0.084133207798,
            "roc": 0.0443523675203
        },
        "probability": 0.560044229031,
        "value": "blu"
    },
    "ismir04_rhythm": {
        "all": {
            "ChaChaCha": 0.00421663979068,
            "Jive": 0.00077767833136,
            "Quickstep": 0.00228002876975,
            "Rumba-American": 0.00558302085847,
            "Rumba-International": 0.832538425922,
            "Rumba-Misc": 0.0241923052818,
            "Samba": 0.00138202833477,
            "Tango": 0.00105624494608,
            "VienneseWaltz": 0.0497488491237,
            "Waltz": 0.0782248079777
        },
        "probability": 0.832538425922,
        "value": "Rumba-International"
    },
    "mood_acoustic": {
        "all": {
            "acoustic": 0.465052008629,
            "not_acoustic": 0.534947991371
        },
        "probability": 0.534947991371,
        "value": "not_acoustic"
    },
    "mood_aggressive": {
        "all": {
            "aggressive": 0.180378839374,
            "not_aggressive": 0.819621145725
        },
        "probability": 0.819621145725,
        "value": "not_aggressive"
    },
    "mood_electronic": {
        "all": {
            "electronic": 0.786849737167,
            "not_electronic": 0.21315023303
        },
        "probability": 0.786849737167,
        "value": "electronic"
    },
    "mood_happy": {
        "all": {
            "happy": 0.0558205619454,
            "not_happy": 0.944179415703
        },
        "probability": 0.944179415703,
        "value": "not_happy"
    },
    "mood_party": {
        "all": {
            "not_party": 0.967027962208,
            "party": 0.0329720489681
        },
        "probability": 0.967027962208,
        "value": "not_party"
    },
    "mood_relaxed": {
        "all": {
            "not_relaxed": 0.096511349082,
            "relaxed": 0.903488636017
        },
        "probability": 0.903488636017,
        "value": "relaxed"
    },
    "mood_sad": {
        "all": {
            "not_sad": 0.533293843269,
            "sad": 0.466706156731
        },
        "probability": 0.533293843269,
        "value": "not_sad"
    },
    "moods_mirex": {
        "all": {
            "Cluster1": 0.125118225813,
            "Cluster2": 0.0749936848879,
            "Cluster3": 0.697328031063,
            "Cluster4": 0.0763693749905,
            "Cluster5": 0.0261906944215
        },
        "probability": 0.697328031063,
        "value": "Cluster3"
    },
    "timbre": {
        "all": {
            "bright": 0.0284945331514,
            "dark": 0.971505463123
        },
        "probability": 0.971505463123,
        "value": "dark"
    },
    "tonal_atonal": {
        "all": {
            "atonal": 0.378714352846,
            "tonal": 0.621285676956
        },
        "probability": 0.621285676956,
        "value": "tonal"
    },
    "voice_instrumental": {
        "all": {
            "instrumental": 1,
            "voice": 1.46550497432e-11
        },
        "probability": 1,
        "value": "instrumental"
    }
},
"lowlevel": {
    "average_loudness": 0.950917720795,
    "barkbands_crest": {
        "dmean": 2.76992344856,
        "dmean2": 4.45250272751,
        "dvar": 6.63573551178,
        "dvar2": 15.5988178253,
        "max": 25.8986339569,
        "mean": 12.8377046585,
        "median": 11.4265680313,
        "min": 4.39833068848,
        "var": 26.9498443604
    },
    "barkbands_flatness_db": {
        "dmean": 0.0365821868181,
        "dmean2": 0.0562133267522,
        "dvar": 0.001677128952,
        "dvar2": 0.00329696154222,
        "max": 0.685986578465,
        "mean": 0.399038553238,
        "median": 0.396454721689,
        "min": 0.163999453187,
        "var": 0.0101852864027
    },
    "barkbands_kurtosis": {
        "dmean": 14.1067609787,
        "dmean2": 22.1075401306,
        "dvar": 2291.08203125,
        "dvar2": 5242.32519531,
        "max": 722.117736816,
        "mean": 25.2735347748,
        "median": 3.30704879761,
        "min": -1.59983110428,
        "var": 7656.78271484
    },
    "barkbands_skewness": {
        "dmean": 0.898168981075,
        "dmean2": 1.35618281364,
        "dvar": 1.84263837337,
        "dvar2": 3.56230020523,
        "max": 19.9317111969,
        "mean": 2.04380869865,
        "median": 1.33903777599,
        "min": -1.3957477808,
        "var": 9.25347232819
    },
    "barkbands_spread": {
        "dmean": 1.89699292183,
        "dmean2": 2.83342790604,
        "dvar": 11.341802597,
        "dvar2": 24.5754432678,
        "max": 42.8217315674,
        "mean": 4.89433574677,
        "median": 3.54921340942,
        "min": 0.0922113209963,
        "var": 29.7615737915
    },
    "dissonance": {
        "dmean": 0.0553862974048,
        "dmean2": 0.0917504280806,
        "dvar": 0.00279198330827,
        "dvar2": 0.00727462768555,
        "max": 0.497325539589,
        "mean": 0.339879930019,
        "median": 0.347411483526,
        "min": 0.0975951626897,
        "var": 0.00810574926436
    },
    "dynamic_complexity": 3.69721221924,
    "erbbands_crest": {
        "dmean": 2.9099085331,
        "dmean2": 4.99276447296,
        "dvar": 7.09112358093,
        "dvar2": 19.6826457977,
        "max": 29.5053653717,
        "mean": 12.7526264191,
        "median": 12.2314834595,
        "min": 4.16767168045,
        "var": 21.5787830353
    },
    "erbbands_flatness_db": {
        "dmean": 0.0233854018152,
        "dmean2": 0.0376981236041,
        "dvar": 0.000709059997462,
        "dvar2": 0.00149147212505,
        "max": 0.443196415901,
        "mean": 0.327117592096,
        "median": 0.327883303165,
        "min": 0.108151227236,
        "var": 0.00275204144418
    },
    "erbbands_kurtosis": {
        "dmean": 3.88836622238,
        "dmean2": 6.37327766418,
        "dvar": 55.5458030701,
        "dvar2": 138.635498047,
        "max": 110.816452026,
        "mean": 5.85358524323,
        "median": 2.81198263168,
        "min": -1.7993683815,
        "var": 90.5125808716
    },
    "erbbands_skewness": {
        "dmean": 0.621364891529,
        "dmean2": 0.920964539051,
        "dvar": 0.540676534176,
        "dvar2": 1.09889924526,
        "max": 8.51163101196,
        "mean": 1.01158714294,
        "median": 0.825349271297,
        "min": -2.15202522278,
        "var": 2.12191653252
    },
    "erbbands_spread": {
        "dmean": 5.30917549133,
        "dmean2": 7.99241447449,
        "dvar": 84.2067871094,
        "dvar2": 164.096054077,
        "max": 87.5913543701,
        "mean": 14.9049825668,
        "median": 9.48214149475,
        "min": 1.68066954613,
        "var": 253.015060425
    },
    "hfc": {
        "dmean": 4.66632843018,
        "dmean2": 6.77643299103,
        "dvar": 161.200836182,
        "dvar2": 366.144104004,
        "max": 102.966575623,
        "mean": 6.87537002563,
        "median": 2.36527562141,
        "min": 0.240088418126,
        "var": 188.626800537
    },
    "melbands_crest": {
        "dmean": 3.04649066925,
        "dmean2": 4.93126678467,
        "dvar": 8.71496868134,
        "dvar2": 21.2216205597,
        "max": 34.5604896545,
        "mean": 15.4681081772,
        "median": 14.4878406525,
        "min": 5.71223449707,
        "var": 33.2583999634
    },
    "melbands_flatness_db": {
        "dmean": 0.0418220832944,
        "dmean2": 0.0606792382896,
        "dvar": 0.00235564634204,
        "dvar2": 0.00447878427804,
        "max": 0.820109307766,
        "mean": 0.502774178982,
        "median": 0.500413954258,
        "min": 0.216266334057,
        "var": 0.0154349142686
    },
    "melbands_kurtosis": {
        "dmean": 8.57894039154,
        "dmean2": 12.4157142639,
        "dvar": 477.624816895,
        "dvar2": 1001.39337158,
        "max": 598.671691895,
        "mean": 18.137720108,
        "median": 5.25853633881,
        "min": -1.54387521744,
        "var": 2252.9855957
    },
    "melbands_skewness": {
        "dmean": 0.709963560104,
        "dmean2": 1.09099471569,
        "dvar": 0.680403232574,
        "dvar2": 1.49376034737,
        "max": 16.6391925812,
        "mean": 1.98068892956,
        "median": 1.65650212765,
        "min": -1.09324836731,
        "var": 3.00132966042
    },
    "melbands_spread": {
        "dmean": 1.78107976913,
        "dmean2": 2.73214530945,
        "dvar": 8.67040061951,
        "dvar2": 20.7803535461,
        "max": 42.7914619446,
        "mean": 5.46779346466,
        "median": 4.75809955597,
        "min": 0.279834508896,
        "var": 23.5508289337
    },
    "pitch_salience": {
        "dmean": 0.0888381749392,
        "dmean2": 0.141830697656,
        "dvar": 0.00648310221732,
        "dvar2": 0.0169617626816,
        "max": 0.826433241367,
        "mean": 0.491070181131,
        "median": 0.519624650478,
        "min": 0.0424770265818,
        "var": 0.025970119983
    },
    "silence_rate_20dB": {
        "dmean": 0.0417956672609,
        "dmean2": 0.0836560800672,
        "dvar": 0.0400489754975,
        "dvar2": 0.0936982631683,
        "max": 1,
        "mean": 0.96674400568,
        "median": 1,
        "min": 0,
        "var": 0.0321502462029
    },
    "silence_rate_30dB": {
        "dmean": 0.0866873040795,
        "dmean2": 0.173508912325,
        "dvar": 0.079172745347,
        "dvar2": 0.168191030622,
        "max": 1,
        "mean": 0.883990705013,
        "median": 1,
        "min": 0,
        "var": 0.102551266551
    },
    "silence_rate_60dB": {
        "dmean": 0.0417956672609,
        "dmean2": 0.0836560800672,
        "dvar": 0.0400490015745,
        "dvar2": 0.106091298163,
        "max": 1,
        "mean": 0.048723898828,
        "median": 0,
        "min": 0,
        "var": 0.0463499687612
    },
    "spectral_centroid": {
        "dmean": 114.79183197,
        "dmean2": 170.833358765,
        "dvar": 51209.4609375,
        "dvar2": 111886.4375,
        "max": 2504.72900391,
        "mean": 426.355377197,
        "median": 344.787261963,
        "min": 86.3774642944,
        "var": 127273.117188
    },
    "spectral_complexity": {
        "dmean": 1.86068105698,
        "dmean2": 2.67776918411,
        "dvar": 21.8614711761,
        "dvar2": 31.9193992615,
        "max": 50,
        "mean": 7.9853053093,
        "median": 7,
        "min": 2,
        "var": 47.1900177002
    },
    "spectral_decrease": {
        "dmean": 7.65603314079e-09,
        "dmean2": 1.0129865835e-08,
        "dvar": 3.21617113053e-16,
        "dvar2": 5.65027409389e-16,
        "max": -3.66364050208e-10,
        "mean": -1.11903579736e-08,
        "median": -2.62552712904e-09,
        "min": -1.51950914073e-07,
        "var": 6.11996762743e-16
    },
    "spectral_energy": {
        "dmean": 0.029312286526,
        "dmean2": 0.0388221926987,
        "dvar": 0.00467970222235,
        "dvar2": 0.0082474751398,
        "max": 0.577626764774,
        "mean": 0.0428585782647,
        "median": 0.0102044967934,
        "min": 0.00141625723336,
        "var": 0.00887648575008
    },
    "spectral_energyband_high": {
        "dmean": 3.27379675582e-05,
        "dmean2": 4.31346670666e-05,
        "dvar": 1.69307767806e-08,
        "dvar2": 3.29835714297e-08,
        "max": 0.00133596442174,
        "mean": 3.75941745006e-05,
        "median": 3.71288820133e-07,
        "min": 4.96954015716e-08,
        "var": 2.53976111253e-08
    },
    "spectral_energyband_low": {
        "dmean": 0.0243064779788,
        "dmean2": 0.0311546940356,
        "dvar": 0.00445766514167,
        "dvar2": 0.00747414585203,
        "max": 0.574785888195,
        "mean": 0.034153919667,
        "median": 0.00406351545826,
        "min": 0.00014054994972,
        "var": 0.00853853486478
    },
    "spectral_energyband_middle_high": {
        "dmean": 0.00053673813818,
        "dmean2": 0.000798791996203,
        "dvar": 5.3560474953e-06,
        "dvar2": 1.23012059703e-05,
        "max": 0.0196051429957,
        "mean": 0.000595466466621,
        "median": 4.12037807109e-05,
        "min": 1.14171747612e-07,
        "var": 5.75254125579e-06
    },
    "spectral_energyband_middle_low": {
        "dmean": 0.00780680449679,
        "dmean2": 0.0127992285416,
        "dvar": 0.000550860597286,
        "dvar2": 0.00140154117253,
        "max": 0.201251626015,
        "mean": 0.00959065370262,
        "median": 0.00457041105255,
        "min": 0.000304681336274,
        "var": 0.000440515665105
    },
    "spectral_entropy": {
        "dmean": 0.281751602888,
        "dmean2": 0.428417921066,
        "dvar": 0.138755112886,
        "dvar2": 0.270720273256,
        "max": 7.69704294205,
        "mean": 5.59679555893,
        "median": 5.48391723633,
        "min": 4.15218448639,
        "var": 0.527571022511
    },
    "spectral_flux": {
        "dmean": 0.0458004586399,
        "dmean2": 0.0726331323385,
        "dvar": 0.00659229792655,
        "dvar2": 0.0161679238081,
        "max": 0.546030163765,
        "mean": 0.0829988047481,
        "median": 0.0387629307806,
        "min": 0.00468621170148,
        "var": 0.0112968320027
    },
    "spectral_kurtosis": {
        "dmean": 24.7232875824,
        "dmean2": 40.3845443726,
        "dvar": 907.530639648,
        "dvar2": 2191.29345703,
        "max": 305.827728271,
        "mean": 57.6945953369,
        "median": 48.9305801392,
        "min": -0.916339635849,
        "var": 2197.81079102
    },
    "spectral_rms": {
        "dmean": 0.00149972934742,
        "dmean2": 0.00199753907509,
        "dvar": 6.91263130648e-06,
        "dvar2": 1.13935402624e-05,
        "max": 0.0237389616668,
        "mean": 0.004772529006,
        "median": 0.00315525056794,
        "min": 0.00117546343245,
        "var": 1.90361624846e-05
    },
    "spectral_rolloff": {
        "dmean": 110.448944092,
        "dmean2": 192.09677124,
        "dvar": 113514.28125,
        "dvar2": 308820.5625,
        "max": 3186.9140625,
        "mean": 393.524810791,
        "median": 366.064453125,
        "min": 64.599609375,
        "var": 115426.335938
    },
    "spectral_skewness": {
        "dmean": 1.44503986835,
        "dmean2": 2.27611756325,
        "dvar": 2.30524039268,
        "dvar2": 4.85886907578,
        "max": 14.5225448608,
        "mean": 5.426861763,
        "median": 5.4541182518,
        "min": -0.211362287402,
        "var": 8.43552494049
    },
    "spectral_spread": {
        "dmean": 447503.84375,
        "dmean2": 755502.625,
        "dvar": 283787624448,
        "dvar2": 549136072704,
        "max": 10963844,
        "mean": 1665734.75,
        "median": 1465458.25,
        "min": 362632.3125,
        "var": 664807997440
    },
    "spectral_strongpeak": {
        "dmean": 0.285749346018,
        "dmean2": 0.458965986967,
        "dvar": 0.145864889026,
        "dvar2": 0.319502830505,
        "max": 2.73354053497,
        "mean": 0.496168106794,
        "median": 0.327828973532,
        "min": 0.0276806037873,
        "var": 0.23663957417
    },
    "zerocrossingrate": {
        "dmean": 0.00316475797445,
        "dmean2": 0.00350382458419,
        "dvar": 1.81147552212e-05,
        "dvar2": 1.71970132214e-05,
        "max": 0.06689453125,
        "mean": 0.0152738001198,
        "median": 0.013671875,
        "min": 0.00146484375,
        "var": 0.000117921394121
    },
    "barkbands": {
        "dmean": [0.000254235434113, 0.0218157786876, 0.00486708711833, 0.00263079558499, 0.0041547594592, 0.000491689424962, 0.00112974655349, 0.000196128850803, 9.36896030908e-05, 6.06274843449e-05, 5.31318937647e-06, 3.81560275855e-05, 2.36078612943e-05, 1.4270192878e-05, 1.95242428163e-05, 6.94479167578e-05, 5.5402648286e-05, 0.000145075158798, 0.000112794987217, 6.51693189866e-05, 8.10855271993e-06, 5.24539927937e-07, 8.22569674597e-08, 3.3754087525e-08, 2.58494470273e-08, 5.65178215339e-09, 2.94779911592e-09],
        "dmean2": [0.000268498988589, 0.0283479038626, 0.00732931215316, 0.00431167520583, 0.00726541317999, 0.000817483582068, 0.00208977074362, 0.000324672553688, 0.000146949227201, 0.000110411521746, 7.74107684265e-06, 5.8661953517e-05, 3.97059920942e-05, 1.94796230062e-05, 2.99946314044e-05, 0.000108896427264, 8.38079504319e-05, 0.00021885948081, 0.000179671638762, 9.23157058423e-05, 1.11517556434e-05, 7.65417382809e-07, 1.37672046208e-07, 5.79356260744e-08, 4.14540970439e-08, 8.22309864645e-09, 4.87365081625e-09],
        "dvar": [3.65719301954e-07, 0.00402629887685, 0.000193345695152, 6.53676543152e-05, 0.000278460734989, 9.11957613425e-07, 1.68004426087e-05, 5.61615365768e-07, 8.54675761275e-08, 9.12676725306e-08, 3.25040216964e-10, 1.651728887e-08, 1.12735962787e-08, 2.59066812447e-09, 7.47981765414e-09, 1.06068469563e-07, 6.63633414888e-08, 4.41183942712e-07, 2.6520936558e-07, 6.91279922194e-08, 9.11480058097e-10, 3.30671189215e-12, 5.59253672831e-14, 1.5164388503e-14, 8.00663737919e-15, 6.13059450278e-15, 5.62748361365e-16],
        "dvar2": [4.09878452956e-07, 0.00709606986493, 0.000426580110798, 0.000162839263794, 0.000724337412976, 2.05060950975e-06, 4.9093781854e-05, 1.4483484847e-06, 2.29773192473e-07, 2.63622638386e-07, 5.29645605152e-10, 4.1304652143e-08, 3.01846441175e-08, 5.24862775464e-09, 1.40575631136e-08, 2.4624361572e-07, 1.64918645851e-07, 1.00909971934e-06, 6.63353773689e-07, 1.35407518087e-07, 1.53660817404e-09, 7.09058853299e-12, 1.39461765703e-13, 3.79278517772e-14, 1.73418882878e-14, 6.25916648088e-15, 6.24438088551e-16],
        "max": [0.0059700794518, 0.530248343945, 0.12482611835, 0.081880569458, 0.16047732532, 0.0109866037965, 0.0381262563169, 0.00814174395055, 0.0039448812604, 0.00260027241893, 0.000413547706557, 0.00131756917108, 0.00114788895007, 0.000579585961532, 0.000770828919485, 0.00296955369413, 0.00242553278804, 0.00589710660279, 0.00478224735707, 0.00260225287639, 0.000312086427584, 2.15508316614e-05, 3.27361294694e-06, 2.22445464715e-06, 1.70928831267e-06, 2.69273914455e-06, 7.98852454409e-07],
        "mean": [0.000411370245274, 0.0262833498418, 0.00595095381141, 0.00254079769365, 0.00380144431256, 0.00134031556081, 0.00137186725624, 0.000289412389975, 0.000227620039368, 5.08850353071e-05, 1.72706186277e-05, 6.87264764565e-05, 2.61626100837e-05, 1.92838524526e-05, 2.35824645642e-05, 5.9916790633e-05, 5.05071802763e-05, 0.000132309069159, 0.00011266018555, 6.9462992542e-05, 9.97813458525e-06, 5.8383227497e-07, 8.50570671673e-08, 4.61992257783e-08, 4.44603678318e-08, 4.80043382822e-09, 2.39141950686e-09],
        "median": [1.25959759316e-05, 0.00219641928561, 0.000973609567154, 0.000579068844672, 0.00104417861439, 0.000593600096181, 0.000530761666596, 7.50001127017e-05, 7.62589916121e-05, 3.19981495522e-06, 1.93278674487e-06, 3.56424607162e-06, 7.25884319763e-07, 3.48709164655e-07, 4.91823698212e-07, 3.76209612796e-07, 2.38569413114e-07, 4.19759174974e-07, 3.81331574317e-07, 3.48471587586e-07, 1.13521466005e-07, 3.26442624043e-08, 2.13094324408e-08, 2.04572163653e-08, 1.76893255599e-08, 2.70799022095e-10, 2.76802525345e-10],
        "min": [5.9946295039e-08, 9.19719877857e-06, 1.50250261868e-05, 4.47883667221e-06, 4.14437163272e-05, 3.99779264626e-06, 3.29538295318e-07, 3.56640782684e-07, 1.94738149162e-07, 1.1460990379e-08, 1.53186174856e-09, 4.62457450112e-09, 1.8089738596e-09, 4.53329196404e-09, 1.4190478792e-09, 3.65449293049e-09, 2.75700995367e-09, 6.33780095072e-09, 8.29992252704e-09, 1.21327117242e-08, 7.94518228986e-09, 5.77294079207e-09, 5.44626788113e-09, 5.8195825936e-09, 1.20325704955e-09, 1.1903149473e-11, 1.70811594036e-11],
        "var": [1.22324945551e-06, 0.00631396844983, 0.000258158950601, 5.43619062228e-05, 0.000200486858375, 3.07183904624e-06, 1.13771784527e-05, 5.35005654001e-07, 1.34769550186e-07, 5.86953241566e-08, 1.99640282084e-09, 2.52311167515e-08, 9.97057192365e-09, 3.49991680082e-09, 1.00941965897e-08, 1.00478587228e-07, 6.3882517054e-08, 4.57603562154e-07, 2.78182369584e-07, 9.40601836419e-08, 1.58847712761e-09, 4.4974649005e-12, 4.84730697692e-14, 1.10250240401e-14, 8.53507158883e-15, 6.11355728208e-15, 5.56519069313e-16]
    },
    "erbbands": {
        "dmean": [0.328994452953, 5.79428863525, 7.6656627655, 6.87695074081, 13.920124054, 12.7574090958, 3.3683359623, 5.5657377243, 12.3905992508, 13.6419115067, 3.48617243767, 1.85932910442, 2.49175405502, 0.967433691025, 0.511288404465, 1.42689573765, 1.10389745235, 0.843909084797, 1.00842285156, 1.55308449268, 4.10702848434, 3.53332018852, 7.79590511322, 6.00063276291, 5.65878105164, 2.97497344017, 0.682552337646, 0.174890711904, 0.0260021872818, 0.00567198544741, 0.00199193763547, 0.0009209960117, 0.000527776312083, 0.000397400959628, 0.000137841168907, 3.27424568241e-05, 1.7122074496e-05, 3.01332943309e-06, 1.33451976581e-05, 3.19736282108e-05],
        "dmean2": [0.464342415333, 7.54184484482, 12.623046875, 10.5717735291, 24.5940284729, 21.8628940582, 5.39574289322, 9.81063938141, 22.9993515015, 24.6556377411, 5.64162492752, 3.05242371559, 4.21951770782, 1.67081785202, 0.726148426533, 2.30334281921, 1.83723568916, 1.24621975422, 1.42377614975, 2.21969223022, 6.25936889648, 5.37872409821, 12.0193300247, 9.72929573059, 8.31071567535, 4.10913276672, 0.998065888882, 0.224243611097, 0.0361455231905, 0.0086007937789, 0.00332117662765, 0.00158252858091, 0.000877929502167, 0.000631425296888, 0.000223685448873, 4.70393024443e-05, 2.15911786654e-05, 4.31192847827e-06, 1.76248795469e-05, 4.23929923272e-05],
        "dvar": [0.779082298279, 295.626800537, 493.708251953, 492.54083252, 2658.30712891, 2191.76660156, 89.2170791626, 127.053733826, 3320.57739258, 1321.80712891, 145.373550415, 40.6391448975, 97.6669692993, 18.9844017029, 1.66634917259, 32.4896316528, 25.8426952362, 9.82533931732, 18.3518791199, 44.9818458557, 357.891113281, 267.660491943, 1328.83886719, 672.353942871, 599.681213379, 146.52456665, 7.06017065048, 0.40620881319, 0.00781052466482, 0.00026800998603, 3.16844962072e-05, 8.74371653481e-06, 3.9196202124e-06, 1.78607933776e-06, 2.20673754825e-07, 4.13524432474e-08, 3.72984523267e-08, 9.26121235256e-10, 9.41448474734e-10, 5.5149476097e-09],
        "dvar2": [1.44891214371, 524.123291016, 1072.24975586, 1101.60961914, 7022.83984375, 5788.85449219, 191.44694519, 351.276733398, 9698.43457031, 3829.11279297, 369.00302124, 105.380897522, 284.480926514, 53.6034431458, 3.32642793655, 85.9101715088, 68.4380950928, 23.3655471802, 33.3613166809, 88.5714263916, 806.013916016, 654.56237793, 3145.95898438, 1654.05944824, 1301.86645508, 313.150665283, 11.8171205521, 0.666014790535, 0.0139845544472, 0.000552619574592, 7.81318813097e-05, 2.26092197408e-05, 9.28454119276e-06, 3.96985160478e-06, 4.67375770086e-07, 4.93208744956e-08, 3.79091424918e-08, 9.54034518053e-10, 1.64947355774e-09, 9.76106662165e-09],
        "max": [7.27395820618, 141.245071411, 166.21282959, 201.303543091, 443.787628174, 483.444366455, 97.8980941772, 141.382751465, 563.892944336, 365.994506836, 142.484558105, 72.5277481079, 89.4858093262, 38.6352920532, 25.506603241, 55.951789856, 53.3601760864, 30.7728633881, 39.6719093323, 65.1181335449, 167.578842163, 145.673950195, 325.209106445, 236.459259033, 208.973724365, 124.122879028, 24.3038063049, 7.41837310791, 0.903043627739, 0.15636152029, 0.0811440199614, 0.052767496556, 0.0338468104601, 0.024697503075, 0.00903165806085, 0.00632820138708, 0.00672750966623, 0.00103125208989, 0.000256109662587, 0.000623553700279],
        "mean": [0.450148075819, 6.77344417572, 9.71660709381, 7.98621845245, 11.4002075195, 12.8760271072, 7.84376001358, 12.3285579681, 15.2743406296, 19.0825309753, 5.78272724152, 3.83004498482, 4.0615105629, 1.2333086729, 1.42816972733, 1.98051333427, 1.21629345417, 1.15194118023, 1.2487527132, 1.56049716473, 3.65683150291, 3.19755911827, 6.79080104828, 6.03217363358, 5.50872993469, 3.13634991646, 0.866581857204, 0.207948386669, 0.0313694663346, 0.00664421077818, 0.00218026759103, 0.00113506056368, 0.00079895631643, 0.000694828398991, 0.000232551668887, 4.17816845584e-05, 2.18148015847e-05, 3.41652548741e-06, 1.96356486413e-05, 4.6778604883e-05],
        "median": [0.0347192138433, 0.553815364838, 1.32471203804, 1.62412917614, 1.98158633709, 4.28132295609, 3.66249132156, 5.34710168839, 6.109582901, 9.10424041748, 1.5225508213, 1.27476537228, 1.03684103489, 0.213131889701, 0.199569925666, 0.132341340184, 0.0603808686137, 0.022487629205, 0.0315382257104, 0.0296059623361, 0.0218584090471, 0.0197973977774, 0.0249445512891, 0.0193866994232, 0.0221292544156, 0.0159657206386, 0.00659107835963, 0.00305168610066, 0.00131830410101, 0.000822243571747, 0.000611105584539, 0.000451367144706, 0.000368729059119, 0.000273559766356, 0.000106133928057, 1.16627352327e-05, 3.9766109694e-06, 6.25479117389e-07, 4.79642085338e-06, 1.12815605462e-05],
        "min": [0.000128318133648, 0.00583994714543, 0.0588660351932, 0.0649985000491, 0.0930203124881, 0.111227929592, 0.0544879101217, 0.0262050926685, 0.0290457196534, 0.0294500924647, 0.00820785108954, 0.00410154601559, 0.00195302313659, 0.000343112711562, 0.000149245504872, 0.000311812997097, 0.000190847087651, 0.000219522815314, 0.000311691692332, 0.000224562478252, 0.00027970346855, 0.000243375689024, 0.000292060722131, 0.000348677189322, 0.000615756900515, 0.000555834325496, 0.000429924984928, 0.000270721531706, 0.000225782801863, 0.000163420598255, 0.000169233855559, 8.91535892151e-05, 0.000123797653941, 4.29707106377e-05, 1.44833020386e-05, 2.20978654397e-06, 5.19613877259e-07, 6.18134023966e-08, 6.72815815506e-07, 1.5613971982e-06],
        "var": [1.41987621784, 446.943634033, 709.129943848, 512.463378906, 1866.61096191, 1563.76281738, 142.738754272, 287.750793457, 2047.82348633, 1126.86169434, 157.48651123, 46.4074897766, 78.8905258179, 14.6947202682, 7.201379776, 29.2831802368, 22.1825294495, 10.8054447174, 26.8297710419, 54.4753074646, 358.128753662, 258.432189941, 1271.74780273, 764.825317383, 692.826904297, 190.049118042, 12.3653554916, 0.709188222885, 0.0130283711478, 0.000389829830965, 2.87558468699e-05, 6.46264379611e-06, 3.08963626594e-06, 1.98101565729e-06, 2.05161811095e-07, 4.1279960783e-08, 3.77096895932e-08, 9.30997168247e-10, 1.77877534924e-09, 1.04102095833e-08]
    },
    "gfcc": {
        "mean": [-209.880081177, 215.239456177, -55.5007362366, 28.3961391449, -48.6026878357, -21.4508228302, -15.4478158951, -1.29660892487, -9.05186653137, -7.49865865707, 7.12666368484, -20.8207035065, 4.80375003815],
        "cov": [[4678.92236328, -528.202209473, -2586.12207031, 522.069152832, 604.477844238, -548.597595215, 48.1057662964, -168.936767578, -256.143798828, 81.4759216309, -106.617080688, 32.6091346741, -60.8927764893], [-528.202209473, 468.937255859, 329.844055176, -628.208557129, -192.940887451, 261.915344238, -98.1676254272, -43.6953201294, 40.5063858032, -51.4564704895, 26.6488037109, 2.13953137398, 2.30994343758], [-2586.12207031, 329.844055176, 2766.06347656, -68.9463119507, -7.27470302582, 328.446716309, 221.01322937, 208.6847229, 285.180847168, 9.25255012512, 12.2666692734, 24.3631019592, 16.7215232849], [522.069152832, -628.208557129, -68.9463119507, 1267.35766602, 476.058380127, -583.480834961, 141.61907959, 81.4506072998, 22.5829334259, 54.3790168762, -69.5277709961, 20.5560932159, 31.6017684937], [604.477844238, -192.940887451, -7.27470302582, 476.058380127, 625.344543457, -62.4166564941, 12.4159088135, -54.7404441833, 13.1779069901, 65.6765213013, -28.1961097717, 41.5652770996, 26.8670120239], [-548.597595215, 261.915344238, 328.446716309, -583.480834961, -62.4166564941, 597.809509277, 13.0037155151, -80.9234161377, -34.1670265198, 7.61987924576, 77.1934661865, -3.61234426498, -5.32576990128], [48.1057662964, -98.1676254272, 221.01322937, 141.61907959, 12.4159088135, 13.0037155151, 400.685211182, 137.445648193, -31.3670024872, 12.4886445999, 4.95609474182, -9.28253173828, -68.4461898804], [-168.936767578, -43.6953201294, 208.6847229, 81.4506072998, -54.7404441833, -80.9234161377, 137.445648193, 167.570465088, 60.1328239441, -2.91938948631, -6.19668197632, -0.164883166552, -3.93895792961], [-256.143798828, 40.5063858032, 285.180847168, 22.5829334259, 13.1779069901, -34.1670265198, -31.3670024872, 60.1328239441, 155.682159424, 39.5231971741, -26.4859256744, -4.17235374451, 12.8416156769], [81.4759216309, -51.4564704895, 9.25255012512, 54.3790168762, 65.6765213013, 7.61987924576, 12.4886445999, -2.91938948631, 39.5231971741, 83.6242599487, 19.6903972626, -7.0655875206, 0.850704967976], [-106.617080688, 26.6488037109, 12.2666692734, -69.5277709961, -28.1961097717, 77.1934661865, 4.95609474182, -6.19668197632, -26.4859256744, 19.6903972626, 80.5316314697, 35.9613037109, 20.6258049011], [32.6091346741, 2.13953137398, 24.3631019592, 20.5560932159, 41.5652770996, -3.61234426498, -9.28253173828, -0.164883166552, -4.17235374451, -7.0655875206, 35.9613037109, 90.3710174561, 58.551235199], [-60.8927764893, 2.30994343758, 16.7215232849, 31.6017684937, 26.8670120239, -5.32576990128, -68.4461898804, -3.93895792961, 12.8416156769, 0.850704967976, 20.6258049011, 58.551235199, 100.679672241]],
        "icov": [[0.000867894676048, 0.000314019009238, 0.000683764112182, 0.000782730581705, -0.000997476396151, 0.000863516703248, -0.000691286229994, 0.000261733133812, 0.00043637357885, -0.00101465801708, 0.00127256521955, -0.00101609178819, 0.000293725868687], [0.000314019009238, 0.0178714878857, -0.00172073312569, 0.0128771010786, -0.00505802221596, 0.00779165141284, -0.00545145524666, 0.0112429969013, -0.011500461027, 0.0161392819136, -0.0122120454907, 0.00923463515937, -0.00701872538775], [0.000683764112182, -0.00172073312569, 0.00140461884439, -0.00109807704575, -0.000184847594937, -0.000851327611599, -0.000353932438884, -0.00105185923167, -0.000106311548734, -0.00149191042874, 0.00190429086797, -0.00184784946032, 0.0009976135334], [0.000782730581705, 0.0128771010786, -0.00109807704575, 0.0128657501191, -0.00635506631806, 0.00952634401619, -0.00591890886426, 0.00897580850869, -0.00738782202825, 0.0106614446267, -0.00914950016886, 0.00834139063954, -0.00727532617748], [-0.000997476396151, -0.00505802221596, -0.000184847594937, -0.00635506631806, 0.0060627926141, -0.00508427480236, 0.00296235643327, -0.00284918025136, 0.00308691547252, -0.00607377057895, 0.00554955843836, -0.00530573353171, 0.00316010625102], [0.000863516703248, 0.00779165141284, -0.000851327611599, 0.00952634401619, -0.00508427480236, 0.0103573203087, -0.00558813847601, 0.00864004064351, -0.0048093944788, 0.00711947632954, -0.0089355558157, 0.00760280992836, -0.00609925761819], [-0.000691286229994, -0.00545145524666, -0.000353932438884, -0.00591890886426, 0.00296235643327, -0.00558813847601, 0.00992702040821, -0.0118374945596, 0.00965358316898, -0.00953324884176, 0.00739077711478, -0.00754541298375, 0.00854639150202], [0.000261733133812, 0.0112429969013, -0.00105185923167, 0.00897580850869, -0.00284918025136, 0.00864004064351, -0.0118374945596, 0.0249496866018, -0.0176908187568, 0.0179396662861, -0.0147958341986, 0.0113641805947, -0.0100693721324], [0.00043637357885, -0.011500461027, -0.000106311548734, -0.00738782202825, 0.00308691547252, -0.0048093944788, 0.00965358316898, -0.0176908187568, 0.0281841326505, -0.026220139116, 0.0212738942355, -0.0128283360973, 0.0073858066462], [-0.00101465801708, 0.0161392819136, -0.00149191042874, 0.0106614446267, -0.00607377057895, 0.00711947632954, -0.00953324884176, 0.0179396662861, -0.026220139116, 0.0437709912658, -0.0303604062647, 0.0217008274049, -0.011290458031], [0.00127256521955, -0.0122120454907, 0.00190429086797, -0.00914950016886, 0.00554955843836, -0.0089355558157, 0.00739077711478, -0.0147958341986, 0.0212738942355, -0.0303604062647, 0.0420514270663, -0.0251632332802, 0.0096596358344], [-0.00101609178819, 0.00923463515937, -0.00184784946032, 0.00834139063954, -0.00530573353171, 0.00760280992836, -0.00754541298375, 0.0113641805947, -0.0128283360973, 0.0217008274049, -0.0251632332802, 0.0361532643437, -0.0204221010208], [0.000293725868687, -0.00701872538775, 0.0009976135334, -0.00727532617748, 0.00316010625102, -0.00609925761819, 0.00854639150202, -0.0100693721324, 0.0073858066462, -0.011290458031, 0.0096596358344, -0.0204221010208, 0.0256904885173]]
    },
    "melbands": {
        "dmean": [0.0047750659287, 0.00531116547063, 0.00132436375134, 0.00111127947457, 0.000151143336552, 0.000114683854918, 0.000204717624001, 0.00012558659364, 2.25373569265e-05, 1.25504975585e-05, 1.25953156385e-05, 4.26862743552e-06, 1.04713865312e-06, 4.30795944339e-06, 2.26083648158e-06, 2.95477548207e-06, 1.25790927541e-06, 1.58949910656e-06, 1.45975366195e-06, 3.84900704375e-06, 4.96273287354e-06, 3.28571263708e-06, 5.83027485845e-06, 6.55721032672e-06, 4.79273739984e-06, 5.04289801029e-06, 3.41563804795e-06, 1.68037968251e-06, 4.69183078167e-07, 1.77532641032e-07, 7.08779026581e-08, 1.42477416532e-08, 4.94668439543e-09, 2.21754614671e-09, 1.21782883777e-09, 7.60898677399e-10, 4.8188320001e-10, 3.7438849243e-10, 3.49877654626e-10, 3.44559214494e-10],
        "dmean2": [0.00635618669912, 0.00786425545812, 0.00207143370062, 0.00195006991271, 0.000247572519584, 0.000198602239834, 0.000380104989745, 0.000223975948757, 3.61894271919e-05, 2.02135615837e-05, 2.14434585359e-05, 7.43149530535e-06, 1.45896001413e-06, 6.66897722112e-06, 3.67562461179e-06, 4.99283896715e-06, 1.81810867161e-06, 2.19078151531e-06, 2.05347600968e-06, 5.93386994296e-06, 7.6249571066e-06, 4.96305574416e-06, 9.20269667404e-06, 9.91218985291e-06, 7.70747192291e-06, 8.11162954051e-06, 5.122683433e-06, 2.37786548496e-06, 7.1872659646e-07, 2.31202591294e-07, 9.66108757439e-08, 2.08213393194e-08, 7.69985941673e-09, 3.5737244275e-09, 2.07405848052e-09, 1.30879063143e-09, 8.47058589937e-10, 6.3676580675e-10, 5.66452440509e-10, 5.61112101227e-10],
        "dvar": [0.000186504767044, 0.000248215044849, 1.41810560308e-05, 1.9534925741e-05, 1.53306189077e-07, 5.6947371263e-08, 7.60898274166e-07, 1.15781311649e-07, 6.6356213857e-09, 1.65277536102e-09, 2.51854981315e-09, 3.79640874293e-10, 5.48185802307e-12, 1.91845525577e-10, 1.0258972144e-10, 1.79198739181e-10, 2.08369762417e-11, 4.50548695574e-11, 3.74846577389e-11, 3.26296129005e-10, 5.29025101503e-10, 2.32394478661e-10, 7.45712602779e-10, 9.106392862e-10, 4.02253674814e-10, 5.70266445177e-10, 2.05642156081e-10, 4.97491596529e-11, 3.23274675258e-12, 4.28541479646e-13, 7.35394343619e-14, 2.50374595934e-15, 2.12244182262e-16, 4.15868791817e-17, 1.23286025976e-17, 4.55166306379e-18, 2.89112404028e-18, 2.00514556863e-18, 1.5280709081e-18, 1.32409447629e-18],
        "dvar2": [0.000324152875692, 0.000453134183772, 3.31831579388e-05, 5.13261657034e-05, 3.39300896712e-07, 1.52950292431e-07, 2.22150811169e-06, 3.30330976794e-07, 1.675273964e-08, 4.38113101353e-09, 7.3812196355e-09, 1.07223696588e-09, 9.79396164863e-12, 4.75956496437e-10, 2.50983261951e-10, 4.84672912915e-10, 4.60192925433e-11, 8.38297972705e-11, 7.68946364915e-11, 7.58470675155e-10, 1.19893128758e-09, 5.7042859325e-10, 1.81209347527e-09, 2.07230965721e-09, 1.01190622548e-09, 1.47594680922e-09, 3.86892295978e-10, 1.14773711368e-10, 5.69930127398e-12, 6.65802428381e-13, 1.3768233244e-13, 5.40046311368e-15, 4.80339202438e-16, 9.56643841364e-17, 3.17204375801e-17, 1.14535844759e-17, 7.71176845488e-18, 5.00847148912e-18, 3.00970596456e-18, 3.1024085094e-18],
        "max": [0.114830218256, 0.12452442199, 0.0332486629486, 0.0429975166917, 0.00369410496205, 0.00311709428206, 0.00846103671938, 0.00355731812306, 0.000987295992672, 0.00048402781249, 0.000457372574601, 0.000171671141288, 4.53019019915e-05, 0.000153757384396, 9.39523743e-05, 0.000139968178701, 4.96310713061e-05, 6.26123946859e-05, 7.03490804881e-05, 0.000167844787939, 0.000210401180084, 0.000141140262713, 0.00023915701604, 0.000271849654382, 0.000191277154954, 0.000213989696931, 0.000151013053255, 7.34322238714e-05, 1.70533385244e-05, 7.25268455426e-06, 2.95574750453e-06, 6.11876998846e-07, 1.49954104245e-07, 7.43280210713e-08, 5.12646884943e-08, 3.4646419067e-08, 3.12349328624e-08, 2.56557477485e-08, 2.92518862466e-08, 1.85324022794e-08],
        "mean": [0.00600618403405, 0.00695648556575, 0.00145069381688, 0.00096045184182, 0.000305671972455, 0.000265758135356, 0.000263146357611, 0.000181061725016, 3.82230355171e-05, 2.72932029475e-05, 2.02430910576e-05, 4.88047953695e-06, 3.43704050465e-06, 8.48577474244e-06, 2.14824717659e-06, 3.44009458786e-06, 1.77974470716e-06, 1.94907715922e-06, 1.63901199812e-06, 3.27598445438e-06, 4.41268321083e-06, 3.01036129713e-06, 4.913300927e-06, 6.11411178397e-06, 4.73540603707e-06, 4.57648775409e-06, 3.45485659636e-06, 1.75295099325e-06, 5.72811188704e-07, 2.22108909043e-07, 8.09953135672e-08, 1.57470196882e-08, 5.54362511451e-09, 2.38114927775e-09, 1.22966281602e-09, 8.2261270018e-10, 5.9250421236e-10, 5.21009624332e-10, 5.64135294034e-10, 5.74295278e-10],
        "median": [0.000499761197716, 0.000784901785664, 0.000306480593281, 0.00024152212427, 0.000153415268869, 0.000116798510135, 0.000119725133118, 8.8832777692e-05, 6.76040963299e-06, 8.96152778296e-06, 4.8489450819e-06, 3.54275528025e-07, 5.49293076801e-07, 3.55126985596e-07, 1.02708369809e-07, 6.20161202392e-08, 3.19054720421e-08, 3.06406029438e-08, 3.84827103517e-08, 2.30138841317e-08, 2.04558894268e-08, 1.48607295358e-08, 1.79062134009e-08, 2.12424069446e-08, 1.36587710031e-08, 1.51307659735e-08, 1.49165177987e-08, 9.42576861007e-09, 4.1524397254e-09, 2.60701038535e-09, 1.36208411217e-09, 7.37459260325e-10, 5.46301226478e-10, 4.02383903975e-10, 3.58453156046e-10, 2.83598339257e-10, 2.54542414924e-10, 2.42913217319e-10, 2.31398289419e-10, 2.16898762839e-10],
