{
"highlevel": {
    "danceability": {
        "all": {
            "danceable": 0.932098925114,
            "not_danceable": 0.0679010599852
        },
        "probability": 0.932098925114,
        "value": "danceable"
    },
    "gender": {
        "all": {
            "female": 0.681510210037,
            "male": 0.318489789963
        },
        "probability": 0.681510210037,
        "value": "female"
    },
    "genre_dortmund": {
        "all": {
            "alternative": 0.0492846257985,
            "blues": 0.0212437938899,
            "electronic": 0.0500569790602,
            "folkcountry": 0.0286961235106,
            "funksoulrnb": 0.0112605588511,
            "jazz": 0.0532421581447,
            "pop": 0.0283585861325,
            "raphiphop": 0.51359051466,
            "rock": 0.244266673923
        },
        "probability": 0.51359051466,
        "value": "raphiphop"
    },
    "genre_electronic": {
        "all": {
            "ambient": 0.177630916238,
            "dnb": 0.59185898304,
            "house": 0.134847179055,
            "techno": 0.0193007756025,
            "trance": 0.0763621553779
        },
        "probability": 0.59185898304,
        "value": "dnb"
    },
    "genre_rosamerica": {
        "all": {
            "cla": 0.00568930758163,
            "dan": 0.263245522976,
            "hip": 0.117737784982,
            "jaz": 0.010374144651,
            "pop": 0.316761463881,
            "rhy": 0.174445003271,
            "roc": 0.104426905513,
            "spe": 0.00731986807659
        },
        "probability": 0.316761463881,
        "value": "pop"
    },
    "genre_tzanetakis": {
        "all": {
            "blu": 0.0626613423228,
            "cla": 0.0348169617355,
            "cou": 0.104475811124,
            "dis": 0.0784321576357,
            "hip": 0.15692435205,
            "jaz": 0.313974827528,
            "met": 0.0448166541755,
            "pop": 0.0627359300852,
            "reg": 0.0627360641956,
            "roc": 0.0784258767962
        },
        "probability": 0.313974827528,
        "value": "jaz"
    },
    "ismir04_rhythm": {
        "all": {
            "ChaChaCha": 0.018699420616,
            "Jive": 0.10544885695,
            "Quickstep": 0.0143740521744,
            "Rumba-American": 0.011240022257,
            "Rumba-International": 0.127122551203,
            "Rumba-Misc": 0.0128342257813,
            "Samba": 0.672464251518,
            "Tango": 0.0025189849548,
            "VienneseWaltz": 0.0222249086946,
            "Waltz": 0.013072701171
        },
        "probability": 0.672464251518,
        "value": "Samba"
    },
    "mood_acoustic": {
        "all": {
            "acoustic": 0.0538272224367,
            "not_acoustic": 0.946172773838
        },
        "probability": 0.946172773838,
        "value": "not_acoustic"
    },
    "mood_aggressive": {
        "all": {
            "aggressive": 0.353800565004,
            "not_aggressive": 0.646199405193
        },
        "probability": 0.646199405193,
        "value": "not_aggressive"
    },
    "mood_electronic": {
        "all": {
            "electronic": 0.866913497448,
            "not_electronic": 0.133086487651
        },
        "probability": 0.866913497448,
        "value": "electronic"
    },
    "mood_happy": {
        "all": {
            "happy": 0.416332006454,
            "not_happy": 0.583667993546
        },
        "probability": 0.583667993546,
        "value": "not_happy"
    },
    "mood_party": {
        "all": {
            "not_party": 0.588372528553,
            "party": 0.411627471447
        },
        "probability": 0.588372528553,
        "value": "not_party"
    },
    "mood_relaxed": {
        "all": {
            "not_relaxed": 0.947847485542,
            "relaxed": 0.0521524846554
        },
        "probability": 0.947847485542,
        "value": "not_relaxed"
    },
    "mood_sad": {
        "all": {
            "not_sad": 0.752851963043,
            "sad": 0.247148036957
        },
        "probability": 0.752851963043,
        "value": "not_sad"
    },
    "moods_mirex": {
        "all": {
            "Cluster1": 0.22526538372,
            "Cluster2": 0.0913774371147,
            "Cluster3": 0.0428410246968,
            "Cluster4": 0.0364578552544,
            "Cluster5": 0.604058325291
        },
        "probability": 0.604058325291,
        "value": "Cluster5"
    },
    "timbre": {
        "all": {
            "bright": 0.284195184708,
            "dark": 0.715804815292
        },
        "probability": 0.715804815292,
        "value": "dark"
    },
    "tonal_atonal": {
        "all": {
            "atonal": 0.281325519085,
            "tonal": 0.718674480915
        },
        "probability": 0.718674480915,
        "value": "tonal"
    },
    "voice_instrumental": {
        "all": {
            "instrumental": 0.0247535314411,
            "voice": 0.975246489048
        },
        "probability": 0.975246489048,
        "value": "voice"
    }
},
"lowlevel": {
    "average_loudness": 0.958624064922,
    "barkbands_crest": {
        "dmean": 2.37961554527,
        "dmean2": 3.7954325676,
        "dvar": 5.48885679245,
        "dvar2": 14.193104744,
        "max": 25.9160842896,
        "mean": 10.6393508911,
        "median": 10.0764465332,
        "min": 3.05295205116,
        "var": 13.3182020187
    },
    "barkbands_flatness_db": {
        "dmean": 0.0275029223412,
        "dmean2": 0.0401474870741,
        "dvar": 0.000647332693916,
        "dvar2": 0.00134413072374,
        "max": 0.410756736994,
        "mean": 0.175138428807,
        "median": 0.167580753565,
        "min": 0.0630139261484,
        "var": 0.0028275474906
    },
    "barkbands_kurtosis": {
        "dmean": 5.22352790833,
        "dmean2": 8.31643772125,
        "dvar": 122.616127014,
        "dvar2": 279.884552002,
        "max": 252.61706543,
        "mean": 7.84411716461,
        "median": 3.92790174484,
        "min": -1.89672803879,
        "var": 201.782348633
    },
    "barkbands_skewness": {
        "dmean": 0.688033461571,
        "dmean2": 1.07155430317,
        "dvar": 0.575469195843,
        "dvar2": 1.25947487354,
        "max": 14.5811157227,
        "mean": 2.18871021271,
        "median": 1.97856652737,
        "min": -0.761700928211,
        "var": 2.07131314278
    },
    "barkbands_spread": {
        "dmean": 5.84370279312,
        "dmean2": 8.98880577087,
        "dvar": 47.1026992798,
        "dvar2": 94.1766204834,
        "max": 95.8808288574,
        "mean": 19.3275051117,
        "median": 17.3552131653,
        "min": 0.850487828255,
        "var": 150.897155762
    },
    "dissonance": {
        "dmean": 0.0193974319845,
        "dmean2": 0.0319668836892,
        "dvar": 0.000351512106135,
        "dvar2": 0.00096209772164,
        "max": 0.499554604292,
        "mean": 0.462260216475,
        "median": 0.469084471464,
        "min": 0.314410328865,
        "var": 0.000760976807214
    },
    "dynamic_complexity": 2.34148335457,
    "erbbands_crest": {
        "dmean": 2.63667225838,
        "dmean2": 4.30037069321,
        "dvar": 6.54520893097,
        "dvar2": 16.910692215,
        "max": 29.3875923157,
        "mean": 8.77758312225,
        "median": 7.64325666428,
        "min": 2.57230949402,
        "var": 19.7563896179
    },
    "erbbands_flatness_db": {
        "dmean": 0.0233128201216,
        "dmean2": 0.0318745598197,
        "dvar": 0.000526221701875,
        "dvar2": 0.000969395099673,
        "max": 0.330071270466,
        "mean": 0.149975538254,
        "median": 0.145000904799,
        "min": 0.0675695464015,
        "var": 0.00181742163841
    },
    "erbbands_kurtosis": {
        "dmean": 0.96408367157,
        "dmean2": 1.52593648434,
        "dvar": 3.70111942291,
        "dvar2": 9.22408390045,
        "max": 55.4475631714,
        "mean": 0.417487025261,
        "median": -0.232197999954,
        "min": -1.72134435177,
        "var": 6.06645393372
    },
    "erbbands_skewness": {
        "dmean": 0.388288766146,
        "dmean2": 0.614240825176,
        "dvar": 0.135898560286,
        "dvar2": 0.321039378643,
        "max": 5.93258428574,
        "mean": 0.274665862322,
        "median": 0.220076665282,
        "min": -2.26831197739,
        "var": 0.570531606674
    },
    "erbbands_spread": {
        "dmean": 11.5485858917,
        "dmean2": 17.4179973602,
        "dvar": 159.473373413,
        "dvar2": 363.662750244,
        "max": 135.794998169,
        "mean": 44.8206825256,
        "median": 40.8745651245,
        "min": 2.92158198357,
        "var": 513.725708008
    },
    "hfc": {
        "dmean": 7.35994720459,
        "dmean2": 11.0455255508,
        "dvar": 78.5394363403,
        "dvar2": 169.760848999,
        "max": 127.250175476,
        "mean": 22.2108325958,
        "median": 16.8686618805,
        "min": 0.694420397282,
        "var": 287.911560059
    },
    "melbands_crest": {
        "dmean": 3.64887428284,
        "dmean2": 5.93923616409,
        "dvar": 12.0482435226,
        "dvar2": 30.8563861847,
        "max": 35.7190055847,
        "mean": 17.1129608154,
        "median": 16.516992569,
        "min": 5.38862371445,
        "var": 34.5071334839
    },
    "melbands_flatness_db": {
        "dmean": 0.030752889812,
        "dmean2": 0.0452814698219,
        "dvar": 0.000890464696568,
        "dvar2": 0.0018641120987,
        "max": 0.502324819565,
        "mean": 0.234441965818,
        "median": 0.227446451783,
        "min": 0.07726033777,
        "var": 0.00391396833584
    },
    "melbands_kurtosis": {
        "dmean": 13.630865097,
        "dmean2": 21.5545349121,
        "dvar": 675.191650391,
        "dvar2": 1567.39343262,
        "max": 469.809967041,
        "mean": 24.1382541656,
        "median": 15.0408363342,
        "min": -1.18110334873,
        "var": 1225.28759766
    },
    "melbands_skewness": {
        "dmean": 1.01238667965,
        "dmean2": 1.58176124096,
        "dvar": 1.37893688679,
        "dvar2": 3.26622700691,
        "max": 15.4436473846,
        "mean": 3.5916967392,
        "median": 3.29130458832,
        "min": -0.740492999554,
        "var": 4.43669557571
    },
    "melbands_spread": {
        "dmean": 5.30499267578,
        "dmean2": 8.31005764008,
        "dvar": 38.5628471375,
        "dvar2": 85.7718048096,
        "max": 95.0762023926,
        "mean": 16.4152412415,
        "median": 14.2287473679,
        "min": 0.633328020573,
        "var": 118.140769958
    },
    "pitch_salience": {
        "dmean": 0.0753318145871,
        "dmean2": 0.121499307454,
        "dvar": 0.00494038499892,
        "dvar2": 0.0123510723934,
        "max": 0.796154975891,
        "mean": 0.489658862352,
        "median": 0.493314892054,
        "min": 0.101642742753,
        "var": 0.0113283824176
    },
    "silence_rate_20dB": {
        "dmean": 0,
        "dmean2": 0,
        "dvar": 0,
        "dvar2": 0,
        "max": 1,
        "mean": 1,
        "median": 1,
        "min": 1,
        "var": 0
    },
    "silence_rate_30dB": {
        "dmean": 0.0928792580962,
        "dmean2": 0.185902401805,
        "dvar": 0.0842531993985,
        "dvar2": 0.202466219664,
        "max": 1,
        "mean": 0.895591676235,
        "median": 1,
        "min": 0,
        "var": 0.0935079753399
    },
    "silence_rate_60dB": {
        "dmean": 0.00154798757285,
        "dmean2": 0.00309837330133,
        "dvar": 0.00154558150098,
        "dvar2": 0.00463790912181,
        "max": 1,
        "mean": 0.00077339517884,
        "median": 0,
        "min": 0,
        "var": 0.000772795407102
    },
    "spectral_centroid": {
        "dmean": 239.082168579,
        "dmean2": 375.292572021,
        "dvar": 68873.3359375,
        "dvar2": 153015.796875,
        "max": 3847.59521484,
        "mean": 1121.75817871,
        "median": 1050.15722656,
        "min": 183.347229004,
        "var": 261978.109375
    },
    "spectral_complexity": {
        "dmean": 3.61609911919,
        "dmean2": 5.73431444168,
        "dvar": 17.2163047791,
        "dvar2": 39.5056533813,
        "max": 54,
        "mean": 19.5413761139,
        "median": 18,
        "min": 1,
        "var": 103.123908997
    },
    "spectral_decrease": {
        "dmean": 4.62576332794e-09,
        "dmean2": 7.45845785133e-09,
        "dvar": 4.72799464389e-17,
        "dvar2": 1.07058426497e-16,
        "max": -6.87425061319e-10,
        "mean": -1.29109043456e-08,
        "median": -9.61660528986e-09,
        "min": -6.35184349562e-08,
        "var": 1.07692344632e-16
    },
    "spectral_energy": {
        "dmean": 0.0178336389363,
        "dmean2": 0.0287487916648,
        "dvar": 0.000690523185767,
        "dvar2": 0.00156373227946,
        "max": 0.242896854877,
        "mean": 0.0507433339953,
        "median": 0.0381518043578,
        "min": 0.00268136896193,
        "var": 0.00159602169879
    },
    "spectral_energyband_high": {
        "dmean": 0.000491570390295,
        "dmean2": 0.000711711880285,
        "dvar": 7.36526203582e-07,
        "dvar2": 1.35894072173e-06,
        "max": 0.0151076568291,
        "mean": 0.000879677594639,
        "median": 0.000426494400017,
        "min": 8.79299648204e-07,
        "var": 1.66350037034e-06
    },
    "spectral_energyband_low": {
        "dmean": 0.0149148032069,
        "dmean2": 0.0241855792701,
        "dvar": 0.000619118858594,
        "dvar2": 0.00142059626523,
        "max": 0.224621713161,
        "mean": 0.0306669007987,
        "median": 0.0192262604833,
        "min": 0.000211954364204,
        "var": 0.00114239216782
    },
    "spectral_energyband_middle_high": {
        "dmean": 0.00228849169798,
        "dmean2": 0.00355540937744,
        "dvar": 1.55401849042e-05,
        "dvar2": 3.85381681554e-05,
        "max": 0.0760070383549,
        "mean": 0.00624910695478,
        "median": 0.00324092782103,
        "min": 1.59473820531e-05,
        "var": 6.311602192e-05
    },
    "spectral_energyband_middle_low": {
        "dmean": 0.00666532572359,
        "dmean2": 0.0110109392554,
        "dvar": 0.000108624641143,
        "dvar2": 0.000278710533166,
        "max": 0.127248570323,
        "mean": 0.014030655846,
        "median": 0.0109221013263,
        "min": 0.000206634722417,
        "var": 0.000142640288686
    },
    "spectral_entropy": {
        "dmean": 0.206549197435,
        "dmean2": 0.298335969448,
        "dvar": 0.0541016235948,
        "dvar2": 0.11509539932,
        "max": 8.53076267242,
        "mean": 7.52078962326,
        "median": 7.57694244385,
        "min": 5.73287582397,
        "var": 0.194106027484
    },
    "spectral_flux": {
        "dmean": 0.0391764082015,
        "dmean2": 0.0619436092675,
        "dvar": 0.00221891445108,
        "dvar2": 0.00445521809161,
        "max": 0.382058978081,
        "mean": 0.111336551607,
        "median": 0.097972124815,
        "min": 0.0105913607404,
        "var": 0.00500378664583
    },
    "spectral_kurtosis": {
        "dmean": 1.70204293728,
        "dmean2": 2.75821423531,
        "dvar": 3.74478459358,
        "dvar2": 9.47620677948,
        "max": 27.1582107544,
        "mean": 3.88086009026,
        "median": 3.39818334579,
        "min": -1.17107343674,
        "var": 7.40372514725
    },
    "spectral_rms": {
        "dmean": 0.00112489773892,
        "dmean2": 0.00178602687083,
        "dvar": 2.05954552257e-06,
        "dvar2": 4.34298181062e-06,
        "max": 0.0153939127922,
        "mean": 0.0065220319666,
        "median": 0.00610092375427,
        "min": 0.00161739590112,
        "var": 6.9687512223e-06
    },
    "spectral_rolloff": {
        "dmean": 367.447113037,
        "dmean2": 620.844482422,
        "dvar": 498004.0625,
        "dvar2": 1012603.625,
        "max": 9345.41015625,
        "mean": 890.139221191,
        "median": 624.462890625,
        "min": 43.06640625,
        "var": 922577.0625
    },
    "spectral_skewness": {
        "dmean": 0.254444509745,
        "dmean2": 0.403917580843,
        "dvar": 0.0637453123927,
        "dvar2": 0.152656316757,
        "max": 4.08338880539,
        "mean": 1.46434402466,
        "median": 1.45208597183,
        "min": -0.201616689563,
        "var": 0.216493353248
    },
    "spectral_spread": {
        "dmean": 867558.8125,
        "dmean2": 1173167.875,
        "dvar": 1.09563471462e+12,
        "dvar2": 2.10203901952e+12,
        "max": 12199635,
        "mean": 4644266.5,
        "median": 4294042.5,
        "min": 2041956.875,
        "var": 2.50889895936e+12
    },
    "spectral_strongpeak": {
        "dmean": 0.384521335363,
        "dmean2": 0.661874115467,
        "dvar": 0.538982987404,
        "dvar2": 1.27756083012,
        "max": 7.65204763412,
        "mean": 0.648844659328,
        "median": 0.440191239119,
        "min": 0,
        "var": 0.716100394726
    },
    "zerocrossingrate": {
        "dmean": 0.0108313784003,
        "dmean2": 0.0132028833032,
        "dvar": 0.000129585372633,
        "dvar2": 0.000171592531842,
        "max": 0.203125,
        "mean": 0.0447813943028,
        "median": 0.04052734375,
        "min": 0.0009765625,
        "var": 0.000634663272649
    },
    "barkbands": {
        "dmean": [0.00407314300537, 0.00986561086029, 0.00656574498862, 0.00316131603904, 0.00199203030206, 0.00115339609329, 0.000986276194453, 0.000531019002665, 0.00147296418436, 0.000770201266278, 0.000659174111206, 0.000451346539194, 0.000615988625214, 0.000416337250499, 0.000358204735676, 0.00019370453083, 0.000200593014597, 0.000151714586536, 0.000118141295388, 0.000163737597177, 0.000112539200927, 9.04943226487e-05, 8.46115362947e-05, 0.000100028242741, 6.0474339989e-05, 3.56082418875e-05, 7.20685289224e-09],
        "dmean2": [0.00510241743177, 0.0157087519765, 0.0119349714369, 0.00532653462142, 0.00334335723892, 0.00185479572974, 0.00159306032583, 0.000876463891473, 0.00232261791825, 0.00126792502124, 0.0010769009823, 0.000746735953726, 0.00101822544821, 0.000685245031491, 0.00058039999567, 0.00032262338209, 0.000332610972691, 0.00025086250389, 0.000194360036403, 0.000273919082247, 0.000172116080648, 0.000136739065056, 0.000126207989524, 0.000145603291458, 9.27851142478e-05, 5.66825110582e-05, 1.33150939163e-08],
        "dvar": [8.23872469482e-05, 0.000346672080923, 0.00025113709853, 5.2511368267e-05, 9.00701797946e-06, 4.27067834607e-06, 8.39657604956e-06, 1.75115201273e-06, 1.06437419163e-05, 6.42777786197e-06, 2.74938361144e-06, 1.87831540188e-06, 1.76859009571e-06, 1.61600689808e-06, 6.71064697144e-07, 1.80425274721e-07, 3.06091493485e-07, 5.73076270882e-08, 4.59045672585e-08, 8.36559337358e-08, 4.70360390636e-08, 2.867461113e-08, 2.4400515386e-08, 7.95146917199e-08, 1.67273874752e-08, 4.19118961759e-09, 5.17627636243e-15],
        "dvar2": [0.000143214201671, 0.000834485457744, 0.000719069677871, 0.000131728069391, 2.38898028329e-05, 1.07915457193e-05, 2.24488921958e-05, 4.61216313852e-06, 2.79595496977e-05, 1.64418961504e-05, 7.27199039829e-06, 5.0994844969e-06, 4.73719046568e-06, 4.2604006012e-06, 1.64613470588e-06, 5.00924670632e-07, 8.55250732457e-07, 1.54058469093e-07, 1.18568451057e-07, 2.20801382511e-07, 9.09119037829e-08, 5.62969262319e-08, 5.38586171217e-08, 1.47682399643e-07, 3.49422499824e-08, 9.63839585921e-09, 1.48384451427e-14],
        "max": [0.121862202883, 0.193485021591, 0.14338350296, 0.0950888991356, 0.0301884040236, 0.033316783607, 0.0551706664264, 0.0213024728, 0.0388541743159, 0.0451171733439, 0.0239976774901, 0.0255293995142, 0.022740861401, 0.0254996847361, 0.0116986231878, 0.00686037680134, 0.0122177284211, 0.00366744631901, 0.00363747798838, 0.00428566569462, 0.00475782807916, 0.00314273778349, 0.00273035862483, 0.00619255332276, 0.00221279566176, 0.000456009263871, 1.84571945283e-06],
        "mean": [0.00602360116318, 0.0154734654352, 0.00819273199886, 0.00390176009387, 0.00374918361194, 0.00187719578389, 0.00140394037589, 0.000818379689008, 0.00213336152956, 0.00115656922571, 0.000919699377846, 0.000712813634891, 0.000963588303421, 0.000686575425789, 0.00053981365636, 0.000344787578797, 0.00035575585207, 0.000276027363725, 0.000213014413021, 0.000277110113529, 0.000187102035852, 0.000154770896188, 0.000131747568958, 0.000144700607052, 7.28587983758e-05, 3.27802517859e-05, 4.70117722529e-09],
        "median": [9.75058137556e-05, 0.00824173819274, 0.00484451279044, 0.00168217532337, 0.00265402253717, 0.00113957561553, 0.000466053461423, 0.000230989797274, 0.00062754919054, 0.000270500022452, 0.000281220651232, 0.000238576845732, 0.000305552501231, 0.000177078720299, 0.00019848519878, 0.000154279958224, 0.000120229138702, 0.000150925741764, 0.000116375238576, 0.0001440771739, 8.34435704746e-05, 6.38516503386e-05, 4.99842135468e-05, 4.41282718384e-05, 2.24809537031e-05, 6.16201987214e-06, 6.96368629427e-10],
        "min": [9.87965620425e-09, 6.50430308724e-07, 3.59458463208e-05, 1.79831040441e-05, 4.02313416998e-05, 1.78261980182e-05, 3.46425053976e-06, 6.08229811405e-07, 2.34336494032e-06, 1.9264173261e-06, 8.86063503458e-07, 4.27679509585e-07, 5.22953257587e-07, 1.86044431416e-07, 2.45905744123e-06, 6.32588125882e-07, 3.86421760368e-07, 2.0376393195e-07, 5.98242536398e-07, 4.39680690079e-07, 1.3109999486e-07, 2.43481991902e-07, 8.31138393664e-08, 2.86587837905e-08, 7.83921638714e-09, 7.75843278511e-12, 1.025308137e-11],
        "var": [0.000205472577363, 0.000490210659336, 0.000169151287992, 5.06929973199e-05, 1.33501080199e-05, 6.63545506541e-06, 1.45786598296e-05, 3.41140912496e-06, 1.76258181455e-05, 1.10990640678e-05, 4.58100339529e-06, 3.21132233694e-06, 3.25202790918e-06, 2.92057256956e-06, 1.15574380288e-06, 3.46126086015e-07, 8.29378961953e-07, 1.21246728213e-07, 8.18949388304e-08, 1.35670916279e-07, 9.62923607517e-08, 6.92031889571e-08, 5.2209696122e-08, 1.4255442693e-07, 2.40692585862e-08, 4.46712045132e-09, 2.93399422731e-15]
    },
    "erbbands": {
        "dmean": [0.4427973032, 1.83039689064, 6.38831138611, 10.1050596237, 8.35751438141, 5.93640947342, 8.3801984787, 10.4980773926, 14.4936676025, 9.73807907104, 17.9992599487, 34.9583053589, 19.471698761, 25.3659229279, 18.4730167389, 18.4759426117, 26.4359130859, 20.1923694611, 17.7497711182, 15.2012548447, 9.22097110748, 12.4046821594, 7.68106985092, 7.13957738876, 6.01708698273, 7.67959451675, 5.26579618454, 4.32654047012, 3.26675677299, 2.8284444809, 2.37802267075, 2.05727553368, 1.71875572205, 0.878111004829, 0.332683980465, 0.170600757003, 0.0641614720225, 0.00616670632735, 0.000116423245345, 2.32941965805e-05],
        "dmean2": [0.727585434914, 2.90985393524, 11.4258480072, 17.5007419586, 14.3673763275, 9.85893821716, 13.5235052109, 16.9852771759, 24.1188411713, 15.7325124741, 29.142168045, 55.0892906189, 31.1062030792, 40.3985099792, 30.527797699, 30.3650398254, 43.1752433777, 32.8604316711, 28.5284671783, 24.5870685577, 14.8630180359, 20.668806076, 12.7607364655, 11.6870040894, 9.91837978363, 13.035194397, 8.30642986298, 6.56775569916, 4.81877470016, 4.11917972565, 3.61461114883, 3.18936228752, 2.46214818954, 1.32680630684, 0.520892858505, 0.266906350851, 0.103248178959, 0.0103295724839, 0.00019147178682, 3.68121654901e-05],
        "dvar": [0.798850595951, 13.4442224503, 221.507446289, 449.055053711, 330.246795654, 72.1272201538, 150.827468872, 401.423614502, 2257.89575195, 501.366729736, 2479.19067383, 5979.26855469, 3799.65136719, 3921.84570312, 2229.84277344, 2441.0637207, 2994.74023438, 4353.55224609, 1216.1262207, 1170.54492188, 306.705108643, 1409.52954102, 144.532867432, 135.926727295, 126.758247375, 201.850234985, 90.8383255005, 99.3475418091, 37.4478569031, 23.5073280334, 19.7697048187, 28.1506061554, 27.6137447357, 4.92612600327, 0.357605963945, 0.0850051492453, 0.0158734209836, 0.000188165722648, 5.54519274942e-08, 1.01231711902e-09],
        "dvar2": [2.08199429512, 30.7933959961, 622.553771973, 1201.75097656, 894.674987793, 185.043685913, 386.429595947, 979.537841797, 6106.94970703, 1278.52075195, 6404.52685547, 15318.7636719, 9499.5546875, 10372.9306641, 5168.91259766, 6568.265625, 7735.40576172, 11167.6113281, 3046.09790039, 2960.0090332, 762.721069336, 4009.68701172, 377.923034668, 367.86831665, 324.374572754, 532.93572998, 216.134490967, 183.473373413, 73.2076950073, 46.4663009644, 43.3066177368, 55.62266922, 55.0438804626, 10.0366210938, 0.767149627209, 0.19019305706, 0.0367791652679, 0.000444400910055, 1.29773241042e-07, 2.32687380475e-09],
        "max": [8.10604858398, 40.0561943054, 131.262756348, 184.378738403, 220.853378296, 96.7212677002, 169.424285889, 374.70199585, 968.338806152, 515.748657227, 759.807495117, 1066.90808105, 1116.17810059, 958.778381348, 904.101989746, 926.01751709, 785.404602051, 1401.84411621, 557.734802246, 683.016601562, 248.925018311, 831.354309082, 174.76159668, 185.817733765, 201.06993103, 170.84538269, 194.523742676, 217.49458313, 116.014251709, 86.3879852295, 68.2766952515, 101.780403137, 116.775535583, 43.11378479, 8.60624408722, 2.78852653503, 0.998274207115, 0.123101577163, 0.00198225234635, 0.000306389760226],
        "mean": [0.600863099098, 2.94734954834, 8.92740917206, 12.4519815445, 12.4054956436, 10.5259628296, 14.6927623749, 17.3339252472, 20.6069431305, 16.0814247131, 27.08634758, 51.0072631836, 31.7677059174, 39.7521896362, 29.1808109283, 31.423122406, 43.8307304382, 36.7501106262, 30.5843963623, 25.035068512, 18.7432956696, 22.4329032898, 14.639670372, 13.5842037201, 10.9721050262, 12.5850296021, 8.90102863312, 7.25309801102, 5.49794197083, 4.66759061813, 3.61938881874, 3.07769966125, 2.29598593712, 1.10000276566, 0.367745131254, 0.170391663909, 0.0561355762184, 0.00493240449578, 0.000119656971947, 6.33479212411e-05],
        "median": [0.131812229753, 1.90553236008, 5.29222249985, 6.04218053818, 6.47830963135, 6.725730896, 9.4735994339, 10.0119743347, 6.85171604156, 7.45849180222, 6.92033290863, 15.0029802322, 10.7104492188, 12.8725624084, 10.3372573853, 11.2089118958, 15.1055412292, 10.5865917206, 12.4037094116, 10.165974617, 9.00159454346, 7.38083553314, 7.80658054352, 7.76872968674, 5.90612077713, 6.41135454178, 4.73566293716, 3.03246712685, 2.25997710228, 1.99879229069, 1.33016562462, 0.91475635767, 0.70246386528, 0.358349949121, 0.0916401222348, 0.0382628254592, 0.00718119228259, 0.000343390624039, 4.34029898315e-05, 5.09677156515e-05],
        "min": [7.77141103754e-05, 0.00212427019142, 0.0749521329999, 0.11288818717, 0.232790112495, 0.0597597584128, 0.0490422323346, 0.227463126183, 0.118419870734, 0.0491400808096, 0.0683930665255, 0.114582948387, 0.132879704237, 0.0515613108873, 0.0277702640742, 0.0185154024512, 0.0296175386757, 0.016884572804, 0.0727223828435, 0.12872415781, 0.0343929491937, 0.0196557398885, 0.00726706674322, 0.0419476702809, 0.0239960812032, 0.020998487249, 0.00540924072266, 0.00904195290059, 0.00964076630771, 0.00501166656613, 0.00335852685384, 0.000575859798118, 0.00058567308588, 0.00029022997478, 2.49320546573e-05, 4.93154539072e-06, 2.29206966651e-06, 2.86749809675e-07, 1.40656015901e-06, 3.05772050524e-06],
        "var": [1.14804184437, 16.8515853882, 165.389205933, 377.099365234, 308.895477295, 128.29725647, 253.339691162, 660.209899902, 2969.29077148, 1203.28210449, 4195.43994141, 10287.421875, 6235.74707031, 8202.8671875, 4129.70507812, 4808.4765625, 6518.01855469, 8026.22949219, 2882.5246582, 2055.55419922, 803.317321777, 3665.40112305, 379.44052124, 272.958709717, 244.835296631, 292.758911133, 153.649047852, 208.20993042, 90.5613250732, 52.301322937, 43.6724777222, 55.4117660522, 41.3822898865, 7.07252168655, 0.47783306241, 0.103704407811, 0.0157132744789, 0.00016550134751, 5.1975355575e-08, 2.22318585763e-09]
    },
    "gfcc": {
        "mean": [12.7415103912, 110.309684753, -110.337669373, 49.7540283203, -55.9402656555, 23.5991268158, -33.3911399841, 8.86390018463, -21.2087154388, -1.29239058495, -11.7045402527, -6.59850120544, -4.83693122864],
        "cov": [[3706.72338867, -1262.5949707, 16.6145706177, -357.830047607, 37.735824585, 470.675537109, -59.054649353, 352.058349609, -305.708557129, 387.312957764, -277.34954834, 249.563735962, -405.30368042], [-1262.5949707, 1181.36206055, -405.457244873, -1.60110044479, 175.723892212, -147.049179077, 207.997436523, -144.63999939, 224.069854736, -219.484115601, 253.630157471, -190.023986816, 226.84413147], [16.6145706177, -405.457244873, 654.237976074, 93.0947265625, -91.4241256714, -0.643828749657, -113.562316895, 28.2913208008, -91.503364563, 109.081642151, -64.0701370239, 129.779159546, -56.366394043], [-357.830047607, -1.60110044479, 93.0947265625, 405.769317627, -58.6925621033, -64.2167510986, -5.11203050613, -47.845199585, 81.7759170532, -64.3119277954, 61.2342796326, -44.2284736633, 91.823135376], [37.735824585, 175.723892212, -91.4241256714, -58.6925621033, 255.648986816, 67.5666122437, 57.529258728, 14.0264396667, 23.0783958435, 4.75888490677, 24.7980232239, 10.0341825485, 21.0073184967], [470.675537109, -147.049179077, -0.643828749657, -64.2167510986, 67.5666122437, 290.388977051, 78.5535812378, 34.0475234985, -31.5725536346, 48.0468063354, -2.68643641472, 36.6196174622, -32.3341522217], [-59.054649353, 207.997436523, -113.562316895, -5.11203050613, 57.529258728, 78.5535812378, 199.792221069, 4.92807292938, 44.6779518127, -26.0171546936, 77.0007324219, -27.4724178314, 34.3180351257], [352.058349609, -144.63999939, 28.2913208008, -47.845199585, 14.0264396667, 34.0475234985, 4.92807292938, 149.009490967, 3.74368095398, 50.6189002991, -25.5766716003, 43.5518035889, -29.9244003296], [-305.708557129, 224.069854736, -91.503364563, 81.7759170532, 23.0783958435, -31.5725536346, 44.6779518127, 3.74368095398, 174.71182251, -30.5292415619, 59.336730957, -67.8696289062, 78.2119750977], [387.312957764, -219.484115601, 109.081642151, -64.3119277954, 4.75888490677, 48.0468063354, -26.0171546936, 50.6189002991, -30.5292415619, 151.502258301, -20.332069397, 65.2766876221, -60.1047782898], [-277.34954834, 253.630157471, -64.0701370239, 61.2342796326, 24.7980232239, -2.68643641472, 77.0007324219, -25.5766716003, 59.336730957, -20.332069397, 166.389953613, 4.91378641129, 81.2336883545], [249.563735962, -190.023986816, 129.779159546, -44.2284736633, 10.0341825485, 36.6196174622, -27.4724178314, 43.5518035889, -67.8696289062, 65.2766876221, 4.91378641129, 148.250091553, -14.1171131134], [-405.30368042, 226.84413147, -56.366394043, 91.823135376, 21.0073184967, -32.3341522217, 34.3180351257, -29.9244003296, 78.2119750977, -60.1047782898, 81.2336883545, -14.1171131134, 144.301330566]],
        "icov": [[0.00087148550665, 0.0002472352935, 0.000727715028916, -0.000297539110761, 1.42917424455e-05, -0.00081899901852, 7.02101751813e-05, -0.0010850247927, 0.000579333805945, -0.00106798368506, 0.000408893887652, -0.000519486493431, 0.00106555235106], [0.0002472352935, 0.00624834792688, -0.000301486143144, 0.00364321959205, -0.00319691258483, 0.0028411843814, -0.00226553785615, 0.00219503021799, -0.00217345799319, 0.00392652535811, -0.00622520269826, 0.00461901025847, -0.00269827665761], [0.000727715028916, -0.000301486143144, 0.00321033084765, -0.0016893876018, 0.000788674980868, -0.000914876291063, 0.000636929413304, -0.000854750338476, 0.00102135236375, -0.00250668707304, 0.00171480781864, -0.00273940712214, 0.00136735592969], [-0.000297539110761, 0.00364321959205, -0.0016893876018, 0.00613414729014, -0.00133483111858, 0.00211273971945, -0.00102520850487, 0.00218976079486, -0.0026738345623, 0.00398844620213, -0.00488134752959, 0.00406262697652, -0.00350460922346], [1.42917424455e-05, -0.00319691258483, 0.000788674980868, -0.00133483111858, 0.00639961427078, -0.00242293998599, 0.000513727485668, -0.00124365638476, 0.000520524859894, -0.00241254759021, 0.00350571679883, -0.00332563137636, 0.000782672781497], [-0.00081899901852, 0.0028411843814, -0.000914876291063, 0.00211273971945, -0.00242293998599, 0.00697562936693, -0.00352758727968, 0.00210768962279, -0.00101092096884, 0.00195755180903, -0.00283316127025, 0.00218848651275, -0.00210439250804], [7.02101751813e-05, -0.00226553785615, 0.000636929413304, -0.00102520850487, 0.000513727485668, -0.00352758727968, 0.00913491193205, -0.00215851771645, 0.000560953165404, -0.000401112483814, -0.00149625679478, -9.26979919313e-05, 0.00153662683442], [-0.0010850247927, 0.00219503021799, -0.000854750338476, 0.00218976079486, -0.00124365638476, 0.00210768962279, -0.00215851771645, 0.0115064159036, -0.00472804857418, 0.00166551058646, -0.000873077253345, -0.00114274723455, -0.00103660253808], [0.000579333805945, -0.00217345799319, 0.00102135236375, -0.0026738345623, 0.000520524859894, -0.00101092096884, 0.000560953165404, -0.00472804857418, 0.012927705422, -0.00485818367451, 0.000935752992518, 0.00395313929766, -0.00344233820215], [-0.00106798368506, 0.00392652535811, -0.00250668707304, 0.00398844620213, -0.00241254759021, 0.00195755180903, -0.000401112483814, 0.00166551058646, -0.00485818367451, 0.0158796533942, -0.00641111470759, 0.00046498113079, 0.00144325813744], [0.000408893887652, -0.00622520269826, 0.00171480781864, -0.00488134752959, 0.00350571679883, -0.00283316127025, -0.00149625679478, -0.000873077253345, 0.000935752992518, -0.00641111470759, 0.01794821769, -0.00856303982437, -0.000378979602829], [-0.000519486493431, 0.00461901025847, -0.00273940712214, 0.00406262697652, -0.00332563137636, 0.00218848651275, -9.26979919313e-05, -0.00114274723455, 0.00395313929766, 0.00046498113079, -0.00856303982437, 0.0183809939772, -0.00694608688354], [0.00106555235106, -0.00269827665761, 0.00136735592969, -0.00350460922346, 0.000782672781497, -0.00210439250804, 0.00153662683442, -0.00103660253808, -0.00344233820215, 0.00144325813744, -0.000378979602829, -0.00694608688354, 0.0177635531873]]
    },
    "melbands": {
        "dmean": [0.00329236243851, 0.00281278439797, 0.00167228083592, 0.000480826827697, 0.000285198941128, 0.000232181075262, 0.000214474741369, 0.000104647187982, 0.00018383510178, 0.000212621031096, 0.000102208272438, 0.00010954534082, 7.25398422219e-05, 3.6874156649e-05, 7.10556632839e-05, 6.0054968344e-05, 3.97365292883e-05, 3.09215356538e-05, 2.97921578749e-05, 1.61768875842e-05, 1.04440287032e-05, 1.46056763697e-05, 7.14523366696e-06, 7.60354078011e-06, 6.1157206801e-06, 4.5624442464e-06, 5.08687344336e-06, 5.60843636777e-06, 3.87558429793e-06, 2.659123993e-06, 2.6674235869e-06, 1.97491203835e-06, 1.74633635197e-06, 1.62378614732e-06, 1.45692024489e-06, 1.30984108182e-06, 1.33499122512e-06, 1.31869580855e-06, 9.96314270196e-07, 6.90209731147e-07],
        "dmean2": [0.00527458963916, 0.00476346863434, 0.00289582367986, 0.000806054333225, 0.000458371127024, 0.000375874893507, 0.00035350775579, 0.000169922175701, 0.00029900795198, 0.000334054260748, 0.000164880490047, 0.000176087443833, 0.0001212216157, 5.90002309764e-05, 0.000117867108202, 9.71767949522e-05, 6.53238021187e-05, 4.95801577927e-05, 4.84279298689e-05, 2.7227188184e-05, 1.69083305082e-05, 2.4486809707e-05, 1.1926784282e-05, 1.27389384943e-05, 1.01139376056e-05, 7.57108500693e-06, 8.71538759384e-06, 9.57313204708e-06, 6.31613511359e-06, 4.17473029302e-06, 4.13329507865e-06, 3.01591558127e-06, 2.61523973677e-06, 2.42074020207e-06, 2.25432245315e-06, 2.03973650059e-06, 2.0743937057e-06, 1.93581513486e-06, 1.46239665355e-06, 1.07431139895e-06],
        "dvar": [3.99104028475e-05, 3.46277774952e-05, 1.21720431707e-05, 6.98669623489e-07, 1.63178782486e-07, 1.94680524146e-07, 4.36390052982e-07, 5.7230053585e-08, 2.88396364567e-07, 2.12974242686e-07, 1.13815382008e-07, 7.56672875468e-08, 3.11633208128e-08, 1.25210082302e-08, 4.25157047346e-08, 1.50897019324e-08, 2.21245066712e-08, 4.18139034508e-09, 5.30995247772e-09, 1.38455191756e-09, 4.21539442241e-10, 1.9157575526e-09, 1.78001807738e-10, 2.11366396607e-10, 1.04594277683e-10, 7.62013022126e-11, 8.17952511278e-11, 1.08197686921e-10, 5.42451986107e-11, 2.65180464393e-11, 4.4287469525e-11, 1.33203361535e-11, 1.12989097245e-11, 8.65320228666e-12, 7.89080779884e-12, 6.60992267865e-12, 1.46956249253e-11, 1.69436773639e-11, 8.35508138369e-12, 2.61341989716e-12],
        "dvar2": [9.98022296699e-05, 9.09411901375e-05, 3.24735992763e-05, 1.87001637642e-06, 4.17822747067e-07, 4.86781345899e-07, 1.18022489914e-06, 1.48789283116e-07, 7.43840189443e-07, 5.317485261e-07, 2.85219215357e-07, 2.00562652708e-07, 7.97572141664e-08, 2.72486886388e-08, 1.06858443871e-07, 4.03877855604e-08, 5.72502614204e-08, 1.090380497e-08, 1.33835875715e-08, 3.96656796298e-09, 1.00014585502e-09, 5.34702238042e-09, 4.78886152955e-10, 5.60923640869e-10, 2.84846340959e-10, 1.89955717822e-10, 2.21223053765e-10, 2.82760342918e-10, 1.40676151283e-10, 5.40160312312e-11, 8.60695958949e-11, 2.71745525388e-11, 2.4520755218e-11, 1.8512797198e-11, 1.82494401535e-11, 1.33456475038e-11, 3.06994568655e-11, 3.55153198517e-11, 1.67180887189e-11, 5.51476442637e-12],
        "max": [0.0629508420825, 0.0512666478753, 0.0344354324043, 0.00886597111821, 0.00498709641397, 0.00739465700462, 0.0130421612412, 0.00459727970883, 0.00804755836725, 0.00701942341402, 0.00585845625028, 0.00388013478369, 0.0026519796811, 0.00371019123122, 0.00372904888354, 0.00141734932549, 0.00311621348374, 0.000947218737565, 0.00116042047739, 0.00066285423236, 0.000306114699924, 0.00102251104545, 0.000209017263842, 0.000268763193162, 0.000180023227585, 0.00016113188758, 0.000106023951957, 0.000125106220366, 0.000150722975377, 9.66721345321e-05, 0.000135715541546, 7.5136704254e-05, 6.02484287811e-05, 5.21357651451e-05, 4.76695749967e-05, 4.13469097111e-05, 7.42668125895e-05, 9.20072561712e-05, 5.59689178772e-05, 2.90583247988e-05],
        "mean": [0.00516798719764, 0.00448049092665, 0.00218764157034, 0.000819309207145, 0.000518030603416, 0.000378986849682, 0.000306936766719, 0.000170031315065, 0.000259663240286, 0.000310538918711, 0.00015752048057, 0.000169049657416, 0.00010550719162, 6.47400738671e-05, 0.000110780500108, 9.17251818464e-05, 6.59118086332e-05, 4.95353888255e-05, 4.34464054706e-05, 2.62194753304e-05, 1.9466777303e-05, 2.50852845056e-05, 1.27351440824e-05, 1.34234587676e-05, 1.07880168798e-05, 7.74637101131e-06, 8.38342475618e-06, 8.53975234349e-06, 6.11587847743e-06, 4.26511041951e-06, 4.18547779191e-06, 3.16963132718e-06, 2.78271159004e-06, 2.51208302871e-06, 2.12303143599e-06, 1.89993352251e-06, 1.8922731897e-06, 1.71561703155e-06, 1.30177966184e-06, 7.96496522071e-07],
        "median": [0.00197852705605, 0.00285831303336, 0.00122096622363, 0.000504579918925, 0.000333794421749, 0.000217292457819, 0.000101689896837, 7.21840333426e-05, 5.33053134859e-05, 9.24765190575e-05, 4.60329538328e-05, 5.05506031914e-05, 3.5027256672e-05, 2.66831575573e-05, 2.65519884124e-05, 3.26044319081e-05, 1.37141460073e-05, 1.65599631146e-05, 1.57755312102e-05, 1.03457541627e-05, 9.36358901527e-06, 7.76846627559e-06, 5.78803155804e-06, 6.98269332133e-06, 5.9957819758e-06, 3.94178687202e-06, 4.15193881054e-06, 4.03762305723e-06, 3.20425397149e-06, 1.85423982657e-06, 1.59982960213e-06, 1.30071964577e-06, 1.20762842926e-06, 1.03253614725e-06, 7.90315027643e-07, 5.79619893415e-07, 5.38858046184e-07, 5.18437673236e-07, 4.11517675047e-07, 2.42280606244e-07],
        "min": [2.44607775812e-07, 1.17929785119e-05, 1.88750454981e-05, 1.09518878162e-05, 2.50841230809e-06, 4.64656113763e-06, 9.28022927837e-07, 2.56137838051e-07, 2.67591701686e-07, 3.64845845979e-07, 4.48194555247e-07, 1.91394818216e-07, 1.19526944786e-07, 6.24576728114e-08, 2.87674026822e-08, 4.11007761159e-08, 2.14284003874e-08, 4.51957973269e-08, 1.73917413804e-07, 1.74805716568e-08, 3.04160607811e-08, 2.54437946268e-08, 4.45336745258e-09, 8.57467163939e-09, 3.66098156235e-08, 1.55062132023e-08, 1.74448970824e-08, 1.24653558586e-08, 2.67208766225e-09, 3.23336846186e-09, 6.0918643463e-09, 5.63748736582e-09, 3.0322209188e-09, 2.23639395891e-09, 2.3653183856e-09, 5.65566038446e-10, 3.32726251065e-13, 7.33461069657e-11, 9.58243623339e-11, 1.10263041753e-10],
