{
"highlevel": {
    "danceability": {
        "all": {
            "danceable": 0.0215319413692,
            "not_danceable": 0.978468060493
        },
        "probability": 0.978468060493,
        "value": "not_danceable"
    },
    "gender": {
        "all": {
            "female": 0.809156835079,
            "male": 0.190843135118
        },
        "probability": 0.809156835079,
        "value": "female"
    },
    "genre_dortmund": {
        "all": {
            "alternative": 0.138178914785,
            "blues": 0.0131102651358,
            "electronic": 0.253613680601,
            "folkcountry": 0.22559723258,
            "funksoulrnb": 0.0165624786168,
            "jazz": 0.25121191144,
            "pop": 0.0409592315555,
            "raphiphop": 0.00911836978048,
            "rock": 0.0516479350626
        },
        "probability": 0.253613680601,
        "value": "electronic"
    },
    "genre_electronic": {
        "all": {
            "ambient": 0.93274050951,
            "dnb": 0.00518391141668,
            "house": 0.0429513975978,
            "techno": 0.0123617369682,
            "trance": 0.00676241656765
        },
        "probability": 0.93274050951,
        "value": "ambient"
    },
    "genre_rosamerica": {
        "all": {
            "cla": 0.557172656059,
            "dan": 0.00997267384082,
            "hip": 0.0095967547968,
            "jaz": 0.0618182271719,
            "pop": 0.1501737535,
            "rhy": 0.164278149605,
            "roc": 0.0180270876735,
            "spe": 0.0289606619626
        },
        "probability": 0.557172656059,
        "value": "cla"
    },
    "genre_tzanetakis": {
        "all": {
            "blu": 0.001770257717,
            "cla": 0.0547799021006,
            "cou": 0.00295703951269,
            "dis": 0.0074443272315,
            "hip": 0.0017468042206,
            "jaz": 0.028013907373,
            "met": 0.00106692069676,
            "pop": 0.00498118437827,
            "reg": 0.00710644386709,
            "roc": 0.890133202076
        },
        "probability": 0.890133202076,
        "value": "roc"
    },
    "ismir04_rhythm": {
        "all": {
            "ChaChaCha": 0.0276171546429,
            "Jive": 0.0081423856318,
            "Quickstep": 0.0233232527971,
            "Rumba-American": 0.0194945000112,
            "Rumba-International": 0.0628961771727,
            "Rumba-Misc": 0.0379008501768,
            "Samba": 0.010495075956,
            "Tango": 0.256575465202,
            "VienneseWaltz": 0.167028084397,
            "Waltz": 0.386527061462
        },
        "probability": 0.386527061462,
        "value": "Waltz"
    },
    "mood_acoustic": {
        "all": {
            "acoustic": 0.628376364708,
            "not_acoustic": 0.371623665094
        },
        "probability": 0.628376364708,
        "value": "acoustic"
    },
    "mood_aggressive": {
        "all": {
            "aggressive": 0.0557997487485,
            "not_aggressive": 0.944200277328
        },
        "probability": 0.944200277328,
        "value": "not_aggressive"
    },
    "mood_electronic": {
        "all": {
            "electronic": 0.384915649891,
            "not_electronic": 0.615084350109
        },
        "probability": 0.615084350109,
        "value": "not_electronic"
    },
    "mood_happy": {
        "all": {
            "happy": 0.0736608281732,
            "not_happy": 0.926339149475
        },
        "probability": 0.926339149475,
        "value": "not_happy"
    },
    "mood_party": {
        "all": {
            "not_party": 0.994868040085,
            "party": 0.00513193244115
        },
        "probability": 0.994868040085,
        "value": "not_party"
    },
    "mood_relaxed": {
        "all": {
            "not_relaxed": 0.00990561116487,
            "relaxed": 0.990094363689
        },
        "probability": 0.990094363689,
        "value": "relaxed"
    },
    "mood_sad": {
        "all": {
            "not_sad": 0.156235694885,
            "sad": 0.843764305115
        },
        "probability": 0.843764305115,
        "value": "sad"
    },
    "moods_mirex": {
        "all": {
            "Cluster1": 0.125622704625,
            "Cluster2": 0.187889039516,
            "Cluster3": 0.436594545841,
            "Cluster4": 0.225141718984,
            "Cluster5": 0.0247519984841
        },
        "probability": 0.436594545841,
        "value": "Cluster3"
    },
    "timbre": {
        "all": {
            "bright": 0.0249291285872,
            "dark": 0.975070893764
        },
        "probability": 0.975070893764,
        "value": "dark"
    },
    "tonal_atonal": {
        "all": {
            "atonal": 0.148230552673,
            "tonal": 0.851769447327
        },
        "probability": 0.851769447327,
        "value": "tonal"
    },
    "voice_instrumental": {
        "all": {
            "instrumental": 0.670799612999,
            "voice": 0.329200416803
        },
        "probability": 0.670799612999,
        "value": "instrumental"
    }
},
"lowlevel": {
    "average_loudness": 0.896693170071,
    "barkbands_crest": {
        "dmean": 2.0409321785,
        "dmean2": 3.28248023987,
        "dvar": 3.59066271782,
        "dvar2": 8.65381622314,
        "max": 25.361207962,
        "mean": 10.4589481354,
        "median": 9.60588645935,
        "min": 4.03070783615,
        "var": 13.802072525
    },
    "barkbands_flatness_db": {
        "dmean": 0.0217091999948,
        "dmean2": 0.0333147495985,
        "dvar": 0.000396986550186,
        "dvar2": 0.000859564170241,
        "max": 0.514642655849,
        "mean": 0.30532798171,
        "median": 0.302049160004,
        "min": 0.133945673704,
        "var": 0.00595730636269
    },
    "barkbands_kurtosis": {
        "dmean": 1.95931434631,
        "dmean2": 2.94374752045,
        "dvar": 10.7292490005,
        "dvar2": 23.9445438385,
        "max": 73.6488876343,
        "mean": 3.91829228401,
        "median": 1.90808105469,
        "min": -1.53717565536,
        "var": 31.968252182
    },
    "barkbands_skewness": {
        "dmean": 0.348636507988,
        "dmean2": 0.532019019127,
        "dvar": 0.141141742468,
        "dvar2": 0.302775472403,
        "max": 7.9066901207,
        "mean": 1.37897837162,
        "median": 1.12562143803,
        "min": -0.61518228054,
        "var": 0.815510690212
    },
    "barkbands_spread": {
        "dmean": 1.55110120773,
        "dmean2": 2.34781050682,
        "dvar": 2.52386951447,
        "dvar2": 5.50596284866,
        "max": 30.536605835,
        "mean": 8.21150588989,
        "median": 7.76180124283,
        "min": 0.715859174728,
        "var": 13.486995697
    },
    "dissonance": {
        "dmean": 0.0369860678911,
        "dmean2": 0.0630655959249,
        "dvar": 0.00106711802073,
        "dvar2": 0.00286992383189,
        "max": 0.499792873859,
        "mean": 0.426416158676,
        "median": 0.434636056423,
        "min": 0.166775763035,
        "var": 0.00224281963892
    },
    "dynamic_complexity": 2.91515922546,
    "erbbands_crest": {
        "dmean": 2.45985817909,
        "dmean2": 3.97627663612,
        "dvar": 5.96585035324,
        "dvar2": 14.5338373184,
        "max": 31.1553096771,
        "mean": 11.1895170212,
        "median": 9.9324836731,
        "min": 3.44659113884,
        "var": 27.0977840424
    },
    "erbbands_flatness_db": {
        "dmean": 0.0181485172361,
        "dmean2": 0.0264865458012,
        "dvar": 0.000367297121556,
        "dvar2": 0.000653005088679,
        "max": 0.463028877974,
        "mean": 0.308280646801,
        "median": 0.306245744228,
        "min": 0.11258392036,
        "var": 0.00493832165375
    },
    "erbbands_kurtosis": {
        "dmean": 1.27552509308,
        "dmean2": 1.93654978275,
        "dvar": 5.48321008682,
        "dvar2": 11.5681180954,
        "max": 34.7938537598,
        "mean": 1.37183785439,
        "median": 0.0634000301361,
        "min": -1.76522123814,
        "var": 15.2934627533
    },
    "erbbands_skewness": {
        "dmean": 0.369556009769,
        "dmean2": 0.561134278774,
        "dvar": 0.120528772473,
        "dvar2": 0.257081896067,
        "max": 5.45197105408,
        "mean": 0.5836545825,
        "median": 0.482878059149,
        "min": -2.6104683876,
        "var": 1.00015377998
    },
    "erbbands_spread": {
        "dmean": 3.32013821602,
        "dmean2": 5.04117774963,
        "dvar": 18.5206279755,
        "dvar2": 35.6823654175,
        "max": 85.3548812866,
        "mean": 17.8023300171,
        "median": 15.3893384933,
        "min": 2.59121847153,
        "var": 96.6853103638
    },
    "hfc": {
        "dmean": 2.75616955757,
        "dmean2": 4.13624954224,
        "dvar": 10.615899086,
        "dvar2": 22.6070823669,
        "max": 49.7262039185,
        "mean": 13.8143777847,
        "median": 12.3294343948,
        "min": 0.638677060604,
        "var": 80.2523956299
    },
    "melbands_crest": {
        "dmean": 2.67633652687,
        "dmean2": 4.4191160202,
        "dvar": 6.55525684357,
        "dvar2": 17.721736908,
        "max": 31.6114311218,
        "mean": 13.8689928055,
        "median": 13.2028045654,
        "min": 5.66999101639,
        "var": 20.7711849213
    },
    "melbands_flatness_db": {
        "dmean": 0.0221050046384,
        "dmean2": 0.0322273559868,
        "dvar": 0.000525305513293,
        "dvar2": 0.000982936006039,
        "max": 0.658545553684,
        "mean": 0.39716309309,
        "median": 0.392202109098,
        "min": 0.199386253953,
        "var": 0.0114628784359
    },
    "melbands_kurtosis": {
        "dmean": 2.72442483902,
        "dmean2": 4.19021272659,
        "dvar": 18.9901580811,
        "dvar2": 39.2273330688,
        "max": 74.5692901611,
        "mean": 6.7740445137,
        "median": 3.80949831009,
        "min": -1.09398782253,
        "var": 68.4498214722
    },
    "melbands_skewness": {
        "dmean": 0.401476174593,
        "dmean2": 0.621141970158,
        "dvar": 0.184300914407,
        "dvar2": 0.401809334755,
        "max": 6.75464868546,
        "mean": 1.75899803638,
        "median": 1.58808147907,
        "min": -0.753422439098,
        "var": 1.00856685638
    },
    "melbands_spread": {
        "dmean": 1.83551871777,
        "dmean2": 2.8369808197,
        "dvar": 3.08505153656,
        "dvar2": 7.47946739197,
        "max": 26.2213363647,
        "mean": 9.9328584671,
        "median": 9.16983890533,
        "min": 0.781351804733,
        "var": 17.9537601471
    },
    "pitch_salience": {
        "dmean": 0.0603281036019,
        "dmean2": 0.0990817248821,
        "dvar": 0.00258962297812,
        "dvar2": 0.00652122637257,
        "max": 0.78622853756,
        "mean": 0.555442392826,
        "median": 0.56782078743,
        "min": 0.0916815325618,
        "var": 0.00978891458362
    },
    "silence_rate_20dB": {
        "dmean": 0,
        "dmean2": 0,
        "dvar": 0,
        "dvar2": 0,
        "max": 1,
        "mean": 1,
        "median": 1,
        "min": 1,
        "var": 0
    },
    "silence_rate_30dB": {
        "dmean": 0.0263157896698,
        "dmean2": 0.0526723451912,
        "dvar": 0.0256238561124,
        "dvar2": 0.0591944754124,
        "max": 1,
        "mean": 0.972931146622,
        "median": 1,
        "min": 0,
        "var": 0.0263358652592
    },
    "silence_rate_60dB": {
        "dmean": 0.0201238393784,
        "dmean2": 0.0402788519859,
        "dvar": 0.0197187718004,
        "dvar2": 0.0510502867401,
        "max": 1,
        "mean": 0.0425367355347,
        "median": 0,
        "min": 0,
        "var": 0.0407271496952
    },
    "spectral_centroid": {
        "dmean": 59.165599823,
        "dmean2": 91.0171051025,
        "dvar": 4903.34423828,
        "dvar2": 10263.3544922,
        "max": 1813.42541504,
        "mean": 552.465881348,
        "median": 508.016326904,
        "min": 177.691726685,
        "var": 35812.7226562
    },
    "spectral_complexity": {
        "dmean": 1.67182660103,
        "dmean2": 2.77072048187,
        "dvar": 2.06877279282,
        "dvar2": 5.34790945053,
        "max": 28,
        "mean": 13.4709978104,
        "median": 14,
        "min": 2,
        "var": 18.8848781586
    },
    "spectral_decrease": {
        "dmean": 2.30557040126e-09,
        "dmean2": 3.59092733326e-09,
        "dvar": 1.1938715979e-17,
        "dvar2": 2.64083217365e-17,
        "max": -5.16175158172e-10,
        "mean": -1.03187058897e-08,
        "median": -9.47908151971e-09,
        "min": -5.22439336237e-08,
        "var": 5.90938822225e-17
    },
    "spectral_energy": {
        "dmean": 0.00891543459147,
        "dmean2": 0.0138837173581,
        "dvar": 0.000175113498699,
        "dvar2": 0.000387220876291,
        "max": 0.199563741684,
        "mean": 0.0401981621981,
        "median": 0.0368648022413,
        "min": 0.00202432507649,
        "var": 0.000880167004652
    },
    "spectral_energyband_high": {
        "dmean": 1.73395874299e-05,
        "dmean2": 2.42228525167e-05,
        "dvar": 2.65846011871e-09,
        "dvar2": 4.90138196696e-09,
        "max": 0.00102242920548,
        "mean": 3.72530666937e-05,
        "median": 4.96914572068e-06,
        "min": 8.05092881251e-09,
        "var": 7.68897123749e-09
    },
    "spectral_energyband_low": {
        "dmean": 0.00526093086228,
        "dmean2": 0.00831789989024,
        "dvar": 0.000152843378601,
        "dvar2": 0.000329838949256,
        "max": 0.1792203933,
        "mean": 0.0163110624999,
        "median": 0.0112574510276,
        "min": 2.09697882383e-05,
        "var": 0.000483992625959
    },
    "spectral_energyband_middle_high": {
        "dmean": 0.000855938124005,
        "dmean2": 0.00116645696107,
        "dvar": 1.34617278036e-06,
        "dvar2": 2.5213500976e-06,
        "max": 0.0311105716974,
        "mean": 0.00394514016807,
        "median": 0.00251507083885,
        "min": 6.59939614707e-05,
        "var": 1.9467132006e-05
    },
    "spectral_energyband_middle_low": {
        "dmean": 0.00612931651995,
        "dmean2": 0.00964345131069,
        "dvar": 6.18694393779e-05,
        "dvar2": 0.000141484269989,
        "max": 0.08844550699,
        "mean": 0.0221285559237,
        "median": 0.0188851095736,
        "min": 0.000452459091321,
        "var": 0.000266286748229
    },
    "spectral_entropy": {
        "dmean": 0.141177579761,
        "dmean2": 0.205454543233,
        "dvar": 0.0232402849942,
        "dvar2": 0.0446345172822,
        "max": 7.98839092255,
        "mean": 6.34913444519,
        "median": 6.2559633255,
        "min": 5.28083658218,
        "var": 0.280876070261
    },
    "spectral_flux": {
        "dmean": 0.0208876114339,
        "dmean2": 0.0335925370455,
        "dvar": 0.000751553394366,
        "dvar2": 0.00168470153585,
        "max": 0.378708928823,
        "mean": 0.0747008174658,
        "median": 0.0616219118237,
        "min": 0.0141490334645,
        "var": 0.0023318559397
    },
    "spectral_kurtosis": {
        "dmean": 23.2268066406,
        "dmean2": 40.1588172913,
        "dvar": 893.39074707,
        "dvar2": 2684.8684082,
        "max": 260.308166504,
        "mean": 62.753704071,
        "median": 34.7955780029,
        "min": -1.21894264221,
        "var": 4052.1550293
    },
    "spectral_rms": {
        "dmean": 0.000633441144601,
        "dmean2": 0.000985030201264,
        "dvar": 5.35989556738e-07,
        "dvar2": 1.18594050491e-06,
        "max": 0.0139533625916,
        "mean": 0.00578096695244,
        "median": 0.00599713763222,
        "min": 0.00140532967634,
        "var": 5.79819470659e-06
    },
    "spectral_rolloff": {
        "dmean": 90.1658172607,
        "dmean2": 152.233169556,
        "dvar": 21851.2578125,
        "dvar2": 55586.0390625,
        "max": 2950.04882812,
        "mean": 616.170166016,
        "median": 581.396484375,
        "min": 64.599609375,
        "var": 68298.203125
    },
    "spectral_skewness": {
        "dmean": 1.31321048737,
        "dmean2": 2.2694003582,
        "dvar": 2.11535048485,
        "dvar2": 6.55403614044,
        "max": 12.5125217438,
        "mean": 4.76595258713,
        "median": 4.0253534317,
        "min": 0.139022469521,
        "var": 8.69691562653
    },
    "spectral_spread": {
        "dmean": 342036.71875,
        "dmean2": 515406.625,
        "dvar": 615227195392,
        "dvar2": 758294511616,
        "max": 26556736,
        "mean": 1773941,
        "median": 1460036.625,
        "min": 281869.71875,
        "var": 1.99371810406e+12
    },
    "spectral_strongpeak": {
        "dmean": 0.413352459669,
        "dmean2": 0.705791473389,
        "dvar": 0.427311807871,
        "dvar2": 1.15742850304,
        "max": 5.55994796753,
        "mean": 0.918876945972,
        "median": 0.636877596378,
        "min": 0.0754011422396,
        "var": 0.696265280247
    },
    "zerocrossingrate": {
        "dmean": 0.00300035974942,
        "dmean2": 0.00397092569619,
        "dvar": 1.03416914499e-05,
        "dvar2": 1.57209469762e-05,
        "max": 0.09326171875,
        "mean": 0.0250481106341,
        "median": 0.0234375,
        "min": 0.0029296875,
        "var": 9.63492420851e-05
    },
    "barkbands": {
        "dmean": [0.000146225560457, 0.00364060257562, 0.00242370599881, 0.00130459468346, 0.00253030192107, 0.00269211316481, 0.00197000429034, 0.00114150962327, 0.000580170599278, 0.000370882538846, 0.00035908044083, 0.000305192021187, 0.000226412230404, 0.000104523009213, 4.76303721371e-05, 1.86737925105e-05, 1.38196055559e-05, 8.16912233859e-06, 7.88929537521e-06, 8.38896721689e-06, 4.98938607052e-06, 3.34410447067e-06, 2.167596449e-06, 2.65363269136e-06, 2.4542337087e-06, 1.03928005046e-06, 2.73453970578e-09],
        "dmean2": [0.000223971175728, 0.00572719424963, 0.00404655886814, 0.00212419894524, 0.00408862205222, 0.0043543628417, 0.00316562922671, 0.00180773600005, 0.000911438488401, 0.000529564276803, 0.000488349876832, 0.000426917540608, 0.000367570406524, 0.000162845666637, 7.61746414355e-05, 2.86457197944e-05, 2.29522556765e-05, 1.16832579806e-05, 1.20237382362e-05, 1.32395289256e-05, 7.38718426874e-06, 5.12467067892e-06, 2.98937266052e-06, 3.74003047909e-06, 3.66849394595e-06, 1.78847085408e-06, 4.03327327092e-09],
        "dvar": [2.57206465903e-07, 9.27056389628e-05, 7.68010140746e-05, 9.63922957453e-06, 2.02733262995e-05, 1.87458826986e-05, 1.64767170645e-05, 4.60721093987e-06, 1.71441956809e-06, 6.84535507389e-07, 3.98704600002e-07, 2.80743790881e-07, 1.47162566577e-07, 5.37965370029e-08, 1.14408367224e-08, 2.46392839465e-09, 2.4177275737e-09, 8.88868978421e-10, 6.01499738906e-10, 7.00219604521e-10, 2.71305672372e-10, 1.31626418098e-10, 6.83420264824e-11, 2.21465387695e-10, 1.12899224691e-10, 2.16298333411e-11, 1.03488166743e-15],
        "dvar2": [6.06082267041e-07, 0.000198093199288, 0.000205216740142, 2.43052199949e-05, 4.7777317377e-05, 4.5395543566e-05, 3.97153453378e-05, 1.06507095552e-05, 3.91074991057e-06, 1.21591745028e-06, 6.26175733487e-07, 5.35191077233e-07, 3.53719940449e-07, 1.24569609739e-07, 2.32876757877e-08, 4.8983470613e-09, 4.887354077e-09, 1.43721035073e-09, 1.17119425269e-09, 1.75779557576e-09, 5.76566183685e-10, 3.26910165604e-10, 1.2392402382e-10, 4.65223526369e-10, 2.40563541309e-10, 5.50837812863e-11, 1.04353686184e-15],
        "max": [0.00744611769915, 0.150945976377, 0.113088838756, 0.0674504190683, 0.0693501234055, 0.0484987683594, 0.0579861588776, 0.0336604639888, 0.02447431162, 0.0288371238858, 0.0242045652121, 0.0106508238241, 0.00499418750405, 0.00304399314336, 0.00224354700185, 0.00114379881416, 0.00128908269107, 0.000925153086428, 0.000512754137162, 0.000487326004077, 0.000376772310119, 0.000318008998875, 0.000159641058417, 0.000237243046286, 0.000190022459719, 6.7680644861e-05, 1.02303351923e-06],
        "mean": [0.000411238434026, 0.00968691892922, 0.0040941205807, 0.00330657884479, 0.00485918438062, 0.00576451001689, 0.00439647305757, 0.00252827932127, 0.0010261364514, 0.00113710539881, 0.00126847263891, 0.000775150430854, 0.000426656450145, 0.000254499638686, 0.00013216251682, 3.3959877328e-05, 2.4193781428e-05, 1.64455286722e-05, 1.30760208776e-05, 1.46089796544e-05, 1.0403899978e-05, 7.26618964109e-06, 3.83398491977e-06, 3.06614333567e-06, 2.85197097583e-06, 1.0363318097e-06, 2.4923059172e-09],
        "median": [1.14347096769e-06, 0.00555601995438, 0.0016135093756, 0.000611921888776, 0.00312352180481, 0.00343005382456, 0.00229437765665, 0.00116502516903, 0.000407186569646, 0.000297472841339, 0.00038280262379, 0.000332663359586, 0.000229513156228, 0.000111017732706, 4.24349418608e-05, 1.23052013805e-05, 8.19990418677e-06, 3.98099336962e-06, 3.61489196621e-06, 1.12349175652e-06, 9.2401484153e-07, 4.66560834411e-07, 7.720603179e-08, 6.06948944437e-08, 1.59808841715e-08, 3.87753074094e-09, 4.72154648712e-10],
        "min": [1.38282429951e-09, 2.43156307533e-07, 7.61120099924e-06, 4.08428513765e-06, 5.37729174539e-05, 5.16094951308e-05, 1.38048944791e-05, 1.42489570862e-05, 7.85489737609e-06, 2.29624265558e-06, 2.09597828871e-06, 2.43967656388e-06, 1.19159494716e-06, 1.43495583416e-06, 5.58412693863e-07, 1.96775545191e-07, 4.97600069593e-07, 7.59142650963e-08, 2.27840395439e-08, 1.7040728828e-09, 2.53718090981e-09, 1.14402964879e-09, 2.81756618037e-10, 2.6961226654e-11, 2.21535186029e-11, 3.00112677765e-11, 4.04689649847e-11],
        "var": [8.48448848956e-07, 0.000242519541644, 7.37620794098e-05, 4.28370585723e-05, 4.49665858469e-05, 4.59604489151e-05, 3.53887553501e-05, 1.27329976749e-05, 3.80318601856e-06, 8.82297263161e-06, 6.8745880526e-06, 1.49848290221e-06, 3.1785776855e-07, 1.38821661722e-07, 5.69818112695e-08, 5.56063772805e-09, 3.92687971029e-09, 3.02735658764e-09, 1.07244557679e-09, 1.09449715957e-09, 7.86671339181e-10, 5.44944311898e-10, 1.66704969273e-10, 2.78619738392e-10, 1.62343680166e-10, 2.2512634118e-11, 1.03475143611e-15]
    },
    "erbbands": {
        "dmean": [0.0943718254566, 0.946589767933, 2.83867526054, 3.66885375977, 3.39063191414, 11.3781137466, 19.7954654694, 22.0633296967, 26.8477287292, 22.8288917542, 26.8434906006, 15.6882705688, 8.61224460602, 17.1389350891, 9.298163414, 13.9389648438, 9.98802852631, 5.85969400406, 3.19860243797, 1.31622004509, 0.927227199078, 0.63377481699, 0.40981182456, 0.44722160697, 0.326589077711, 0.413296401501, 0.216974943876, 0.228443622589, 0.132058829069, 0.0773826017976, 0.0597296319902, 0.0513545759022, 0.0498720519245, 0.0313094109297, 0.0166167672724, 0.00635922234505, 0.00159922265448, 9.71278350335e-05, 5.74696741751e-06, 9.807805327e-06],
        "dmean2": [0.142908126116, 1.53316342831, 4.83160686493, 5.99673652649, 5.36440944672, 18.7772808075, 33.3337669373, 33.9657897949, 41.7475204468, 37.1425094604, 41.2129478455, 24.2896671295, 12.6397924423, 24.2997570038, 11.8377304077, 19.0247135162, 15.9918575287, 9.0478181839, 5.21435880661, 1.99775600433, 1.39568185806, 0.995259702206, 0.597388148308, 0.666486442089, 0.505183696747, 0.651099920273, 0.339096158743, 0.340294241905, 0.203452140093, 0.113903157413, 0.0839912369847, 0.0758150592446, 0.0728245601058, 0.0476849414408, 0.0262154657394, 0.0112756332383, 0.0026952077169, 0.000168701459188, 9.12301129574e-06, 1.52746852109e-05],
        "dvar": [0.105818063021, 6.8294377327, 98.6169662476, 86.8144454956, 43.2419586182, 488.582366943, 1071.49951172, 1820.34387207, 3116.0378418, 1865.99511719, 3305.34277344, 1183.05749512, 306.530029297, 1026.01879883, 493.74420166, 533.178527832, 292.800811768, 157.396865845, 41.5460014343, 7.74537277222, 10.5773868561, 4.13786792755, 2.3742389679, 2.43390393257, 0.988318860531, 1.6084458828, 0.40279263258, 0.762695550919, 0.285274356604, 0.0652807503939, 0.0602292940021, 0.0763114839792, 0.0733466818929, 0.0185807850212, 0.00674831029028, 0.00084135850193, 6.56571792206e-05, 4.00295334657e-07, 1.67895822245e-10, 2.06999598018e-10],
        "dvar2": [0.230329066515, 14.8042049408, 256.63885498, 222.159561157, 103.108261108, 1218.93640137, 2992.86669922, 4040.59033203, 6922.42138672, 4492.08691406, 7504.76513672, 2589.47216797, 553.842834473, 1969.07824707, 530.208374023, 939.644104004, 691.945068359, 361.770233154, 92.7991104126, 15.3828773499, 17.9616775513, 8.06390953064, 3.81316709518, 4.08772134781, 2.05640172958, 4.11247444153, 0.898592829704, 1.91492319107, 0.689903438091, 0.14930306375, 0.113770172, 0.153780728579, 0.160200297832, 0.0405153334141, 0.0147808082402, 0.00217508431524, 0.000167745078215, 9.7795327747e-07, 3.76255276935e-10, 4.58652199553e-10],
        "max": [4.56717920303, 34.8649101257, 132.177078247, 193.449691772, 114.896400452, 385.124847412, 412.723693848, 482.387145996, 935.97845459, 670.161010742, 894.271362305, 584.247741699, 424.479187012, 1078.14672852, 1190.93261719, 544.967468262, 245.094268799, 195.430221558, 101.44834137, 60.3530273438, 94.6760864258, 53.6215286255, 52.6697807312, 44.0301170349, 19.7910747528, 22.6087932587, 11.0149011612, 19.1852493286, 17.7102222443, 4.77437067032, 4.94879293442, 4.58259820938, 4.3635635376, 2.19250464439, 1.82177555561, 0.362925291061, 0.103935040534, 0.0104478243738, 0.000185294251423, 0.000216777407331],
        "mean": [0.241357132792, 2.24750137329, 5.28369092941, 8.81817150116, 8.37939834595, 19.4573688507, 33.3343276978, 49.9890441895, 63.2670097351, 56.2808227539, 55.3789825439, 30.0591201782, 20.9581508636, 52.9205627441, 46.4905509949, 38.3772201538, 20.3496170044, 13.9833345413, 10.4731969833, 3.73838281631, 1.82790505886, 1.23877394199, 0.870808899403, 0.812451303005, 0.59652620554, 0.691648304462, 0.473468124866, 0.427286595106, 0.293153852224, 0.149079591036, 0.0988361611962, 0.0645453855395, 0.0539450645447, 0.0351769924164, 0.0176641494036, 0.00673285732046, 0.00151617999654, 8.39263593662e-05, 2.09945701499e-05, 4.48365026386e-05],
        "median": [0.0489314310253, 1.19405400753, 2.32663989067, 2.49266004562, 4.37282991409, 10.7166748047, 18.7796382904, 27.6967353821, 35.5826835632, 33.9794158936, 24.1265087128, 14.1818323135, 9.70950603485, 15.9181537628, 13.105099678, 16.4717674255, 12.0247163773, 8.33151721954, 4.31114387512, 1.66152632236, 0.669114768505, 0.424272805452, 0.238593950868, 0.210146233439, 0.141646921635, 0.0561391115189, 0.03985542804, 0.0319802127779, 0.0187615826726, 0.00673359259963, 0.00199492252432, 0.00143268634565, 0.000825099239592, 0.000286441209028, 0.000104334481875, 4.69088481623e-05, 2.20573456318e-05, 3.55740985469e-06, 1.81909563253e-05, 4.14444075432e-05],
        "min": [1.59233823069e-05, 0.000367533648387, 0.0130888801068, 0.0225060675293, 0.0813551843166, 0.161071032286, 0.305544257164, 0.452292263508, 0.277339786291, 0.316862761974, 0.488284081221, 0.255837380886, 0.228842183948, 0.129698351026, 0.251212030649, 0.156918868423, 0.125140786171, 0.103324063122, 0.0834438428283, 0.0171707738191, 0.0168833397329, 0.0305448323488, 0.0113460710272, 0.00366062158719, 0.000857404083945, 0.000386361469282, 0.000170363360667, 9.69319080468e-05, 5.44588801858e-05, 3.44475774909e-05, 1.84985419764e-05, 1.77423353307e-05, 1.52374850586e-05, 8.97593690752e-06, 3.47061290995e-06, 2.01781790565e-06, 8.93902608823e-07, 1.55070353003e-07, 9.63516868069e-07, 2.24695031648e-06],
        "var": [0.247750595212, 13.3218746185, 104.163574219, 245.219482422, 125.703689575, 927.497314453, 1883.69238281, 4431.98046875, 7074.14306641, 4575.67480469, 7765.53759766, 2889.7421875, 1175.2487793, 12538.6328125, 14439.4492188, 3580.53833008, 622.429016113, 333.105285645, 200.598144531, 34.6356811523, 22.1742172241, 8.3819065094, 8.26215267181, 5.86647129059, 1.96078455448, 2.42394113541, 1.08708751202, 1.74261009693, 1.12378633022, 0.213008254766, 0.129405379295, 0.113170497119, 0.0856315419078, 0.0254378095269, 0.00871783681214, 0.000917178404052, 5.95669262111e-05, 3.41311050533e-07, 3.36740163531e-10, 1.06511488518e-09]
    },
    "gfcc": {
        "mean": [-108.363311768, 219.944869995, -113.844207764, -19.0185832977, -40.2648849487, -6.67568588257, -22.5990905762, -14.3720541, -12.088341713, -1.90522038937, 0.619888365269, -9.56745529175, -5.55992460251],
        "cov": [[3020.8112793, -1563.05529785, 219.970413208, 509.529449463, -512.662658691, 565.270080566, -398.939361572, 374.863555908, -334.400024414, 272.374755859, -121.691421509, 66.5540924072, 13.5629320145], [-1563.05529785, 3062.21777344, 727.465148926, -1791.06811523, 1784.73620605, 60.1719245911, 195.085906982, -49.3785629272, 328.683410645, -254.733673096, 187.060897827, 153.202774048, 319.865447998], [219.970413208, 727.465148926, 857.483459473, -572.401611328, 505.532562256, 394.590515137, -40.1868286133, 171.081314087, 13.5565042496, -27.2661170959, 37.4048728943, 133.156799316, 167.240280151], [509.529449463, -1791.06811523, -572.401611328, 1553.30444336, -1212.10705566, -155.206222534, 169.781158447, -120.141716003, -99.131401062, 129.991378784, -20.7166538239, -164.25239563, -207.07875061], [-512.662658691, 1784.73620605, 505.532562256, -1212.10705566, 1459.37390137, 233.469985962, -92.3691253662, 124.072814941, 106.52180481, -83.9995803833, -3.08941149712, 151.587005615, 249.472595215], [565.270080566, 60.1719245911, 394.590515137, -155.206222534, 233.469985962, 463.096466064, -83.9150009155, 167.279724121, -11.8388690948, -14.60896492, -39.8692131042, 69.833694458, 91.3205032349], [-398.939361572, 195.085906982, -40.1868286133, 169.781158447, -92.3691253662, -83.9150009155, 355.315002441, -97.7065429688, 85.0507583618, -21.7596664429, 79.3508605957, -27.2938632965, -13.9751205444], [374.863555908, -49.3785629272, 171.081314087, -120.141716003, 124.072814941, 167.279724121, -97.7065429688, 192.62449646, -45.5705413818, 23.2783222198, -28.9951496124, 33.2421913147, 45.1483802795], [-334.400024414, 328.683410645, 13.5565042496, -99.131401062, 106.52180481, -11.8388690948, 85.0507583618, -45.5705413818, 173.845703125, -52.7606430054, 55.9172439575, 3.61802530289, 0.541670918465], [272.374755859, -254.733673096, -27.2661170959, 129.991378784, -83.9995803833, -14.60896492, -21.7596664429, 23.2783222198, -52.7606430054, 140.886322021, 8.20082759857, -5.15914535522, -10.9208984375], [-121.691421509, 187.060897827, 37.4048728943, -20.7166538239, -3.08941149712, -39.8692131042, 79.3508605957, -28.9951496124, 55.9172439575, 8.20082759857, 164.120574951, -11.4963722229, -1.50786018372], [66.5540924072, 153.202774048, 133.156799316, -164.25239563, 151.587005615, 69.833694458, -27.2938632965, 33.2421913147, 3.61802530289, -5.15914535522, -11.4963722229, 90.3456802368, 41.5958404541], [13.5629320145, 319.865447998, 167.240280151, -207.07875061, 249.472595215, 91.3205032349, -13.9751205444, 45.1483802795, 0.541670918465, -10.9208984375, -1.50786018372, 41.5958404541, 133.512359619]],
        "icov": [[0.000996718648821, -4.67503523396e-05, 0.00030671391869, -2.47140615102e-05, 0.000552355370019, -0.00130197301041, 0.000555762439035, -0.000725857797079, 0.000789690704551, -0.00125609373208, -0.000240667155595, -0.000707892293576, -0.000137835726491], [-4.67503523396e-05, 0.0161239691079, -0.00542694702744, 0.00801077019423, -0.0122451586649, 0.00643265899271, -0.00871902890503, 0.00840475782752, -0.0062618451193, 0.00928501784801, -0.00696343462914, 0.00796718709171, -0.00645201606676], [0.00030671391869, -0.00542694702744, 0.00504915323108, -0.00167207093909, 0.00465754652396, -0.00470848195255, 0.00239453138784, -0.00339956022799, 0.00284324469976, -0.00374812749214, 0.00115939078387, -0.00435720104724, 0.0010229498148], [-2.47140615102e-05, 0.00801077019423, -0.00167207093909, 0.00663356622681, -0.00427228445187, 0.00188539957162, -0.00540964398533, 0.00456429412588, -0.00285629369318, 0.0031585150864, -0.00300574628636, 0.00488317850977, -0.0035080278758], [0.000552355370019, -0.0122451586649, 0.00465754652396, -0.00427228445187, 0.0120638580993, -0.00619940226898, 0.0065131476149, -0.00673757400364, 0.00441989675164, -0.00838469248265, 0.00562857324257, -0.00654069986194, 0.00287626148202], [-0.00130197301041, 0.00643265899271, -0.00470848195255, 0.00188539957162, -0.00619940226898, 0.00946816522628, -0.0034465729259, 0.00160236947704, -0.00433588726446, 0.0063572479412, -0.00147288746666, 0.00352199166082, -0.00282794539817], [0.000555762439035, -0.00871902890503, 0.00239453138784, -0.00540964398533, 0.0065131476149, -0.0034465729259, 0.00931569281965, -0.0036686246749, 0.00231250282377, -0.00503223342821, 0.00243108882569, -0.0044683390297, 0.0028441271279], [-0.000725857797079, 0.00840475782752, -0.00339956022799, 0.00456429412588, -0.00673757400364, 0.00160236947704, -0.0036686246749, 0.0141309406608, -0.00245508435182, 0.00415055360645, -0.00329286442138, 0.0049313409254, -0.00361774396151], [0.000789690704551, -0.0062618451193, 0.00284324469976, -0.00285629369318, 0.00441989675164, -0.00433588726446, 0.00231250282377, -0.00245508435182, 0.0119232675061, -0.00210699276067, -2.0902718461e-05, -0.00415070913732, 0.00378151843324], [-0.00125609373208, 0.00928501784801, -0.00374812749214, 0.0031585150864, -0.00838469248265, 0.0063572479412, -0.00503223342821, 0.00415055360645, -0.00210699276067, 0.0163151081651, -0.00553109357134, 0.00434264307842, -0.003207140835], [-0.000240667155595, -0.00696343462914, 0.00115939078387, -0.00300574628636, 0.00562857324257, -0.00147288746666, 0.00243108882569, -0.00329286442138, -2.0902718461e-05, -0.00553109357134, 0.0113925877959, -0.00162532785907, 0.00263397139497], [-0.000707892293576, 0.00796718709171, -0.00435720104724, 0.00488317850977, -0.00654069986194, 0.00352199166082, -0.0044683390297, 0.0049313409254, -0.00415070913732, 0.00434264307842, -0.00162532785907, 0.0207014847547, -0.00440251082182], [-0.000137835726491, -0.00645201606676, 0.0010229498148, -0.0035080278758, 0.00287626148202, -0.00282794539817, 0.0028441271279, -0.00361774396151, 0.00378151843324, -0.003207140835, 0.00263397139497, -0.00440251082182, 0.0154437972233]]
    },
    "melbands": {
        "dmean": [0.000897286459804, 0.00137864809949, 0.000579173560254, 0.000496625259984, 0.000631568778772, 0.000490494887345, 0.000421907927375, 0.000234190185438, 0.000211914812098, 9.16563076316e-05, 4.22180200985e-05, 6.90727465553e-05, 3.35820805049e-05, 3.67961438315e-05, 2.56244638877e-05, 2.3626105758e-05, 1.05972994788e-05, 5.87621389059e-06, 3.49211973116e-06, 1.42758756283e-06, 1.13248233902e-06, 8.24395101517e-07, 4.36103817947e-07, 3.49595126181e-07, 3.9503976268e-07, 2.81734230612e-07, 2.46292870543e-07, 3.12825619631e-07, 1.69185369714e-07, 1.06381158105e-07, 1.54042723466e-07, 8.97582737025e-08, 5.07622104351e-08, 4.53565149883e-08, 3.76403122004e-08, 3.3995029014e-08, 3.17243511461e-08, 3.68359316383e-08, 3.41110819591e-08, 2.53049687871e-08],
        "dmean2": [0.00136086717248, 0.00219673663378, 0.000944731407799, 0.000808779324871, 0.00104471109807, 0.000762478448451, 0.000659787736367, 0.000380936457077, 0.000329035858158, 0.000141345182783, 6.23496307526e-05, 9.83562058536e-05, 4.51565792901e-05, 4.88921978103e-05, 3.8675381802e-05, 3.90184177377e-05, 1.66568352142e-05, 9.59900171438e-06, 5.38796120964e-06, 2.21622553909e-06, 1.73568139417e-06, 1.32087689053e-06, 6.6551206146e-07, 5.15227895903e-07, 5.93885488342e-07, 4.45991730658e-07, 3.80258654786e-07, 4.96203597322e-07, 2.65534708888e-07, 1.59329090366e-07, 2.38295442045e-07, 1.39979633218e-07, 8.02962389912e-08, 6.63065407025e-08, 5.48055609784e-08, 5.39474989125e-08, 4.73185721717e-08, 5.44592069218e-08, 5.22707388484e-08, 3.95427655064e-08],
        "dvar": [6.43842759018e-06, 1.62188989634e-05, 1.82894359568e-06, 8.9041367346e-07, 1.04021023617e-06, 7.96040296791e-07, 7.10709173291e-07, 1.73216193389e-07, 2.14469324078e-07, 4.52237607362e-08, 7.42128536402e-09, 1.84977970719e-08, 4.36431069062e-09, 4.50040982258e-09, 1.82953818761e-09, 1.64679747616e-09, 6.14507167374e-10, 1.45979339727e-10, 7.26174953503e-11, 1.06333492358e-11, 2.14038023416e-11, 7.57446102367e-12, 3.87193662549e-12, 1.16042397046e-12, 2.01210641031e-12, 6.61805517072e-13, 6.03522440357e-13, 9.53227622703e-13, 2.67893563236e-13, 1.00862243904e-13, 3.98872449826e-13, 1.26468741079e-13, 2.99667212431e-14, 2.3858729391e-14, 2.24832258117e-14, 3.31639860159e-14, 3.37885576181e-14, 4.41121748504e-14, 2.38289460185e-14, 1.26554311735e-14],
        "dvar2": [1.39084304465e-05, 3.81165482395e-05, 4.59803823105e-06, 2.24730979426e-06, 2.67902896667e-06, 1.77327478923e-06, 1.62140827342e-06, 4.14771022861e-07, 4.9952768677e-07, 9.91583206655e-08, 1.35657893807e-08, 3.51528690601e-08, 5.61494895024e-09, 8.34916757952e-09, 4.31694369141e-09, 3.73708042289e-09, 1.45733713985e-09, 3.46924544647e-10, 1.35420105685e-10, 2.30236368165e-11, 3.50893272771e-11, 1.47578772119e-11, 6.86836915467e-12, 1.97396070843e-12, 3.36350543771e-12, 1.50746147336e-12, 1.32558981153e-12, 2.50955397955e-12, 6.41694054664e-13, 1.89522998532e-13, 1.06013808843e-12, 3.07875253069e-13, 7.82823716332e-14, 5.05143581857e-14, 4.32061341999e-14, 7.35570052134e-14, 7.1418335113e-14, 9.91550659396e-14, 5.17389577633e-14, 2.91401390593e-14],
        "max": [0.0411858633161, 0.0540183596313, 0.0277996826917, 0.0141501128674, 0.0154873207211, 0.0100501729175, 0.0134153608233, 0.00599459605291, 0.00656784605235, 0.00319325132295, 0.00202720379457, 0.00477902684361, 0.00321426475421, 0.00137301627547, 0.000692416506354, 0.000518490211107, 0.00036434456706, 0.000203529474675, 0.000215737105464, 5.56921586394e-05, 0.000135376423714, 7.52177802497e-05, 6.60095101921e-05, 3.17990670737e-05, 3.78684308089e-05, 1.33516514325e-05, 1.40859074236e-05, 1.72591462615e-05, 7.71322174842e-06, 7.19462695997e-06, 1.28684423544e-05, 1.09694119601e-05, 3.6336807625e-06, 3.11433609568e-06, 2.63713832283e-06, 3.59282717e-06, 2.8436663797e-06, 3.14479348162e-06, 2.32978800341e-06, 1.94645190277e-06],
        "mean": [0.0024250743445, 0.00294165592641, 0.00146572338417, 0.000926327193156, 0.0011392692104, 0.00111238681711, 0.0010048232507, 0.000583763467148, 0.000409497239161, 0.00017088567256, 9.87442326732e-05, 0.000211026563193, 0.000140945412568, 0.000117679679533, 5.69413023186e-05, 4.58707290818e-05, 2.41210800596e-05, 1.82609928743e-05, 9.89364434645e-06, 2.63479182649e-06, 1.97309486794e-06, 1.48583330883e-06, 8.07062747299e-07, 6.98878409366e-07, 6.64968126785e-07, 4.54117042636e-07, 4.05348060895e-07, 4.86533394906e-07, 3.26771811388e-07, 2.26146241289e-07, 2.57036873563e-07, 1.90433993907e-07, 9.10473190174e-08, 8.11716276417e-08, 6.07383512374e-08, 4.31166284898e-08, 3.715527086e-08, 3.64771963746e-08, 3.74617634691e-08, 2.67578208479e-08],
        "median": [0.00105791958049, 0.00157066958491, 0.000532752892468, 0.000588456576224, 0.000681078177877, 0.000621146755293, 0.000561909982935, 0.000368112814613, 0.000170742889168, 6.99037773302e-05, 4.24042045779e-05, 5.02841285197e-05, 4.46041012765e-05, 4.91182254336e-05, 2.67503110081e-05, 2.31489048019e-05, 1.30028865897e-05, 6.8571562224e-06, 3.20250683217e-06, 1.01533464658e-06, 5.74768762363e-07, 4.99038833368e-07, 2.13124820903e-07, 1.90190547755e-07, 1.57874126216e-07, 1.14103684723e-07, 5.78525494177e-08, 3.26889129099e-08, 2.2873265948e-08, 1.78730008571e-08, 1.34295028431e-08, 9.57174428606e-09, 5.69413582951e-09, 2.29836505383e-09, 9.90154513936e-10, 6.47852882452e-10, 5.7756888161e-10, 5.20287757322e-10, 2.82708023658e-10, 1.21968879441e-10],
