{
"highlevel": {
    "danceability": {
        "all": {
            "danceable": 0.959791362286,
            "not_danceable": 0.0402086637914
        },
        "probability": 0.959791362286,
        "value": "danceable"
    },
    "gender": {
        "all": {
            "female": 0.896722137928,
            "male": 0.10327783972
        },
        "probability": 0.896722137928,
        "value": "female"
    },
    "genre_dortmund": {
        "all": {
            "alternative": 0.0335772745311,
            "blues": 0.234929710627,
            "electronic": 0.0575019307435,
            "folkcountry": 0.118106767535,
            "funksoulrnb": 0.066569454968,
            "jazz": 0.133606776595,
            "pop": 0.138678580523,
            "raphiphop": 0.159102573991,
            "rock": 0.0579269267619
        },
        "probability": 0.234929710627,
        "value": "blues"
    },
    "genre_electronic": {
        "all": {
            "ambient": 0.297068148851,
            "dnb": 0.132500126958,
            "house": 0.433352440596,
            "techno": 0.0283293332905,
            "trance": 0.108749940991
        },
        "probability": 0.433352440596,
        "value": "house"
    },
    "genre_rosamerica": {
        "all": {
            "cla": 0.0103270513937,
            "dan": 0.235668674111,
            "hip": 0.0571493133903,
            "jaz": 0.00888338405639,
            "pop": 0.267433732748,
            "rhy": 0.392812788486,
            "roc": 0.0240463875234,
            "spe": 0.00367866223678
        },
        "probability": 0.392812788486,
        "value": "rhy"
    },
    "genre_tzanetakis": {
        "all": {
            "blu": 0.0626613423228,
            "cla": 0.0348169617355,
            "cou": 0.104475811124,
            "dis": 0.0784321576357,
            "hip": 0.15692435205,
            "jaz": 0.313974827528,
            "met": 0.0448166541755,
            "pop": 0.0627359300852,
            "reg": 0.0627360641956,
            "roc": 0.0784258767962
        },
        "probability": 0.313974827528,
        "value": "jaz"
    },
    "ismir04_rhythm": {
        "all": {
            "ChaChaCha": 0.0186501201242,
            "Jive": 0.0572193153203,
            "Quickstep": 0.109778411686,
            "Rumba-American": 0.00606674002483,
            "Rumba-International": 0.0410973094404,
            "Rumba-Misc": 0.00498500932008,
            "Samba": 0.740354597569,
            "Tango": 0.00999607238919,
            "VienneseWaltz": 0.00530199194327,
            "Waltz": 0.00655044009909
        },
        "probability": 0.740354597569,
        "value": "Samba"
    },
    "mood_acoustic": {
        "all": {
            "acoustic": 0.089018560946,
            "not_acoustic": 0.910981416702
        },
        "probability": 0.910981416702,
        "value": "not_acoustic"
    },
    "mood_aggressive": {
        "all": {
            "aggressive": 0.0246946085244,
            "not_aggressive": 0.975305378437
        },
        "probability": 0.975305378437,
        "value": "not_aggressive"
    },
    "mood_electronic": {
        "all": {
            "electronic": 0.415418684483,
            "not_electronic": 0.584581315517
        },
        "probability": 0.584581315517,
        "value": "not_electronic"
    },
    "mood_happy": {
        "all": {
            "happy": 0.71436548233,
            "not_happy": 0.28563451767
        },
        "probability": 0.71436548233,
        "value": "happy"
    },
    "mood_party": {
        "all": {
            "not_party": 0.385314106941,
            "party": 0.614685893059
        },
        "probability": 0.614685893059,
        "value": "party"
    },
    "mood_relaxed": {
        "all": {
            "not_relaxed": 0.610388100147,
            "relaxed": 0.389611929655
        },
        "probability": 0.610388100147,
        "value": "not_relaxed"
    },
    "mood_sad": {
        "all": {
            "not_sad": 0.961062312126,
            "sad": 0.0389376580715
        },
        "probability": 0.961062312126,
        "value": "not_sad"
    },
    "moods_mirex": {
        "all": {
            "Cluster1": 0.151401117444,
            "Cluster2": 0.218708962202,
            "Cluster3": 0.289951950312,
            "Cluster4": 0.318309932947,
            "Cluster5": 0.0216280277818
        },
        "probability": 0.318309932947,
        "value": "Cluster4"
    },
    "timbre": {
        "all": {
            "bright": 1,
            "dark": 3.30580562924e-10
        },
        "probability": 1,
        "value": "bright"
    },
    "tonal_atonal": {
        "all": {
            "atonal": 0.411047339439,
            "tonal": 0.588952660561
        },
        "probability": 0.588952660561,
        "value": "tonal"
    },
    "voice_instrumental": {
        "all": {
            "instrumental": 0.0438101366162,
            "voice": 0.956189870834
        },
        "probability": 0.956189870834,
        "value": "voice"
    }
},
"lowlevel": {
    "average_loudness": 0.975451350212,
    "barkbands_crest": {
        "dmean": 3.73325681686,
        "dmean2": 5.93033409119,
        "dvar": 11.3531923294,
        "dvar2": 26.6751251221,
        "max": 25.0388946533,
        "mean": 12.5204992294,
        "median": 11.5401287079,
        "min": 2.68266105652,
        "var": 27.4149475098
    },
    "barkbands_flatness_db": {
        "dmean": 0.0333721786737,
        "dmean2": 0.049325324595,
        "dvar": 0.00101781846024,
        "dvar2": 0.00213388144039,
        "max": 0.426113516092,
        "mean": 0.165517985821,
        "median": 0.1603436023,
        "min": 0.0483839772642,
        "var": 0.00326428306289
    },
    "barkbands_kurtosis": {
        "dmean": 6.52854919434,
        "dmean2": 10.3059062958,
        "dvar": 229.473617554,
        "dvar2": 554.300292969,
        "max": 243.116973877,
        "mean": 7.43054246902,
        "median": 1.91704797745,
        "min": -1.78997373581,
        "var": 340.522125244
    },
    "barkbands_skewness": {
        "dmean": 0.904096961021,
        "dmean2": 1.34652817249,
        "dvar": 1.10064995289,
        "dvar2": 2.4316163063,
        "max": 14.0524950027,
        "mean": 1.85192334652,
        "median": 1.47785913944,
        "min": -1.1733468771,
        "var": 2.98178005219
    },
    "barkbands_spread": {
        "dmean": 7.30543422699,
        "dmean2": 11.2217149734,
        "dvar": 70.4519958496,
        "dvar2": 161.389343262,
        "max": 84.0158538818,
        "mean": 20.166185379,
        "median": 18.3005313873,
        "min": 0.614025652409,
        "var": 133.149475098
    },
    "dissonance": {
        "dmean": 0.0243848785758,
        "dmean2": 0.0409189350903,
        "dvar": 0.000525782408658,
        "dvar2": 0.00127341749612,
        "max": 0.499940037727,
        "mean": 0.456108182669,
        "median": 0.465663403273,
        "min": 0.264758318663,
        "var": 0.00126264872961
    },
    "dynamic_complexity": 2.52570056915,
    "erbbands_crest": {
        "dmean": 3.2915866375,
        "dmean2": 5.11447620392,
        "dvar": 8.8680639267,
        "dvar2": 20.9828491211,
        "max": 28.8571014404,
        "mean": 10.7087602615,
        "median": 9.49672698975,
        "min": 2.959638834,
        "var": 26.3158283234
    },
    "erbbands_flatness_db": {
        "dmean": 0.0254276786,
        "dmean2": 0.0329732373357,
        "dvar": 0.000526457559317,
        "dvar2": 0.000873209966812,
        "max": 0.307618677616,
        "mean": 0.170207604766,
        "median": 0.17105525732,
        "min": 0.0598574206233,
        "var": 0.00225638598204
    },
    "erbbands_kurtosis": {
        "dmean": 1.21390962601,
        "dmean2": 1.84763860703,
        "dvar": 2.2693772316,
        "dvar2": 4.72403526306,
        "max": 21.690946579,
        "mean": 0.75996118784,
        "median": 0.154330730438,
        "min": -1.7330943346,
        "var": 5.09802961349
    },
    "erbbands_skewness": {
        "dmean": 0.462856799364,
        "dmean2": 0.685996353626,
        "dvar": 0.191897049546,
        "dvar2": 0.427135378122,
        "max": 4.47071933746,
        "mean": 0.471424639225,
        "median": 0.405109971762,
        "min": -1.85741281509,
        "var": 0.590370833874
    },
    "erbbands_spread": {
        "dmean": 12.0584259033,
        "dmean2": 17.5898246765,
        "dvar": 198.789489746,
        "dvar2": 422.122192383,
        "max": 141.057266235,
        "mean": 38.5139198303,
        "median": 33.9604415894,
        "min": 4.9174284935,
        "var": 460.059448242
    },
    "hfc": {
        "dmean": 10.1785802841,
        "dmean2": 14.8913841248,
        "dvar": 217.081832886,
        "dvar2": 510.352966309,
        "max": 102.033630371,
        "mean": 19.9124488831,
        "median": 15.1812953949,
        "min": 0.0316600054502,
        "var": 318.125640869
    },
    "melbands_crest": {
        "dmean": 4.42153215408,
        "dmean2": 7.06698322296,
        "dvar": 16.0177574158,
        "dvar2": 39.4861984253,
        "max": 33.8477745056,
        "mean": 16.6102905273,
        "median": 16.0822105408,
        "min": 3.37137722969,
        "var": 39.749256134
    },
    "melbands_flatness_db": {
        "dmean": 0.040867228061,
        "dmean2": 0.0585801973939,
        "dvar": 0.00163685542066,
        "dvar2": 0.00346778915264,
        "max": 0.560380518436,
        "mean": 0.214139088988,
        "median": 0.203849583864,
        "min": 0.0455390401185,
        "var": 0.00655665853992
    },
    "melbands_kurtosis": {
        "dmean": 16.3917694092,
        "dmean2": 25.9262924194,
        "dvar": 1191.81665039,
        "dvar2": 2567.92114258,
        "max": 515.984680176,
        "mean": 21.4640731812,
        "median": 7.77603435516,
        "min": -1.45205414295,
        "var": 1886.02148438
    },
    "melbands_skewness": {
        "dmean": 1.2703448534,
        "dmean2": 1.919257164,
        "dvar": 2.36761307716,
        "dvar2": 4.94780731201,
        "max": 17.1576766968,
        "mean": 3.00702595711,
        "median": 2.4041454792,
        "min": -0.786262989044,
        "var": 6.10532140732
    },
    "melbands_spread": {
        "dmean": 9.67066001892,
        "dmean2": 15.4595422745,
        "dvar": 173.347946167,
        "dvar2": 446.387298584,
        "max": 105.623817444,
        "mean": 22.3286018372,
        "median": 18.9704322815,
        "min": 0.576987802982,
        "var": 263.296966553
    },
    "pitch_salience": {
        "dmean": 0.0983668789268,
        "dmean2": 0.155428230762,
        "dvar": 0.00862771272659,
        "dvar2": 0.0208255331963,
        "max": 0.879595339298,
        "mean": 0.491475850344,
        "median": 0.494152992964,
        "min": 0.067032456398,
        "var": 0.0201966911554
    },
    "silence_rate_20dB": {
        "dmean": 0,
        "dmean2": 0,
        "dvar": 0,
        "dvar2": 0,
        "max": 1,
        "mean": 1,
        "median": 1,
        "min": 1,
        "var": 0
    },
    "silence_rate_30dB": {
        "dmean": 0.0201238393784,
        "dmean2": 0.0402788519859,
        "dvar": 0.0197188667953,
        "dvar2": 0.0556979291141,
        "max": 1,
        "mean": 0.988399088383,
        "median": 1,
        "min": 0,
        "var": 0.0114662544802
    },
    "silence_rate_60dB": {
        "dmean": 0.0417956672609,
        "dmean2": 0.0836560800672,
        "dvar": 0.0400489531457,
        "dvar2": 0.0905998721719,
        "max": 1,
        "mean": 0.0549110583961,
        "median": 0,
        "min": 0,
        "var": 0.0518954247236
    },
    "spectral_centroid": {
        "dmean": 344.920501709,
        "dmean2": 512.106506348,
        "dvar": 131139.03125,
        "dvar2": 314501.9375,
        "max": 3096.02001953,
        "mean": 1402.49780273,
        "median": 1371.21948242,
        "min": 160.11541748,
        "var": 347428.59375
    },
    "spectral_complexity": {
        "dmean": 5.81114530563,
        "dmean2": 8.51355552673,
        "dvar": 48.8405036926,
        "dvar2": 103.117492676,
        "max": 53,
        "mean": 16.6179428101,
        "median": 14,
        "min": 0,
        "var": 105.683792114
    },
    "spectral_decrease": {
        "dmean": 3.86808807207e-09,
        "dmean2": 5.41158851064e-09,
        "dvar": 2.44664424567e-17,
        "dvar2": 4.71820578852e-17,
        "max": -1.33695103599e-11,
        "mean": -7.6904109747e-09,
        "median": -5.09791009407e-09,
        "min": -4.06464053526e-08,
        "var": 5.32176573253e-17
    },
    "spectral_energy": {
        "dmean": 0.01515235845,
        "dmean2": 0.0212258063257,
        "dvar": 0.000366566993762,
        "dvar2": 0.000701097887941,
        "max": 0.154564589262,
        "mean": 0.0308315102011,
        "median": 0.0205136854202,
        "min": 5.33312704647e-05,
        "var": 0.000805140996817
    },
    "spectral_energyband_high": {
        "dmean": 0.000648853136227,
        "dmean2": 0.000955150346272,
        "dvar": 1.20623360544e-06,
        "dvar2": 2.71705312116e-06,
        "max": 0.00853555183858,
        "mean": 0.000806895957794,
        "median": 0.000384530925658,
        "min": 9.13330140406e-08,
        "var": 1.43409545217e-06
    },
    "spectral_energyband_low": {
        "dmean": 0.00875940546393,
        "dmean2": 0.0128915831447,
        "dvar": 0.00031132058939,
        "dvar2": 0.000624244043138,
        "max": 0.150906398892,
        "mean": 0.0141229750589,
        "median": 0.00358402216807,
        "min": 5.82742359256e-07,
        "var": 0.000618714257143
    },
    "spectral_energyband_middle_high": {
        "dmean": 0.00248030479997,
        "dmean2": 0.00394514994696,
        "dvar": 1.04245282273e-05,
        "dvar2": 2.70838136203e-05,
        "max": 0.0369958654046,
        "mean": 0.00585780479014,
        "median": 0.00385166937485,
        "min": 4.36342770627e-06,
        "var": 3.54076182703e-05
    },
    "spectral_energyband_middle_low": {
        "dmean": 0.00736132124439,
        "dmean2": 0.0106222676113,
        "dvar": 0.000125656966702,
        "dvar2": 0.000260797358351,
        "max": 0.0928821489215,
        "mean": 0.0109488889575,
        "median": 0.00578830484301,
        "min": 4.32498018199e-05,
        "var": 0.000197655943339
    },
    "spectral_entropy": {
        "dmean": 0.252257019281,
        "dmean2": 0.338346600533,
        "dvar": 0.0562803298235,
        "dvar2": 0.104777060449,
        "max": 8.49168395996,
        "mean": 7.43390703201,
        "median": 7.45586204529,
        "min": 5.38265895844,
        "var": 0.199651286006
    },
    "spectral_flux": {
        "dmean": 0.0420411787927,
        "dmean2": 0.0644240453839,
        "dvar": 0.00213829637505,
        "dvar2": 0.00469406228513,
        "max": 0.363073140383,
        "mean": 0.0990988388658,
        "median": 0.0826101005077,
        "min": 0.00607447465882,
        "var": 0.00417938036844
    },
    "spectral_kurtosis": {
        "dmean": 1.61374914646,
        "dmean2": 2.46200680733,
        "dvar": 3.42230439186,
        "dvar2": 8.03247833252,
        "max": 30.8367919922,
        "mean": 4.51732492447,
        "median": 4.17750930786,
        "min": -0.454902410507,
        "var": 6.67624664307
    },
    "spectral_rms": {
        "dmean": 0.00130179896951,
        "dmean2": 0.00178438541479,
        "dvar": 2.00262024919e-06,
        "dvar2": 3.3664541661e-06,
        "max": 0.0122798504308,
        "mean": 0.00492773205042,
        "median": 0.00447362847626,
        "min": 0.000228101969697,
        "var": 5.79700099479e-06
    },
    "spectral_rolloff": {
        "dmean": 607.897949219,
        "dmean2": 1025.48901367,
        "dvar": 865502.125,
        "dvar2": 1902634,
        "max": 9517.67578125,
        "mean": 1355.60925293,
        "median": 1076.66015625,
        "min": 64.599609375,
        "var": 1324579.75
    },
    "spectral_skewness": {
        "dmean": 0.249968662858,
        "dmean2": 0.35667732358,
        "dvar": 0.0575836598873,
        "dvar2": 0.121081165969,
        "max": 4.13138151169,
        "mean": 1.62481915951,
        "median": 1.60781431198,
        "min": 0.425507605076,
        "var": 0.171461239457
    },
    "spectral_spread": {
        "dmean": 688987.375,
        "dmean2": 968576.1875,
        "dvar": 537523716096,
        "dvar2": 1.09355997594e+12,
        "max": 10351388,
        "mean": 4756667.5,
        "median": 4603238.5,
        "min": 2047287,
        "var": 1.56174057472e+12
    },
    "spectral_strongpeak": {
        "dmean": 0.563743233681,
        "dmean2": 0.933314800262,
        "dvar": 0.575080871582,
        "dvar2": 1.31768012047,
        "max": 6.49005937576,
        "mean": 1.06178033352,
        "median": 0.602035164833,
        "min": 0.0215367693454,
        "var": 1.48266923428
    },
    "zerocrossingrate": {
        "dmean": 0.0118631180376,
        "dmean2": 0.0139423022047,
        "dvar": 0.000151406595251,
        "dvar2": 0.000195620013983,
        "max": 0.2119140625,
        "mean": 0.0568453036249,
        "median": 0.0546875,
        "min": 0.0029296875,
        "var": 0.000790289836004
    },
    "barkbands": {
        "dmean": [0.000487024837639, 0.00768128409982, 0.00291752675548, 0.00123411696404, 0.00458167679608, 0.00120131135918, 0.000526971474756, 0.000739494105801, 0.000871225784067, 0.000449410435976, 0.000746505218558, 0.000386053288821, 0.000296056561638, 0.000294104887871, 0.000339797756169, 0.000354618008714, 0.000349407811882, 0.000256695726421, 0.000279104540823, 0.000164721946931, 0.000124570156913, 0.000118336705782, 0.000129046369693, 0.000129291322082, 9.11361275939e-05, 4.30428335676e-05, 8.60467395114e-08],
        "dmean2": [0.000730703060981, 0.0129266967997, 0.00500150676817, 0.00204592547379, 0.00668605044484, 0.00200588116422, 0.000852665281855, 0.00113039184362, 0.00140048423782, 0.000702446675859, 0.00106882525142, 0.000623748172075, 0.000469018617878, 0.000459723873064, 0.000545998744201, 0.000568413699511, 0.000629495247267, 0.000442780874437, 0.000456374255009, 0.000264164817054, 0.000190669030417, 0.000179647264304, 0.000193313127966, 0.000201499438845, 0.000144375793752, 6.63628452457e-05, 1.46129764289e-07],
        "dvar": [1.18322725484e-06, 0.000333778880304, 8.57841441757e-05, 9.86755549093e-06, 0.000106938023237, 5.92354444962e-06, 9.70208930084e-07, 1.87263594853e-06, 3.26043482346e-06, 1.12397913199e-06, 1.65775918504e-06, 6.46237026558e-07, 3.4278957628e-07, 3.68695111774e-07, 3.58156825087e-07, 3.45486427022e-07, 7.93084154793e-07, 3.01172804029e-07, 1.99023006076e-07, 6.9478005571e-08, 4.74723584887e-08, 4.04735942539e-08, 6.07521286611e-08, 5.7305719281e-08, 3.301840934e-08, 8.10461120437e-09, 1.18762557297e-13],
        "dvar2": [2.70928944701e-06, 0.000839292479213, 0.000231506448472, 2.36107825913e-05, 0.000242636539042, 1.52678985614e-05, 2.19110006583e-06, 4.08261576013e-06, 7.76464003138e-06, 2.89137574327e-06, 3.19344121635e-06, 1.54887288772e-06, 8.29604061892e-07, 8.85345002644e-07, 9.02047474938e-07, 9.21240086882e-07, 2.27930013352e-06, 8.46715579428e-07, 5.36234381343e-07, 1.77417419422e-07, 1.09278786908e-07, 9.40368991564e-08, 1.30721844016e-07, 1.37260357747e-07, 8.25316348596e-08, 1.87591719936e-08, 3.13206410677e-13],
        "max": [0.00930222775787, 0.142580211163, 0.0723314136267, 0.0351325720549, 0.0889983028173, 0.0271980911493, 0.0120354061946, 0.0140341836959, 0.0235593356192, 0.019419901073, 0.0255550518632, 0.0170761942863, 0.00848530232906, 0.0119658811018, 0.00688939075917, 0.00679838145152, 0.00684316735715, 0.00439052656293, 0.00354772876017, 0.00310248299502, 0.00190689053852, 0.00184409238864, 0.00216141436249, 0.00192983960733, 0.00236481474712, 0.000738215632737, 6.10565439274e-06],
        "mean": [0.000654149509501, 0.00991205871105, 0.00277928076684, 0.00139764009509, 0.00499233882874, 0.00155735714361, 0.000632702023722, 0.000961928919423, 0.00117727834731, 0.000674107694067, 0.00165849528275, 0.000618183927145, 0.000419449585024, 0.000450236373581, 0.00051726429956, 0.00051708414685, 0.00033213221468, 0.000254705460975, 0.000362663296983, 0.000256636674749, 0.000160111201694, 0.000126789498609, 0.000131134089315, 0.000135592228617, 0.000109552980575, 4.25917060056e-05, 6.00266929496e-08],
        "median": [6.4259111241e-05, 0.00237034005113, 0.000382751401048, 0.000221773108933, 0.000686839048285, 0.000444876466645, 0.000209169986192, 0.000240107619902, 0.000369068526197, 0.000141126511153, 0.000286978582153, 0.000189416910871, 0.000152474764036, 0.000187099343748, 0.000115147020551, 0.000169917373569, 9.24308624235e-05, 9.22775943764e-05, 0.000206510099815, 0.000108611915493, 7.16156864655e-05, 3.54848489224e-05, 1.75280310941e-05, 4.14412352256e-05, 3.76503594453e-05, 7.59284603191e-06, 6.18958384546e-10],
        "min": [3.69569175263e-09, 9.63459889647e-09, 1.69685443474e-09, 1.00729451447e-07, 1.37660560995e-06, 9.26947961943e-07, 1.19704850476e-06, 1.39211840633e-06, 5.45068189695e-07, 2.04454678965e-07, 2.29301548416e-07, 1.88761205777e-07, 2.95066371336e-07, 1.99365679521e-08, 1.42349563248e-07, 1.66107298583e-07, 1.22230702004e-07, 4.45788884917e-07, 2.51925627026e-07, 2.24801155468e-08, 1.4378115587e-08, 2.10898569719e-08, 1.30097452811e-08, 9.64655355595e-10, 1.93979521335e-09, 6.30585124048e-12, 5.38931399507e-12],
        "var": [1.79638038844e-06, 0.000400476594223, 6.56015763525e-05, 1.60888976097e-05, 0.00012539398449, 7.18320598025e-06, 1.58132843353e-06, 2.98975828628e-06, 5.20056664755e-06, 2.68124858849e-06, 1.09147213152e-05, 1.84650855317e-06, 6.21298966053e-07, 6.23535584054e-07, 7.43554380733e-07, 6.62673187435e-07, 5.03954083797e-07, 2.12121861409e-07, 2.12281094036e-07, 1.2982475539e-07, 5.99595040285e-08, 4.42362591002e-08, 6.83764795895e-08, 5.74290730526e-08, 3.44730963775e-08, 8.89118378922e-09, 8.38007167456e-14]
    },
    "erbbands": {
        "dmean": [0.275216788054, 1.65020632744, 2.86624455452, 4.04783058167, 8.94129657745, 19.0348567963, 10.1217765808, 10.7032289505, 6.01707839966, 15.1896753311, 9.74098110199, 22.4075374603, 17.2796630859, 14.1900596619, 31.932264328, 13.7713375092, 12.8799238205, 12.5984048843, 17.9392719269, 16.7561817169, 16.9430007935, 18.8063812256, 14.5521316528, 14.4189357758, 13.6199188232, 6.67963933945, 5.64458417892, 4.46270847321, 4.06546354294, 4.36693334579, 3.55933785439, 2.78531217575, 2.16606402397, 1.12828457355, 0.626226007938, 0.263750880957, 0.0618156641722, 0.00648908503354, 0.000133724926854, 2.20822803385e-05],
        "dmean2": [0.456097900867, 2.77909255028, 4.58141469955, 6.56174039841, 13.6941003799, 28.6118144989, 16.0337257385, 17.4919719696, 9.86854076385, 23.196855545, 15.0072650909, 36.032497406, 27.5766658783, 21.2244338989, 46.7275695801, 21.5485534668, 20.1216163635, 20.1951007843, 28.2076969147, 26.9262657166, 28.0216274261, 33.7900505066, 25.3631095886, 24.2211818695, 22.2687225342, 10.5564374924, 8.55278968811, 6.8732843399, 6.13685798645, 6.58030796051, 5.37157392502, 4.32524204254, 3.38036513329, 1.79807770252, 0.982079684734, 0.415189653635, 0.0940774381161, 0.0103171616793, 0.000205045536859, 3.28284404532e-05],
        "dvar": [0.395187199116, 15.3699226379, 60.5763282776, 125.421684265, 332.490234375, 2515.77880859, 430.495025635, 477.352020264, 157.154174805, 740.456298828, 253.472640991, 2329.82275391, 1388.02307129, 976.404052734, 3232.83203125, 972.995361328, 567.350524902, 895.666809082, 1017.0826416, 792.633850098, 836.766235352, 2302.53198242, 1016.87054443, 848.184326172, 376.977111816, 110.113304138, 93.3778305054, 57.5690956116, 48.0248146057, 61.6820220947, 47.1115341187, 30.0248851776, 16.4342479706, 4.60559940338, 1.6463919878, 0.333559900522, 0.0178044885397, 0.000243492075242, 8.65527525207e-08, 9.89973103493e-10],
        "dvar2": [0.993210673332, 40.6129989624, 152.253723145, 315.605712891, 775.34375, 6054.36816406, 1076.390625, 1177.01428223, 394.749359131, 1632.66357422, 596.722717285, 5583.42333984, 3646.30126953, 1682.62060547, 6839.35839844, 2246.56420898, 1290.95617676, 2291.68066406, 2625.13549805, 2028.08447266, 2266.70556641, 6599.06591797, 2873.3046875, 2361.68310547, 986.680175781, 283.06427002, 204.654678345, 139.840682983, 113.353904724, 137.686767578, 104.306762695, 72.358581543, 39.3294219971, 11.4450359344, 4.13355636597, 0.816916763783, 0.0400098711252, 0.000576396938413, 1.99043142857e-07, 1.81099413243e-09],
        "max": [5.93899393082, 29.6141853333, 64.150062561, 97.702796936, 141.600280762, 482.320251465, 198.63218689, 267.733032227, 152.860794067, 249.604660034, 151.742767334, 616.891296387, 450.145477295, 1022.09313965, 889.138549805, 853.598327637, 369.065826416, 693.507141113, 500.911132812, 377.04309082, 337.564178467, 390.815826416, 262.56350708, 256.755828857, 191.854415894, 138.612121582, 84.725769043, 66.972328186, 75.1668930054, 59.8574676514, 58.1017913818, 45.735168457, 33.2385406494, 22.7858295441, 19.8697776794, 6.23237085342, 1.33345794678, 0.141495466232, 0.00238733249716, 0.000203366289497],
        "mean": [0.33122035861, 2.00526499748, 3.34786891937, 4.54828596115, 10.0217657089, 19.3581619263, 12.1007261276, 14.608751297, 7.55171632767, 21.2453784943, 12.9053907394, 31.0700473785, 24.891166687, 33.5464553833, 64.294052124, 24.9462604523, 20.055147171, 20.59882164, 29.2089443207, 26.7403831482, 24.150056839, 18.5176105499, 14.3388271332, 16.784910202, 19.3273162842, 10.429438591, 7.5732178688, 5.51345968246, 4.54523181915, 4.41542005539, 3.54164934158, 2.67864608765, 2.34992480278, 1.36052620411, 0.740128695965, 0.270200848579, 0.0599903315306, 0.00567945698276, 0.000135104477522, 4.38269707956e-05],
        "median": [0.0532483905554, 0.415272414684, 0.639051914215, 0.82183355093, 1.66198730469, 2.16134023666, 3.65115475655, 3.78455972672, 3.25314712524, 5.82794761658, 5.19869184494, 9.60639572144, 7.5136551857, 7.25603628159, 15.3052988052, 9.35247039795, 8.4167842865, 10.1843290329, 12.0980567932, 10.1565980911, 9.26880550385, 5.70995616913, 5.58511590958, 8.41160011292, 10.8940601349, 5.38480186462, 3.10478973389, 2.43275880814, 1.46513867378, 0.74843287468, 0.497995018959, 0.589612722397, 0.646164357662, 0.439731389284, 0.247651919723, 0.0642234683037, 0.00766187766567, 0.000389255437767, 2.7670759664e-05, 2.69536812993e-05],
        "min": [1.20603453979e-06, 4.59650846096e-06, 3.62705577572e-05, 0.000517566455528, 0.00568768661469, 0.0047689662315, 0.00566949369386, 0.0109751103446, 0.0208322815597, 0.026464741677, 0.0220917817205, 0.0116704832762, 0.0171432420611, 0.00639348849654, 0.00869974959642, 0.0104903895408, 0.0258076004684, 0.00904435105622, 0.00401190901175, 0.0136447604746, 0.00753277959302, 0.008689773269, 0.0209877174348, 0.0196534767747, 0.0119379218668, 0.00142015179154, 0.000558764149901, 0.000580177817028, 0.000601294334047, 0.000930504698772, 0.000455036235508, 0.000342292536516, 7.97769607743e-05, 2.5730494599e-05, 1.28046303871e-05, 8.89126226866e-07, 7.92450762788e-08, 2.02601757593e-08, 5.44964571247e-08, 6.68622419653e-08],
        "var": [0.461671859026, 17.3422431946, 61.0731773376, 149.352981567, 411.32699585, 2567.63989258, 494.280975342, 684.580322266, 207.193908691, 1312.43225098, 352.684661865, 3795.40942383, 2404.03125, 10457.1923828, 13165.1601562, 2699.20068359, 1187.87475586, 1121.578125, 1944.22875977, 1525.01953125, 1244.14990234, 1484.14013672, 691.623291016, 652.010559082, 552.924621582, 188.593292236, 135.702423096, 66.2032546997, 52.4351387024, 68.2116470337, 51.0083618164, 28.5020084381, 17.1347751617, 4.90688991547, 1.72450304031, 0.337274938822, 0.0201722569764, 0.000235656509176, 9.09558224294e-08, 1.85523363339e-09]
    },
    "gfcc": {
        "mean": [-14.3683977127, 78.8958969116, -125.525138855, 29.3930053711, -61.2650146484, 19.9297790527, -43.1832809448, 17.8910140991, -30.5876750946, 3.23001146317, -13.2359762192, -2.16327619553, -5.86631727219],
        "cov": [[5569.39208984, -708.218017578, 382.067138672, 460.592681885, 205.747192383, 406.129211426, 110.763130188, -3.80318450928, -235.410827637, 122.744186401, -396.415405273, 44.4540061951, 76.4356842041], [-708.218017578, 1175.08117676, 346.471038818, 175.938613892, 253.489013672, 9.5676651001, 246.141998291, 63.7794075012, 277.022918701, -16.4136276245, 216.661911011, -101.400688171, 62.4397964478], [382.067138672, 346.471038818, 1247.22973633, 567.239746094, 273.706542969, 155.7605896, 155.805007935, 157.594177246, 270.009765625, 8.33016395569, 73.4697952271, 141.262435913, -147.3074646], [460.592681885, 175.938613892, 567.239746094, 599.457763672, 355.763427734, 202.80947876, 206.319854736, 57.7396469116, 151.843475342, 54.2968215942, 5.56144046783, -16.0136623383, -5.37570285797], [205.747192383, 253.489013672, 273.706542969, 355.763427734, 692.26574707, 421.139160156, 385.194580078, 157.032440186, 97.9494400024, 161.582733154, 6.36169528961, -95.5119400024, 96.9435043335], [406.129211426, 9.5676651001, 155.7605896, 202.80947876, 421.139160156, 531.744567871, 407.703796387, 150.170776367, -1.81607711315, 145.493911743, -24.7311668396, -107.476669312, 99.156288147], [110.763130188, 246.141998291, 155.805007935, 206.319854736, 385.194580078, 407.703796387, 538.686279297, 191.531326294, 38.2258987427, 127.411483765, 8.93139839172, -150.292419434, 107.190933228], [-3.80318450928, 63.7794075012, 157.594177246, 57.7396469116, 157.032440186, 150.170776367, 191.531326294, 298.827941895, 120.129241943, 66.4849090576, 69.9847793579, -1.5034327507, 0.82999420166], [-235.410827637, 277.022918701, 270.009765625, 151.843475342, 97.9494400024, -1.81607711315, 38.2258987427, 120.129241943, 314.529907227, 29.5194530487, 126.883140564, 65.8905258179, -81.502494812], [122.744186401, -16.4136276245, 8.33016395569, 54.2968215942, 161.582733154, 145.493911743, 127.411483765, 66.4849090576, 29.5194530487, 174.072280884, 15.3468265533, -38.9993247986, 57.1754837036], [-396.415405273, 216.661911011, 73.4697952271, 5.56144046783, 6.36169528961, -24.7311668396, 8.93139839172, 69.9847793579, 126.883140564, 15.3468265533, 200.979568481, 52.1245269775, -41.4359474182], [44.4540061951, -101.400688171, 141.262435913, -16.0136623383, -95.5119400024, -107.476669312, -150.292419434, -1.5034327507, 65.8905258179, -38.9993247986, 52.1245269775, 216.416793823, -80.1017608643], [76.4356842041, 62.4397964478, -147.3074646, -5.37570285797, 96.9435043335, 99.156288147, 107.190933228, 0.82999420166, -81.502494812, 57.1754837036, -41.4359474182, -80.1017608643, 226.429031372]],
        "icov": [[0.000264438713202, -6.32264782325e-05, 4.07029911003e-05, -0.000331591087161, 0.000193533938727, -0.000305381050566, 0.000183224867214, -0.000177157926373, 0.00024299659708, -0.000259204825852, 0.000551785866264, -0.000307957176119, 5.65079935768e-05], [-6.32264782325e-05, 0.00309652509168, -0.00132994353771, 0.00159828492906, -0.00150561472401, 0.0021055242978, -0.00202309084125, 0.00200211256742, -0.00251943198964, 0.00220653158613, -0.00299290404655, 0.00254988926463, -0.00209653424099], [4.07029911003e-05, -0.00132994353771, 0.00252442480996, -0.00244128797203, 0.000838075357024, -0.00110520375893, 0.000636422191747, -0.00140228762757, 0.000791237282101, -0.000617663492449, 0.00144040235318, -0.00229134596884, 0.00166015361901], [-0.000331591087161, 0.00159828492906, -0.00244128797203, 0.00561497732997, -0.00243809260428, 0.0014658375876, -0.00158862746321, 0.00251411995851, -0.00266473041847, 0.00157376774587, -0.00152585329488, 0.00231584929861, -0.0014554731315], [0.000193533938727, -0.00150561472401, 0.000838075357024, -0.00243809260428, 0.00477362051606, -0.00301705626771, 0.000643272243906, -0.00128465669695, 0.000706111371983, -0.00217954115942, 0.00181953096762, -0.00128866033629, 0.00049641932128], [-0.000305381050566, 0.0021055242978, -0.00110520375893, 0.0014658375876, -0.00301705626771, 0.00785668566823, -0.00465865852311, 0.00111246213783, -0.000587755232118, 0.000217480657739, -0.00189766683616, 0.0014490702888, -0.00121036230121], [0.000183224867214, -0.00202309084125, 0.000636422191747, -0.00158862746321, 0.000643272243906, -0.00465865852311, 0.00769515614957, -0.00325180427171, 0.00171759875957, -0.00135295419022, 0.00145833101124, 0.000853070407175, 0.000534616061486], [-0.000177157926373, 0.00200211256742, -0.00140228762757, 0.00251411995851, -0.00128465669695, 0.00111246213783, -0.00325180427171, 0.00717629026622, -0.00344231165946, 0.00104317930527, -0.00274855503812, 0.00125907815527, -0.00132897845469], [0.00024299659708, -0.00251943198964, 0.000791237282101, -0.00266473041847, 0.000706111371983, -0.000587755232118, 0.00171759875957, -0.00344231165946, 0.00868077017367, -0.00284527428448, 0.00010621171532, -0.00279157818295, 0.00309376115911], [-0.000259204825852, 0.00220653158613, -0.000617663492449, 0.00157376774587, -0.00217954115942, 0.000217480657739, -0.00135295419022, 0.00104317930527, -0.00284527428448, 0.0102813215926, -0.00306215183809, 0.00224117748439, -0.00279867043719], [0.000551785866264, -0.00299290404655, 0.00144040235318, -0.00152585329488, 0.00181953096762, -0.00189766683616, 0.00145833101124, -0.00274855503812, 0.00010621171532, -0.00306215183809, 0.0111178820953, -0.00412584468722, 0.00229804473929], [-0.000307957176119, 0.00254988926463, -0.00229134596884, 0.00231584929861, -0.00128866033629, 0.0014490702888, 0.000853070407175, 0.00125907815527, -0.00279157818295, 0.00224117748439, -0.00412584468722, 0.0100676873699, -0.00129039166495], [5.65079935768e-05, -0.00209653424099, 0.00166015361901, -0.0014554731315, 0.00049641932128, -0.00121036230121, 0.000534616061486, -0.00132897845469, 0.00309376115911, -0.00279867043719, 0.00229804473929, -0.00129039166495, 0.00787455495447]]
    },
    "melbands": {
        "dmean": [0.0022194320336, 0.00147317186929, 0.000730037223548, 0.00115158909466, 0.000413515808759, 0.000228627104661, 9.67410378507e-05, 0.000177847177838, 7.38694070606e-05, 0.000146936043166, 8.54648678796e-05, 5.60411499464e-05, 9.46597501752e-05, 5.99831982981e-05, 2.84698617179e-05, 3.30465045408e-05, 2.56514031207e-05, 3.0762712413e-05, 2.49007916864e-05, 2.87659240712e-05, 1.7515178115e-05, 2.06142794923e-05, 1.61870993907e-05, 1.23011204778e-05, 1.21259654406e-05, 1.1017412362e-05, 8.74990564625e-06, 4.1510616029e-06, 3.78045751859e-06, 3.09664619635e-06, 2.49498452831e-06, 2.24761470236e-06, 2.56784005614e-06, 2.3803354452e-06, 1.97039071281e-06, 2.21318441618e-06, 1.54248846229e-06, 1.51615472532e-06, 1.38936115945e-06, 8.87552914719e-07],
        "dmean2": [0.00368343410082, 0.00235836603679, 0.00120749673806, 0.00174070475623, 0.000614820455667, 0.000376730517019, 0.000158129507327, 0.00027106210473, 0.000116051916848, 0.00023733699345, 0.000136296162964, 8.44124297146e-05, 0.000137479015393, 9.32219700189e-05, 4.53926077171e-05, 5.20203975611e-05, 4.1218536353e-05, 4.81585957459e-05, 3.96503455704e-05, 4.60577321064e-05, 2.92168770102e-05, 3.69075060007e-05, 2.90640600724e-05, 2.12001468753e-05, 2.03630715987e-05, 1.81161776709e-05, 1.45589510794e-05, 6.60271143715e-06, 5.73754596189e-06, 4.74121043226e-06, 3.92442007069e-06, 3.51138646693e-06, 3.96642144551e-06, 3.56990221917e-06, 3.0045848689e-06, 3.48981006937e-06, 2.41777161136e-06, 2.38466282099e-06, 2.2343638193e-06, 1.42377768952e-06],
        "dvar": [2.6722513212e-05, 1.10063128886e-05, 3.07527079713e-06, 7.81475046097e-06, 7.174237453e-07, 2.11712418263e-07, 3.79071494194e-08, 1.04790288447e-07, 1.60885758049e-08, 1.02155233606e-07, 3.6278276383e-08, 1.49112686643e-08, 2.48460203522e-08, 1.28275496891e-08, 3.40530514897e-09, 4.66266802945e-09, 4.3463010968e-09, 3.36347905083e-09, 2.16686224519e-09, 2.544604083e-09, 1.00482078214e-09, 2.65512523079e-09, 1.54287627119e-09, 7.3145289825e-10, 6.0242477673e-10, 2.60291788123e-10, 1.90290866398e-10, 4.3721384152e-11, 4.08793207618e-11, 3.28504376479e-11, 1.75080557691e-11, 1.53270538622e-11, 2.0533508921e-11, 1.90835923453e-11, 1.44083495135e-11, 2.36787863622e-11, 8.54944587347e-12, 8.23666482241e-12, 7.01970729808e-12, 3.11633618216e-12],
        "dvar2": [6.62155507598e-05, 2.29916877288e-05, 7.81572543929e-06, 1.83557422133e-05, 1.56759642778e-06, 5.28006978584e-07, 9.17870508488e-08, 2.2857422266e-07, 3.73271156207e-08, 2.42310591148e-07, 9.54252072916e-08, 2.63276689338e-08, 5.07921988913e-08, 3.1167239456e-08, 8.35914271136e-09, 1.10292397437e-08, 1.10232551975e-08, 8.50289438858e-09, 5.08225417306e-09, 6.627035809e-09, 2.7060256258e-09, 7.58647455967e-09, 4.41789493877e-09, 2.05906247608e-09, 1.67509606186e-09, 6.85965229064e-10, 5.01933883346e-10, 1.10000224207e-10, 9.00175281537e-11, 7.80839490289e-11, 4.3281656037e-11, 3.71361934259e-11, 4.8158026178e-11, 4.1514330168e-11, 3.13729667245e-11, 5.81785800091e-11, 2.08874063878e-11, 1.9334702242e-11, 1.76581631262e-11, 7.89034115822e-12],
        "max": [0.0457065366209, 0.0250310301781, 0.0136797102168, 0.0226120054722, 0.00807831529528, 0.00563568389043, 0.00223730085418, 0.00297047547065, 0.00124980404507, 0.00432940293103, 0.00254222680815, 0.00379323144443, 0.00241858069785, 0.00192361488007, 0.00092676904751, 0.0010863939533, 0.00154703157023, 0.000914317788556, 0.000699272670317, 0.000636601296719, 0.000398696924094, 0.000394790549763, 0.000316642166581, 0.000214680665522, 0.000226355012273, 0.000169816659763, 0.000160767958732, 8.97133286344e-05, 5.87384238315e-05, 6.13711890765e-05, 3.32868112309e-05, 4.2752824811e-05, 3.50822956534e-05, 3.43507053913e-05, 3.01699074043e-05, 4.76237837574e-05, 2.14078681893e-05, 2.48995129368e-05, 2.39278306253e-05, 2.41949364863e-05],
        "mean": [0.00286045810208, 0.00213164812885, 0.000862994405907, 0.00118965713773, 0.000511781487148, 0.000306708534481, 0.000116221970529, 0.000247475138167, 9.18763762456e-05, 0.000204172756639, 0.000119022093713, 0.000123740814161, 0.000196781184059, 0.000114002177725, 3.94918752136e-05, 4.65679841e-05, 3.77995966119e-05, 4.76202076243e-05, 3.70540074073e-05, 4.32114757132e-05, 2.31099529628e-05, 1.99567402888e-05, 1.42701310324e-05, 1.21912098621e-05, 1.34640158649e-05, 1.42941134982e-05, 1.24908337966e-05, 5.78086701353e-06, 5.03094543092e-06, 3.73639568352e-06, 2.99118528346e-06, 2.47251364272e-06, 2.56989392255e-06, 2.40423764808e-06, 1.98984844246e-06, 1.98913335225e-06, 1.4790109617e-06, 1.6256528852e-06, 1.53573034822e-06, 1.02618616893e-06],
        "median": [0.000652734015603, 0.000485851953272, 0.000189746788237, 0.000141721131513, 0.000132387620397, 8.20304703666e-05, 4.4268759666e-05, 6.7639091867e-05, 3.45314620063e-05, 6.19710699539e-05, 3.02561056742e-05, 1.71943156602e-05, 4.5132728701e-05, 2.97413662338e-05, 1.0976379599e-05, 1.58039620146e-05, 1.48853596329e-05, 1.76467601705e-05, 8.22564652481e-06, 1.30913913381e-05, 8.5951287474e-06, 5.02291140947e-06, 4.74118269267e-06, 4.27220129495e-06, 6.31536795481e-06, 7.92466380517e-06, 5.91081334278e-06, 2.61186664829e-06, 1.99639748644e-06, 1.3458096646e-06, 1.3083875956e-06, 7.91420518453e-07, 5.65968264254e-07, 3.48310123854e-07, 2.82018504549e-07, 2.73007287888e-07, 3.39518550163e-07, 4.5908973334e-07, 3.79426097652e-07, 3.52097629275e-07],
        "min": [4.48538006736e-09, 1.32526967178e-09, 1.20233806911e-07, 3.22765146166e-07, 2.24777195967e-07, 1.43405344488e-07, 2.81549063175e-07, 3.22528705965e-07, 9.29739343292e-08, 8.95268783552e-08, 8.53996837691e-08, 2.10140065349e-08, 2.76795368848e-08, 2.92561352921e-08, 3.24391784545e-08, 5.04737549534e-08, 6.24831075768e-09, 5.08517716824e-09, 1.0427078756e-08, 4.52847359611e-09, 5.79337511297e-09, 7.00503965945e-09, 1.25147332497e-08, 2.43577762404e-08, 1.46468455142e-08, 9.85964909717e-09, 1.54279278242e-09, 5.72623962136e-11, 2.34579189407e-10, 3.39828248874e-10, 6.59474766462e-11, 3.11485628957e-11, 4.96993723953e-10, 3.10541620197e-10, 1.68164329684e-10, 2.46726562791e-11, 7.43194915331e-12, 8.33837946607e-12, 2.90703897586e-12, 1.18787369264e-12],
