{
"highlevel": {
    "danceability": {
        "all": {
            "danceable": 0.999243319035,
            "not_danceable": 0.00075667409692
        },
        "probability": 0.999243319035,
        "value": "danceable"
    },
    "gender": {
        "all": {
            "female": 0.809573471546,
            "male": 0.190426528454
        },
        "probability": 0.809573471546,
        "value": "female"
    },
    "genre_dortmund": {
        "all": {
            "alternative": 0.059152353555,
            "blues": 0.0163961052895,
            "electronic": 0.0365547165275,
            "folkcountry": 0.085390612483,
            "funksoulrnb": 0.0780579298735,
            "jazz": 0.0387580096722,
            "pop": 0.257182091475,
            "raphiphop": 0.0408106558025,
            "rock": 0.387697547674
        },
        "probability": 0.387697547674,
        "value": "rock"
    },
    "genre_electronic": {
        "all": {
            "ambient": 0.309253066778,
            "dnb": 0.388646662235,
            "house": 0.113748021424,
            "techno": 0.0316194668412,
            "trance": 0.156732782722
        },
        "probability": 0.388646662235,
        "value": "dnb"
    },
    "genre_rosamerica": {
        "all": {
            "cla": 0.000863413151819,
            "dan": 0.0133477123454,
            "hip": 0.0135661009699,
            "jaz": 0.000675324117765,
            "pop": 0.892847836018,
            "rhy": 0.0373460017145,
            "roc": 0.0411108769476,
            "spe": 0.000242756810621
        },
        "probability": 0.892847836018,
        "value": "pop"
    },
    "genre_tzanetakis": {
        "all": {
            "blu": 0.0820107460022,
            "cla": 0.0364518873394,
            "cou": 0.109376601875,
            "dis": 0.0656830966473,
            "hip": 0.109505757689,
            "jaz": 0.328655719757,
            "met": 0.0657363757491,
            "pop": 0.0821422189474,
            "reg": 0.0547466091812,
            "roc": 0.0656909942627
        },
        "probability": 0.328655719757,
        "value": "jaz"
    },
    "ismir04_rhythm": {
        "all": {
            "ChaChaCha": 0.120763078332,
            "Jive": 0.119867995381,
            "Quickstep": 0.317923545837,
            "Rumba-American": 0.0122053418308,
            "Rumba-International": 0.022486243397,
            "Rumba-Misc": 0.016869764775,
            "Samba": 0.321052879095,
            "Tango": 0.0128397597,
            "VienneseWaltz": 0.0484498925507,
            "Waltz": 0.00754151679575
        },
        "probability": 0.321052879095,
        "value": "Samba"
    },
    "mood_acoustic": {
        "all": {
            "acoustic": 0.00426761200652,
            "not_acoustic": 0.995732367039
        },
        "probability": 0.995732367039,
        "value": "not_acoustic"
    },
    "mood_aggressive": {
        "all": {
            "aggressive": 0.0244092214853,
            "not_aggressive": 0.975590765476
        },
        "probability": 0.975590765476,
        "value": "not_aggressive"
    },
    "mood_electronic": {
        "all": {
            "electronic": 0.0482227504253,
            "not_electronic": 0.951777279377
        },
        "probability": 0.951777279377,
        "value": "not_electronic"
    },
    "mood_happy": {
        "all": {
            "happy": 0.893673360348,
            "not_happy": 0.106326632202
        },
        "probability": 0.893673360348,
        "value": "happy"
    },
    "mood_party": {
        "all": {
            "not_party": 0.422081321478,
            "party": 0.57791864872
        },
        "probability": 0.57791864872,
        "value": "party"
    },
    "mood_relaxed": {
        "all": {
            "not_relaxed": 0.931349694729,
            "relaxed": 0.0686502829194
        },
        "probability": 0.931349694729,
        "value": "not_relaxed"
    },
    "mood_sad": {
        "all": {
            "not_sad": 0.707418680191,
            "sad": 0.292581290007
        },
        "probability": 0.707418680191,
        "value": "not_sad"
    },
    "moods_mirex": {
        "all": {
            "Cluster1": 0.0707157701254,
            "Cluster2": 0.185492068529,
            "Cluster3": 0.488757401705,
            "Cluster4": 0.214771017432,
            "Cluster5": 0.0402637608349
        },
        "probability": 0.488757401705,
        "value": "Cluster3"
    },
    "timbre": {
        "all": {
            "bright": 0.999994039536,
            "dark": 5.96938934905e-06
        },
        "probability": 0.999994039536,
        "value": "bright"
    },
    "tonal_atonal": {
        "all": {
            "atonal": 0.00346994400024,
            "tonal": 0.996530056
        },
        "probability": 0.996530056,
        "value": "tonal"
    },
    "voice_instrumental": {
        "all": {
            "instrumental": 0.00193441624288,
            "voice": 0.998065590858
        },
        "probability": 0.998065590858,
        "value": "voice"
    }
},
"lowlevel": {
    "average_loudness": 0.96367841959,
    "barkbands_crest": {
        "dmean": 2.91621494293,
        "dmean2": 4.62616157532,
        "dvar": 8.2036151886,
        "dvar2": 18.2600803375,
        "max": 25.7200775146,
        "mean": 9.86606407166,
        "median": 8.85127639771,
        "min": 2.29438281059,
        "var": 23.6513538361
    },
    "barkbands_flatness_db": {
        "dmean": 0.0191683657467,
        "dmean2": 0.029492136091,
        "dvar": 0.000377309916075,
        "dvar2": 0.000769006903283,
        "max": 0.32749286294,
        "mean": 0.118803016841,
        "median": 0.108216062188,
        "min": 0.0365548916161,
        "var": 0.00260628317483
    },
    "barkbands_kurtosis": {
        "dmean": 2.08077549934,
        "dmean2": 3.19245171547,
        "dvar": 21.2432613373,
        "dvar2": 44.0775489807,
        "max": 77.3386535645,
        "mean": 1.94965529442,
        "median": 0.728153705597,
        "min": -1.90332233906,
        "var": 29.8902873993
    },
    "barkbands_skewness": {
        "dmean": 0.568464457989,
        "dmean2": 0.795439362526,
        "dvar": 0.488167881966,
        "dvar2": 0.863025128841,
        "max": 8.29028224945,
        "mean": 0.535689413548,
        "median": 0.54037797451,
        "min": -5.96082305908,
        "var": 1.59459519386
    },
    "barkbands_spread": {
        "dmean": 8.70261859894,
        "dmean2": 13.2235031128,
        "dvar": 113.566711426,
        "dvar2": 255.639862061,
        "max": 113.094566345,
        "mean": 29.9009819031,
        "median": 26.3815841675,
        "min": 3.03318595886,
        "var": 319.345275879
    },
    "dissonance": {
        "dmean": 0.0213239248842,
        "dmean2": 0.0357753373682,
        "dvar": 0.000513527891599,
        "dvar2": 0.00141846865881,
        "max": 0.499555796385,
        "mean": 0.463789075613,
        "median": 0.47292843461,
        "min": 0.315511584282,
        "var": 0.00100233987905
    },
    "dynamic_complexity": 2.46294116974,
    "erbbands_crest": {
        "dmean": 2.8905749321,
        "dmean2": 4.63476991653,
        "dvar": 8.78313541412,
        "dvar2": 21.182674408,
        "max": 29.7703933716,
        "mean": 10.2513427734,
        "median": 9.06349277496,
        "min": 2.41149759293,
        "var": 30.7455978394
    },
    "erbbands_flatness_db": {
        "dmean": 0.0193686634302,
        "dmean2": 0.0278405323625,
        "dvar": 0.000387193053029,
        "dvar2": 0.000729688443244,
        "max": 0.341717302799,
        "mean": 0.15468223393,
        "median": 0.148207172751,
        "min": 0.0559735260904,
        "var": 0.00261293980293
    },
    "erbbands_kurtosis": {
        "dmean": 1.35985791683,
        "dmean2": 2.00375938416,
        "dvar": 3.30148005486,
        "dvar2": 7.08397769928,
        "max": 25.7639312744,
        "mean": 1.62302219868,
        "median": 0.733335971832,
        "min": -1.68251931667,
        "var": 8.11673259735
    },
    "erbbands_skewness": {
        "dmean": 0.427504450083,
        "dmean2": 0.605302453041,
        "dvar": 0.19714705646,
        "dvar2": 0.369955778122,
        "max": 3.81282401085,
        "mean": 0.374128729105,
        "median": 0.484647989273,
        "min": -4.14436292648,
        "var": 0.965335726738
    },
    "erbbands_spread": {
        "dmean": 10.4167480469,
        "dmean2": 15.1534500122,
        "dvar": 160.763961792,
        "dvar2": 340.717224121,
        "max": 135.193206787,
        "mean": 34.5141525269,
        "median": 29.0171432495,
        "min": 4.86972618103,
        "var": 452.028076172
    },
    "hfc": {
        "dmean": 18.8160877228,
        "dmean2": 26.070941925,
        "dvar": 1360.4921875,
        "dvar2": 2735.37695312,
        "max": 435.314178467,
        "mean": 45.0677528381,
        "median": 27.9190616608,
        "min": 0.504652917385,
        "var": 3166.00317383
    },
    "melbands_crest": {
        "dmean": 3.56047534943,
        "dmean2": 5.28250312805,
        "dvar": 11.6038455963,
        "dvar2": 24.0629825592,
        "max": 33.2266731262,
        "mean": 12.4599733353,
        "median": 11.1481628418,
        "min": 2.70698428154,
        "var": 35.2826805115
    },
    "melbands_flatness_db": {
        "dmean": 0.0227661728859,
        "dmean2": 0.0322339013219,
        "dvar": 0.000555880833417,
        "dvar2": 0.000961404643022,
        "max": 0.373013824224,
        "mean": 0.128889754415,
        "median": 0.120853357017,
        "min": 0.0204010438174,
        "var": 0.0031954436563
    },
    "melbands_kurtosis": {
        "dmean": 5.68505239487,
        "dmean2": 8.62573719025,
        "dvar": 295.176605225,
        "dvar2": 632.905517578,
        "max": 285.419189453,
        "mean": 6.79625701904,
        "median": 2.61133337021,
        "min": -1.87759196758,
        "var": 367.56918335
    },
    "melbands_skewness": {
        "dmean": 0.746325910091,
        "dmean2": 1.01843142509,
        "dvar": 1.08820271492,
        "dvar2": 1.93314671516,
        "max": 15.1454677582,
        "mean": 1.458340168,
        "median": 1.1327021122,
        "min": -1.16854155064,
        "var": 2.89021277428
    },
    "melbands_spread": {
        "dmean": 15.525349617,
        "dmean2": 22.5487499237,
        "dvar": 706.826904297,
        "dvar2": 1167.54553223,
        "max": 299.291900635,
        "mean": 47.4980392456,
        "median": 34.776889801,
        "min": 1.73220157623,
        "var": 2123.53222656
    },
    "pitch_salience": {
        "dmean": 0.0741156637669,
        "dmean2": 0.113462023437,
        "dvar": 0.00532138068229,
        "dvar2": 0.0120084481314,
        "max": 0.851884007454,
        "mean": 0.591285169125,
        "median": 0.61385256052,
        "min": 0.0807129964232,
        "var": 0.0168944057077
    },
    "silence_rate_20dB": {
        "dmean": 0,
        "dmean2": 0,
        "dvar": 0,
        "dvar2": 0,
        "max": 1,
        "mean": 1,
        "median": 1,
        "min": 1,
        "var": 0
    },
    "silence_rate_30dB": {
        "dmean": 0,
        "dmean2": 0,
        "dvar": 0,
        "dvar2": 0,
        "max": 1,
        "mean": 1,
        "median": 1,
        "min": 1,
        "var": 0
    },
    "silence_rate_60dB": {
        "dmean": 0.0178018584847,
        "dmean2": 0.0356312952936,
        "dvar": 0.017484754324,
        "dvar2": 0.0390097908676,
        "max": 1,
        "mean": 0.0587780363858,
        "median": 0,
        "min": 0,
        "var": 0.0553227886558
    },
    "spectral_centroid": {
        "dmean": 351.914611816,
        "dmean2": 517.29888916,
        "dvar": 229169.53125,
        "dvar2": 454513.46875,
        "max": 7462.61230469,
        "mean": 2014.86914062,
        "median": 1808.52685547,
        "min": 552.378295898,
        "var": 746837.1875
    },
    "spectral_complexity": {
        "dmean": 4.65325069427,
        "dmean2": 6.29512023926,
        "dvar": 30.9060573578,
        "dvar2": 43.5914764404,
        "max": 61,
        "mean": 20.4524364471,
        "median": 18,
        "min": 0,
        "var": 138.241546631
    },
    "spectral_decrease": {
        "dmean": 1.9502488513e-09,
        "dmean2": 2.80245116002e-09,
        "dvar": 8.81610916656e-18,
        "dvar2": 1.50039181112e-17,
        "max": 1.01957643717e-10,
        "mean": -5.21523624286e-09,
        "median": -3.74306940998e-09,
        "min": -2.41173090387e-08,
        "var": 2.16612380802e-17
    },
    "spectral_energy": {
        "dmean": 0.00832865294069,
        "dmean2": 0.0118764750659,
        "dvar": 0.000141591473948,
        "dvar2": 0.000240885361563,
        "max": 0.102289907634,
        "mean": 0.023771263659,
        "median": 0.0177758596838,
        "min": 0.000478617701447,
        "var": 0.000366631546058
    },
    "spectral_energyband_high": {
        "dmean": 0.00167929218151,
        "dmean2": 0.00232034153305,
        "dvar": 1.45973153849e-05,
        "dvar2": 2.87305847451e-05,
        "max": 0.043307416141,
        "mean": 0.00310601876117,
        "median": 0.00103602360468,
        "min": 5.25088262293e-06,
        "var": 3.31998307956e-05
    },
    "spectral_energyband_low": {
        "dmean": 0.00359334307723,
        "dmean2": 0.00507402885705,
        "dvar": 0.000109176413389,
        "dvar2": 0.000179515249329,
        "max": 0.0822072848678,
        "mean": 0.00554390531033,
        "median": 0.000859691761434,
        "min": 7.07746380613e-07,
        "var": 0.000200076843612
    },
    "spectral_energyband_middle_high": {
        "dmean": 0.00355513393879,
        "dmean2": 0.00497448490933,
        "dvar": 2.33628761634e-05,
        "dvar2": 4.36133959738e-05,
        "max": 0.052834559232,
        "mean": 0.00953207910061,
        "median": 0.00617215363309,
        "min": 9.65420622379e-05,
        "var": 8.27988260426e-05
    },
    "spectral_energyband_middle_low": {
        "dmean": 0.00311780930497,
        "dmean2": 0.00495724659413,
        "dvar": 2.37034073507e-05,
        "dvar2": 5.5889118812e-05,
        "max": 0.0531666018069,
        "mean": 0.0058281342499,
        "median": 0.00391943845898,
        "min": 8.21270878077e-05,
        "var": 3.40555961884e-05
    },
    "spectral_entropy": {
        "dmean": 0.151253342628,
        "dmean2": 0.214004859328,
        "dvar": 0.0254968106747,
        "dvar2": 0.0455544516444,
        "max": 8.93159675598,
        "mean": 7.89833307266,
        "median": 7.93452978134,
        "min": 6.04561471939,
        "var": 0.229299664497
    },
    "spectral_flux": {
        "dmean": 0.0287843421102,
        "dmean2": 0.0445983558893,
        "dvar": 0.000977734918706,
        "dvar2": 0.002046744572,
        "max": 0.273779898882,
        "mean": 0.0937760770321,
        "median": 0.0854893699288,
        "min": 0.00797188375145,
        "var": 0.00303290761076
    },
    "spectral_kurtosis": {
        "dmean": 0.931748151779,
        "dmean2": 1.43039119244,
        "dvar": 0.9934014678,
        "dvar2": 2.44433164597,
        "max": 15.8978042603,
        "mean": 2.89855146408,
        "median": 2.85496854782,
        "min": -1.30101978779,
        "var": 4.1566157341
    },
    "spectral_rms": {
        "dmean": 0.00078730029054,
        "dmean2": 0.00109510018956,
        "dvar": 9.23816116938e-07,
        "dvar2": 1.52295240241e-06,
        "max": 0.00998974684626,
        "mean": 0.00445175776258,
        "median": 0.00416440889239,
        "min": 0.000683333084453,
        "var": 3.37329856848e-06
    },
    "spectral_rolloff": {
        "dmean": 1023.81072998,
        "dmean2": 1600.9967041,
        "dvar": 2793592.75,
        "dvar2": 5018902.5,
        "max": 13759.7167969,
        "mean": 3360.12573242,
        "median": 2196.38671875,
        "min": 64.599609375,
        "var": 9477772
    },
    "spectral_skewness": {
        "dmean": 0.179026901722,
        "dmean2": 0.258902639151,
        "dvar": 0.0344761274755,
        "dvar2": 0.0622040964663,
        "max": 3.42253851891,
        "mean": 1.4113432169,
        "median": 1.47814118862,
        "min": -0.231775447726,
        "var": 0.181911543012
    },
    "spectral_spread": {
        "dmean": 888414.9375,
        "dmean2": 1235536.25,
        "dvar": 1.0316864553e+12,
        "dvar2": 1.69512507802e+12,
        "max": 16034686,
        "mean": 6225184.5,
        "median": 5647810.5,
        "min": 2905607.75,
        "var": 4.95900373811e+12
    },
    "spectral_strongpeak": {
        "dmean": 0.996019482613,
        "dmean2": 1.65562391281,
        "dvar": 2.29932165146,
        "dvar2": 5.87692308426,
        "max": 12.7235937119,
        "mean": 1.84044933319,
        "median": 1.33975708485,
        "min": 0.016819357872,
        "var": 3.49455451965
    },
    "zerocrossingrate": {
        "dmean": 0.0236162599176,
        "dmean2": 0.0235399976373,
        "dvar": 0.000907352834474,
        "dvar2": 0.000740820891224,
        "max": 0.498046875,
        "mean": 0.121365271509,
        "median": 0.09716796875,
        "min": 0.01513671875,
        "var": 0.00658844318241
    },
    "barkbands": {
        "dmean": [0.000180601447937, 0.00336522143334, 0.00088748591952, 0.000335438933689, 0.000830630015116, 0.000744650082197, 0.000357037992217, 0.000727846636437, 0.00137372908648, 0.00084032031009, 0.00125937780831, 0.000611790514085, 0.000815545732621, 0.000796446052846, 0.000629540649243, 0.000285829766653, 0.000337888981448, 0.000386393163353, 0.000243053116719, 0.000178386180778, 0.000183055584785, 0.000218371671508, 0.000242402893491, 0.000397734285798, 0.000584468769375, 0.000238922584685, 1.6824717477e-06],
        "dmean2": [0.000295135308988, 0.00486431131139, 0.00167796912137, 0.000634208437987, 0.00136362295598, 0.00111905159429, 0.000554276921321, 0.00121753127314, 0.00211280630901, 0.00121480587404, 0.00195585703477, 0.000932460767217, 0.00127894000616, 0.00122400186956, 0.000980180455372, 0.00046906460193, 0.000569621159229, 0.000593223550823, 0.000394207570935, 0.000255729042692, 0.000280101521639, 0.000346332788467, 0.000354167044861, 0.000562721746974, 0.000856254308019, 0.000342385232216, 2.66437018581e-06],
        "dvar": [3.45084714581e-07, 0.000104110040411, 1.34035499286e-05, 1.66482561781e-06, 2.34553249356e-06, 2.62708408627e-06, 5.39980021586e-07, 3.40512406183e-06, 8.02041267889e-06, 3.22718801726e-06, 9.60372835834e-06, 2.75277920991e-06, 2.3202921966e-06, 2.06704044103e-06, 2.07944776776e-06, 6.0413015035e-07, 4.46849810487e-07, 3.99869946932e-07, 1.98627361669e-07, 1.26301756609e-07, 2.08705330351e-07, 3.13063452495e-07, 3.85195050967e-07, 8.85567089881e-07, 3.3524427181e-06, 5.3196515637e-07, 6.79794415204e-11],
        "dvar2": [8.45490603751e-07, 0.000183587064384, 3.93165973946e-05, 4.91315995532e-06, 5.63872708881e-06, 5.98956557951e-06, 1.18920456771e-06, 9.04415264813e-06, 1.92565712496e-05, 6.82705103827e-06, 2.23099723371e-05, 6.66987534714e-06, 5.5057089412e-06, 5.05254365635e-06, 5.17424632562e-06, 1.50177788782e-06, 1.25563542497e-06, 9.20217587463e-07, 5.13185852924e-07, 2.20939085693e-07, 4.55246805586e-07, 6.84203030232e-07, 8.65521769811e-07, 1.69728252786e-06, 7.5252046372e-06, 1.10831706479e-06, 1.68223199259e-10],
        "max": [0.00658986531198, 0.0784560889006, 0.030532527715, 0.00977005250752, 0.0153586883098, 0.0155368456617, 0.0108331292868, 0.0199405774474, 0.0494575425982, 0.0256816763431, 0.0375295653939, 0.0302767436951, 0.0204332899302, 0.0197661407292, 0.0213388428092, 0.0137283401564, 0.00701134558767, 0.00708244647831, 0.00417603598908, 0.00440975977108, 0.0049291877076, 0.00614712294191, 0.0101328007877, 0.0108420914039, 0.0241907183081, 0.0137511566281, 0.000112727750093],
        "mean": [0.000204124880838, 0.00444127386436, 0.000731609005015, 0.000283714733087, 0.00112966680899, 0.000910834467504, 0.000530550314579, 0.000763641553931, 0.00208819261752, 0.00132189237047, 0.00175674224738, 0.000925777771045, 0.00144643639214, 0.00113641354255, 0.000932050694246, 0.000414081907365, 0.000474378903164, 0.000602855288889, 0.000390955712646, 0.000292738433927, 0.000310244504362, 0.000372865208192, 0.000414303212892, 0.000687947205734, 0.00086398946587, 0.000342185521731, 1.32616673909e-06],
        "median": [2.0519577447e-05, 0.000444306060672, 0.000169662380358, 7.41804396966e-05, 0.000449550920166, 0.000305805180687, 0.000229937024415, 0.000162815340445, 0.000914853299037, 0.000206439843168, 0.000193295563804, 0.000265123235295, 0.000570234493352, 0.000341418752214, 0.000272652803687, 0.000143068537, 0.000244259601459, 0.00033917609835, 0.000229366763961, 0.000130826607347, 0.00012131020776, 0.000134343528771, 0.000139599113027, 0.000244879134698, 0.000164904893609, 6.77273928886e-05, 2.17971263261e-09],
        "min": [5.58426742348e-11, 1.68471991913e-08, 4.17258974039e-08, 5.77621612763e-08, 2.13916500797e-05, 5.64133915759e-06, 4.37014278987e-07, 2.37185446395e-07, 2.49620455861e-07, 4.29901433563e-07, 1.15850006921e-07, 9.86913619272e-07, 5.25545431174e-07, 5.18038177688e-07, 2.53968869401e-06, 2.63030142378e-06, 5.05257048644e-06, 3.33597381541e-06, 1.24345206132e-06, 2.1126138563e-06, 1.30000501031e-06, 9.47505213844e-07, 1.54086407633e-07, 2.28036981298e-07, 1.51027246265e-10, 1.0959532587e-10, 4.9025124238e-12],
        "var": [3.11220873073e-07, 0.000161412273883, 7.37584150556e-06, 9.05534193407e-07, 3.16022806146e-06, 3.34168021254e-06, 8.05004901849e-07, 3.13727787216e-06, 1.11404124254e-05, 6.910223874e-06, 1.76677058334e-05, 4.47803813586e-06, 5.73803663428e-06, 3.49856645698e-06, 3.74798446501e-06, 8.31367913179e-07, 5.14316070621e-07, 6.00546286478e-07, 2.6956615784e-07, 2.42987169941e-07, 3.73131058495e-07, 5.72547946831e-07, 6.91271395681e-07, 2.01103466679e-06, 5.69447729504e-06, 9.1768333732e-07, 5.68577129823e-11]
    },
    "erbbands": {
        "dmean": [0.132111698389, 0.751197457314, 1.05534636974, 1.15046548843, 1.40324366093, 3.63926720619, 4.89315652847, 6.2191696167, 4.12719392776, 10.2303543091, 17.6795330048, 32.9898109436, 17.9351978302, 37.9400978088, 44.6111564636, 21.8718624115, 36.4246063232, 37.0094642639, 37.3033218384, 23.4239940643, 16.0547904968, 16.9445800781, 21.8633365631, 13.0276622772, 11.4418764114, 8.7689704895, 6.87996053696, 8.36703586578, 8.43416500092, 6.30384254456, 7.18741893768, 6.92252635956, 7.94422578812, 6.2766456604, 4.37863969803, 1.6035284996, 0.363792359829, 0.0213909689337, 0.000631825183518, 6.50034417049e-05],
        "dmean2": [0.180349543691, 1.06521773338, 1.86452186108, 2.16610908508, 2.45127820969, 5.92045783997, 7.79424571991, 9.38268566132, 6.45420074463, 16.7174816132, 28.9496879578, 51.3382263184, 26.5371799469, 56.6562614441, 67.2792434692, 32.6525840759, 57.6430282593, 57.3048629761, 56.9352302551, 36.2962532043, 26.2058181763, 27.9669494629, 33.9540672302, 20.7537403107, 18.036699295, 12.5775594711, 9.74530696869, 13.20865345, 13.7263431549, 9.15708637238, 10.78150177, 10.336523056, 11.1690311432, 9.09619522095, 6.455286026, 2.34576869011, 0.513599634171, 0.0333426631987, 0.000943279825151, 9.36957512749e-05],
        "dvar": [0.149267792702, 5.24582481384, 15.9794816971, 21.0110626221, 13.6160974503, 45.156463623, 95.9794998169, 208.282852173, 58.8651237488, 659.62109375, 1265.3338623, 5432.98632812, 1276.15161133, 6199.92041016, 12747.1777344, 2508.22143555, 5045.19140625, 5019.01269531, 6645.79492188, 3667.48413086, 1480.55175781, 1217.00720215, 1313.85180664, 592.399597168, 387.713623047, 334.659851074, 249.664138794, 557.788269043, 553.356750488, 219.997146606, 326.596221924, 241.644210815, 413.560516357, 326.959716797, 204.292999268, 25.6420974731, 0.985862612724, 0.0037238704972, 3.43495116795e-06, 3.87958820625e-08],
        "dvar2": [0.261798620224, 11.2344121933, 45.0385665894, 61.780506134, 37.7341079712, 105.524108887, 209.66293335, 494.568756104, 131.529678345, 1611.3494873, 3296.38378906, 12929.2226562, 3240.32373047, 12986.4716797, 31927.4492188, 6041.05322266, 12342.6318359, 11963.2294922, 16253.3017578, 8701.91015625, 3912.9855957, 3307.67626953, 3141.20458984, 1394.27526855, 883.612609863, 609.501037598, 461.294586182, 1314.28881836, 1274.56799316, 464.709777832, 760.995666504, 529.722595215, 809.190917969, 721.266845703, 459.066375732, 54.0329818726, 1.9359805584, 0.0084252525121, 7.62609761296e-06, 9.00701735418e-08],
        "max": [3.0350496769, 19.541727066, 32.0154800415, 37.0727424622, 33.8373413086, 75.7253952026, 155.405731201, 142.218704224, 106.828224182, 232.96270752, 468.521087646, 1317.22949219, 521.215087891, 1292.61804199, 1798.11218262, 731.737060547, 900.923034668, 758.907348633, 1490.25463867, 1198.18908691, 719.821472168, 488.713867188, 397.752410889, 321.250427246, 212.587387085, 233.005523682, 198.995254517, 259.54901123, 291.872436523, 238.648681641, 260.768829346, 184.740905762, 281.103424072, 256.571899414, 168.340087891, 88.5104827881, 14.9561767578, 0.88202136755, 0.0262414552271, 0.00274276267737],
        "mean": [0.157410830259, 0.871778309345, 0.971408724785, 1.00741422176, 1.58723711967, 4.71806955338, 6.532538414, 7.32366752625, 6.34992980957, 12.202914238, 22.7131233215, 50.1204299927, 28.3901290894, 60.2635345459, 67.6382598877, 38.752986908, 68.8953857422, 59.2046699524, 58.6693840027, 34.7317810059, 24.0499401093, 25.4870281219, 34.5236778259, 22.8031997681, 19.4207611084, 14.425078392, 11.1552610397, 13.5569839478, 14.0871114731, 11.2812299728, 11.9504842758, 11.807346344, 12.8384933472, 9.2802028656, 6.31059074402, 2.33418631554, 0.499288439751, 0.0280225798488, 0.000820787565317, 0.000100480501715],
        "median": [0.0132073909044, 0.0809051096439, 0.223670363426, 0.320418357849, 0.622648537159, 1.80831933022, 2.45388770103, 2.41904616356, 3.16840720177, 3.75811004639, 9.0015335083, 18.6287097931, 11.837389946, 17.2297801971, 17.2258415222, 17.6610641479, 28.1591339111, 22.3158359528, 17.3472118378, 12.5247850418, 9.16324996948, 12.5941953659, 20.231256485, 13.6430864334, 10.9920625687, 6.64949131012, 4.57149219513, 5.05628728867, 4.79437208176, 4.34313011169, 3.99925756454, 4.75724172592, 3.92912435532, 1.85543382168, 1.13457357883, 0.419991970062, 0.110178217292, 0.00656832987443, 0.000180484639714, 4.1934352339e-05],
        "min": [1.15919635846e-06, 2.12582399399e-05, 0.000355460942956, 0.00266401655972, 0.00922456011176, 0.10338204354, 0.128305852413, 0.0639092177153, 0.0404118336737, 0.0177570115775, 0.0108605055138, 0.0209617000073, 0.0194299649447, 0.0326554849744, 0.0508552528918, 0.0462907701731, 0.0357726067305, 0.129909291863, 0.138645231724, 0.082488425076, 0.15373699367, 0.278661251068, 0.318038910627, 0.255454063416, 0.103389129043, 0.145703464746, 0.0344113148749, 0.0323482938111, 0.0382824055851, 0.0225239414722, 0.00358875468373, 0.00366297527216, 0.00401238678023, 0.00159742170945, 0.000602045853157, 0.000260943052126, 1.6049192709e-05, 1.67565463016e-06, 5.72840860968e-07, 6.93387278261e-07],
        "var": [0.222268208861, 6.61581420898, 10.3133144379, 11.4469394684, 10.9170560837, 63.5649833679, 135.54095459, 232.346679688, 89.4685897827, 675.193725586, 1378.97424316, 7393.81152344, 1771.82128906, 11522.6367188, 22497.8359375, 4599.95263672, 12969.9873047, 9159.81933594, 14011.4443359, 5657.79003906, 2072.55249023, 1506.73400879, 1892.83532715, 865.559936523, 625.428527832, 602.93182373, 462.827056885, 837.102172852, 916.880249023, 449.830566406, 551.811401367, 476.458221436, 886.654663086, 594.820495605, 333.376342773, 43.7226676941, 1.88541913033, 0.00585287762806, 5.11024927619e-06, 5.03690458231e-08]
    },
    "gfcc": {
        "mean": [25.9550304413, 37.5665473938, -126.640464783, 21.1872787476, -65.4861755371, 28.6851196289, -46.6188087463, 19.9691028595, -31.42228508, 6.93047380447, -14.808681488, 5.95353555679, -11.3458709717],
        "cov": [[3465.60913086, -414.283294678, 508.365753174, -16.3263053894, 36.6239585876, 395.434082031, 298.744720459, 266.729156494, 175.731536865, 182.238098145, -136.847076416, 90.6458206177, -56.1652297974], [-414.283294678, 1021.82470703, -315.934967041, -98.7113418579, 96.6894226074, -0.114569224417, 166.937515259, 9.97847652435, 57.2653770447, -32.2671852112, 92.8589477539, -38.2740402222, -16.1897563934], [508.365753174, -315.934967041, 1017.80725098, 318.931732178, 78.6910400391, 120.436569214, -44.4008026123, 146.078262329, 69.3754196167, 122.996673584, -59.012046814, 70.0433044434, -23.5347805023], [-16.3263053894, -98.7113418579, 318.931732178, 376.65045166, 103.021842957, -12.9236965179, -93.6925125122, 16.221282959, 74.9562835693, 41.2107429504, -21.5271720886, 12.7373323441, 35.6716423035], [36.6239585876, 96.6894226074, 78.6910400391, 103.021842957, 244.631408691, 123.447219849, 35.8744049072, 42.68983078, 28.3027458191, 46.1952781677, 10.9092750549, 17.0626277924, 2.89498281479], [395.434082031, -0.114569224417, 120.436569214, -12.9236965179, 123.447219849, 292.957763672, 160.053787231, 85.5435638428, 20.0902080536, 29.2891769409, 26.1597576141, 23.1153335571, -15.5670022964], [298.744720459, 166.937515259, -44.4008026123, -93.6925125122, 35.8744049072, 160.053787231, 261.864135742, 85.0260772705, 24.0576972961, 26.8612651825, 39.7808685303, 44.4632339478, -18.8721065521], [266.729156494, 9.97847652435, 146.078262329, 16.221282959, 42.68983078, 85.5435638428, 85.0260772705, 173.339645386, 66.0936203003, 20.9550971985, 1.52748155594, 13.2420663834, -11.8977909088], [175.731536865, 57.2653770447, 69.3754196167, 74.9562835693, 28.3027458191, 20.0902080536, 24.0576972961, 66.0936203003, 137.112411499, 58.8723335266, -1.98944926262, 2.73479795456, 17.283624649], [182.238098145, -32.2671852112, 122.996673584, 41.2107429504, 46.1952781677, 29.2891769409, 26.8612651825, 20.9550971985, 58.8723335266, 111.39087677, 19.7442684174, 26.265504837, -2.41947865486], [-136.847076416, 92.8589477539, -59.012046814, -21.5271720886, 10.9092750549, 26.1597576141, 39.7808685303, 1.52748155594, -1.98944926262, 19.7442684174, 91.5521087646, 20.0982112885, -2.44305992126], [90.6458206177, -38.2740402222, 70.0433044434, 12.7373323441, 17.0626277924, 23.1153335571, 44.4632339478, 13.2420663834, 2.73479795456, 26.265504837, 20.0982112885, 109.770126343, 30.9552574158], [-56.1652297974, -16.1897563934, -23.5347805023, 35.6716423035, 2.89498281479, -15.5670022964, -18.8721065521, -11.8977909088, 17.283624649, -2.41947865486, -2.44305992126, 30.9552574158, 81.7942352295]],
        "icov": [[0.00052059488371, 8.02653594292e-05, 8.9037399448e-05, -2.41227880906e-05, 0.000465848657768, -0.000721960386727, -0.000135786714964, -0.000348607776687, -0.000194578329683, -0.000835011654999, 0.00123996764887, -0.000409340456827, 0.000381939316867], [8.02653594292e-05, 0.00201924866997, -0.000435089226812, 0.000936602998991, -0.00212527113035, 0.00190199294593, -0.00235594646074, 0.00134199322201, -0.00253820279613, 0.00270385877229, -0.0022067730315, 0.00133356754668, 5.56820632482e-05], [8.9037399448e-05, -0.000435089226812, 0.00294787436724, -0.00263740378432, 0.00224526994862, -0.00245023518801, 0.00213772151619, -0.00297046033666, 0.00260302424431, -0.00411542644724, 0.00289125205018, -0.0022445966024, 0.00175283942372], [-2.41227880906e-05, 0.000936602998991, -0.00263740378432, 0.00667386781424, -0.0042074341327, 0.00258137262426, -0.000487314653583, 0.00278320675716, -0.00504249567166, 0.00416239863262, -0.00255105574615, 0.00138171378057, -0.00197847979143], [0.000465848657768, -0.00212527113035, 0.00224526994862, -0.0042074341327, 0.0102962888777, -0.00676734931767, 0.00382830761373, -0.00382771599106, 0.00480377301574, -0.00771118607372, 0.00482049258426, -0.00277520040981, 0.00100541277789], [-0.000721960386727, 0.00190199294593, -0.00245023518801, 0.00258137262426, -0.00676734931767, 0.0110739646479, -0.00674175843596, 0.00228790426627, -0.00275252619758, 0.00610032724217, -0.00570758152753, 0.00382635835558, -0.0016821580939], [-0.000135786714964, -0.00235594646074, 0.00213772151619, -0.000487314653583, 0.00382830761373, -0.00674175843596, 0.0117669152096, -0.00469730701298, 0.00271663744934, -0.00493867974728, 0.0022372615058, -0.00531941559166, 0.0022409860976], [-0.000348607776687, 0.00134199322201, -0.00297046033666, 0.00278320675716, -0.00382771599106, 0.00228790426627, -0.00469730701298, 0.0128486212343, -0.00850637443364, 0.00768041471019, -0.0037077148445, 0.00168029253837, 0.000591812597122], [-0.000194578329683, -0.00253820279613, 0.00260302424431, -0.00504249567166, 0.00480377301574, -0.00275252619758, 0.00271663744934, -0.00850637443364, 0.0191563293338, -0.0129841212183, 0.00492331990972, 0.000683788617607, -0.00353599525988], [-0.000835011654999, 0.00270385877229, -0.00411542644724, 0.00416239863262, -0.00771118607372, 0.00610032724217, -0.00493867974728, 0.00768041471019, -0.0129841212183, 0.0239410884678, -0.0100742392242, 0.000865013338625, 0.00119756755885], [0.00123996764887, -0.0022067730315, 0.00289125205018, -0.00255105574615, 0.00482049258426, -0.00570758152753, 0.0022372615058, -0.0037077148445, 0.00492331990972, -0.0100742392242, 0.019949009642, -0.00538262957707, 0.00237369304523], [-0.000409340456827, 0.00133356754668, -0.0022445966024, 0.00138171378057, -0.00277520040981, 0.00382635835558, -0.00531941559166, 0.00168029253837, 0.000683788617607, 0.000865013338625, -0.00538262957707, 0.0156769677997, -0.00763467606157], [0.000381939316867, 5.56820632482e-05, 0.00175283942372, -0.00197847979143, 0.00100541277789, -0.0016821580939, 0.0022409860976, 0.000591812597122, -0.00353599525988, 0.00119756755885, 0.00237369304523, -0.00763467606157, 0.0178565494716]]
    },
    "melbands": {
        "dmean": [0.00101133878343, 0.000651335343719, 0.000198663037736, 0.000176232017111, 0.000168089260114, 0.000138215676998, 6.43355961074e-05, 0.000128549028886, 0.000172509622644, 0.000194314299733, 9.31314134505e-05, 0.000156286958372, 0.000178400950972, 6.98399308021e-05, 7.80854970799e-05, 7.7791082731e-05, 7.32313856133e-05, 6.89698717906e-05, 3.64612569683e-05, 2.28425997193e-05, 2.05946998904e-05, 1.72631062014e-05, 2.14613228309e-05, 2.11145215872e-05, 1.00787119663e-05, 9.90914486465e-06, 7.61259980209e-06, 5.3398084674e-06, 4.73545560453e-06, 3.60453600479e-06, 5.85814268561e-06, 5.46886303709e-06, 3.76746697839e-06, 3.80983169634e-06, 4.20369178755e-06, 4.53682105217e-06, 4.3972736421e-06, 5.44019712834e-06, 5.88754664932e-06, 5.60458738619e-06],
        "dmean2": [0.00145231839269, 0.000983391306363, 0.00037302923738, 0.000291181233479, 0.00026835326571, 0.000206819444429, 0.000101273784821, 0.000213170060306, 0.000280561100226, 0.00030172264087, 0.000138128511026, 0.000232368562138, 0.000270576390903, 0.00010252953507, 0.00012242878438, 0.000122303361422, 0.000113267742563, 0.000106475607026, 5.73769502807e-05, 3.49325964635e-05, 3.49297224602e-05, 2.87539551209e-05, 3.53064970113e-05, 3.32352065016e-05, 1.64763805515e-05, 1.63030181284e-05, 1.12538164103e-05, 7.74922409619e-06, 7.05949787516e-06, 5.25701216247e-06, 9.33867977437e-06, 8.99161932466e-06, 5.97003827352e-06, 5.49414880879e-06, 6.22082870905e-06, 7.13811641617e-06, 6.53702454656e-06, 7.42870633985e-06, 8.62914748723e-06, 8.38147570903e-06],
        "dvar": [9.32704097067e-06, 4.26008909926e-06, 5.95666449499e-07, 1.17825301515e-07, 1.04360680098e-07, 9.7299377444e-08, 1.51530041848e-08, 1.13060316664e-07, 1.1563800939e-07, 1.71554916051e-07, 3.5889925698e-08, 1.04020841718e-07, 1.88934450307e-07, 3.42543025056e-08, 2.75013878337e-08, 2.40347723945e-08, 2.11905852865e-08, 2.20879989854e-08, 7.1711263594e-09, 3.96317023643e-09, 2.88553647643e-09, 1.38865341448e-09, 1.37880973305e-09, 1.14398712725e-09, 4.03488131795e-10, 3.09856973413e-10, 1.95890345611e-10, 1.2550860351e-10, 1.21744891945e-10, 6.13935360883e-11, 3.10340864118e-10, 2.51382525907e-10, 6.81462108965e-11, 9.14369552296e-11, 1.00920299895e-10, 1.38552752604e-10, 8.97183438653e-11, 1.63034696854e-10, 3.32792071678e-10, 2.55623633372e-10],
        "dvar2": [1.55440629896e-05, 1.04356895463e-05, 1.75147783921e-06, 2.79234569689e-07, 2.2927352461e-07, 2.26440960205e-07, 3.45226212062e-08, 2.90034591899e-07, 2.87422892598e-07, 4.10473603552e-07, 8.97790854992e-08, 2.13970480445e-07, 4.41959173259e-07, 7.08441589836e-08, 7.2908186155e-08, 6.00255489758e-08, 5.11311171181e-08, 5.45564056154e-08, 1.87202697788e-08, 8.75980887827e-09, 7.89581822147e-09, 3.79476183809e-09, 3.57399110307e-09, 2.65802402311e-09, 9.79617498231e-10, 8.1188111789e-10, 3.86401216579e-10, 2.31905120107e-10, 2.41518999244e-10, 1.12183436152e-10, 7.54685203219e-10, 5.83691206479e-10, 1.59280810763e-10, 1.91488963575e-10, 2.2973516145e-10, 3.44119371887e-10, 1.90369664477e-10, 2.93750024305e-10, 7.63786756064e-10, 5.73819713967e-10],
        "max": [0.0237829703838, 0.0159373562783, 0.00633798865601, 0.0043483148329, 0.00453607738018, 0.00304752890952, 0.00165566813666, 0.00317550171167, 0.00427196454257, 0.00718586705625, 0.00259750382975, 0.00500741926953, 0.00561209395528, 0.00385854626074, 0.00342949014157, 0.00211969809607, 0.00172317691613, 0.0025482038036, 0.00114889233373, 0.00122126890346, 0.00104098021984, 0.000470308994409, 0.000425245903898, 0.000345948094036, 0.00026746749063, 0.000175349239726, 0.000146559541463, 0.000146996841067, 0.000128255414893, 8.80779261934e-05, 0.00020678434521, 0.000185601646081, 9.02795072761e-05, 0.000181370734936, 0.000142923556268, 0.000162158816238, 0.000133281297167, 0.000161529635079, 0.000294724275591, 0.000196887238417],
        "mean": [0.00132802443113, 0.000739708368201, 0.000174606786459, 0.000235234867432, 0.000231346668443, 0.000164086624864, 9.87088860711e-05, 0.000144339544931, 0.00023416201293, 0.000293048477033, 0.000138753719511, 0.000242481910391, 0.000262681569438, 0.000104296406789, 0.000140983102028, 0.000130230124341, 0.000105785373307, 9.97042225208e-05, 5.2452138334e-05, 3.29435351887e-05, 2.81358261418e-05, 2.38942593569e-05, 3.14876961056e-05, 3.15907673212e-05, 1.65112451214e-05, 1.52566826728e-05, 1.23217623695e-05, 8.44697933644e-06, 7.07206163497e-06, 6.04476463195e-06, 8.80176776263e-06, 8.57356371853e-06, 6.18326157564e-06, 6.49229195915e-06, 6.9294237619e-06, 6.72570968163e-06, 7.36340416552e-06, 9.03967975319e-06, 8.29447435535e-06, 7.83185714681e-06],
        "median": [0.000127382765641, 0.000125834456412, 5.99995692028e-05, 9.13998301257e-05, 8.76856283867e-05, 5.29158969584e-05, 4.97675391671e-05, 3.96818650188e-05, 8.77477286849e-05, 0.000120525764942, 4.48552382295e-05, 6.18591438979e-05, 4.60068004031e-05, 2.99809162243e-05, 5.1263050409e-05, 5.68158138776e-05, 3.0969553336e-05, 2.51026340266e-05, 1.68686019606e-05, 1.17998961287e-05, 1.05075623651e-05, 1.09336415335e-05, 1.70739895111e-05, 1.78324189619e-05, 8.94758795766e-06, 9.1473248176e-06, 6.04892102274e-06, 3.62813011634e-06, 2.73548494079e-06, 2.32379875342e-06, 3.19256537296e-06, 2.646743269e-06, 2.58148588728e-06, 2.25674261856e-06, 2.33698278862e-06, 2.12956297219e-06, 3.1110926102e-06, 2.92087815978e-06, 1.88693695691e-06, 1.41898476613e-06],
        "min": [8.77794015253e-09, 1.79665534006e-07, 5.33377374268e-07, 5.32376361662e-06, 6.18278227194e-06, 1.13819737635e-06, 2.72031627446e-07, 2.23682334877e-08, 8.72267236218e-08, 3.77478670543e-08, 5.19075626926e-08, 5.08815070077e-08, 2.84980732346e-08, 1.08926585085e-07, 1.20145813298e-07, 6.49986446888e-08, 2.42567157471e-08, 2.08633011312e-07, 1.30961339551e-07, 4.81125219665e-08, 1.78509836246e-07, 2.5728971309e-07, 8.72666419127e-08, 8.09032556504e-08, 1.97669592694e-07, 5.65753204285e-08, 1.08499968121e-07, 4.0476681562e-08, 1.47745540247e-08, 7.82641329522e-09, 1.54191965862e-08, 1.67398770401e-08, 2.16709281631e-08, 5.86553250415e-09, 1.79243853093e-09, 9.40808320138e-10, 2.83035950233e-09, 2.06087524823e-09, 1.09093123424e-09, 4.94897254687e-13],
