{
"highlevel": {
    "danceability": {
        "all": {
            "danceable": 0.993115663528,
            "not_danceable": 0.00688436534256
        },
        "probability": 0.993115663528,
        "value": "danceable"
    },
    "gender": {
        "all": {
            "female": 0.75512856245,
            "male": 0.244871452451
        },
        "probability": 0.75512856245,
        "value": "female"
    },
    "genre_dortmund": {
        "all": {
            "alternative": 0.00652951560915,
            "blues": 0.0132226124406,
            "electronic": 0.0334981866181,
            "folkcountry": 0.00703893322498,
            "funksoulrnb": 0.0349274463952,
            "jazz": 0.0200599692762,
            "pop": 0.0183181427419,
            "raphiphop": 0.846759736538,
            "rock": 0.019645486027
        },
        "probability": 0.846759736538,
        "value": "raphiphop"
    },
    "genre_electronic": {
        "all": {
            "ambient": 0.389924705029,
            "dnb": 0.17093141377,
            "house": 0.348587036133,
            "techno": 0.0321053080261,
            "trance": 0.0584515370429
        },
        "probability": 0.389924705029,
        "value": "ambient"
    },
    "genre_rosamerica": {
        "all": {
            "cla": 0.00255378289148,
            "dan": 0.036410048604,
            "hip": 0.843126237392,
            "jaz": 0.00342044816352,
            "pop": 0.0607010275126,
            "rhy": 0.0457739122212,
            "roc": 0.00563666783273,
            "spe": 0.0023778732866
        },
        "probability": 0.843126237392,
        "value": "hip"
    },
    "genre_tzanetakis": {
        "all": {
            "blu": 0.0626613423228,
            "cla": 0.0348169617355,
            "cou": 0.104475811124,
            "dis": 0.0784321576357,
            "hip": 0.15692435205,
            "jaz": 0.313974827528,
            "met": 0.0448166541755,
            "pop": 0.0627359300852,
            "reg": 0.0627360641956,
            "roc": 0.0784258767962
        },
        "probability": 0.313974827528,
        "value": "jaz"
    },
    "ismir04_rhythm": {
        "all": {
            "ChaChaCha": 0.0407275855541,
            "Jive": 0.0073883398436,
            "Quickstep": 0.0107012512162,
            "Rumba-American": 0.00582474656403,
            "Rumba-International": 0.0151979802176,
            "Rumba-Misc": 0.00176091922913,
            "Samba": 0.915249824524,
            "Tango": 0.00195081904531,
            "VienneseWaltz": 0.00047001047642,
            "Waltz": 0.000728507642634
        },
        "probability": 0.915249824524,
        "value": "Samba"
    },
    "mood_acoustic": {
        "all": {
            "acoustic": 0.0794411227107,
            "not_acoustic": 0.920558869839
        },
        "probability": 0.920558869839,
        "value": "not_acoustic"
    },
    "mood_aggressive": {
        "all": {
            "aggressive": 0.286272346973,
            "not_aggressive": 0.713727653027
        },
        "probability": 0.713727653027,
        "value": "not_aggressive"
    },
    "mood_electronic": {
        "all": {
            "electronic": 0.877333164215,
            "not_electronic": 0.122666813433
        },
        "probability": 0.877333164215,
        "value": "electronic"
    },
    "mood_happy": {
        "all": {
            "happy": 0.181167304516,
            "not_happy": 0.818832695484
        },
        "probability": 0.818832695484,
        "value": "not_happy"
    },
    "mood_party": {
        "all": {
            "not_party": 0.30097207427,
            "party": 0.699027955532
        },
        "probability": 0.699027955532,
        "value": "party"
    },
    "mood_relaxed": {
        "all": {
            "not_relaxed": 0.9819445014,
            "relaxed": 0.0180555023253
        },
        "probability": 0.9819445014,
        "value": "not_relaxed"
    },
    "mood_sad": {
        "all": {
            "not_sad": 0.804087460041,
            "sad": 0.195912510157
        },
        "probability": 0.804087460041,
        "value": "not_sad"
    },
    "moods_mirex": {
        "all": {
            "Cluster1": 0.162089973688,
            "Cluster2": 0.386369258165,
            "Cluster3": 0.0894082635641,
            "Cluster4": 0.236419901252,
            "Cluster5": 0.125712588429
        },
        "probability": 0.386369258165,
        "value": "Cluster2"
    },
    "timbre": {
        "all": {
            "bright": 0.971502125263,
            "dark": 0.0284978952259
        },
        "probability": 0.971502125263,
        "value": "bright"
    },
    "tonal_atonal": {
        "all": {
            "atonal": 0.5,
            "tonal": 0.5
        },
        "probability": 0.5,
        "value": "tonal"
    },
    "voice_instrumental": {
        "all": {
            "instrumental": 0.133908629417,
            "voice": 0.866091370583
        },
        "probability": 0.866091370583,
        "value": "voice"
    }
},
"lowlevel": {
    "average_loudness": 0.977733135223,
    "barkbands_crest": {
        "dmean": 3.9681634903,
        "dmean2": 6.474858284,
        "dvar": 10.7106084824,
        "dvar2": 27.0931606293,
        "max": 25.1873397827,
        "mean": 11.8771543503,
        "median": 10.7935113907,
        "min": 2.63026642799,
        "var": 28.5230445862
    },
    "barkbands_flatness_db": {
        "dmean": 0.0365739017725,
        "dmean2": 0.0551290847361,
        "dvar": 0.00101047509816,
        "dvar2": 0.00214705849066,
        "max": 0.356477439404,
        "mean": 0.167057037354,
        "median": 0.15898925066,
        "min": 0.0575833246112,
        "var": 0.00311262859032
    },
    "barkbands_kurtosis": {
        "dmean": 7.46873855591,
        "dmean2": 11.4522390366,
        "dvar": 248.170425415,
        "dvar2": 475.006103516,
        "max": 235.179031372,
        "mean": 9.32315826416,
        "median": 2.88812065125,
        "min": -1.86365735531,
        "var": 442.308929443
    },
    "barkbands_skewness": {
        "dmean": 0.968089580536,
        "dmean2": 1.42669069767,
        "dvar": 1.16352665424,
        "dvar2": 2.17190051079,
        "max": 13.2947053909,
        "mean": 1.85360479355,
        "median": 1.55911326408,
        "min": -2.99317836761,
        "var": 3.84778285027
    },
    "barkbands_spread": {
        "dmean": 8.88652420044,
        "dmean2": 14.3182516098,
        "dvar": 120.091400146,
        "dvar2": 294.081359863,
        "max": 106.881072998,
        "mean": 19.7375335693,
        "median": 16.0931816101,
        "min": 0.890813529491,
        "var": 219.610549927
    },
    "dissonance": {
        "dmean": 0.0245808623731,
        "dmean2": 0.0397607572377,
        "dvar": 0.000548002368305,
        "dvar2": 0.00143065187149,
        "max": 0.49981084466,
        "mean": 0.453516125679,
        "median": 0.460185557604,
        "min": 0.299592763186,
        "var": 0.00116323819384
    },
    "dynamic_complexity": 2.69042038918,
    "erbbands_crest": {
        "dmean": 3.30444002151,
        "dmean2": 5.40798282623,
        "dvar": 9.6177778244,
        "dvar2": 24.0304203033,
        "max": 27.7788772583,
        "mean": 9.6949224472,
        "median": 8.52674674988,
        "min": 2.71251821518,
        "var": 21.0580062866
    },
    "erbbands_flatness_db": {
        "dmean": 0.0263126827776,
        "dmean2": 0.0388716645539,
        "dvar": 0.000623667438049,
        "dvar2": 0.00127368001267,
        "max": 0.318338721991,
        "mean": 0.159991443157,
        "median": 0.152992933989,
        "min": 0.0768435224891,
        "var": 0.00218404852785
    },
    "erbbands_kurtosis": {
        "dmean": 1.44491136074,
        "dmean2": 2.33607172966,
        "dvar": 3.81968140602,
        "dvar2": 9.45532417297,
        "max": 21.5742855072,
        "mean": 1.00739872456,
        "median": 0.296777009964,
        "min": -1.80669629574,
        "var": 5.9520149231
    },
    "erbbands_skewness": {
        "dmean": 0.529448449612,
        "dmean2": 0.80215382576,
        "dvar": 0.263637781143,
        "dvar2": 0.631927907467,
        "max": 4.04543495178,
        "mean": 0.525477468967,
        "median": 0.553003013134,
        "min": -3.22725057602,
        "var": 0.646136283875
    },
    "erbbands_spread": {
        "dmean": 12.1524715424,
        "dmean2": 18.5080566406,
        "dvar": 162.933288574,
        "dvar2": 356.09866333,
        "max": 164.432373047,
        "mean": 38.1003761292,
        "median": 34.5172615051,
        "min": 5.17312479019,
        "var": 477.729736328
    },
    "hfc": {
        "dmean": 11.0965995789,
        "dmean2": 15.3152170181,
        "dvar": 231.125152588,
        "dvar2": 424.793945312,
        "max": 129.807785034,
        "mean": 20.804725647,
        "median": 14.6919813156,
        "min": 0.161934450269,
        "var": 477.869049072
    },
    "melbands_crest": {
        "dmean": 5.57256937027,
        "dmean2": 9.69831943512,
        "dvar": 21.2661914825,
        "dvar2": 58.1416854858,
        "max": 34.3551483154,
        "mean": 16.2167949677,
        "median": 14.6920890808,
        "min": 3.6995613575,
        "var": 50.4263648987
    },
    "melbands_flatness_db": {
        "dmean": 0.0461432226002,
        "dmean2": 0.0669213980436,
        "dvar": 0.0016445890069,
        "dvar2": 0.00321617140435,
        "max": 0.456496268511,
        "mean": 0.216055482626,
        "median": 0.20915608108,
        "min": 0.025510661304,
        "var": 0.00702660158277
    },
    "melbands_kurtosis": {
        "dmean": 15.8500452042,
        "dmean2": 23.746131897,
        "dvar": 1118.57995605,
        "dvar2": 1978.96008301,
        "max": 542.788513184,
        "mean": 22.6647338867,
        "median": 8.26932239532,
        "min": -1.77204179764,
        "var": 2306.47436523
    },
    "melbands_skewness": {
        "dmean": 1.22849297523,
        "dmean2": 1.83288395405,
        "dvar": 1.81016087532,
        "dvar2": 3.42255091667,
        "max": 20.1401863098,
        "mean": 2.87335586548,
        "median": 2.32069325447,
        "min": -1.60569429398,
        "var": 6.38028907776
    },
    "melbands_spread": {
        "dmean": 10.8137645721,
        "dmean2": 16.7172622681,
        "dvar": 306.412963867,
        "dvar2": 635.890808105,
        "max": 197.44329834,
        "mean": 22.88580513,
        "median": 16.4900188446,
        "min": 0.6572047472,
        "var": 560.823364258
    },
    "pitch_salience": {
        "dmean": 0.109377883375,
        "dmean2": 0.185155212879,
        "dvar": 0.0100685860962,
        "dvar2": 0.0254642535001,
        "max": 0.835485637188,
        "mean": 0.52555000782,
        "median": 0.536013901234,
        "min": 0.150020122528,
        "var": 0.0254588034004
    },
    "silence_rate_20dB": {
        "dmean": 0,
        "dmean2": 0,
        "dvar": 0,
        "dvar2": 0,
        "max": 1,
        "mean": 1,
        "median": 1,
        "min": 1,
        "var": 0
    },
    "silence_rate_30dB": {
        "dmean": 0.0743034034967,
        "dmean2": 0.148721918464,
        "dvar": 0.0687828361988,
        "dvar2": 0.126604840159,
        "max": 1,
        "mean": 0.873163163662,
        "median": 1,
        "min": 0,
        "var": 0.110749728978
    },
    "silence_rate_60dB": {
        "dmean": 0.0417956672609,
        "dmean2": 0.0836560800672,
        "dvar": 0.0400489792228,
        "dvar2": 0.0998957082629,
        "max": 1,
        "mean": 0.0378963649273,
        "median": 0,
        "min": 0,
        "var": 0.0364599041641
    },
    "spectral_centroid": {
        "dmean": 383.442474365,
        "dmean2": 570.461914062,
        "dvar": 232548.015625,
        "dvar2": 461218.15625,
        "max": 4834.32421875,
        "mean": 1288.90087891,
        "median": 1141.78637695,
        "min": 256.723205566,
        "var": 579281.8125
    },
    "spectral_complexity": {
        "dmean": 5.62616109848,
        "dmean2": 7.71030187607,
        "dvar": 41.3471107483,
        "dvar2": 66.5265274048,
        "max": 62,
        "mean": 16.3781909943,
        "median": 14,
        "min": 0,
        "var": 125.00378418
    },
    "spectral_decrease": {
        "dmean": 5.41025579892e-09,
        "dmean2": 7.34344896003e-09,
        "dvar": 8.51417666245e-17,
        "dvar2": 1.08461827742e-16,
        "max": -5.17406568978e-11,
        "mean": -1.02317043726e-08,
        "median": -4.78806816417e-09,
        "min": -6.59145840132e-08,
        "var": 2.13315520122e-16
    },
    "spectral_energy": {
        "dmean": 0.0211403556168,
        "dmean2": 0.0286313146353,
        "dvar": 0.00124642963056,
        "dvar2": 0.00159066950437,
        "max": 0.251416325569,
        "mean": 0.0405038371682,
        "median": 0.0197446532547,
        "min": 0.000209968638956,
        "var": 0.00313190673478
    },
    "spectral_energyband_high": {
        "dmean": 0.000770454062149,
        "dmean2": 0.00114563957322,
        "dvar": 2.0529057565e-06,
        "dvar2": 4.09182575822e-06,
        "max": 0.01215151418,
        "mean": 0.00100564281456,
        "median": 0.000315173325362,
        "min": 2.51680830843e-06,
        "var": 3.30830198436e-06
    },
    "spectral_energyband_low": {
        "dmean": 0.0167191848159,
        "dmean2": 0.0238964576274,
        "dvar": 0.00120703212451,
        "dvar2": 0.00165913288947,
        "max": 0.230154782534,
        "mean": 0.0250128079206,
        "median": 0.00421132752672,
        "min": 4.78144841054e-07,
        "var": 0.00273044384085
    },
    "spectral_energyband_middle_high": {
        "dmean": 0.00285849091597,
        "dmean2": 0.0039553665556,
        "dvar": 1.71172523551e-05,
        "dvar2": 3.13066084345e-05,
        "max": 0.0549836307764,
        "mean": 0.00532402284443,
        "median": 0.00234051025473,
        "min": 2.57896954281e-05,
        "var": 4.90291713504e-05
    },
    "spectral_energyband_middle_low": {
        "dmean": 0.0057732546702,
        "dmean2": 0.00921074207872,
        "dvar": 6.86880375724e-05,
        "dvar2": 0.000173780441401,
        "max": 0.0712473317981,
        "mean": 0.00994062051177,
        "median": 0.00767857674509,
        "min": 6.85533814249e-05,
        "var": 8.79310755408e-05
    },
    "spectral_entropy": {
        "dmean": 0.287457764149,
        "dmean2": 0.41056060791,
        "dvar": 0.0764057710767,
        "dvar2": 0.148283109069,
        "max": 8.85105609894,
        "mean": 7.53441667557,
        "median": 7.52759647369,
        "min": 5.85521602631,
        "var": 0.219891086221
    },
    "spectral_flux": {
        "dmean": 0.0484121441841,
        "dmean2": 0.0758506581187,
        "dvar": 0.00396306533366,
        "dvar2": 0.00743152061477,
        "max": 0.444269537926,
        "mean": 0.121375359595,
        "median": 0.0916338786483,
        "min": 0.0126736974344,
        "var": 0.00862059555948
    },
    "spectral_kurtosis": {
        "dmean": 2.07526278496,
        "dmean2": 3.23000478745,
        "dvar": 4.4944767952,
        "dvar2": 9.91512489319,
        "max": 21.869184494,
        "mean": 4.56505680084,
        "median": 3.99000930786,
        "min": -1.11711204052,
        "var": 9.87694358826
    },
    "spectral_rms": {
        "dmean": 0.00152022973634,
        "dmean2": 0.00213069608435,
        "dvar": 3.6618471313e-06,
        "dvar2": 4.45508021585e-06,
        "max": 0.0156615525484,
        "mean": 0.00531309191138,
        "median": 0.00438897218555,
        "min": 0.000452600768767,
        "var": 1.12870529847e-05
    },
    "spectral_rolloff": {
        "dmean": 695.129699707,
        "dmean2": 1155.07141113,
        "dvar": 1632772.375,
        "dvar2": 3261356,
        "max": 12037.0605469,
        "mean": 1452.50170898,
        "median": 861.328125,
        "min": 64.599609375,
        "var": 3184030
    },
    "spectral_skewness": {
        "dmean": 0.338287293911,
        "dmean2": 0.502162992954,
        "dvar": 0.0981368273497,
        "dvar2": 0.208203211427,
        "max": 3.59261274338,
        "mean": 1.63405132294,
        "median": 1.62838673592,
        "min": 0.0589960552752,
        "var": 0.275808185339
    },
    "spectral_spread": {
        "dmean": 908021.5,
        "dmean2": 1336968.875,
        "dvar": 839543422976,
        "dvar2": 1.73883759002e+12,
        "max": 14030391,
        "mean": 4860125.5,
        "median": 4555258.5,
        "min": 1798924.125,
        "var": 2.88053264384e+12
    },
    "spectral_strongpeak": {
        "dmean": 0.612657248974,
        "dmean2": 1.01180994511,
        "dvar": 0.698379039764,
        "dvar2": 1.82309341431,
        "max": 8.59618186951,
        "mean": 0.982039511204,
        "median": 0.643592298031,
        "min": 0.0153598915786,
        "var": 1.32272052765
    },
    "zerocrossingrate": {
        "dmean": 0.0172187164426,
        "dmean2": 0.019014602527,
        "dvar": 0.00044446971151,
        "dvar2": 0.0004934296594,
        "max": 0.36181640625,
        "mean": 0.059258762747,
        "median": 0.0478515625,
        "min": 0.00244140625,
        "var": 0.00214042817242
    },
    "barkbands": {
        "dmean": [0.000732163200155, 0.015382040292, 0.0063673555851, 0.00146900082473, 0.00191007182002, 0.00130824034568, 0.00120846612845, 0.00088538788259, 0.000961675716098, 0.000744534016121, 0.000585552013945, 0.000552290934138, 0.000300540559692, 0.000513613107614, 0.0005264604697, 0.000251847231993, 0.000210081925616, 0.000237758154981, 0.00020098107052, 0.000209341247682, 0.000199310452444, 0.000161256277352, 0.000129402513267, 0.000130702392198, 7.6504147728e-05, 2.86226913886e-05, 1.66217564157e-08],
        "dmean2": [0.00103774294257, 0.0225949194282, 0.0114743430167, 0.0026970251929, 0.00304041500203, 0.00210353638977, 0.00201436318457, 0.0014588162303, 0.00149012438487, 0.00119241385255, 0.000950466026552, 0.000833979866002, 0.000457392801763, 0.00075775035657, 0.000850987213198, 0.000382124329917, 0.000314221048029, 0.000357080309186, 0.000308309448883, 0.000311290234094, 0.00031015384593, 0.000241364206886, 0.000205292919418, 0.0001992356556, 0.000119930235087, 4.4449352572e-05, 2.84142238627e-08],
        "dvar": [2.5126410037e-06, 0.0010669977637, 0.000432058004662, 1.50850828504e-05, 8.70309213497e-06, 8.67430208018e-06, 6.04540491622e-06, 2.80357789961e-06, 4.4486346269e-06, 2.86882755063e-06, 1.41635405271e-06, 1.41182795232e-06, 4.33857593407e-07, 1.95456686924e-06, 8.60920295054e-07, 2.63346180418e-07, 1.54035745936e-07, 2.04261880299e-07, 2.39795411971e-07, 2.50684507819e-07, 2.08960798886e-07, 1.29359790435e-07, 7.22962099076e-08, 7.56284279646e-08, 1.82222770206e-08, 2.74754485829e-09, 8.55395025916e-15],
        "dvar2": [4.60780165668e-06, 0.00167716725264, 0.00120271346532, 4.5681179472e-05, 2.12274335354e-05, 2.1475894755e-05, 1.51180620378e-05, 7.31368709239e-06, 1.00094148365e-05, 7.21414926375e-06, 3.35150957653e-06, 2.9169825666e-06, 8.11584868643e-07, 4.15062504544e-06, 2.0288698579e-06, 4.94285757213e-07, 3.10380329438e-07, 4.45034544327e-07, 5.33946376891e-07, 5.49595085886e-07, 4.67798372483e-07, 2.50193750162e-07, 1.66937653034e-07, 1.75014008619e-07, 4.04479756355e-08, 5.78872771939e-09, 2.19279076234e-14],
        "max": [0.0117017738521, 0.213691055775, 0.115523591638, 0.0257100947201, 0.0299910604954, 0.0403035059571, 0.0297146309167, 0.0155851840973, 0.0272370036691, 0.0214901063591, 0.0142242470756, 0.0179853253067, 0.00887745339423, 0.0212165378034, 0.00976496841758, 0.00524902483448, 0.00427652010694, 0.00556876696646, 0.00867605488747, 0.00895250122994, 0.00510632526129, 0.00494675710797, 0.00334862968884, 0.00421839207411, 0.00198112707585, 0.00100046035368, 1.27929547489e-06],
        "mean": [0.000855225720443, 0.0194804873317, 0.00409619463608, 0.00115962384734, 0.0029001457151, 0.00164302671328, 0.00136132992338, 0.00116359628737, 0.00128406553995, 0.000984619604424, 0.000722243159544, 0.000794744177256, 0.000402207864681, 0.000731278036255, 0.000651533482596, 0.000331895862473, 0.000270565156825, 0.000305760477204, 0.000250979996054, 0.000263908266788, 0.000227467971854, 0.000187061392353, 0.000150571358972, 0.000158904498676, 9.35712014325e-05, 3.28785281454e-05, 1.27107124825e-08],
        "median": [0.000253756443271, 0.00302740978077, 0.000196506342036, 0.000234423656366, 0.00159888481721, 0.00066880939994, 0.000344488100382, 0.000394525181036, 0.000341332342941, 0.000285474146949, 0.000141383541632, 0.000129081759951, 7.68241734477e-05, 0.000135859343573, 0.000135374997626, 7.46822770452e-05, 7.60160619393e-05, 9.85047663562e-05, 7.90914564277e-05, 6.48387067486e-05, 4.76854147564e-05, 3.04179975501e-05, 3.49683359673e-05, 3.37902092724e-05, 2.65222442977e-05, 8.53691108205e-06, 3.2147035034e-10],
        "min": [3.5051506142e-09, 4.17210657133e-08, 1.61393842291e-07, 2.51093066339e-08, 1.82660801329e-06, 1.7913607735e-06, 2.14811097976e-06, 3.25832661474e-06, 6.83580765326e-07, 1.00277986803e-06, 1.20352854083e-06, 1.3980801441e-06, 3.18253057685e-07, 4.32842256259e-07, 1.84593432095e-06, 5.51888660993e-07, 9.16996441447e-07, 2.20573895149e-07, 4.24347689432e-07, 5.01732188241e-07, 4.66986648462e-07, 9.57981853844e-08, 1.32412296239e-07, 6.14499668927e-08, 1.09142845872e-08, 1.4632680484e-11, 9.40163225049e-12],
        "var": [3.52420852323e-06, 0.00192202534527, 0.000266926246695, 9.70835480985e-06, 1.38426921694e-05, 9.81149241852e-06, 7.13857889423e-06, 3.52094411937e-06, 7.31829732104e-06, 3.68304836229e-06, 2.24812401939e-06, 3.19895843859e-06, 8.74120757999e-07, 3.95273491449e-06, 1.38669554417e-06, 4.59021379129e-07, 2.61442778537e-07, 2.89200670522e-07, 2.99795914316e-07, 3.36773553045e-07, 2.71543939334e-07, 2.01938803457e-07, 9.20054787912e-08, 1.10159881217e-07, 2.82732202095e-08, 4.38145120185e-09, 6.76266065242e-15]
    },
    "erbbands": {
        "dmean": [0.603359520435, 3.44925951958, 7.30962991714, 5.35452890396, 5.89877510071, 6.41060733795, 7.90222740173, 12.2591152191, 15.4884185791, 19.0239620209, 20.236951828, 21.5287857056, 22.6448631287, 20.4770832062, 22.747341156, 21.8877563477, 13.123456955, 22.9485225677, 30.1940822601, 15.9292707443, 12.6609745026, 12.2607393265, 12.0592823029, 11.5940103531, 8.61194419861, 9.96227550507, 8.71565246582, 7.20986366272, 6.16572618484, 4.5227098465, 3.53686904907, 2.99808430672, 2.03823661804, 0.978197872639, 0.492869049311, 0.190426468849, 0.0408151373267, 0.00279291556217, 6.58977587591e-05, 2.66158258455e-05],
        "dmean2": [0.916518211365, 5.00309181213, 12.9155483246, 9.83264160156, 9.82699680328, 10.3246231079, 12.5580682755, 20.1830921173, 25.6717395782, 31.7439975739, 32.7048835754, 33.5004463196, 36.5867156982, 33.5638008118, 36.3717842102, 32.0311012268, 18.7954120636, 34.4675178528, 45.7774391174, 24.0030937195, 18.8724632263, 18.1658573151, 17.643655777, 17.5269126892, 13.0986566544, 15.0814437866, 13.5106430054, 11.0091485977, 9.34831047058, 6.99864053726, 5.4998793602, 4.65041637421, 3.1197912693, 1.52136147022, 0.779850184917, 0.293669879436, 0.0654232725501, 0.00468981917948, 0.000102401740151, 3.58224242518e-05],
        "dvar": [1.55486047268, 62.2226371765, 527.351135254, 286.304748535, 97.1804962158, 146.89364624, 219.407318115, 1079.54736328, 961.013427734, 1290.66308594, 1556.89379883, 2478.34277344, 2985.80175781, 2690.29370117, 1946.32373047, 2337.00317383, 730.989379883, 3875.48461914, 3560.51245117, 728.638916016, 657.861755371, 618.738647461, 485.713623047, 528.426452637, 597.933105469, 501.658538818, 423.171691895, 261.358642578, 205.649719238, 91.5898895264, 53.6519317627, 42.4211540222, 18.1103000641, 3.59405231476, 0.769610881805, 0.137194186449, 0.00540314987302, 3.13383461616e-05, 1.24575034732e-08, 1.63023217148e-09],
        "dvar2": [2.35119915009, 124.535583496, 1382.5402832, 821.896118164, 247.048965454, 343.755432129, 479.561340332, 2799.99389648, 2293.1003418, 3488.66577148, 3854.11694336, 5538.79052734, 7541.98828125, 6723.1875, 4166.11914062, 4541.82177734, 1243.55737305, 8845.55273438, 7209.57568359, 1491.63879395, 1266.69018555, 1226.82727051, 998.626953125, 1046.32958984, 1460.22900391, 1054.68408203, 959.133911133, 539.037963867, 406.373779297, 192.775604248, 124.617362976, 107.440185547, 38.9194259644, 7.91712856293, 1.69473671913, 0.296605855227, 0.0119723947719, 8.00683556008e-05, 2.94271575996e-08, 2.16815676524e-09],
        "max": [8.3056936264, 51.7786827087, 134.717178345, 100.704162598, 77.9665908813, 137.36000061, 209.715942383, 499.795135498, 352.482299805, 365.395843506, 513.176269531, 783.786376953, 853.589233398, 848.864624023, 765.683898926, 878.714538574, 450.233154297, 1036.97143555, 869.32220459, 400.092773438, 298.885162354, 306.228973389, 284.856719971, 504.324798584, 514.171508789, 391.109954834, 216.92791748, 160.229415894, 173.231964111, 157.869735718, 98.3401107788, 90.3688201904, 64.4222946167, 26.1908359528, 10.7181453705, 6.51120901108, 1.24790465832, 0.0763985291123, 0.0014425732661, 0.000284682406345],
        "mean": [0.666436731815, 3.90520477295, 5.47019863129, 4.24898862839, 7.95389986038, 8.7185125351, 10.5491638184, 14.3830652237, 17.9313030243, 23.5445594788, 27.0840072632, 28.7915344238, 33.8434486389, 24.7533054352, 31.9087810516, 35.0467720032, 19.8365020752, 34.1004905701, 40.8029022217, 22.7271957397, 17.3438148499, 15.9671621323, 15.8357486725, 16.4057693481, 10.3807668686, 12.7356185913, 10.2720403671, 8.4032535553, 7.08859968185, 5.39435863495, 4.15371465683, 3.42761468887, 2.49283313751, 1.14296317101, 0.609715342522, 0.224108189344, 0.0455501079559, 0.00267896032892, 8.5415202193e-05, 5.1976130635e-05],
        "median": [0.093297123909, 0.618569254875, 0.437222510576, 0.66272687912, 3.62159776688, 3.73789954185, 3.59973669052, 5.48259353638, 5.05151510239, 7.06480550766, 10.7913446426, 8.17169761658, 11.6545114517, 7.66218757629, 6.65338802338, 6.25751113892, 4.56748580933, 7.6318359375, 8.88569927216, 6.0819644928, 4.3636598587, 4.40654182434, 5.19446468353, 5.90668964386, 3.27594089508, 3.00114107132, 2.06744194031, 1.5851418972, 1.0779582262, 1.01951384544, 0.967725396156, 0.75187933445, 0.506533563137, 0.290566504002, 0.168541193008, 0.0545108020306, 0.0113950651139, 0.000691783381626, 3.57267199433e-05, 2.79071882687e-05],
        "min": [2.27878331316e-06, 3.55804440915e-05, 0.000390675617382, 0.000470160593977, 0.0021796443034, 0.0071506104432, 0.00934634823352, 0.0462703630328, 0.0743458643556, 0.0194709505886, 0.0923400744796, 0.0420501194894, 0.0659890696406, 0.0621711164713, 0.0714615136385, 0.101103425026, 0.0316182412207, 0.0735160633922, 0.0563489086926, 0.0626151561737, 0.0579326823354, 0.0462963469326, 0.0197047945112, 0.015812875703, 0.0282826311886, 0.0249243937433, 0.0198878273368, 0.0199809391052, 0.00731468666345, 0.00562434317544, 0.00337882526219, 0.00178388261702, 0.00159731053282, 0.000228229910135, 6.06890171184e-05, 2.71038788924e-06, 6.7544152671e-07, 1.5928742414e-07, 1.7628545379e-07, 2.52387962973e-07],
        "var": [2.49034023285, 87.6348800659, 376.073577881, 181.261001587, 131.06741333, 198.460678101, 363.444824219, 1050.87475586, 1306.81152344, 1566.48913574, 1827.87817383, 4020.73168945, 4552.35009766, 2862.97753906, 4603.43701172, 6080.5859375, 1761.92492676, 7453.97070312, 6939.39355469, 1574.54919434, 1176.70153809, 1032.71252441, 758.193237305, 855.692382812, 620.465515137, 728.686523438, 542.593383789, 371.200012207, 305.304901123, 145.577529907, 65.8893127441, 51.1131629944, 28.8002281189, 5.29217004776, 1.21764934063, 0.218196287751, 0.00786318816245, 3.04515197058e-05, 1.64467834907e-08, 4.10345668556e-09]
    },
    "gfcc": {
        "mean": [-8.80701637268, 89.2958755493, -114.941993713, 31.2418251038, -63.514289856, 21.2966747284, -39.9045410156, 15.4301452637, -22.2713279724, 6.051653862, -11.9313879013, 0.165019407868, -5.55546092987],
        "cov": [[4023.38769531, -952.459655762, -87.4845504761, 182.317153931, -13.1248989105, 24.4889850616, -74.6125411987, 163.385772705, -127.046379089, 139.373580933, -248.309082031, 150.237457275, -152.568695068], [-952.459655762, 1615.04101562, 350.998626709, 10.8048334122, 462.943359375, -13.1035232544, 240.046966553, -27.4776935577, 195.758728027, -102.731124878, 169.13520813, -94.1441116333, 134.231048584], [-87.4845504761, 350.998626709, 1332.83789062, 438.837799072, 179.16809082, 109.734580994, 9.56211662292, 143.537902832, 141.943252563, 67.1775512695, -64.0245437622, 62.6126594543, -43.7124595642], [182.317153931, 10.8048334122, 438.837799072, 599.444152832, 152.851928711, 123.457977295, 73.8270874023, 26.5822315216, 141.249023438, -0.103034794331, 19.6698665619, 22.781545639, 29.4012699127], [-13.1248989105, 462.943359375, 179.16809082, 152.851928711, 433.953948975, 100.919998169, 145.414413452, 53.6264038086, 95.273979187, 23.1947593689, 45.2829704285, 5.43268251419, 47.1995849609], [24.4889850616, -13.1035232544, 109.734580994, 123.457977295, 100.919998169, 284.276641846, 121.220481873, -1.79322969913, 40.4779396057, -9.68245601654, 48.5506591797, 11.5894861221, 13.0782079697], [-74.6125411987, 240.046966553, 9.56211662292, 73.8270874023, 145.414413452, 121.220481873, 288.455047607, 49.9306716919, 55.2163009644, -7.55359888077, 64.2756118774, 5.37758827209, 28.1022357941], [163.385772705, -27.4776935577, 143.537902832, 26.5822315216, 53.6264038086, -1.79322969913, 49.9306716919, 194.767959595, 55.536693573, 70.3905258179, -20.3150539398, 20.1661891937, -13.2734088898], [-127.046379089, 195.758728027, 141.943252563, 141.249023438, 95.273979187, 40.4779396057, 55.2163009644, 55.536693573, 201.573043823, 48.8929290771, 36.11460495, -12.3612251282, 23.8087348938], [139.373580933, -102.731124878, 67.1775512695, -0.103034794331, 23.1947593689, -9.68245601654, -7.55359888077, 70.3905258179, 48.8929290771, 150.064178467, 0.720993757248, 26.3622646332, -30.6385116577], [-248.309082031, 169.13520813, -64.0245437622, 19.6698665619, 45.2829704285, 48.5506591797, 64.2756118774, -20.3150539398, 36.11460495, 0.720993757248, 146.346099854, -4.83706569672, 34.5702476501], [150.237457275, -94.1441116333, 62.6126594543, 22.781545639, 5.43268251419, 11.5894861221, 5.37758827209, 20.1661891937, -12.3612251282, 26.3622646332, -4.83706569672, 92.9583435059, 0.739089071751], [-152.568695068, 134.231048584, -43.7124595642, 29.4012699127, 47.1995849609, 13.0782079697, 28.1022357941, -13.2734088898, 23.8087348938, -30.6385116577, 34.5702476501, 0.739089071751, 102.309188843]],
        "icov": [[0.000366978172679, 1.17846366265e-05, 0.00021811008628, -0.000306704052491, -9.45889842114e-05, -0.000135595968459, 9.73406495177e-05, -0.000297135353321, 0.000287837669021, -0.000218964312808, 0.000559003383387, -0.000445296260295, 0.000390580709791], [1.17846366265e-05, 0.00291736400686, -0.00158233067486, 0.00202707573771, -0.00260605057701, 0.00232362397946, -0.00172237772495, 0.00166629382875, -0.00224412232637, 0.00248083891347, -0.00234785187058, 0.00199254206382, -0.00142999109812], [0.00021811008628, -0.00158233067486, 0.00221023708582, -0.00202967785299, 0.00106605514884, -0.00161454221234, 0.00142964313272, -0.00173080340028, 0.00108952226583, -0.00134910503402, 0.00205239909701, -0.00189371418674, 0.00168885884341], [-0.000306704052491, 0.00202707573771, -0.00202967785299, 0.00442376499996, -0.00198592571542, 0.00121583580039, -0.00139052607119, 0.00191781367175, -0.00325914542191, 0.0025150065776, -0.0020295844879, 0.00122153980192, -0.00167528551538], [-9.45889842114e-05, -0.00260605057701, 0.00106605514884, -0.00198592571542, 0.00562453595921, -0.00236892234534, 0.000294521363685, -0.00156498956494, 0.00153013505042, -0.00273401499726, 0.00189286796376, -0.00135075300932, -7.63279313105e-05], [-0.000135595968459, 0.00232362397946, -0.00161454221234, 0.00121583580039, -0.00236892234534, 0.00674776826054, -0.00311863981187, 0.00219649681821, -0.00189843855333, 0.00229018833488, -0.00292373565026, 0.00131540454458, -0.000812090118416], [9.73406495177e-05, -0.00172237772495, 0.00142964313272, -0.00139052607119, 0.000294521363685, -0.00311863981187, 0.00662139756605, -0.00293691339903, 0.000991203356534, -0.000226413045311, 1.53048658831e-05, -0.00171077542473, 0.001187080401], [-0.000297135353321, 0.00166629382875, -0.00173080340028, 0.00191781367175, -0.00156498956494, 0.00219649681821, -0.00293691339903, 0.00887402892113, -0.00274089560844, -0.00124713627156, -0.000170024461113, 0.000915906042792, -0.00120551220607], [0.000287837669021, -0.00224412232637, 0.00108952226583, -0.00325914542191, 0.00153013505042, -0.00189843855333, 0.000991203356534, -0.00274089560844, 0.0100728357211, -0.00483280746266, 0.00100798893254, 0.000777496199589, -0.000453014596133], [-0.000218964312808, 0.00248083891347, -0.00134910503402, 0.0025150065776, -0.00273401499726, 0.00229018833488, -0.000226413045311, -0.00124713627156, -0.00483280746266, 0.0125183081254, -0.00354767870158, -0.00107717793435, 0.00206841272302], [0.000559003383387, -0.00234785187058, 0.00205239909701, -0.0020295844879, 0.00189286796376, -0.00292373565026, 1.53048658831e-05, -0.000170024461113, 0.00100798893254, -0.00354767870158, 0.01181927789, -0.00211783056147, -0.000427020277129], [-0.000445296260295, 0.00199254206382, -0.00189371418674, 0.00122153980192, -0.00135075300932, 0.00131540454458, -0.00171077542473, 0.000915906042792, 0.000777496199589, -0.00107717793435, -0.00211783056147, 0.0146113280207, -0.00328813865781], [0.000390580709791, -0.00142999109812, 0.00168885884341, -0.00167528551538, -7.63279313105e-05, -0.000812090118416, 0.001187080401, -0.00120551220607, -0.000453014596133, 0.00206841272302, -0.000427020277129, -0.00328813865781, 0.0139853805304]]
    },
    "melbands": {
        "dmean": [0.00460652820766, 0.00376968784258, 0.000933681381866, 0.000444691715529, 0.000269759300863, 0.000266845483566, 0.000240989000304, 0.000199514281121, 0.000171612264239, 0.000133869601996, 0.000114893315185, 8.50373107824e-05, 7.90916237747e-05, 6.63028404233e-05, 4.51414452982e-05, 2.65936705546e-05, 4.8190686357e-05, 5.03226583533e-05, 3.41951781593e-05, 1.83642205229e-05, 1.38943751153e-05, 1.28144547489e-05, 1.32789937197e-05, 1.01963250927e-05, 9.99879648589e-06, 7.02508350514e-06, 6.10904453424e-06, 6.95770131642e-06, 5.71921191295e-06, 5.10812924404e-06, 3.95597999159e-06, 3.61172624253e-06, 3.0598862395e-06, 2.55418012785e-06, 2.19836556425e-06, 1.7931996581e-06, 1.91613480638e-06, 1.50998209847e-06, 1.25201040646e-06, 7.4388037774e-07],
        "dmean2": [0.00678017223254, 0.00575623521581, 0.00165215821471, 0.000718981435057, 0.000422088225605, 0.000431703927461, 0.000401204713853, 0.000331518531311, 0.000274352525594, 0.000209501042264, 0.000186177407159, 0.000138538773172, 0.000128335290356, 9.79326723609e-05, 6.47849155939e-05, 4.05982063967e-05, 7.30798783479e-05, 7.52634950913e-05, 5.48567149963e-05, 2.76575847238e-05, 2.12604136323e-05, 1.92577172129e-05, 2.0444904294e-05, 1.49468123709e-05, 1.55481757247e-05, 1.09485545181e-05, 9.45792544371e-06, 1.08577769424e-05, 8.67227572598e-06, 8.23131904326e-06, 6.01712235948e-06, 5.53241352463e-06, 4.60405954072e-06, 4.13032603319e-06, 3.46187471223e-06, 2.79921982838e-06, 3.0239402804e-06, 2.32702268477e-06, 1.98371162696e-06, 1.16470960165e-06],
        "dvar": [8.95889315871e-05, 9.76170776994e-05, 7.05868342266e-06, 5.13155100634e-07, 2.16322348479e-07, 4.40725699491e-07, 2.32049188753e-07, 1.33768267574e-07, 1.11314513163e-07, 1.03804495666e-07, 7.68529844208e-08, 4.87189950604e-08, 2.35372219493e-08, 2.16205133796e-08, 9.62137747251e-09, 3.82088449769e-09, 2.01379890541e-08, 1.25381234284e-08, 4.11245082432e-09, 1.27723487342e-09, 7.84343867632e-10, 6.92653545631e-10, 7.59506846304e-10, 2.8563790222e-10, 4.31802316125e-10, 4.6574094581e-10, 3.1929570099e-10, 2.34243929809e-10, 1.9624736558e-10, 1.49957851692e-10, 8.22455506477e-11, 7.37285232866e-11, 4.46081956096e-11, 3.11826363342e-11, 2.18569537469e-11, 1.43187076779e-11, 2.124246265e-11, 1.06703743064e-11, 7.9577117465e-12, 1.96465933799e-12],
        "dvar2": [0.000127432023874, 0.000224933042773, 1.97808585654e-05, 1.27811915718e-06, 4.67048351993e-07, 1.13219675768e-06, 5.58019280561e-07, 3.60094503549e-07, 2.63164878334e-07, 2.3059598675e-07, 1.94737410197e-07, 1.2215015488e-07, 5.56505810323e-08, 4.24106438857e-08, 1.93131821646e-08, 7.24783655315e-09, 4.5468713239e-08, 2.40230360049e-08, 9.3901091347e-09, 2.43638220709e-09, 1.56887391967e-09, 1.44359657561e-09, 1.66517521993e-09, 5.74698066913e-10, 8.80317541085e-10, 1.11061038144e-09, 7.80662423594e-10, 4.85039675091e-10, 4.42158587521e-10, 3.54932111479e-10, 1.69050565213e-10, 1.48328349603e-10, 8.89046405939e-11, 7.1815359215e-11, 5.15618797658e-11, 3.5019650374e-11, 5.57585713712e-11, 2.37027637101e-11, 1.82975041368e-11, 4.50655832096e-12],
        "max": [0.0606083236635, 0.0593056157231, 0.0162787940353, 0.00740840332583, 0.00587443215773, 0.00973940081894, 0.00516513595358, 0.00321014923975, 0.00462624756619, 0.00529809482396, 0.00432448415086, 0.0037113877479, 0.00192347052507, 0.00225047580898, 0.00107730610762, 0.00117667729501, 0.00239740428515, 0.00188651925419, 0.00104882533196, 0.000406416307669, 0.000325734203216, 0.0003220482904, 0.000343505962519, 0.000185426470125, 0.000476702174637, 0.000504132476635, 0.000415116490331, 0.000201309449039, 0.000188875143067, 0.000154033230501, 0.000105699553387, 0.00010258382099, 9.82606579782e-05, 8.37210172904e-05, 5.73275465285e-05, 5.27537777089e-05, 7.60566763347e-05, 5.31757432327e-05, 4.87989127578e-05, 1.58637449204e-05],
        "mean": [0.00568689033389, 0.00371492072009, 0.000851533433888, 0.000643284234684, 0.000366045162082, 0.000322259758832, 0.000274245685432, 0.000249985721894, 0.000226216754527, 0.000180958639248, 0.000167034842889, 9.8040123703e-05, 0.000100161771115, 9.75299990387e-05, 6.77684220136e-05, 3.49217480107e-05, 6.86383064021e-05, 6.7123764893e-05, 4.22642297053e-05, 2.49291642831e-05, 1.83463034773e-05, 1.6501518985e-05, 1.4955644474e-05, 1.40560186992e-05, 1.35331110869e-05, 8.18015541881e-06, 7.03664545654e-06, 8.88940758159e-06, 6.65095785735e-06, 5.71513874092e-06, 4.43909857495e-06, 4.02675550504e-06, 3.51769585905e-06, 2.86134468297e-06, 2.48839705819e-06, 2.04131288228e-06, 2.12392865251e-06, 1.83252950592e-06, 1.38894233714e-06, 8.27926385227e-07],
        "median": [0.000908242189325, 0.000511321355589, 0.000209799429285, 0.000304067769321, 0.00013661844423, 0.000133564200951, 7.44091667002e-05, 7.45209836168e-05, 8.39153508423e-05, 4.49103172286e-05, 5.11406324222e-05, 2.65898597718e-05, 1.94479907805e-05, 1.60392628459e-05, 1.2060068002e-05, 7.75666831032e-06, 1.27327093651e-05, 1.31245697048e-05, 9.05400338524e-06, 5.54319740331e-06, 4.19293473897e-06, 4.34200501331e-06, 4.27921258961e-06, 4.89865715281e-06, 4.2825276978e-06, 2.3355698886e-06, 1.97294298232e-06, 1.84779673873e-06, 1.2339528439e-06, 1.03148477137e-06, 7.59305919473e-07, 5.54308201117e-07, 5.78532819873e-07, 5.14664918683e-07, 5.23032156252e-07, 5.13591373874e-07, 4.30030723919e-07, 3.438556746e-07, 2.81982323713e-07, 2.02480251232e-07],
        "min": [1.83693966704e-08, 6.18999536073e-08, 7.99530113227e-08, 4.2524149535e-07, 1.79783995691e-07, 3.81197423849e-07, 1.04614628071e-06, 3.26435724674e-07, 6.5168819674e-07, 1.78242430593e-07, 9.96433442424e-08, 1.52566542511e-07, 2.01753934448e-07, 2.10857649563e-07, 1.40971167184e-07, 2.44045565978e-08, 2.5238765744e-08, 7.90918619487e-08, 1.22376548006e-07, 5.1785349342e-08, 3.76866466922e-08, 4.68016914112e-08, 2.74519464938e-08, 1.08671400767e-08, 1.21888703575e-08, 1.33616477882e-08, 1.47203316203e-08, 1.56480997049e-08, 2.47399500886e-09, 1.02252109002e-08, 8.42443270699e-09, 9.54753720528e-10, 3.42363803973e-10, 8.53064063833e-10, 2.01476968442e-09, 5.71879710254e-10, 3.29257926479e-10, 6.49157838595e-10, 5.05227153516e-13, 2.89983315138e-12],
