{
"highlevel": {
    "danceability": {
        "all": {
            "danceable": 5.49766036784e-06,
            "not_danceable": 0.999994516373
        },
        "probability": 0.999994516373,
        "value": "not_danceable"
    },
    "gender": {
        "all": {
            "female": 0.687101006508,
            "male": 0.312898993492
        },
        "probability": 0.687101006508,
        "value": "female"
    },
    "genre_dortmund": {
        "all": {
            "alternative": 0.197250843048,
            "blues": 0.0138411959633,
            "electronic": 0.507375001907,
            "folkcountry": 0.0816608816385,
            "funksoulrnb": 0.00873607490212,
            "jazz": 0.123314268887,
            "pop": 0.0309557449073,
            "raphiphop": 0.00725764827803,
            "rock": 0.029608367011
        },
        "probability": 0.507375001907,
        "value": "electronic"
    },
    "genre_electronic": {
        "all": {
            "ambient": 0.982685267925,
            "dnb": 0.00072719680611,
            "house": 0.00959800276905,
            "techno": 0.00253563700244,
            "trance": 0.00445389002562
        },
        "probability": 0.982685267925,
        "value": "ambient"
    },
    "genre_rosamerica": {
        "all": {
            "cla": 0.454789340496,
            "dan": 0.00827432796359,
            "hip": 0.00843519717455,
            "jaz": 0.358328044415,
            "pop": 0.0562887191772,
            "rhy": 0.0641287565231,
            "roc": 0.0206702128053,
            "spe": 0.0290853902698
        },
        "probability": 0.454789340496,
        "value": "cla"
    },
    "genre_tzanetakis": {
        "all": {
            "blu": 0.122130848467,
            "cla": 0.0357658863068,
            "cou": 0.163472145796,
            "dis": 0.116866394877,
            "hip": 0.0730459168553,
            "jaz": 0.148302704096,
            "met": 0.0298225134611,
            "pop": 0.0575464889407,
            "reg": 0.0636930018663,
            "roc": 0.189354091883
        },
        "probability": 0.189354091883,
        "value": "roc"
    },
    "ismir04_rhythm": {
        "all": {
            "ChaChaCha": 0.00532704731449,
            "Jive": 0.00227783643641,
            "Quickstep": 0.00463385041803,
            "Rumba-American": 0.0475998669863,
            "Rumba-International": 0.0240382198244,
            "Rumba-Misc": 0.0070602344349,
            "Samba": 0.00472400477156,
            "Tango": 0.124787062407,
            "VienneseWaltz": 0.202749699354,
            "Waltz": 0.576802194118
        },
        "probability": 0.576802194118,
        "value": "Waltz"
    },
    "mood_acoustic": {
        "all": {
            "acoustic": 0.595574855804,
            "not_acoustic": 0.404425144196
        },
        "probability": 0.595574855804,
        "value": "acoustic"
    },
    "mood_aggressive": {
        "all": {
            "aggressive": 0.0108051486313,
            "not_aggressive": 0.989194869995
        },
        "probability": 0.989194869995,
        "value": "not_aggressive"
    },
    "mood_electronic": {
        "all": {
            "electronic": 0.846495270729,
            "not_electronic": 0.15350471437
        },
        "probability": 0.846495270729,
        "value": "electronic"
    },
    "mood_happy": {
        "all": {
            "happy": 0.0284168478101,
            "not_happy": 0.971583127975
        },
        "probability": 0.971583127975,
        "value": "not_happy"
    },
    "mood_party": {
        "all": {
            "not_party": 0.999160647392,
            "party": 0.000839323736727
        },
        "probability": 0.999160647392,
        "value": "not_party"
    },
    "mood_relaxed": {
        "all": {
            "not_relaxed": 4.51574442195e-06,
            "relaxed": 0.999995470047
        },
        "probability": 0.999995470047,
        "value": "relaxed"
    },
    "mood_sad": {
        "all": {
            "not_sad": 0.153901398182,
            "sad": 0.846098601818
        },
        "probability": 0.846098601818,
        "value": "sad"
    },
    "moods_mirex": {
        "all": {
            "Cluster1": 0.103474326432,
            "Cluster2": 0.115764170885,
            "Cluster3": 0.700304269791,
            "Cluster4": 0.0405379533768,
            "Cluster5": 0.0399192944169
        },
        "probability": 0.700304269791,
        "value": "Cluster3"
    },
    "timbre": {
        "all": {
            "bright": 0.00260291504674,
            "dark": 0.997397065163
        },
        "probability": 0.997397065163,
        "value": "dark"
    },
    "tonal_atonal": {
        "all": {
            "atonal": 0.151178047061,
            "tonal": 0.848821938038
        },
        "probability": 0.848821938038,
        "value": "tonal"
    },
    "voice_instrumental": {
        "all": {
            "instrumental": 0.991659998894,
            "voice": 0.00833999086171
        },
        "probability": 0.991659998894,
        "value": "instrumental"
    }
},
"lowlevel": {
    "average_loudness": 0.937641382217,
    "barkbands_crest": {
        "dmean": 2.50054979324,
        "dmean2": 4.17657327652,
        "dvar": 6.47314357758,
        "dvar2": 17.6584300995,
        "max": 25.1143627167,
        "mean": 11.1445026398,
        "median": 10.1578140259,
        "min": 4.70492553711,
        "var": 14.4019794464
    },
    "barkbands_flatness_db": {
        "dmean": 0.0190069302917,
        "dmean2": 0.0317971669137,
        "dvar": 0.000401741825044,
        "dvar2": 0.0011462388793,
        "max": 0.464249461889,
        "mean": 0.320492327213,
        "median": 0.325053155422,
        "min": 0.140129745007,
        "var": 0.00304455962032
    },
    "barkbands_kurtosis": {
        "dmean": 3.05496954918,
        "dmean2": 5.09416055679,
        "dvar": 26.1369876862,
        "dvar2": 68.6613235474,
        "max": 82.3810501099,
        "mean": 7.31942892075,
        "median": 5.54685688019,
        "min": -0.640371799469,
        "var": 49.6094245911
    },
    "barkbands_skewness": {
        "dmean": 0.456688702106,
        "dmean2": 0.749024510384,
        "dvar": 0.262863576412,
        "dvar2": 0.733435153961,
        "max": 7.30269575119,
        "mean": 1.46136045456,
        "median": 1.30813288689,
        "min": -0.480712980032,
        "var": 1.14425253868
    },
    "barkbands_spread": {
        "dmean": 0.791745424271,
        "dmean2": 1.27563369274,
        "dvar": 0.923566102982,
        "dvar2": 2.47802448273,
        "max": 25.9351711273,
        "mean": 4.50810194016,
        "median": 3.84606742859,
        "min": 0.644113183022,
        "var": 8.1997013092
    },
    "dissonance": {
        "dmean": 0.0251452121884,
        "dmean2": 0.0425251796842,
        "dvar": 0.000454587890999,
        "dvar2": 0.00124383042566,
        "max": 0.490468919277,
        "mean": 0.390489548445,
        "median": 0.388331443071,
        "min": 0.227769300342,
        "var": 0.00203701062128
    },
    "dynamic_complexity": 2.23208975792,
    "erbbands_crest": {
        "dmean": 1.51584303379,
        "dmean2": 2.50543117523,
        "dvar": 1.6995524168,
        "dvar2": 5.16279792786,
        "max": 20.7719783783,
        "mean": 11.4474382401,
        "median": 11.3082332611,
        "min": 4.22576236725,
        "var": 7.91562652588
    },
    "erbbands_flatness_db": {
        "dmean": 0.0101851187646,
        "dmean2": 0.0163397565484,
        "dvar": 7.20543030184e-05,
        "dvar2": 0.000184082833584,
        "max": 0.364289402962,
        "mean": 0.275762289762,
        "median": 0.285064607859,
        "min": 0.123857267201,
        "var": 0.00241330079734
    },
    "erbbands_kurtosis": {
        "dmean": 2.04418253899,
        "dmean2": 3.37844252586,
        "dvar": 3.87781476974,
        "dvar2": 10.9385166168,
        "max": 27.2459201813,
        "mean": 6.79869270325,
        "median": 6.38548088074,
        "min": -1.13292968273,
        "var": 21.4403915405
    },
    "erbbands_skewness": {
        "dmean": 0.323957741261,
        "dmean2": 0.541968464851,
        "dvar": 0.0793884694576,
        "dvar2": 0.231896430254,
        "max": 4.02985954285,
        "mean": 1.79678714275,
        "median": 1.8082575798,
        "min": 0.044648963958,
        "var": 0.420551300049
    },
    "erbbands_spread": {
        "dmean": 2.18443965912,
        "dmean2": 3.50354957581,
        "dvar": 5.40830802917,
        "dvar2": 13.1865215302,
        "max": 68.5542984009,
        "mean": 14.8246765137,
        "median": 10.7979335785,
        "min": 4.16937875748,
        "var": 125.246398926
    },
    "hfc": {
        "dmean": 1.38695907593,
        "dmean2": 2.28236150742,
        "dvar": 1.65938317776,
        "dvar2": 4.4379491806,
        "max": 28.1344337463,
        "mean": 10.9135169983,
        "median": 10.2387828827,
        "min": 1.40967464447,
        "var": 28.9159622192
    },
    "melbands_crest": {
        "dmean": 2.60637235641,
        "dmean2": 4.28956794739,
        "dvar": 5.19288158417,
        "dvar2": 13.7147865295,
        "max": 27.9093112946,
        "mean": 14.1633529663,
        "median": 13.3573894501,
        "min": 6.67054462433,
        "var": 17.2629394531
    },
    "melbands_flatness_db": {
        "dmean": 0.0207159686834,
        "dmean2": 0.033720985055,
        "dvar": 0.00046593346633,
        "dvar2": 0.00133552507032,
        "max": 0.607930958271,
        "mean": 0.428224176168,
        "median": 0.434021949768,
        "min": 0.190976724029,
        "var": 0.00465222960338
    },
    "melbands_kurtosis": {
        "dmean": 3.9742372036,
        "dmean2": 6.59386205673,
        "dvar": 36.8505973816,
        "dvar2": 100.304458618,
        "max": 81.526802063,
        "mean": 10.4269399643,
        "median": 7.27209281921,
        "min": -0.774710655212,
        "var": 107.713386536
    },
    "melbands_skewness": {
        "dmean": 0.46264141798,
        "dmean2": 0.765856981277,
        "dvar": 0.227961048484,
        "dvar2": 0.656793236732,
        "max": 6.58135700226,
        "mean": 1.83006358147,
        "median": 1.60645747185,
        "min": -0.458891510963,
        "var": 1.31648790836
    },
    "melbands_spread": {
        "dmean": 0.853297829628,
        "dmean2": 1.40747129917,
        "dvar": 0.948917627335,
        "dvar2": 2.76440572739,
        "max": 21.0736579895,
        "mean": 4.78905010223,
        "median": 4.37653684616,
        "min": 0.680754840374,
        "var": 5.4135260582
    },
    "pitch_salience": {
        "dmean": 0.0728158950806,
        "dmean2": 0.120570600033,
        "dvar": 0.00449983635917,
        "dvar2": 0.0122487451881,
        "max": 0.852285981178,
        "mean": 0.581752181053,
        "median": 0.588907182217,
        "min": 0.135721281171,
        "var": 0.0198988188058
    },
    "silence_rate_20dB": {
        "dmean": 0,
        "dmean2": 0,
        "dvar": 0,
        "dvar2": 0,
        "max": 1,
        "mean": 1,
        "median": 1,
        "min": 1,
        "var": 0
    },
    "silence_rate_30dB": {
        "dmean": 0.0154798757285,
        "dmean2": 0.0309837330133,
        "dvar": 0.0152404122055,
        "dvar2": 0.0408688560128,
        "max": 1,
        "mean": 0.989172458649,
        "median": 1,
        "min": 0,
        "var": 0.0107103455812
    },
    "silence_rate_60dB": {
        "dmean": 0,
        "dmean2": 0,
        "dvar": 0,
        "dvar2": 0,
        "max": 0,
        "mean": 0,
        "median": 0,
        "min": 0,
        "var": 0
    },
    "spectral_centroid": {
        "dmean": 27.7462482452,
        "dmean2": 44.8113059998,
        "dvar": 1834.61206055,
        "dvar2": 4728.83105469,
        "max": 1271.12768555,
        "mean": 376.883544922,
        "median": 342.185394287,
        "min": 194.689376831,
        "var": 21360.3535156
    },
    "spectral_complexity": {
        "dmean": 1.17647063732,
        "dmean2": 2.02246332169,
        "dvar": 1.04935073853,
        "dvar2": 2.83371901512,
        "max": 16,
        "mean": 8.46635723114,
        "median": 8,
        "min": 4,
        "var": 4.26896905899
    },
    "spectral_decrease": {
        "dmean": 3.06403036276e-09,
        "dmean2": 5.00453101182e-09,
        "dvar": 1.22002771061e-17,
        "dvar2": 3.37798691511e-17,
        "max": -1.72520742137e-09,
        "mean": -1.29346222622e-08,
        "median": -1.25176553567e-08,
        "min": -4.49917259004e-08,
        "var": 3.75351996489e-17
    },
    "spectral_energy": {
        "dmean": 0.0116688264534,
        "dmean2": 0.019063539803,
        "dvar": 0.000176210916834,
        "dvar2": 0.000487897545099,
        "max": 0.171477466822,
        "mean": 0.0498080998659,
        "median": 0.0481478944421,
        "min": 0.00666564702988,
        "var": 0.000551276665647
    },
    "spectral_energyband_high": {
        "dmean": 8.62063643581e-06,
        "dmean2": 1.20184058687e-05,
        "dvar": 3.71325803439e-10,
        "dvar2": 5.48410261647e-10,
        "max": 0.000665222993121,
        "mean": 4.01064826292e-05,
        "median": 1.27073226395e-05,
        "min": 3.17782195225e-07,
        "var": 8.0208515385e-09
    },
    "spectral_energyband_low": {
        "dmean": 0.0109577486292,
        "dmean2": 0.0180698893964,
        "dvar": 0.000179548398592,
        "dvar2": 0.000494854233693,
        "max": 0.155247882009,
        "mean": 0.0238614361733,
        "median": 0.0205380655825,
        "min": 0.000188761885511,
        "var": 0.00036330378498
    },
    "spectral_energyband_middle_high": {
        "dmean": 0.000180422211997,
        "dmean2": 0.000297017541016,
        "dvar": 5.67150095776e-08,
        "dvar2": 1.64723914509e-07,
        "max": 0.00263640540652,
        "mean": 0.000596010882873,
        "median": 0.000483142619487,
        "min": 4.6443517931e-05,
        "var": 1.84966893357e-07
    },
    "spectral_energyband_middle_low": {
        "dmean": 0.00353187904693,
        "dmean2": 0.00560747925192,
        "dvar": 1.17078216135e-05,
        "dvar2": 3.06802903651e-05,
        "max": 0.0735451877117,
        "mean": 0.0276510883123,
        "median": 0.0251889210194,
        "min": 0.00204507750459,
        "var": 0.000310831441311
    },
    "spectral_entropy": {
        "dmean": 0.0914068818092,
        "dmean2": 0.153714612126,
        "dvar": 0.00685308221728,
        "dvar2": 0.0176810827106,
        "max": 7.01834201813,
        "mean": 5.94051408768,
        "median": 5.88114976883,
        "min": 5.29691791534,
        "var": 0.107441999018
    },
    "spectral_flux": {
        "dmean": 0.0221061110497,
        "dmean2": 0.0390617437661,
        "dvar": 0.000521701236721,
        "dvar2": 0.00159388198517,
        "max": 0.245723158121,
        "mean": 0.072407707572,
        "median": 0.0662173181772,
        "min": 0.0172019731253,
        "var": 0.0011200621957
    },
    "spectral_kurtosis": {
        "dmean": 12.9784517288,
        "dmean2": 23.1101989746,
        "dvar": 140.735641479,
        "dvar2": 417.835632324,
        "max": 98.5538482666,
        "mean": 30.5781288147,
        "median": 27.452539444,
        "min": 2.2567191124,
        "var": 363.534667969
    },
    "spectral_rms": {
        "dmean": 0.000824858259875,
        "dmean2": 0.0013506031828,
        "dvar": 7.47358001263e-07,
        "dvar2": 2.07178277378e-06,
        "max": 0.0129342600703,
        "mean": 0.00676238583401,
        "median": 0.00685372576118,
        "min": 0.00255011185072,
        "var": 2.86335648525e-06
    },
    "spectral_rolloff": {
        "dmean": 40.049621582,
        "dmean2": 71.4712677002,
        "dvar": 4917.31005859,
        "dvar2": 12705.2148438,
        "max": 1141.25976562,
        "mean": 368.293731689,
        "median": 387.59765625,
        "min": 86.1328125,
        "var": 14147.1806641
    },
    "spectral_skewness": {
        "dmean": 0.841296315193,
        "dmean2": 1.48917031288,
        "dvar": 0.493720799685,
        "dvar2": 1.48857426643,
        "max": 7.74181365967,
        "mean": 3.83635544777,
        "median": 3.68756461143,
        "min": 1.31033158302,
        "var": 1.48562967777
    },
    "spectral_spread": {
        "dmean": 234805.171875,
        "dmean2": 399840.09375,
        "dvar": 33779980288,
        "dvar2": 99736403968,
        "max": 4539142,
        "mean": 1752088,
        "median": 1617019.75,
        "min": 779732.25,
        "var": 378019086336
    },
    "spectral_strongpeak": {
        "dmean": 0.295306116343,
        "dmean2": 0.530965149403,
        "dvar": 0.179311960936,
        "dvar2": 0.477145373821,
        "max": 3.32342386246,
        "mean": 0.737686216831,
        "median": 0.55156481266,
        "min": 0,
        "var": 0.33991676569
    },
    "zerocrossingrate": {
        "dmean": 0.002135285642,
        "dmean2": 0.00293952110223,
        "dvar": 5.97490043219e-06,
        "dvar2": 9.2917598522e-06,
        "max": 0.07373046875,
        "mean": 0.0150762973353,
        "median": 0.013671875,
        "min": 0.0029296875,
        "var": 6.67716594762e-05
    },
    "barkbands": {
        "dmean": [0.00062482903013, 0.00980244204402, 0.00183600303717, 0.00132256629877, 0.00192038761452, 0.00139310711529, 0.00117153686006, 0.000104418373667, 0.00012570193212, 8.76306803548e-05, 0.000113124217023, 3.67346510757e-05, 1.8450718926e-05, 1.39084913826e-05, 1.98501365958e-05, 1.42914068419e-05, 5.3079988902e-06, 8.30362841953e-06, 5.28820510226e-06, 1.91708727471e-06, 4.8259439609e-06, 3.43378678735e-06, 1.18784123515e-06, 3.01342168996e-07, 1.97356655462e-07, 1.83836490919e-07, 2.60187049683e-09],
        "dmean2": [0.00107799877878, 0.0158340148628, 0.00319612538442, 0.00207838276401, 0.00298977550119, 0.00226436601952, 0.00193039560691, 0.00014755774464, 0.000194306019694, 0.000133779409225, 0.000196525419597, 5.75580706936e-05, 3.15527177008e-05, 2.28752523981e-05, 3.2180621929e-05, 2.47316947934e-05, 9.13771873456e-06, 1.30077514768e-05, 8.41104974825e-06, 2.91764831672e-06, 7.31686395739e-06, 4.80628114019e-06, 1.63633660577e-06, 4.2830973257e-07, 2.74132588629e-07, 2.78137349596e-07, 4.40671987789e-09],
        "dvar": [5.96568554556e-07, 0.000153443717863, 4.43148610429e-06, 3.81907602787e-06, 5.11293592353e-06, 2.08790811485e-06, 3.10713676299e-06, 5.08419475409e-08, 3.90125443062e-08, 1.16899308011e-08, 4.29698339133e-08, 3.30741722898e-09, 4.92507479244e-10, 2.4208945959e-10, 7.47605422013e-10, 1.37182509796e-09, 4.20359094755e-11, 1.18489121292e-10, 1.22670637537e-10, 1.82427285084e-11, 8.95544749469e-11, 1.94294039191e-10, 2.00027026193e-11, 1.92426326609e-12, 1.28992985998e-12, 7.46503824468e-13, 2.29949592845e-16],
        "dvar2": [1.76684102371e-06, 0.000414508045651, 1.42371336551e-05, 1.04890241346e-05, 1.2710318515e-05, 5.98518045081e-06, 8.45505201141e-06, 8.02764432706e-08, 8.96589682498e-08, 2.62748525159e-08, 1.28721154624e-07, 7.8012591942e-09, 1.40347444777e-09, 6.55844212272e-10, 1.95788785184e-09, 4.25190194164e-09, 1.17893375617e-10, 2.5500684897e-10, 2.72729283601e-10, 3.09075924576e-11, 1.85404233632e-10, 3.08494813028e-10, 3.50334275478e-11, 3.21852202008e-12, 2.29848648794e-12, 1.7897138849e-12, 2.44534441405e-16],
        "max": [0.0168998334557, 0.133099287748, 0.0249864943326, 0.0342491827905, 0.0401131100953, 0.0382872819901, 0.0381331443787, 0.012892014347, 0.00282378378324, 0.00118202983867, 0.00199909089133, 0.00162318698131, 0.000207988574402, 0.000252478232142, 0.000375936622731, 0.00100658938754, 0.000116005678137, 0.000323582411511, 0.000302804575767, 0.000169590755831, 0.000320004619425, 0.000517967098858, 0.000133665118483, 6.53925599181e-05, 4.73973777844e-05, 2.09459649341e-05, 5.21631818629e-07],
        "mean": [0.00207704096101, 0.0156868211925, 0.00379917654209, 0.0048927012831, 0.00885856803507, 0.00717314565554, 0.00590088870376, 0.000505749485455, 0.000238445456489, 0.000160265000886, 0.000175608613063, 0.000110541033791, 3.86881874874e-05, 2.9223090678e-05, 4.01225224778e-05, 2.75820530078e-05, 1.05864928628e-05, 2.32525944739e-05, 1.59647224791e-05, 5.78303797738e-06, 1.74015804077e-05, 1.4551627828e-05, 3.5843806927e-06, 1.1661248891e-06, 7.38499522868e-07, 5.26328278738e-07, 2.38766784122e-09],
        "median": [0.00164763187058, 0.00999936647713, 0.0025236334186, 0.00161251786631, 0.006011237856, 0.00590533902869, 0.0031921165064, 9.59972821875e-05, 0.000102670193883, 0.000102147656435, 5.64789661439e-05, 4.32246160926e-05, 2.93063767458e-05, 2.02969658858e-05, 2.57709707512e-05, 1.20292042993e-05, 7.45316947359e-06, 1.45415569932e-05, 5.07609183842e-06, 2.56326666204e-06, 2.53113330473e-06, 8.66123514243e-07, 3.79736746936e-07, 6.65707204917e-08, 2.9988576955e-08, 9.20079124e-09, 9.07520836257e-10],
        "min": [6.23699492053e-08, 6.34275202174e-05, 2.6922502002e-05, 1.37891802297e-05, 5.03131122969e-05, 0.000172517291503, 1.59869105119e-05, 2.59657599599e-06, 2.00942827178e-06, 1.34660399453e-06, 1.8001103399e-06, 7.68059635448e-07, 2.49529853136e-06, 5.78335402679e-07, 1.44161003846e-06, 4.24990361125e-07, 3.47231917885e-07, 3.40340960747e-07, 1.49628192503e-07, 1.03446659239e-07, 1.53140462089e-07, 2.1421643126e-08, 2.73623790292e-09, 5.24881305086e-10, 8.57483459238e-11, 1.08451483904e-10, 1.76394412965e-10],
        "var": [4.71185012429e-06, 0.000261554523604, 1.31222759592e-05, 4.42615382781e-05, 6.43116145511e-05, 3.3152729884e-05, 4.15760441683e-05, 2.93234597848e-06, 1.23876020552e-07, 2.66603610299e-08, 6.56814691524e-08, 3.40292807266e-08, 1.0362454228e-09, 7.76512576461e-10, 1.99461624995e-09, 3.35914585037e-09, 1.45158454701e-10, 1.03040853627e-09, 1.28301791413e-09, 1.84411458326e-10, 1.15891540808e-09, 3.24853810518e-09, 1.06726440186e-10, 2.53042465453e-11, 1.29232978485e-11, 4.00978729387e-12, 2.30292376491e-16]
    },
    "erbbands": {
        "dmean": [0.286580622196, 2.25442767143, 2.7442047596, 3.43684315681, 4.53557062149, 7.47051858902, 13.2559232712, 7.59524488449, 15.4609899521, 9.53754711151, 2.32457447052, 2.90415549278, 2.68548083305, 4.81781291962, 2.05710911751, 1.4020730257, 0.906819999218, 0.79128164053, 0.678896307945, 0.938734471798, 0.498246431351, 0.231310606003, 0.372853815556, 0.308037996292, 0.294125407934, 0.0722258463502, 0.21308554709, 0.125280097127, 0.121402069926, 0.0819729045033, 0.034931845963, 0.00664875097573, 0.00559374690056, 0.00405158475041, 0.00105536775663, 0.000925954198465, 0.000293658085866, 3.64589723176e-05, 5.62640570934e-06, 1.26132372316e-05],
        "dmean2": [0.447449922562, 3.72906661034, 4.79631328583, 5.7098326683, 7.18231630325, 11.6625270844, 22.8690280914, 10.3825483322, 24.9243869781, 14.7854795456, 3.56439042091, 4.49448490143, 4.03930616379, 8.22234344482, 3.37863063812, 2.24829339981, 1.51455783844, 1.30884647369, 1.12714219093, 1.54449141026, 0.836070418358, 0.394828468561, 0.59684163332, 0.493967533112, 0.461253553629, 0.113402791321, 0.327150762081, 0.190018162131, 0.170733958483, 0.112120427191, 0.0470937602222, 0.00916269700974, 0.00790958292782, 0.00549250654876, 0.00154109345749, 0.00148682156578, 0.000434482266428, 6.11909927102e-05, 9.16302542464e-06, 2.06116801564e-05],
        "dvar": [0.113031260669, 9.39863491058, 12.8525009155, 27.1110591888, 34.1476402283, 89.3725891113, 180.835723877, 71.2331085205, 475.273254395, 253.477386475, 12.7158689499, 25.6860160828, 13.0515737534, 80.5107879639, 10.3327198029, 5.47473907471, 1.06866562366, 0.7109811306, 1.14708244801, 1.90109920502, 0.933697044849, 0.0902999490499, 0.318626105785, 0.256972581148, 0.367538064718, 0.0152556281537, 0.254819750786, 0.104295372963, 0.294508367777, 0.139348641038, 0.0162812210619, 0.00047666527098, 0.00071215868229, 0.000526508549228, 1.70655293914e-05, 2.19449430006e-05, 1.83798294984e-06, 4.98321384157e-08, 4.42158740177e-11, 2.04934125225e-10],
        "dvar2": [0.259771615267, 26.557767868, 43.5123748779, 83.6097946167, 85.3116149902, 215.525054932, 577.477050781, 114.400680542, 1333.11022949, 593.656616211, 31.346830368, 57.6828842163, 28.7596130371, 237.575134277, 25.4623451233, 13.110912323, 2.89662265778, 1.85574233532, 3.08494758606, 5.43907022476, 2.87568068504, 0.25543025136, 0.656920194626, 0.604827225208, 0.787022352219, 0.0320670604706, 0.539079725742, 0.21847037971, 0.466445565224, 0.218667328358, 0.0281531270593, 0.000807862961665, 0.00129713269416, 0.000916965713259, 3.64807965525e-05, 5.5391996284e-05, 4.31448688687e-06, 1.5161866429e-07, 1.20251350544e-10, 5.67835833909e-10],
        "max": [4.04397201538, 35.9040565491, 45.7882804871, 75.6153335571, 118.678581238, 171.691040039, 202.782318115, 279.146759033, 427.898742676, 383.969360352, 103.138420105, 80.6457290649, 46.1806411743, 96.4396286011, 57.1544036865, 57.8309516907, 18.5526027679, 13.8691778183, 16.2974796295, 34.3413658142, 25.6715583801, 7.31823825836, 20.8031463623, 12.585565567, 15.4825525284, 2.97454500198, 19.2601699829, 10.3397321701, 24.8379268646, 18.2933483124, 3.50676465034, 0.754868745804, 1.30644142628, 0.910723984241, 0.10177564621, 0.124928958714, 0.0336538478732, 0.00518657267094, 9.40489117056e-05, 0.00018566865765],
        "mean": [0.444292217493, 3.4989566803, 5.62403726578, 10.9333543777, 23.4297733307, 30.2417430878, 44.7699813843, 50.2666816711, 87.6333236694, 52.766784668, 8.48142147064, 6.00378370285, 5.05404186249, 7.62873029709, 5.11336565018, 3.94421172142, 2.15252017975, 1.86234164238, 1.43115639687, 2.12255787849, 1.20321774483, 0.601388454437, 1.00259494781, 0.953791439533, 0.926426410675, 0.253527492285, 0.747300088406, 0.476788759232, 0.516583681107, 0.343108505011, 0.115533344448, 0.0279404912144, 0.0206970218569, 0.0146536873654, 0.00328274234198, 0.00233638775535, 0.000822040776256, 7.87370227044e-05, 2.43419544859e-05, 5.46891060367e-05],
        "median": [0.298585534096, 2.18491292, 3.87220907211, 4.75236606598, 12.2742815018, 23.2081604004, 35.400100708, 44.0772209167, 59.3433952332, 14.0750427246, 4.14596319199, 2.75770878792, 3.37877607346, 2.6278553009, 2.35719680786, 1.79027175903, 1.60377621651, 1.40167224407, 1.02745509148, 1.37294471264, 0.835084199905, 0.473904788494, 0.633218765259, 0.385005176067, 0.255745738745, 0.144919022918, 0.0993092432618, 0.0822137221694, 0.0432196930051, 0.0176775231957, 0.00778318056837, 0.00223604519852, 0.00100551662035, 0.000526300515048, 0.000197589964955, 7.75398511905e-05, 2.70543714578e-05, 3.50131176674e-06, 2.3705069907e-05, 5.29436947545e-05],
        "min": [0.000462255295133, 0.0205457452685, 0.12766431272, 0.171923831105, 0.179365560412, 0.0849154666066, 0.560420632362, 0.976048409939, 0.41448789835, 0.225273638964, 0.280579894781, 0.112966090441, 0.152694940567, 0.094516582787, 0.140125572681, 0.0788229778409, 0.126793369651, 0.089402101934, 0.0595470555127, 0.0540711469948, 0.0401563979685, 0.0241990741342, 0.0278880372643, 0.00847266148776, 0.00793621130288, 0.00453669391572, 0.00769667280838, 0.003161362838, 0.000757442263421, 0.000240081863012, 8.23573573143e-05, 3.00591200357e-05, 1.12062862172e-05, 5.66102562516e-06, 4.9161685638e-06, 3.59433215635e-06, 2.08021356229e-06, 3.3137803257e-07, 3.07032905766e-06, 7.3294363574e-06],
        "var": [0.218928530812, 14.4134654999, 28.0659828186, 197.293655396, 680.751220703, 779.198974609, 1274.39404297, 1658.77746582, 6746.671875, 5383.09277344, 190.928390503, 91.8739700317, 27.7594070435, 139.621444702, 50.2488594055, 48.3483161926, 3.72726631165, 2.56472468376, 2.08799791336, 6.56694793701, 2.44669508934, 0.331896454096, 2.82133936882, 2.06305837631, 4.37061882019, 0.150519609451, 3.33323788643, 1.21806418896, 4.61753320694, 2.31694221497, 0.119426883757, 0.00732917385176, 0.00861774664372, 0.00514431158081, 0.000119080563309, 9.21533646761e-05, 1.0278150512e-05, 1.47738148826e-07, 1.28121374621e-10, 6.49273967923e-10]
    },
    "gfcc": {
        "mean": [-99.7699432373, 209.290634155, -90.749420166, 30.5456485748, -39.3625526428, -20.2669239044, -18.7588062286, -17.8204154968, -6.28007221222, -2.40874481201, 1.70473015308, -0.0932906121016, 2.69911527634],
        "cov": [[2157.9519043, -1302.55603027, -77.2097930908, 229.165878296, -779.686279297, 379.59274292, -324.994354248, 178.163467407, -157.534133911, 69.7849960327, -119.968231201, 175.54725647, -104.920265198], [-1302.55603027, 1224.66491699, 50.2545547485, -208.50289917, 601.282287598, -386.928649902, 206.444244385, -192.293792725, 161.508544922, -126.265357971, 119.535629272, -201.971755981, 112.1692276], [-77.2097930908, 50.2545547485, 172.424133301, -2.5064895153, 61.7877616882, -6.48434257507, 48.3971214294, 41.9612045288, -37.5762443542, 52.5654335022, -28.7500457764, 21.1832180023, 32.490940094], [229.165878296, -208.50289917, -2.5064895153, 172.743438721, -17.9491119385, 121.616134644, -9.56139755249, 64.055770874, 3.28921294212, -37.562828064, 24.1373271942, -16.4145298004, 2.23229193687], [-779.686279297, 601.282287598, 61.7877616882, -17.9491119385, 500.207977295, -114.940635681, 151.998580933, -60.0905036926, 63.2041778564, -84.7034454346, 90.1806030273, -118.965461731, 75.1564865112], [379.59274292, -386.928649902, -6.48434257507, 121.616134644, -114.940635681, 214.516998291, -21.6055355072, 92.5644683838, -20.7756614685, 13.2641010284, 6.5081911087, 51.8348731995, -27.2294311523], [-324.994354248, 206.444244385, 48.3971214294, -9.56139755249, 151.998580933, -21.6055355072, 133.739440918, 39.5618782043, 43.2349815369, 32.3095779419, 17.6446743011, -8.85962677002, 67.4930801392], [178.163467407, -192.293792725, 41.9612045288, 64.055770874, -60.0905036926, 92.5644683838, 39.5618782043, 161.124328613, 20.1308479309, 86.6778106689, -5.63770914078, 32.2937164307, 64.6241455078], [-157.534133911, 161.508544922, -37.5762443542, 3.28921294212, 63.2041778564, -20.7756614685, 43.2349815369, 20.1308479309, 148.474441528, 1.67681276798, 77.7791595459, -25.8043556213, 27.3165054321], [69.7849960327, -126.265357971, 52.5654335022, -37.562828064, -84.7034454346, 13.2641010284, 32.3095779419, 86.6778106689, 1.67681276798, 197.590927124, -49.5172920227, 81.1992034912, 59.4137649536], [-119.968231201, 119.535629272, -28.7500457764, 24.1373271942, 90.1806030273, 6.5081911087, 17.6446743011, -5.63770914078, 77.7791595459, -49.5172920227, 114.136528015, -32.5167770386, -3.03866386414], [175.54725647, -201.971755981, 21.1832180023, -16.4145298004, -118.965461731, 51.8348731995, -8.85962677002, 32.2937164307, -25.8043556213, 81.1992034912, -32.5167770386, 124.01750946, -9.03597640991], [-104.920265198, 112.1692276, 32.490940094, 2.23229193687, 75.1564865112, -27.2294311523, 67.4930801392, 64.6241455078, 27.3165054321, 59.4137649536, -3.03866386414, -9.03597640991, 125.55884552]],
        "icov": [[0.00200452073477, 0.000272159610176, -0.000410925218603, -0.000788566248957, 0.00177859759424, -0.00131961563602, 0.00297005590983, -0.000453988381196, 0.000177233159775, 0.000559949083254, 8.32953010104e-05, -0.000256104918662, -0.0014813587768], [0.000272159610176, 0.0260410532355, -0.00896004773676, 0.0146322222427, -0.00835101865232, 0.0180101227015, -0.0179815515876, 0.0169286374003, -0.0141083281487, 0.0092512620613, -0.00618796935305, 0.0127959745005, -0.0116579886526], [-0.000410925218603, -0.00896004773676, 0.0123457629234, -0.0060124322772, 0.000254776299698, -0.0036074728705, 0.00442113354802, -0.00957736931741, 0.00831802561879, -0.00488864723593, 0.00278465962037, -0.00623135454953, 0.00631391629577], [-0.000788566248957, 0.0146322222427, -0.0060124322772, 0.0221580881625, -0.00590754207224, 0.00289215939119, -0.00943430885673, 0.0072571975179, -0.00899144355208, 0.00852074474096, -0.00344549608417, 0.0104957101867, -0.00847330596298], [0.00177859759424, -0.00835101865232, 0.000254776299698, -0.00590754207224, 0.0113870613277, -0.00695758778602, 0.00185303110629, -0.00159413693473, 0.00600692955777, -0.00157956639305, -0.00205758563243, -0.000833405356389, -0.00018386040756], [-0.00131961563602, 0.0180101227015, -0.0036074728705, 0.00289215939119, -0.00695758778602, 0.0285279750824, -0.0159763433039, 0.00457035470754, -0.00650391355157, 0.00623328005895, -0.00698045408353, 0.0039203944616, -0.00114449404646], [0.00297005590983, -0.0179815515876, 0.00442113354802, -0.00943430885673, 0.00185303110629, -0.0159763433039, 0.0367811173201, -0.0172487627715, 0.00581863103434, -0.00583975529298, 0.00796421710402, -0.0125853987411, 0.00288651278242], [-0.000453988381196, 0.0169286374003, -0.00957736931741, 0.0072571975179, -0.00159413693473, 0.00457035470754, -0.0172487627715, 0.0320601351559, -0.0116826416925, 0.00121778447647, -0.00541744707152, 0.0119932079688, -0.0157398041338], [0.000177233159775, -0.0141083281487, 0.00831802561879, -0.00899144355208, 0.00600692955777, -0.00650391355157, 0.00581863103434, -0.0116826416925, 0.0224426835775, -0.0073816915974, -0.00683655170724, -0.00570335518569, 0.00667289923877], [0.000559949083254, 0.0092512620613, -0.00488864723593, 0.00852074474096, -0.00157956639305, 0.00623328005895, -0.00583975529298, 0.00121778447647, -0.0073816915974, 0.0162296462804, 0.00128865160514, -0.00102462666109, -0.00799002218992], [8.32953010104e-05, -0.00618796935305, 0.00278465962037, -0.00344549608417, -0.00205758563243, -0.00698045408353, 0.00796421710402, -0.00541744707152, -0.00683655170724, 0.00128865160514, 0.0213120449334, -0.00457398220897, 0.00422755163163], [-0.000256104918662, 0.0127959745005, -0.00623135454953, 0.0104957101867, -0.000833405356389, 0.0039203944616, -0.0125853987411, 0.0119932079688, -0.00570335518569, -0.00102462666109, -0.00457398220897, 0.0231794770807, -0.00499500147998], [-0.0014813587768, -0.0116579886526, 0.00631391629577, -0.00847330596298, -0.00018386040756, -0.00114449404646, 0.00288651278242, -0.0157398041338, 0.00667289923877, -0.00799002218992, 0.00422755163163, -0.00499500147998, 0.0241414085031]]
    },
    "melbands": {
        "dmean": [0.00254973769188, 0.0020313623827, 0.000556680490263, 0.000483699637698, 0.000366290245438, 0.000192777675693, 0.000247170741204, 8.66054979269e-05, 1.98668694793e-05, 1.85979170055e-05, 1.3015614968e-05, 1.84859982255e-05, 9.24246796785e-06, 3.84428813049e-06, 3.18169850289e-06, 2.05080527849e-06, 1.55737927798e-06, 9.34019226406e-07, 1.73336343323e-06, 1.37804408951e-06, 4.41487941316e-07, 2.972311961e-07, 3.91732413618e-07, 2.86839622277e-07, 2.6525043495e-07, 2.98947270494e-07, 1.15206113094e-07, 4.54724862209e-08, 1.08401792431e-07, 1.10613278537e-07, 8.25332691079e-08, 6.11925301541e-08, 8.5207680911e-08, 3.17613562117e-08, 2.77997589393e-08, 7.6076362987e-09, 4.07634148658e-09, 3.49995765703e-09, 5.20201792753e-09, 3.02828162546e-09],
        "dmean2": [0.00407432764769, 0.00348621699959, 0.000904084008653, 0.000766805489548, 0.000622496299911, 0.000277423212538, 0.000402305828175, 0.0001333332184, 3.01136715279e-05, 2.8770253266e-05, 1.96074961423e-05, 3.15410798066e-05, 1.56290134328e-05, 5.97744519837e-06, 5.1194988373e-06, 3.46460365108e-06, 2.59293460658e-06, 1.551034984e-06, 2.8109395771e-06, 2.40232157012e-06, 7.30904503143e-07, 5.14398550422e-07, 6.31403850093e-07, 4.54456426269e-07, 4.24574267299e-07, 4.70815564313e-07, 1.76725947654e-07, 7.42769969975e-08, 1.67980246601e-07, 1.68677985357e-07, 1.27188670263e-07, 8.72489849257e-08, 1.18456988218e-07, 4.38712568496e-08, 3.84995146874e-08, 1.03902983994e-08, 6.17416651139e-09, 5.21171061862e-09, 7.01812030712e-09, 4.27364588163e-09],
        "dvar": [9.71662757365e-06, 7.54107259127e-06, 5.84192150654e-07, 4.09239959254e-07, 1.27982247022e-07, 3.99189374889e-08, 1.25473405888e-07, 2.08776054222e-08, 1.19350895833e-09, 1.11946885095e-09, 3.20034609924e-10, 1.1399362565e-09, 2.14197687365e-10, 3.46128889439e-11, 3.83619941369e-11, 6.77165051463e-12, 2.98420533076e-12, 2.43054057783e-12, 6.51234708521e-12, 1.40591618208e-11, 2.93643473252e-13, 1.78900839455e-13, 3.27079780361e-13, 1.35108680428e-13, 1.99472667659e-13, 5.36361319942e-13, 9.0402091737e-14, 9.03286776974e-15, 5.80741848382e-14, 6.26562807172e-14, 7.57987422828e-14, 6.39956159896e-14, 1.67580427074e-13, 1.53521164151e-14, 1.30757551799e-14, 1.12295498861e-15, 3.10948838962e-16, 1.77452886289e-16, 9.22465889889e-16, 2.80203131163e-16],
        "dvar2": [2.3860086003e-05, 2.36855248659e-05, 1.7336711835e-06, 1.00864838259e-06, 3.95560192601e-07, 7.90623104763e-08, 3.51905157459e-07, 4.8308439915e-08, 3.00927949226e-09, 2.51291987219e-09, 7.00926094943e-10, 3.33103278294e-09, 6.02841054853e-10, 8.31969701465e-11, 9.02258753821e-11, 1.90418462248e-11, 8.06715371587e-12, 6.70153732854e-12, 1.73174079243e-11, 4.35037977864e-11, 8.22894541137e-13, 5.04011003939e-13, 7.03126955531e-13, 3.05303796567e-13, 4.75646323543e-13, 1.22055577451e-12, 1.61730925961e-13, 2.03664667596e-14, 1.24580020236e-13, 1.28556778937e-13, 1.58504923054e-13, 1.00775033392e-13, 2.65924516565e-13, 2.43794564479e-14, 2.33253815433e-14, 1.71222299865e-15, 5.60822631959e-16, 3.81651923149e-16, 1.58367081994e-15, 5.05177808341e-16],
        "max": [0.0339659713209, 0.0352828651667, 0.0116121293977, 0.0113655943424, 0.005699605681, 0.00762426201254, 0.00747020449489, 0.00333121069707, 0.000664822990075, 0.000547637639102, 0.000228162694839, 0.000370308029233, 0.000166314392118, 0.000152729655383, 0.000167709295056, 3.11620206048e-05, 2.57793544733e-05, 2.41535653913e-05, 3.98911251978e-05, 0.000103941070847, 1.04151749838e-05, 1.02832837001e-05, 2.03036797757e-05, 9.1507417892e-06, 1.12174520837e-05, 2.13749299292e-05, 1.10311802928e-05, 2.68411281468e-06, 8.9592194854e-06, 9.88041119854e-06, 9.37080312724e-06, 1.15848124551e-05, 1.73515200004e-05, 5.31640080226e-06, 3.34107289746e-06, 1.35906896048e-06, 7.59893907798e-07, 5.15366934906e-07, 1.41101656936e-06, 6.64526396577e-07],
        "mean": [0.00442419340834, 0.00360847869888, 0.00219393824227, 0.00204866868444, 0.00143678521272, 0.00126966717653, 0.0013594890479, 0.000468936108518, 5.15302381245e-05, 3.66875938198e-05, 2.30951882259e-05, 2.86422964564e-05, 1.83877873496e-05, 1.23920863189e-05, 7.35991579859e-06, 4.33621198681e-06, 3.23370795741e-06, 1.78486061486e-06, 3.37507913173e-06, 2.66718370767e-06, 1.08915492092e-06, 5.99530437739e-07, 8.98032283203e-07, 8.05597721865e-07, 7.03539171809e-07, 8.94333481938e-07, 3.19732976095e-07, 1.21312140777e-07, 3.6701825934e-07, 3.81756223078e-07, 2.93706705179e-07, 2.32333519534e-07, 3.64832999367e-07, 1.12819613207e-07, 7.68349650571e-08, 3.06570129283e-08, 1.44104586042e-08, 1.1593186855e-08, 1.88994704331e-08, 9.71304103814e-09],
        "median": [0.00298577314243, 0.00248260307126, 0.00110237428453, 0.00147840788122, 0.00108802516479, 0.00106695806608, 0.000849889649544, 0.000111057350296, 1.99979731406e-05, 1.51805515998e-05, 1.47653818203e-05, 9.25555013964e-06, 9.09872414923e-06, 4.84775955556e-06, 3.30455463882e-06, 2.97649467029e-06, 2.41000475398e-06, 1.20872539355e-06, 2.03957552003e-06, 1.02569833871e-06, 8.1648147443e-07, 4.11065428807e-07, 4.64934231559e-07, 5.46467788354e-07, 2.80677966202e-07, 1.57515330557e-07, 1.18927125925e-07, 4.97302252711e-08, 5.01274826092e-08, 5.54369137262e-08, 2.30374990196e-08, 1.91919280468e-08, 4.79874895376e-09, 9.74950697952e-09, 4.05252942315e-09, 1.86207504971e-09, 7.18048620563e-10, 5.20574972018e-10, 4.35777747221e-10, 3.65115326861e-10],
