{
"highlevel": {
    "danceability": {
        "all": {
            "danceable": 0.812166452408,
            "not_danceable": 0.187833547592
        },
        "probability": 0.812166452408,
        "value": "danceable"
    },
    "gender": {
        "all": {
            "female": 0.42724815011,
            "male": 0.572751820087
        },
        "probability": 0.572751820087,
        "value": "male"
    },
    "genre_dortmund": {
        "all": {
            "alternative": 0.292285770178,
            "blues": 0.0151861300692,
            "electronic": 0.0102362260222,
            "folkcountry": 0.299321234226,
            "funksoulrnb": 0.00630143191665,
            "jazz": 0.0499904863536,
            "pop": 0.126038372517,
            "raphiphop": 0.0150835625827,
            "rock": 0.185556769371
        },
        "probability": 0.299321234226,
        "value": "folkcountry"
    },
    "genre_electronic": {
        "all": {
            "ambient": 0.534001767635,
            "dnb": 0.138764515519,
            "house": 0.0768675804138,
            "techno": 0.0315723195672,
            "trance": 0.218793824315
        },
        "probability": 0.534001767635,
        "value": "ambient"
    },
    "genre_rosamerica": {
        "all": {
            "cla": 0.0173902623355,
            "dan": 0.0746299400926,
            "hip": 0.0118604507297,
            "jaz": 0.0228375997394,
            "pop": 0.345418602228,
            "rhy": 0.0494607239962,
            "roc": 0.460860997438,
            "spe": 0.0175414159894
        },
        "probability": 0.460860997438,
        "value": "roc"
    },
    "genre_tzanetakis": {
        "all": {
            "blu": 0.0626613423228,
            "cla": 0.0348169617355,
            "cou": 0.104475811124,
            "dis": 0.0784321576357,
            "hip": 0.15692435205,
            "jaz": 0.313974827528,
            "met": 0.0448166541755,
            "pop": 0.0627359300852,
            "reg": 0.0627360641956,
            "roc": 0.0784258767962
        },
        "probability": 0.313974827528,
        "value": "jaz"
    },
    "ismir04_rhythm": {
        "all": {
            "ChaChaCha": 0.0752388238907,
            "Jive": 0.0580590032041,
            "Quickstep": 0.0878029093146,
            "Rumba-American": 0.017620658502,
            "Rumba-International": 0.203349143267,
            "Rumba-Misc": 0.023733003065,
            "Samba": 0.370220124722,
            "Tango": 0.0391517989337,
            "VienneseWaltz": 0.0920906215906,
            "Waltz": 0.0327338948846
        },
        "probability": 0.370220124722,
        "value": "Samba"
    },
    "mood_acoustic": {
        "all": {
            "acoustic": 0.634689927101,
            "not_acoustic": 0.365310072899
        },
        "probability": 0.634689927101,
        "value": "acoustic"
    },
    "mood_aggressive": {
        "all": {
            "aggressive": 0.0482251569629,
            "not_aggressive": 0.951774835587
        },
        "probability": 0.951774835587,
        "value": "not_aggressive"
    },
    "mood_electronic": {
        "all": {
            "electronic": 0.337434709072,
            "not_electronic": 0.662565290928
        },
        "probability": 0.662565290928,
        "value": "not_electronic"
    },
    "mood_happy": {
        "all": {
            "happy": 0.379568755627,
            "not_happy": 0.620431244373
        },
        "probability": 0.620431244373,
        "value": "not_happy"
    },
    "mood_party": {
        "all": {
            "not_party": 0.805315613747,
            "party": 0.194684416056
        },
        "probability": 0.805315613747,
        "value": "not_party"
    },
    "mood_relaxed": {
        "all": {
            "not_relaxed": 0.170208841562,
            "relaxed": 0.829791128635
        },
        "probability": 0.829791128635,
        "value": "relaxed"
    },
    "mood_sad": {
        "all": {
            "not_sad": 0.36602923274,
            "sad": 0.633970737457
        },
        "probability": 0.633970737457,
        "value": "sad"
    },
    "moods_mirex": {
        "all": {
            "Cluster1": 0.366468578577,
            "Cluster2": 0.197595357895,
            "Cluster3": 0.24474824965,
            "Cluster4": 0.0896078795195,
            "Cluster5": 0.101579934359
        },
        "probability": 0.366468578577,
        "value": "Cluster1"
    },
    "timbre": {
        "all": {
            "bright": 0.941758871078,
            "dark": 0.058241147548
        },
        "probability": 0.941758871078,
        "value": "bright"
    },
    "tonal_atonal": {
        "all": {
            "atonal": 0.0830062106252,
            "tonal": 0.916993796825
        },
        "probability": 0.916993796825,
        "value": "tonal"
    },
    "voice_instrumental": {
        "all": {
            "instrumental": 0.00952400732785,
            "voice": 0.99047601223
        },
        "probability": 0.99047601223,
        "value": "voice"
    }
},
"lowlevel": {
    "average_loudness": 0.979500710964,
    "barkbands_crest": {
        "dmean": 2.86440944672,
        "dmean2": 4.75273036957,
        "dvar": 8.65998935699,
        "dvar2": 24.9927253723,
        "max": 24.1104621887,
        "mean": 10.2578678131,
        "median": 9.43875694275,
        "min": 2.1296775341,
        "var": 18.6836242676
    },
    "barkbands_flatness_db": {
        "dmean": 0.0269174464047,
        "dmean2": 0.0419079847634,
        "dvar": 0.000634619907942,
        "dvar2": 0.00178415048867,
        "max": 0.313838154078,
        "mean": 0.157144397497,
        "median": 0.155293241143,
        "min": 0.0461516827345,
        "var": 0.00201017968357
    },
    "barkbands_kurtosis": {
        "dmean": 4.79195404053,
        "dmean2": 8.26378917694,
        "dvar": 87.729675293,
        "dvar2": 246.829711914,
        "max": 124.349082947,
        "mean": 6.35773134232,
        "median": 2.87621641159,
        "min": -1.65599691868,
        "var": 110.418495178
    },
    "barkbands_skewness": {
        "dmean": 0.695211052895,
        "dmean2": 1.1411781311,
        "dvar": 0.780437290668,
        "dvar2": 2.0232155323,
        "max": 10.5450468063,
        "mean": 1.98307442665,
        "median": 1.68809878826,
        "min": -1.04277968407,
        "var": 1.71527421474
    },
    "barkbands_spread": {
        "dmean": 6.34020376205,
        "dmean2": 9.69038009644,
        "dvar": 56.8821487427,
        "dvar2": 130.705169678,
        "max": 81.7277984619,
        "mean": 19.2866973877,
        "median": 16.4297122955,
        "min": 1.57292330265,
        "var": 145.853164673
    },
    "dissonance": {
        "dmean": 0.020469635725,
        "dmean2": 0.032518889755,
        "dvar": 0.000321205123328,
        "dvar2": 0.000797435641289,
        "max": 0.499272912741,
        "mean": 0.449654966593,
        "median": 0.454245984554,
        "min": 0.310980767012,
        "var": 0.000912307237741
    },
    "dynamic_complexity": 1.44118905067,
    "erbbands_crest": {
        "dmean": 1.71997141838,
        "dmean2": 2.71786308289,
        "dvar": 2.63822841644,
        "dvar2": 6.24847745895,
        "max": 19.774974823,
        "mean": 6.89596843719,
        "median": 6.36858415604,
        "min": 2.36442112923,
        "var": 7.12377548218
    },
    "erbbands_flatness_db": {
        "dmean": 0.0212191026658,
        "dmean2": 0.0285782348365,
        "dvar": 0.000447712343885,
        "dvar2": 0.000771149178036,
        "max": 0.258345156908,
        "mean": 0.143039271235,
        "median": 0.144397303462,
        "min": 0.0474520288408,
        "var": 0.0015608437825
    },
    "erbbands_kurtosis": {
        "dmean": 0.620945632458,
        "dmean2": 0.998558104038,
        "dvar": 0.673110365868,
        "dvar2": 1.5704625845,
        "max": 9.95094871521,
        "mean": -0.113743960857,
        "median": -0.457543611526,
        "min": -1.61651206017,
        "var": 1.45126509666
    },
    "erbbands_skewness": {
        "dmean": 0.309113532305,
        "dmean2": 0.465531080961,
        "dvar": 0.0825605392456,
        "dvar2": 0.184189677238,
        "max": 2.92271447182,
        "mean": 0.356653690338,
        "median": 0.339408963919,
        "min": -1.34086453915,
        "var": 0.342808306217
    },
    "erbbands_spread": {
        "dmean": 10.629108429,
        "dmean2": 16.5292301178,
        "dvar": 159.347167969,
        "dvar2": 359.95489502,
        "max": 131.135375977,
        "mean": 43.9504051208,
        "median": 39.5128898621,
        "min": 10.5040216446,
        "var": 380.751251221
    },
    "hfc": {
        "dmean": 7.98625183105,
        "dmean2": 10.9685325623,
        "dvar": 116.062980652,
        "dvar2": 198.990783691,
        "max": 111.381500244,
        "mean": 23.6909942627,
        "median": 19.3042564392,
        "min": 1.01459431648,
        "var": 282.582763672
    },
    "melbands_crest": {
        "dmean": 3.3768453598,
        "dmean2": 5.41609382629,
        "dvar": 9.90952205658,
        "dvar2": 25.8020572662,
        "max": 28.4112930298,
        "mean": 16.0119972229,
        "median": 15.9584922791,
        "min": 4.1028585434,
        "var": 30.2577133179
    },
    "melbands_flatness_db": {
        "dmean": 0.0338026434183,
        "dmean2": 0.0510500855744,
        "dvar": 0.00104431458749,
        "dvar2": 0.00274416198954,
        "max": 0.429137021303,
        "mean": 0.215441659093,
        "median": 0.214987263083,
        "min": 0.0361661426723,
        "var": 0.00435103848577
    },
    "melbands_kurtosis": {
        "dmean": 13.4385614395,
        "dmean2": 23.000585556,
        "dvar": 838.947937012,
        "dvar2": 2214.27880859,
        "max": 376.421020508,
        "mean": 19.736246109,
        "median": 9.10278606415,
        "min": -1.42777204514,
        "var": 987.01373291
    },
    "melbands_skewness": {
        "dmean": 0.991641402245,
        "dmean2": 1.61875498295,
        "dvar": 1.76172590256,
        "dvar2": 4.31790924072,
        "max": 14.2232999802,
        "mean": 3.15219712257,
        "median": 2.61467409134,
        "min": 0.225052431226,
        "var": 3.79971528053
    },
    "melbands_spread": {
        "dmean": 6.88099145889,
        "dmean2": 10.7852554321,
        "dvar": 100.631355286,
        "dvar2": 226.217300415,
        "max": 124.218742371,
        "mean": 18.700586319,
        "median": 15.4914999008,
        "min": 1.06254053116,
        "var": 231.443130493
    },
    "pitch_salience": {
        "dmean": 0.076890565455,
        "dmean2": 0.126754581928,
        "dvar": 0.00477385427803,
        "dvar2": 0.0128440530971,
        "max": 0.786865234375,
        "mean": 0.502151787281,
        "median": 0.502838432789,
        "min": 0.197426557541,
        "var": 0.0118834497407
    },
    "silence_rate_20dB": {
        "dmean": 0,
        "dmean2": 0,
        "dvar": 0,
        "dvar2": 0,
        "max": 1,
        "mean": 1,
        "median": 1,
        "min": 1,
        "var": 0
    },
    "silence_rate_30dB": {
        "dmean": 0.00154798757285,
        "dmean2": 0.00309837330133,
        "dvar": 0.00154558639042,
        "dvar2": 0.00463793426752,
        "max": 1,
        "mean": 0.999226629734,
        "median": 1,
        "min": 0,
        "var": 0.000772796222009
    },
    "silence_rate_60dB": {
        "dmean": 0.00154798757285,
        "dmean2": 0.00309837330133,
        "dvar": 0.0015455794055,
        "dvar2": 0.00463789748028,
        "max": 1,
        "mean": 0.00077339517884,
        "median": 0,
        "min": 0,
        "var": 0.000772794999648
    },
    "spectral_centroid": {
        "dmean": 271.141845703,
        "dmean2": 424.834289551,
        "dvar": 99609.5703125,
        "dvar2": 219297.859375,
        "max": 3779.44482422,
        "mean": 1142.11535645,
        "median": 1024.77478027,
        "min": 204.825531006,
        "var": 317877.46875
    },
    "spectral_complexity": {
        "dmean": 3.66873073578,
        "dmean2": 5.24477148056,
        "dvar": 20.9336433411,
        "dvar2": 32.6853103638,
        "max": 58,
        "mean": 20.3147716522,
        "median": 19,
        "min": 6,
        "var": 69.6543197632
    },
    "spectral_decrease": {
        "dmean": 3.72080366517e-09,
        "dmean2": 6.38120312146e-09,
        "dvar": 2.36421768286e-17,
        "dvar2": 6.5417254489e-17,
        "max": -5.34747190972e-10,
        "mean": -9.9681782828e-09,
        "median": -9.00303032125e-09,
        "min": -3.61670835503e-08,
        "var": 3.07497808359e-17
    },
    "spectral_energy": {
        "dmean": 0.0143772689626,
        "dmean2": 0.0244228318334,
        "dvar": 0.000342372513842,
        "dvar2": 0.000941881909966,
        "max": 0.138108119369,
        "mean": 0.0397710204124,
        "median": 0.0362460538745,
        "min": 0.00211028708145,
        "var": 0.000455798377516
    },
    "spectral_energyband_high": {
        "dmean": 0.000711068685632,
        "dmean2": 0.000975559349172,
        "dvar": 1.55172699579e-06,
        "dvar2": 2.78496895589e-06,
        "max": 0.0123477261513,
        "mean": 0.000995655660518,
        "median": 0.000357724900823,
        "min": 6.37294760963e-06,
        "var": 2.87066200144e-06
    },
    "spectral_energyband_low": {
        "dmean": 0.0109265483916,
        "dmean2": 0.0188189297915,
        "dvar": 0.000284796580672,
        "dvar2": 0.00078587961616,
        "max": 0.121422640979,
        "mean": 0.0191230122,
        "median": 0.0136803649366,
        "min": 2.4646800739e-05,
        "var": 0.000389978900785
    },
    "spectral_energyband_middle_high": {
        "dmean": 0.00155411299784,
        "dmean2": 0.00225655315444,
        "dvar": 2.9426553283e-06,
        "dvar2": 6.68217307975e-06,
        "max": 0.0319487638772,
        "mean": 0.00507616065443,
        "median": 0.00437365844846,
        "min": 0.000206381781027,
        "var": 1.4102737623e-05
    },
    "spectral_energyband_middle_low": {
        "dmean": 0.00653064157814,
        "dmean2": 0.010723721236,
        "dvar": 0.000116100389278,
        "dvar2": 0.00032242629095,
        "max": 0.0915693789721,
        "mean": 0.0174223668873,
        "median": 0.0145509503782,
        "min": 0.00114937697072,
        "var": 0.000159137387527
    },
    "spectral_entropy": {
        "dmean": 0.226055622101,
        "dmean2": 0.301767855883,
        "dvar": 0.0516748502851,
        "dvar2": 0.102648772299,
        "max": 8.42290401459,
        "mean": 7.40155887604,
        "median": 7.34671020508,
        "min": 6.07643890381,
        "var": 0.185887411237
    },
    "spectral_flux": {
        "dmean": 0.0342381857336,
        "dmean2": 0.0536186508834,
        "dvar": 0.00161570252385,
        "dvar2": 0.0032272208482,
        "max": 0.303779512644,
        "mean": 0.0958187133074,
        "median": 0.0809994712472,
        "min": 0.0206623133272,
        "var": 0.00282478099689
    },
    "spectral_kurtosis": {
        "dmean": 1.98211312294,
        "dmean2": 3.06879162788,
        "dvar": 4.57021617889,
        "dvar2": 11.9358243942,
        "max": 24.3206501007,
        "mean": 5.10871458054,
        "median": 4.68875789642,
        "min": -0.428419828415,
        "var": 10.4427480698
    },
    "spectral_rms": {
        "dmean": 0.00106909184251,
        "dmean2": 0.00176436291076,
        "dvar": 1.49517393311e-06,
        "dvar2": 3.97164467358e-06,
        "max": 0.0116077400744,
        "mean": 0.00600531417876,
        "median": 0.00594659615308,
        "min": 0.00143485772423,
        "var": 2.73725163424e-06
    },
    "spectral_rolloff": {
        "dmean": 499.214111328,
        "dmean2": 811.157165527,
        "dvar": 687431.0625,
        "dvar2": 1479600,
        "max": 7838.0859375,
        "mean": 1160.16174316,
        "median": 796.728515625,
        "min": 86.1328125,
        "var": 1430945.25
    },
    "spectral_skewness": {
        "dmean": 0.270078599453,
        "dmean2": 0.403466403484,
        "dvar": 0.0652828365564,
        "dvar2": 0.157442301512,
        "max": 3.79095482826,
        "mean": 1.68993794918,
        "median": 1.66103887558,
        "min": 0.355252683163,
        "var": 0.225966855884
    },
    "spectral_spread": {
        "dmean": 908723.4375,
        "dmean2": 1291877.625,
        "dvar": 1.15166072013e+12,
        "dvar2": 2.37280192102e+12,
        "max": 13126811,
        "mean": 4743416.5,
        "median": 4289536,
        "min": 1924078,
        "var": 3.06568809677e+12
    },
    "spectral_strongpeak": {
        "dmean": 0.406334459782,
        "dmean2": 0.712336719036,
        "dvar": 0.421323597431,
        "dvar2": 1.09071528912,
        "max": 7.39910173416,
        "mean": 0.839522123337,
        "median": 0.641087591648,
        "min": 0.028197273612,
        "var": 0.59876793623
    },
    "zerocrossingrate": {
        "dmean": 0.0120966769755,
        "dmean2": 0.0137270949781,
        "dvar": 0.000168825965375,
        "dvar2": 0.00019443614292,
        "max": 0.2177734375,
        "mean": 0.0523552298546,
        "median": 0.044921875,
        "min": 0.0048828125,
        "var": 0.000981165794656
    },
    "barkbands": {
        "dmean": [0.000314628705382, 0.00680383574218, 0.0042301826179, 0.00324855791405, 0.00240866420791, 0.00074617669452, 0.00134584482294, 0.00119926058687, 0.000775852880906, 0.000338676327374, 0.000192781764781, 0.000531149154995, 0.000227156022447, 0.000338705518516, 0.000181933923159, 0.000267053692369, 0.000211578313611, 0.000287155358819, 0.000133482346428, 0.000182843708899, 0.000125005826703, 0.000164800731, 0.000119957148854, 0.00015488009376, 7.76137821958e-05, 6.14813470747e-05, 1.87400317486e-09],
        "dmean2": [0.000493017840199, 0.0122081181034, 0.006985261105, 0.00542920362204, 0.00414369255304, 0.00119407207239, 0.00203605787829, 0.00176253030077, 0.00118784653023, 0.000518631888554, 0.000287082366413, 0.00082741281949, 0.000355297030183, 0.000516726635396, 0.00027396765654, 0.000414551264839, 0.000339820428053, 0.000458692549728, 0.000198608191567, 0.000276969396509, 0.000181959330803, 0.000235782004893, 0.000177814188646, 0.000245455186814, 0.000116085342597, 8.87786518433e-05, 3.2035671893e-09],
        "dvar": [5.73782415358e-07, 0.000246579264058, 4.26152837463e-05, 2.67668401648e-05, 3.07258706016e-05, 1.3612263956e-06, 4.1975986278e-06, 4.03547710448e-06, 1.80495919722e-06, 2.39760055365e-07, 1.18828211271e-07, 8.47868477649e-07, 1.26310453652e-07, 2.76518107967e-07, 9.49843794729e-08, 9.96944180542e-08, 8.72756658055e-08, 1.65936896224e-07, 8.92819542742e-08, 8.06977098478e-08, 9.73022125095e-08, 1.42859548191e-07, 5.2038103604e-08, 8.94142928587e-08, 1.80118355786e-08, 1.26972148351e-08, 1.17272240943e-16],
        "dvar2": [1.34324511691e-06, 0.000704588950612, 0.000107728992589, 7.42903066566e-05, 8.58100829646e-05, 3.44651357409e-06, 9.44628209254e-06, 9.28936970013e-06, 4.18615127273e-06, 5.83443238611e-07, 2.47734277536e-07, 2.25404983212e-06, 2.99878536225e-07, 5.88907596466e-07, 2.2104394759e-07, 2.39978504624e-07, 2.19802132051e-07, 4.03625222134e-07, 1.91540038941e-07, 1.79834543701e-07, 2.02096046564e-07, 2.72727930906e-07, 1.06643369691e-07, 2.20796806616e-07, 3.70913468828e-08, 2.75200875421e-08, 1.23333079318e-16],
        "max": [0.00626132218167, 0.110994592309, 0.054535984993, 0.0399752110243, 0.0444060489535, 0.0142030064017, 0.0336679145694, 0.0237098205835, 0.0208812467754, 0.00550659792498, 0.00756127759814, 0.0258488561958, 0.00451542297378, 0.00514135416597, 0.00404579518363, 0.00336462724954, 0.00410200003535, 0.00454593077302, 0.00373881938867, 0.00334232556634, 0.00502550927922, 0.00548557657748, 0.00199874816462, 0.00274932384491, 0.00147855607793, 0.00145633239299, 3.85752201737e-07],
        "mean": [0.000375016010366, 0.00730546982959, 0.00863720662892, 0.00512441014871, 0.00359052140266, 0.00142314180266, 0.0031914843712, 0.00244614621624, 0.00155922886916, 0.000652675458696, 0.000371491565602, 0.00103605620097, 0.000396226358134, 0.00055454618996, 0.000299843697576, 0.000503958843183, 0.000374018563889, 0.000546422495972, 0.000192530380446, 0.000334177399054, 0.000168066340848, 0.000205547141377, 0.000143577170093, 0.000166344063473, 9.81405100902e-05, 7.4842646427e-05, 1.57722790384e-09],
        "median": [2.68210314971e-05, 0.00128862517886, 0.00514343753457, 0.00278206635267, 0.00224796915427, 0.000978318974376, 0.00203859549947, 0.00124344264623, 0.000694284972269, 0.000365517073078, 0.000143239565659, 0.000597323989496, 0.000215632084291, 0.000235218336456, 0.000143600846059, 0.000327320158249, 0.000212699436815, 0.000346383953001, 7.47642188799e-05, 0.000197985922568, 4.91088139825e-05, 4.94442465424e-05, 4.03780140914e-05, 4.09170315834e-05, 2.36005980696e-05, 2.02860210265e-05, 5.71289515694e-10],
        "min": [8.01925637006e-09, 3.21076777254e-06, 1.96100063476e-06, 1.28492192744e-05, 5.1331378927e-05, 2.63976180577e-05, 3.00381398119e-05, 1.06770867205e-05, 2.61081686403e-06, 2.66711413133e-06, 2.1180760541e-06, 2.03721538128e-05, 1.98790098693e-06, 1.74366232386e-06, 3.92728588849e-06, 5.29395310878e-06, 1.30543094201e-06, 2.53359189628e-06, 7.90362491898e-07, 7.90172805409e-07, 6.07155129728e-07, 6.39347035758e-07, 2.02584502063e-07, 2.58369794892e-07, 1.63729421132e-08, 4.78855843866e-10, 1.33828659959e-11],
        "var": [8.80819754911e-07, 0.00022206272115, 0.0001068838028, 3.85174353141e-05, 2.42129717662e-05, 2.04235561796e-06, 1.25163023768e-05, 1.02851754491e-05, 5.62356535738e-06, 5.99043687544e-07, 3.56862557283e-07, 3.40568885804e-06, 3.34295435778e-07, 6.26301016382e-07, 1.64379514445e-07, 2.55921946746e-07, 1.99372450993e-07, 3.61515475333e-07, 1.37058421501e-07, 1.67843339227e-07, 1.43234927918e-07, 2.30757052577e-07, 7.63871241816e-08, 9.67774482774e-08, 3.21312683127e-08, 2.20093898662e-08, 1.1736328375e-16]
    },
    "erbbands": {
        "dmean": [0.172220945358, 1.65464890003, 4.22727251053, 8.04884910583, 10.9348077774, 6.55403089523, 6.13751602173, 7.00077104568, 15.5492773056, 19.3430213928, 24.2897624969, 15.4994258881, 12.9968099594, 10.5290966034, 12.0217189789, 14.0080366135, 11.9009666443, 10.3270626068, 13.8401079178, 9.47647762299, 15.2059516907, 12.0768222809, 13.9220685959, 10.3754901886, 8.42736816406, 7.24976730347, 5.2480301857, 5.5689458847, 6.43906164169, 3.84509205818, 3.32871007919, 2.90673589706, 2.77807021141, 1.12152266502, 0.509747266769, 0.310092687607, 0.113745413721, 0.00941398739815, 0.000174063723534, 2.14541942114e-05],
        "dmean2": [0.299699991941, 2.98769259453, 7.03245210648, 13.3302431107, 18.9010334015, 10.8908023834, 10.3020591736, 11.0092086792, 22.4365310669, 30.4691581726, 36.1391563416, 23.7660942078, 20.0388698578, 16.1645069122, 18.6240768433, 21.8686943054, 18.6047897339, 15.5427522659, 21.1239833832, 14.0576782227, 24.013010025, 19.2956047058, 21.8188457489, 16.0940475464, 12.7750301361, 10.7827939987, 7.51084423065, 8.14977455139, 9.23191547394, 5.44448280334, 4.94626569748, 4.28196763992, 4.58770513535, 1.75428903103, 0.753536343575, 0.464436411858, 0.163661003113, 0.0141987018287, 0.000254766637227, 3.29735012201e-05],
        "dvar": [0.153566583991, 14.7964048386, 43.4499855042, 118.15612793, 664.04296875, 153.768478394, 166.654205322, 98.2631454468, 492.528015137, 722.238769531, 2517.7331543, 576.591552734, 381.49899292, 251.714645386, 719.505004883, 430.08682251, 331.843719482, 262.70413208, 494.094421387, 202.840606689, 319.318511963, 273.272613525, 369.727783203, 382.051422119, 221.193939209, 138.916900635, 160.481338501, 188.21055603, 218.767166138, 74.6555633545, 40.0220336914, 26.8190116882, 32.7165870667, 4.07889986038, 0.928032279015, 0.412502408028, 0.0373856686056, 0.000256822473602, 8.33890112517e-08, 7.10149716809e-10],
        "dvar2": [0.450674951077, 42.7404747009, 111.588180542, 320.689300537, 1898.09667969, 407.678070068, 457.570678711, 244.699172974, 1036.58422852, 1661.70581055, 5836.83496094, 1329.10974121, 977.493713379, 649.00579834, 1909.83959961, 1074.45446777, 789.530456543, 584.876708984, 1047.21875, 442.503570557, 821.535461426, 663.828979492, 899.19152832, 890.444702148, 500.269317627, 291.281890869, 334.035186768, 401.36907959, 421.349822998, 140.56211853, 81.5105209351, 59.7372322083, 85.6598892212, 9.61198043823, 1.98510837555, 0.95419216156, 0.0784073323011, 0.00059392437106, 1.84963127481e-07, 1.61367241791e-09],
        "max": [3.0318300724, 26.0681209564, 52.0946731567, 95.3848800659, 210.821289062, 110.968658447, 140.662506104, 111.566947937, 327.259613037, 365.167449951, 778.951660156, 335.521209717, 359.100799561, 242.166152954, 614.579589844, 511.861083984, 252.557250977, 223.56690979, 247.820251465, 174.697998047, 166.415298462, 219.306365967, 233.848083496, 256.083251953, 219.879119873, 145.514541626, 237.111724854, 185.756469727, 244.033340454, 83.6362762451, 56.0903091431, 40.5011138916, 45.7578353882, 17.9602870941, 11.8066959381, 7.92256212234, 2.34081530571, 0.156858935952, 0.00288645015098, 0.000237674292293],
        "mean": [0.167192950845, 1.8578299284, 8.74670886993, 14.9897584915, 15.2565917969, 10.1545162201, 9.87016582489, 15.0414991379, 38.7993545532, 45.1872367859, 51.7991943359, 32.2809486389, 25.4644260406, 22.189666748, 25.9778957367, 27.9439620972, 22.5988750458, 19.3696460724, 24.5176143646, 18.0142421722, 28.7091770172, 23.2567977905, 27.3349552155, 18.1498527527, 14.5835733414, 13.2110338211, 7.3876824379, 7.53982400894, 8.18335723877, 4.57491350174, 4.13179159164, 3.31487679482, 2.78254437447, 1.29086375237, 0.636346697807, 0.367137312889, 0.136684477329, 0.0107528045774, 0.000223492432269, 5.72904136789e-05],
        "median": [0.0212284754962, 0.393734365702, 4.30648183823, 10.122546196, 8.69890785217, 5.73215770721, 5.96678924561, 10.7405157089, 24.3944015503, 29.7776031494, 24.705657959, 17.0910778046, 15.6241340637, 13.169418335, 12.946185112, 17.5967712402, 13.3119029999, 10.8064498901, 11.9830589294, 11.4421262741, 19.9821529388, 14.4799032211, 17.986076355, 8.05619812012, 7.9156665802, 7.5846529007, 2.70495700836, 2.20462465286, 1.99566578865, 1.0628194809, 1.22671306133, 0.897215306759, 0.578426063061, 0.296862870455, 0.150997027755, 0.0909021347761, 0.0352617427707, 0.00327916396782, 8.09290650068e-05, 4.86883945996e-05],
        "min": [0.000104868195194, 0.000414120586356, 0.003256410826, 0.0509614907205, 0.0737985149026, 0.116701520979, 0.277524739504, 0.383147805929, 0.383029907942, 0.450550317764, 0.435790538788, 0.319760680199, 0.417496979237, 0.249334052205, 0.352403730154, 0.69345420599, 0.332043468952, 0.158561915159, 0.199743613601, 0.420885980129, 0.282107055187, 0.12772783637, 0.148691028357, 0.0640133395791, 0.0327311642468, 0.0328530967236, 0.0326835513115, 0.0276275239885, 0.0226331260055, 0.0124880746007, 0.00750829325989, 0.00224704062566, 0.00629742955789, 0.00145026517566, 0.000135401991429, 2.57291867456e-05, 1.0459598343e-05, 2.02779847314e-06, 2.97869792121e-06, 3.81840800401e-06],
        "var": [0.147704616189, 12.6771697998, 101.282974243, 241.261886597, 510.336181641, 176.403137207, 163.092468262, 198.876052856, 1730.29138184, 2084.31884766, 6765.35058594, 1721.07080078, 1031.94824219, 686.119262695, 2886.97973633, 1481.69262695, 941.512268066, 668.21862793, 1108.66918945, 406.46862793, 775.928527832, 655.466796875, 837.550842285, 761.532226562, 390.031951904, 282.208312988, 232.992599487, 280.383575439, 375.377380371, 111.629371643, 59.2329673767, 36.0855903625, 30.7362747192, 5.4592833519, 1.59932482243, 0.624615311623, 0.0680461004376, 0.000357424432877, 1.29881058797e-07, 1.19039689217e-09]
    },
    "gfcc": {
        "mean": [28.7015533447, 97.0670013428, -110.204040527, 27.7745513916, -57.0999259949, 8.49149990082, -42.3284950256, 15.5409193039, -26.0495967865, 2.38090705872, -20.4228610992, -2.83704066277, -20.5673027039],
        "cov": [[1835.37268066, -983.986816406, 52.8975067139, 225.603225708, -228.611495972, 148.656677246, -137.131866455, -25.8184070587, -87.8771972656, 62.8549613953, -140.371444702, 21.1149234772, -180.011962891], [-983.986816406, 1185.34057617, -242.901916504, -152.636505127, 266.035400391, -163.942764282, 193.063796997, -11.8463935852, 89.5488357544, -120.310638428, 136.446777344, -116.529823303, 118.570335388], [52.8975067139, -242.901916504, 919.978027344, 195.551757812, 65.564239502, 309.161956787, -3.59737706184, 129.870239258, 39.647403717, 50.7608222961, -30.807264328, 96.2515640259, -28.5475101471], [225.603225708, -152.636505127, 195.551757812, 300.895111084, 67.9782104492, 108.447395325, 16.6093139648, -0.770867407322, 33.9587593079, 14.1587867737, -9.35381412506, 18.0965366364, 24.2627925873], [-228.611495972, 266.035400391, 65.564239502, 67.9782104492, 274.770172119, 22.0728530884, 77.9472198486, 18.4491920471, 29.4454994202, 24.6403808594, 28.8344230652, 1.67309892178, 48.2190361023], [148.656677246, -163.942764282, 309.161956787, 108.447395325, 22.0728530884, 234.066848755, 42.1227455139, 44.2430725098, 5.08113527298, 32.1997375488, 9.32842063904, 31.5576496124, 3.07021045685], [-137.131866455, 193.063796997, -3.59737706184, 16.6093139648, 77.9472198486, 42.1227455139, 163.626602173, 36.6349411011, 21.1994819641, 12.2793006897, 41.4375495911, -10.4054985046, 31.7471523285], [-25.8184070587, -11.8463935852, 129.870239258, -0.770867407322, 18.4491920471, 44.2430725098, 36.6349411011, 122.562896729, 44.7319030762, 29.2246761322, 16.5927181244, 15.5276794434, -2.38482546806], [-87.8771972656, 89.5488357544, 39.647403717, 33.9587593079, 29.4454994202, 5.08113527298, 21.1994819641, 44.7319030762, 98.2649307251, 19.0226097107, 19.97564888, -0.92611682415, 15.3165426254], [62.8549613953, -120.310638428, 50.7608222961, 14.1587867737, 24.6403808594, 32.1997375488, 12.2793006897, 29.2246761322, 19.0226097107, 109.227302551, 15.7386512756, 27.0538711548, 3.83259010315], [-140.371444702, 136.446777344, -30.807264328, -9.35381412506, 28.8344230652, 9.32842063904, 41.4375495911, 16.5927181244, 19.97564888, 15.7386512756, 88.7361602783, 4.027323246, 32.3572463989], [21.1149234772, -116.529823303, 96.2515640259, 18.0965366364, 1.67309892178, 31.5576496124, -10.4054985046, 15.5276794434, -0.92611682415, 27.0538711548, 4.027323246, 90.693939209, 21.2309093475], [-180.011962891, 118.570335388, -28.5475101471, 24.2627925873, 48.2190361023, 3.07021045685, 31.7471523285, -2.38482546806, 15.3165426254, 3.83259010315, 32.3572463989, 21.2309093475, 105.19103241]],
        "icov": [[0.00132516014855, 0.000568324991036, 0.000699684023857, -0.00107600551564, 0.000308634684188, -0.00087754096603, 0.000196607405087, -0.000371905043721, 0.000502914714161, -0.000287240167381, 0.000670157314744, -3.85427338188e-05, 0.00162042945158], [0.000568324991036, 0.00620309310034, -0.00157376832794, 0.00360081996769, -0.00433180853724, 0.00370197999291, -0.00440067891032, 0.00322014186531, -0.00481400871649, 0.00670105917379, -0.00562681583688, 0.00540622975677, -0.00290187983774], [0.000699684023857, -0.00157376832794, 0.00379656907171, -0.00237100222148, 0.000786757911555, -0.00489913998172, 0.00269553461112, -0.00324906990863, 0.00143253605347, -0.00171425193548, 0.00324752368033, -0.00350741599686, 0.0030065048486], [-0.00107600551564, 0.00360081996769, -0.00237100222148, 0.00851413514465, -0.00412206910551, 0.00162360933609, -0.00313773960806, 0.00455874344334, -0.00598218198866, 0.00492668757215, -0.00338863371871, 0.00377161800861, -0.00464229099452], [0.000308634684188, -0.00433180853724, 0.000786757911555, -0.00412206910551, 0.00835166219622, -0.00194319547154, 0.001245612395, -0.00216101366095, 0.00373015459627, -0.006146394182, 0.00417643180117, -0.0032646835316, 0.0014336904278], [-0.00087754096603, 0.00370197999291, -0.00489913998172, 0.00162360933609, -0.00194319547154, 0.0131687326357, -0.00589809892699, 0.00263078208081, -0.0015231850557, 0.00337692047469, -0.00612247595564, 0.00433051027358, -0.0039244890213], [0.000196607405087, -0.00440067891032, 0.00269553461112, -0.00313773960806, 0.001245612395, -0.00589809892699, 0.0127071747556, -0.0053831092082, 0.00396359525621, -0.00479681883007, 0.00239866506308, -0.00257674069144, 0.00177603133488], [-0.000371905043721, 0.00322014186531, -0.00324906990863, 0.00455874344334, -0.00216101366095, 0.00263078208081, -0.0053831092082, 0.015581253916, -0.00830209255219, 0.00237308675423, -0.00433791801333, 0.00231009023264, -0.00131719803903], [0.000502914714161, -0.00481400871649, 0.00143253605347, -0.00598218198866, 0.00373015459627, -0.0015231850557, 0.00396359525621, -0.00830209255219, 0.0188096016645, -0.0072638685815, 0.00312326196581, -0.00256027607247, 0.0020875108894], [-0.000287240167381, 0.00670105917379, -0.00171425193548, 0.00492668757215, -0.006146394182, 0.00337692047469, -0.00479681883007, 0.00237308675423, -0.0072638685815, 0.0189932752401, -0.00811366643757, 0.00285031902604, -0.00313991913572], [0.000670157314744, -0.00562681583688, 0.00324752368033, -0.00338863371871, 0.00417643180117, -0.00612247595564, 0.00239866506308, -0.00433791801333, 0.00312326196581, -0.00811366643757, 0.02134927921, -0.00582505762577, 0.00104362680577], [-3.85427338188e-05, 0.00540622975677, -0.00350741599686, 0.00377161800861, -0.0032646835316, 0.00433051027358, -0.00257674069144, 0.00231009023264, -0.00256027607247, 0.00285031902604, -0.00582505762577, 0.0200121887028, -0.00775979319587], [0.00162042945158, -0.00290187983774, 0.0030065048486, -0.00464229099452, 0.0014336904278, -0.0039244890213, 0.00177603133488, -0.00131719803903, 0.0020875108894, -0.00313991913572, 0.00104362680577, -0.00775979319587, 0.0173842627555]]
    },
    "melbands": {
        "dmean": [0.00170376186725, 0.00219325651415, 0.001496930141, 0.000612762989476, 0.000223769282456, 0.00015276556951, 0.000252141151577, 0.000227482349146, 0.000193155210582, 0.000102331905509, 6.7888344347e-05, 4.49404542451e-05, 3.06812835333e-05, 5.58680912945e-05, 3.20418403135e-05, 2.57080173469e-05, 2.16447697312e-05, 2.74584836006e-05, 1.58738275786e-05, 1.64445100381e-05, 1.72174477484e-05, 1.29246218421e-05, 1.17036797747e-05, 1.54691806529e-05, 8.190681001e-06, 5.36029710929e-06, 7.6181422628e-06, 4.89013427796e-06, 3.75128047381e-06, 2.8232866498e-06, 3.58758870789e-06, 4.25158214057e-06, 2.63030142378e-06, 2.02172464014e-06, 1.93379469238e-06, 2.07626499105e-06, 1.64584969298e-06, 1.88171225091e-06, 1.88878095742e-06, 7.28390148197e-07],
        "dmean2": [0.00305049237795, 0.00376003375277, 0.00250645191409, 0.00104710401502, 0.000373631191906, 0.00023893135949, 0.000373714370653, 0.00035033057793, 0.000289576157229, 0.000157234884682, 0.000105217608507, 6.90745728207e-05, 4.72028841614e-05, 8.61474400153e-05, 5.08293087478e-05, 3.974001811e-05, 3.28357127728e-05, 4.21941695095e-05, 2.40781828325e-05, 2.49768218055e-05, 2.74142348644e-05, 2.08489727811e-05, 1.9046721718e-05, 2.45260798692e-05, 1.28778283397e-05, 7.97369648353e-06, 1.19045334941e-05, 7.30255851522e-06, 5.48605476069e-06, 4.12609051637e-06, 5.43085116078e-06, 6.30576141702e-06, 3.77511969418e-06, 2.91703645416e-06, 2.9236014143e-06, 3.20886829286e-06, 2.42676287598e-06, 3.06305105369e-06, 3.21677521242e-06, 1.10953112653e-06],
        "dvar": [1.55071757035e-05, 1.31085471367e-05, 4.74380340165e-06, 1.95894540411e-06, 1.91508064518e-07, 4.4301305735e-08, 1.39206349559e-07, 9.80676801987e-08, 2.03051570224e-07, 2.2885412676e-08, 1.00755634946e-08, 4.26104795892e-09, 3.78997055961e-09, 1.23284502607e-08, 2.75492118007e-09, 1.56688229058e-09, 1.09212605626e-09, 2.33924613013e-09, 6.98077096128e-10, 5.42134059867e-10, 4.46686188038e-10, 2.73430528219e-10, 3.90058652044e-10, 4.35406211086e-10, 2.88499168999e-10, 1.52104800977e-10, 1.35145117319e-10, 6.92944521208e-11, 7.56332704799e-11, 5.21921568464e-11, 8.91644813539e-11, 1.03342764901e-10, 3.88616326619e-11, 1.96527048107e-11, 1.45392179199e-11, 1.6092550903e-11, 8.68572488238e-12, 1.36586844265e-11, 1.7484349038e-11, 1.69583368615e-12],
        "dvar2": [4.42986602138e-05, 3.58435245289e-05, 1.33437142722e-05, 5.476604656e-06, 5.23095593508e-07, 1.09577705132e-07, 3.02075761738e-07, 2.1997004751e-07, 4.80176254314e-07, 5.42149471983e-08, 2.60371386673e-08, 1.09577786844e-08, 9.6144017192e-09, 3.20220472361e-08, 7.06302527576e-09, 3.68420072228e-09, 2.46390530201e-09, 4.9421791104e-09, 1.63892921456e-09, 1.21955701093e-09, 1.15558862479e-09, 6.68214483746e-10, 9.59129109468e-10, 1.0353523594e-09, 6.80872802583e-10, 3.35503042015e-10, 3.17330411947e-10, 1.45429501774e-10, 1.6045262341e-10, 1.15445965287e-10, 2.03946762256e-10, 2.15655868163e-10, 7.32637076006e-11, 3.86538995256e-11, 2.95253335669e-11, 3.84815131149e-11, 1.89004992213e-11, 3.50025911033e-11, 4.70760201654e-11, 3.7847151628e-12],
        "max": [0.0298081394285, 0.0299919806421, 0.0168322902173, 0.0110363373533, 0.00441750371829, 0.00234833941795, 0.00578231038526, 0.00395417260006, 0.00755174038932, 0.00198288960382, 0.00171458465047, 0.000950609333813, 0.00129782501608, 0.00338098965585, 0.000586461392231, 0.000554758589715, 0.000429934938438, 0.000510719895829, 0.000312820251565, 0.000309206167003, 0.000236901309108, 0.000213511826587, 0.000210020953091, 0.000254310318269, 0.000220365007408, 0.000179038630449, 0.000142227552715, 8.82233289303e-05, 0.000151249783812, 0.000110703469545, 0.000154545996338, 0.000171783176484, 6.22183943051e-05, 4.25205653301e-05, 3.5188288166e-05, 3.83570077247e-05, 2.38083121076e-05, 3.09401839331e-05, 3.50758018612e-05, 1.31711640279e-05],
        "mean": [0.00175834307447, 0.00394081370905, 0.00269668595865, 0.000892550742719, 0.000365977495676, 0.000334452168318, 0.000616920995526, 0.000526116113178, 0.000403459329391, 0.000202267168788, 0.000126663260744, 9.27478977246e-05, 6.81728852214e-05, 0.00011035654461, 5.45734801563e-05, 4.50767547591e-05, 3.62485516234e-05, 4.52492386103e-05, 2.5906443625e-05, 2.96405905829e-05, 3.07241098199e-05, 2.26503798331e-05, 2.19850098802e-05, 2.81203901977e-05, 1.29151476358e-05, 7.96327913122e-06, 1.32056902657e-05, 7.98486962594e-06, 5.15688589076e-06, 3.61485035683e-06, 4.57737314719e-06, 5.23082917425e-06, 3.10604514198e-06, 2.31046328736e-06, 2.42759938374e-06, 2.2861238449e-06, 1.88554452052e-06, 1.91159233509e-06, 1.76852506684e-06, 8.70501025929e-07],
        "median": [0.000295857200399, 0.00190948043019, 0.00193566572852, 0.000541880726814, 0.000238157779677, 0.000246562529355, 0.000402217556257, 0.000347682507709, 0.000174226734089, 0.000105078383058, 7.52813211875e-05, 5.62938585063e-05, 3.73854454665e-05, 5.55278384127e-05, 2.63819620159e-05, 2.39047749346e-05, 1.85578883247e-05, 1.67959915416e-05, 1.2337219232e-05, 1.60271574714e-05, 2.03287236218e-05, 1.46554157254e-05, 1.09686970973e-05, 1.79064900294e-05, 4.27488430432e-06, 3.47471859641e-06, 7.45204579289e-06, 4.04933371101e-06, 1.87805778751e-06, 9.70703240455e-07, 1.30529485887e-06, 1.24338555452e-06, 6.47710066914e-07, 5.14580108302e-07, 7.12885253051e-07, 5.77845582939e-07, 5.17355090324e-07, 3.85738928799e-07, 3.30845182361e-07, 2.01337726935e-07],
        "min": [1.41181624258e-06, 7.72318003328e-07, 1.21500306705e-05, 6.92255343893e-06, 9.78347998171e-06, 7.26282451069e-06, 4.77017738376e-06, 4.13907719121e-06, 1.83746965376e-06, 4.61513650407e-07, 1.91130652638e-06, 5.4785436987e-07, 9.15002715374e-07, 1.4769699419e-06, 6.64976880671e-07, 1.96954516696e-07, 7.32055838171e-08, 2.60469278146e-07, 3.66690187548e-07, 4.7161307748e-07, 2.65048413439e-07, 1.02545932634e-07, 1.20186953723e-07, 1.46276505575e-07, 3.73189408265e-08, 2.86219759005e-08, 1.63734323877e-08, 2.36378721041e-08, 2.16835385203e-08, 1.55279309411e-08, 1.43832696864e-08, 1.14237295179e-08, 4.1486698521e-09, 4.5765822243e-09, 4.40428937765e-09, 1.02586650286e-09, 5.04586983308e-10, 2.1298227626e-09, 1.72386560582e-09, 9.00039678203e-12],
