{
"highlevel": {
    "danceability": {
        "all": {
            "danceable": 0.958073377609,
            "not_danceable": 0.041926626116
        },
        "probability": 0.958073377609,
        "value": "danceable"
    },
    "gender": {
        "all": {
            "female": 0.872073233128,
            "male": 0.127926766872
        },
        "probability": 0.872073233128,
        "value": "female"
    },
    "genre_dortmund": {
        "all": {
            "alternative": 0.116001583636,
            "blues": 0.241491869092,
            "electronic": 0.0959532782435,
            "folkcountry": 0.0207263492048,
            "funksoulrnb": 0.018210478127,
            "jazz": 0.0457829609513,
            "pop": 0.0241054948419,
            "raphiphop": 0.123169831932,
            "rock": 0.314558148384
        },
        "probability": 0.314558148384,
        "value": "rock"
    },
    "genre_electronic": {
        "all": {
            "ambient": 0.227500617504,
            "dnb": 0.215677022934,
            "house": 0.256447285414,
            "techno": 0.0278745442629,
            "trance": 0.272500514984
        },
        "probability": 0.272500514984,
        "value": "trance"
    },
    "genre_rosamerica": {
        "all": {
            "cla": 0.0237754341215,
            "dan": 0.256362587214,
            "hip": 0.277751386166,
            "jaz": 0.0339534580708,
            "pop": 0.156847849488,
            "rhy": 0.0773150920868,
            "roc": 0.155778095126,
            "spe": 0.0182160977274
        },
        "probability": 0.277751386166,
        "value": "hip"
    },
    "genre_tzanetakis": {
        "all": {
            "blu": 0.0464868284762,
            "cla": 0.0349604524672,
            "cou": 0.0556447766721,
            "dis": 0.0463686063886,
            "hip": 0.0556421913207,
            "jaz": 0.278210699558,
            "met": 0.0557220615447,
            "pop": 0.0927382931113,
            "reg": 0.0560122989118,
            "roc": 0.278213799
        },
        "probability": 0.278213799,
        "value": "roc"
    },
    "ismir04_rhythm": {
        "all": {
            "ChaChaCha": 0.270211935043,
            "Jive": 0.0578756667674,
            "Quickstep": 0.0261582285166,
            "Rumba-American": 0.028431436047,
            "Rumba-International": 0.00497644720599,
            "Rumba-Misc": 0.00300647388212,
            "Samba": 0.0756042674184,
            "Tango": 0.454974800348,
            "VienneseWaltz": 0.0757395848632,
            "Waltz": 0.00302116875537
        },
        "probability": 0.454974800348,
        "value": "Tango"
    },
    "mood_acoustic": {
        "all": {
            "acoustic": 0.0144443400204,
            "not_acoustic": 0.985555648804
        },
        "probability": 0.985555648804,
        "value": "not_acoustic"
    },
    "mood_aggressive": {
        "all": {
            "aggressive": 0.935167491436,
            "not_aggressive": 0.0648325011134
        },
        "probability": 0.935167491436,
        "value": "aggressive"
    },
    "mood_electronic": {
        "all": {
            "electronic": 0.804041922092,
            "not_electronic": 0.195958092809
        },
        "probability": 0.804041922092,
        "value": "electronic"
    },
    "mood_happy": {
        "all": {
            "happy": 0.285053759813,
            "not_happy": 0.714946210384
        },
        "probability": 0.714946210384,
        "value": "not_happy"
    },
    "mood_party": {
        "all": {
            "not_party": 0.354513764381,
            "party": 0.645486235619
        },
        "probability": 0.645486235619,
        "value": "party"
    },
    "mood_relaxed": {
        "all": {
            "not_relaxed": 0.973081231117,
            "relaxed": 0.0269187893718
        },
        "probability": 0.973081231117,
        "value": "not_relaxed"
    },
    "mood_sad": {
        "all": {
            "not_sad": 0.888318181038,
            "sad": 0.111681804061
        },
        "probability": 0.888318181038,
        "value": "not_sad"
    },
    "moods_mirex": {
        "all": {
            "Cluster1": 0.326563864946,
            "Cluster2": 0.167693078518,
            "Cluster3": 0.0948962122202,
            "Cluster4": 0.0718573927879,
            "Cluster5": 0.338989466429
        },
        "probability": 0.338989466429,
        "value": "Cluster5"
    },
    "timbre": {
        "all": {
            "bright": 0.838976502419,
            "dark": 0.16102348268
        },
        "probability": 0.838976502419,
        "value": "bright"
    },
    "tonal_atonal": {
        "all": {
            "atonal": 0.095296472311,
            "tonal": 0.904703497887
        },
        "probability": 0.904703497887,
        "value": "tonal"
    },
    "voice_instrumental": {
        "all": {
            "instrumental": 0.113352321088,
            "voice": 0.886647701263
        },
        "probability": 0.886647701263,
        "value": "voice"
    }
},
"lowlevel": {
    "average_loudness": 0.98088747263,
    "barkbands_crest": {
        "dmean": 3.28216910362,
        "dmean2": 5.40430164337,
        "dvar": 8.59646511078,
        "dvar2": 20.7348804474,
        "max": 25.369386673,
        "mean": 11.3359861374,
        "median": 10.4167633057,
        "min": 3.22551465034,
        "var": 21.5942783356
    },
    "barkbands_flatness_db": {
        "dmean": 0.0294711254537,
        "dmean2": 0.0464758835733,
        "dvar": 0.000805166841019,
        "dvar2": 0.00177837302908,
        "max": 0.441543489695,
        "mean": 0.174316450953,
        "median": 0.166118785739,
        "min": 0.0606639571488,
        "var": 0.00307192909531
    },
    "barkbands_kurtosis": {
        "dmean": 5.42940425873,
        "dmean2": 8.81385135651,
        "dvar": 322.888183594,
        "dvar2": 830.618591309,
        "max": 488.034851074,
        "mean": 7.03613042831,
        "median": 1.07533121109,
        "min": -1.56837022305,
        "var": 771.322265625
    },
    "barkbands_skewness": {
        "dmean": 0.7345277071,
        "dmean2": 1.14776468277,
        "dvar": 0.829149484634,
        "dvar2": 1.83306097984,
        "max": 18.6236305237,
        "mean": 1.70433366299,
        "median": 1.30898070335,
        "min": -0.748872101307,
        "var": 3.55017471313
    },
    "barkbands_spread": {
        "dmean": 6.36825942993,
        "dmean2": 9.9454908371,
        "dvar": 47.5260543823,
        "dvar2": 99.6501998901,
        "max": 73.2614212036,
        "mean": 21.3619632721,
        "median": 20.1445064545,
        "min": 0.458826988935,
        "var": 136.077041626
    },
    "dissonance": {
        "dmean": 0.018197959289,
        "dmean2": 0.0305343139917,
        "dvar": 0.000282604858512,
        "dvar2": 0.000801375659648,
        "max": 0.499774336815,
        "mean": 0.464620471001,
        "median": 0.470128238201,
        "min": 0.344954043627,
        "var": 0.000585945206694
    },
    "dynamic_complexity": 2.52426981926,
    "erbbands_crest": {
        "dmean": 2.57073020935,
        "dmean2": 4.18567752838,
        "dvar": 5.8573589325,
        "dvar2": 14.6767559052,
        "max": 26.4248275757,
        "mean": 8.36025047302,
        "median": 7.30559253693,
        "min": 2.33734178543,
        "var": 16.6904811859
    },
    "erbbands_flatness_db": {
        "dmean": 0.0224332660437,
        "dmean2": 0.0308304093778,
        "dvar": 0.000450910418294,
        "dvar2": 0.000739963783417,
        "max": 0.305862694979,
        "mean": 0.180108949542,
        "median": 0.188921391964,
        "min": 0.0671686083078,
        "var": 0.00223935535178
    },
    "erbbands_kurtosis": {
        "dmean": 0.737517058849,
        "dmean2": 1.20109438896,
        "dvar": 0.757145643234,
        "dvar2": 1.83107376099,
        "max": 9.78258705139,
        "mean": -0.0476547069848,
        "median": -0.42106294632,
        "min": -1.77801132202,
        "var": 1.67189240456
    },
    "erbbands_skewness": {
        "dmean": 0.349246233702,
        "dmean2": 0.556900918484,
        "dvar": 0.0972119048238,
        "dvar2": 0.220683038235,
        "max": 2.78563690186,
        "mean": 0.0865365713835,
        "median": 0.0392575860023,
        "min": -2.4797205925,
        "var": 0.361931860447
    },
    "erbbands_spread": {
        "dmean": 10.0110788345,
        "dmean2": 14.8820543289,
        "dvar": 109.40133667,
        "dvar2": 214.009994507,
        "max": 149.422943115,
        "mean": 38.724697113,
        "median": 32.4394340515,
        "min": 7.15430307388,
        "var": 448.653045654
    },
    "hfc": {
        "dmean": 8.77952289581,
        "dmean2": 12.1763687134,
        "dvar": 213.270431519,
        "dvar2": 362.293457031,
        "max": 130.332382202,
        "mean": 21.6490955353,
        "median": 13.7721948624,
        "min": 0.18445083499,
        "var": 476.988647461
    },
    "melbands_crest": {
        "dmean": 3.47373747826,
        "dmean2": 5.70021629333,
        "dvar": 9.77381420135,
        "dvar2": 22.6409931183,
        "max": 32.6541099548,
        "mean": 14.5766115189,
        "median": 13.9352798462,
        "min": 3.55420184135,
        "var": 29.7792892456
    },
    "melbands_flatness_db": {
        "dmean": 0.0346982479095,
        "dmean2": 0.0532100759447,
        "dvar": 0.00124827492982,
        "dvar2": 0.00267625902779,
        "max": 0.549275100231,
        "mean": 0.221835300326,
        "median": 0.209338143468,
        "min": 0.0807846561074,
        "var": 0.00543521763757
    },
    "melbands_kurtosis": {
        "dmean": 14.0442419052,
        "dmean2": 22.5938854218,
        "dvar": 1295.0904541,
        "dvar2": 3029.71630859,
        "max": 773.741699219,
        "mean": 23.6595554352,
        "median": 6.61266613007,
        "min": -1.44703710079,
        "var": 4151.98828125
    },
    "melbands_skewness": {
        "dmean": 1.05655491352,
        "dmean2": 1.62016940117,
        "dvar": 1.63769590855,
        "dvar2": 3.58081293106,
        "max": 20.6664638519,
        "mean": 3.0596973896,
        "median": 2.36975193024,
        "min": -0.646319150925,
        "var": 7.45728111267
    },
    "melbands_spread": {
        "dmean": 7.19429683685,
        "dmean2": 11.5538349152,
        "dvar": 54.5807266235,
        "dvar2": 133.964523315,
        "max": 76.7327575684,
        "mean": 21.4977455139,
        "median": 20.3675861359,
        "min": 0.37112057209,
        "var": 155.424514771
    },
    "pitch_salience": {
        "dmean": 0.0865074247122,
        "dmean2": 0.139308080077,
        "dvar": 0.00635466724634,
        "dvar2": 0.0156146846712,
        "max": 0.827938437462,
        "mean": 0.508175969124,
        "median": 0.515964329243,
        "min": 0.0838752612472,
        "var": 0.0143843088299
    },
    "silence_rate_20dB": {
        "dmean": 0,
        "dmean2": 0,
        "dvar": 0,
        "dvar2": 0,
        "max": 1,
        "mean": 1,
        "median": 1,
        "min": 1,
        "var": 0
    },
    "silence_rate_30dB": {
        "dmean": 0.00773993786424,
        "dmean2": 0.0154918665066,
        "dvar": 0.0076800971292,
        "dvar2": 0.0198997315019,
        "max": 1,
        "mean": 0.994586229324,
        "median": 1,
        "min": 0,
        "var": 0.00538435252383
    },
    "silence_rate_60dB": {
        "dmean": 0.0185758508742,
        "dmean2": 0.0371804796159,
        "dvar": 0.0182309169322,
        "dvar2": 0.0419946536422,
        "max": 1,
        "mean": 0.0262954365462,
        "median": 0,
        "min": 0,
        "var": 0.0256042126566
    },
    "spectral_centroid": {
        "dmean": 306.50769043,
        "dmean2": 481.725219727,
        "dvar": 99095.03125,
        "dvar2": 217858.546875,
        "max": 3318.08349609,
        "mean": 1396.5201416,
        "median": 1367.86132812,
        "min": 189.615615845,
        "var": 311045.53125
    },
    "spectral_complexity": {
        "dmean": 5.00077390671,
        "dmean2": 7.1556930542,
        "dvar": 34.3909225464,
        "dvar2": 58.5108680725,
        "max": 60,
        "mean": 21.9528236389,
        "median": 22,
        "min": 0,
        "var": 129.882568359
    },
    "spectral_decrease": {
        "dmean": 3.48507112058e-09,
        "dmean2": 5.27334220735e-09,
        "dvar": 2.14711701734e-17,
        "dvar2": 4.59724816017e-17,
        "max": -7.61718188524e-11,
        "mean": -8.35396107846e-09,
        "median": -6.97861590737e-09,
        "min": -4.12918517156e-08,
        "var": 3.71327696635e-17
    },
    "spectral_energy": {
        "dmean": 0.013705290854,
        "dmean2": 0.0205796062946,
        "dvar": 0.000328744761646,
        "dvar2": 0.000684893981088,
        "max": 0.158377736807,
        "mean": 0.033493373543,
        "median": 0.0274938829243,
        "min": 0.000304219749523,
        "var": 0.000593409466092
    },
    "spectral_energyband_high": {
        "dmean": 0.000778893299866,
        "dmean2": 0.00106921687257,
        "dvar": 2.93536959362e-06,
        "dvar2": 5.01749218529e-06,
        "max": 0.0137723991647,
        "mean": 0.000995932263322,
        "median": 0.000213786654058,
        "min": 1.6358206949e-06,
        "var": 4.86419821755e-06
    },
    "spectral_energyband_low": {
        "dmean": 0.0109124956653,
        "dmean2": 0.0172387156636,
        "dvar": 0.000292529235594,
        "dvar2": 0.000696454080753,
        "max": 0.14381994307,
        "mean": 0.0173272881657,
        "median": 0.0128957517445,
        "min": 4.4365755457e-05,
        "var": 0.000365431711543
    },
    "spectral_energyband_middle_high": {
        "dmean": 0.00216867215931,
        "dmean2": 0.00332870869897,
        "dvar": 7.90003196016e-06,
        "dvar2": 1.83016873052e-05,
        "max": 0.0383306704462,
        "mean": 0.00622031511739,
        "median": 0.00455245608464,
        "min": 1.55620964506e-05,
        "var": 3.53152936441e-05
    },
    "spectral_energyband_middle_low": {
        "dmean": 0.00567087950185,
        "dmean2": 0.00907394103706,
        "dvar": 5.91029347561e-05,
        "dvar2": 0.000139344439958,
        "max": 0.0851789563894,
        "mean": 0.010872868821,
        "median": 0.00826045684516,
        "min": 3.4620036331e-06,
        "var": 9.27702858462e-05
    },
    "spectral_entropy": {
        "dmean": 0.170763403177,
        "dmean2": 0.237060010433,
        "dvar": 0.0331931002438,
        "dvar2": 0.0628482550383,
        "max": 8.47600078583,
        "mean": 7.55010128021,
        "median": 7.53431558609,
        "min": 6.05106925964,
        "var": 0.123385645449
    },
    "spectral_flux": {
        "dmean": 0.0333850383759,
        "dmean2": 0.0490102469921,
        "dvar": 0.0012504553888,
        "dvar2": 0.00233483547345,
        "max": 0.312828302383,
        "mean": 0.0994648858905,
        "median": 0.0838805288076,
        "min": 0.00797854922712,
        "var": 0.00301372259855
    },
    "spectral_kurtosis": {
        "dmean": 2.44212603569,
        "dmean2": 4.195748806,
        "dvar": 6.70375394821,
        "dvar2": 18.9905757904,
        "max": 20.3632106781,
        "mean": 4.04193258286,
        "median": 3.27961730957,
        "min": -0.328615427017,
        "var": 9.53285598755
    },
    "spectral_rms": {
        "dmean": 0.00108538498171,
        "dmean2": 0.00157740921713,
        "dvar": 1.41974203416e-06,
        "dvar2": 2.67738960247e-06,
        "max": 0.0124304005876,
        "mean": 0.00536226574332,
        "median": 0.00517912162468,
        "min": 0.000544793321751,
        "var": 3.92260653825e-06
    },
    "spectral_rolloff": {
        "dmean": 492.480712891,
        "dmean2": 832.374145508,
        "dvar": 525895.25,
        "dvar2": 1307165.375,
        "max": 5727.83203125,
        "mean": 1163.40588379,
        "median": 1141.25976562,
        "min": 64.599609375,
        "var": 806004.1875
    },
    "spectral_skewness": {
        "dmean": 0.302372157574,
        "dmean2": 0.489240735769,
        "dvar": 0.0805805101991,
        "dvar2": 0.215910583735,
        "max": 3.23433327675,
        "mean": 1.25889313221,
        "median": 1.19304227829,
        "min": 0.34422570467,
        "var": 0.169330462813
    },
    "spectral_spread": {
        "dmean": 521193.15625,
        "dmean2": 687796.3125,
        "dvar": 372479721472,
        "dvar2": 561138040832,
        "max": 11953753,
        "mean": 3532540.75,
        "median": 3075771.25,
        "min": 1834690.375,
        "var": 1.47389349888e+12
    },
    "spectral_strongpeak": {
        "dmean": 0.459057301283,
        "dmean2": 0.789252579212,
        "dvar": 0.659754395485,
        "dvar2": 1.84334206581,
        "max": 7.52755403519,
        "mean": 0.785193681717,
        "median": 0.377214699984,
        "min": 0,
        "var": 1.12193858624
    },
    "zerocrossingrate": {
        "dmean": 0.00918966438621,
        "dmean2": 0.0105723673478,
        "dvar": 8.65206384333e-05,
        "dvar2": 0.000103894082713,
        "max": 0.13671875,
        "mean": 0.0468564964831,
        "median": 0.04443359375,
        "min": 0.0029296875,
        "var": 0.000509814184625
    },
    "barkbands": {
        "dmean": [0.000335784745403, 0.00820578355342, 0.00266599049792, 0.00268156663515, 0.00133995781653, 0.00153639970813, 0.000908526591957, 0.000586699869018, 0.00111221557017, 0.00041496011545, 0.000538568769116, 0.00081051531015, 0.000833793135826, 0.00031305354787, 0.000221008231165, 0.000216757151065, 0.000167032776517, 0.000141882541357, 0.000268775329459, 0.000206419441383, 0.000214312007301, 0.000185272787348, 0.000158609167556, 0.000126819970319, 4.32967826782e-05, 2.28527351283e-05, 2.17917883738e-09],
        "dmean2": [0.000538532563951, 0.0134822707623, 0.00445797434077, 0.00452703330666, 0.00230510858819, 0.00239968160167, 0.00148408277892, 0.000961545738392, 0.00177326321136, 0.000693214766216, 0.000888160080649, 0.00132484431379, 0.00137589953374, 0.000534290564246, 0.000370664376533, 0.000359051104169, 0.000270101649221, 0.000231414611335, 0.000433836481534, 0.000326979381498, 0.000329400791088, 0.000265903945547, 0.000214619052713, 0.0001678775443, 6.43331222818e-05, 3.27472334902e-05, 3.38358385754e-09],
        "dvar": [4.80824724036e-07, 0.000192801773665, 2.44938237302e-05, 2.60514625552e-05, 8.74161105457e-06, 5.97990265305e-06, 1.75513218892e-06, 1.5004444549e-06, 5.95335040998e-06, 8.06965033462e-07, 1.32387981466e-06, 3.59303680852e-06, 3.83996712117e-06, 1.38274472761e-07, 8.30424724541e-08, 1.07426757268e-07, 5.11821944826e-08, 7.96325068109e-08, 1.80979313313e-07, 1.97450432893e-07, 2.06786907597e-07, 1.8330479179e-07, 1.56554520458e-07, 1.11465674024e-07, 1.49926613346e-08, 3.77952469321e-09, 5.47645393339e-16],
        "dvar2": [1.11316012408e-06, 0.00048568850616, 6.47745546303e-05, 6.528992526e-05, 2.37116400967e-05, 1.42208746183e-05, 4.49012895842e-06, 4.00135013479e-06, 1.27232788145e-05, 2.11996007238e-06, 3.02599437418e-06, 9.91037813947e-06, 1.04271657619e-05, 3.63215292509e-07, 2.3026262852e-07, 3.00201946857e-07, 1.32058190161e-07, 2.0002781298e-07, 4.34264961768e-07, 4.72181255873e-07, 4.30614676361e-07, 3.51496623807e-07, 2.89403629949e-07, 2.09111789218e-07, 3.22459072777e-08, 7.52848183794e-09, 5.51445924294e-16],
        "max": [0.00798545684665, 0.127786532044, 0.0404158011079, 0.0557737834752, 0.0318260453641, 0.0263584796339, 0.0134075451642, 0.0157295521349, 0.041368752718, 0.0156455282122, 0.0202173385769, 0.027165343985, 0.0226979125291, 0.00308467494324, 0.00335536058992, 0.00452891830355, 0.00261607090943, 0.00295907119289, 0.00481671933085, 0.00404503848404, 0.00454879412428, 0.00350656127557, 0.00389861082658, 0.00337320077233, 0.00120820535813, 0.000673705188092, 8.17541490505e-07],
        "mean": [0.00041965796845, 0.0120370611548, 0.00302948872559, 0.00312497583218, 0.00127538712695, 0.00222303625196, 0.00132516724989, 0.000782844435889, 0.00200714194216, 0.000583775748964, 0.000752363004722, 0.0011596842669, 0.00131448975299, 0.000531690660864, 0.000410284817917, 0.000401123717893, 0.000308916176436, 0.000208692043088, 0.000460895738797, 0.000262964982539, 0.000278025923762, 0.000220149508095, 0.000177949623321, 0.000132882109028, 4.1311566747e-05, 2.34413437283e-05, 1.91986515574e-09],
        "median": [8.74496327015e-05, 0.0083167264238, 0.00129259040114, 0.00106207362842, 0.000458739174064, 0.00111944961827, 0.000750498147681, 0.000334565120284, 0.000543280737475, 0.000175038774614, 0.000353965471731, 0.000415200251155, 0.000406134640798, 0.00040579540655, 0.000334839191055, 0.000313242257107, 0.000232134247199, 0.000130968575832, 0.000254544429481, 6.86596613377e-05, 0.000105074788735, 3.56805539923e-05, 1.15083721539e-05, 7.47179728933e-06, 1.76809658115e-06, 1.11948409653e-07, 4.71655936529e-10],
        "min": [1.39285418754e-07, 9.52368736762e-06, 1.90698153801e-06, 6.9604732289e-07, 2.719091583e-07, 2.25027150691e-07, 1.85530126373e-07, 1.02254354317e-07, 1.60995583087e-07, 3.59336205236e-08, 1.48388949128e-07, 1.5895689387e-07, 1.6927775448e-07, 2.19933355083e-07, 6.87682799594e-08, 4.44965394308e-07, 8.94132824669e-07, 8.06287403066e-07, 1.1280135368e-06, 5.36037532584e-07, 4.37308557366e-07, 1.77065103912e-07, 9.88065806951e-08, 6.73431941323e-08, 2.39468913449e-11, 1.72240451068e-11, 2.60716483125e-11],
        "var": [6.47219451366e-07, 0.000212363505852, 2.21424852498e-05, 2.71566950687e-05, 6.33742092759e-06, 9.73742589849e-06, 2.72281704383e-06, 2.04016600946e-06, 2.22822363867e-05, 1.40574502439e-06, 2.1379159989e-06, 5.3660633057e-06, 7.99057488621e-06, 2.46144082894e-07, 1.41536773413e-07, 1.6932081337e-07, 9.87399104702e-08, 8.53906314546e-08, 3.24030082766e-07, 2.42293566544e-07, 2.72263719125e-07, 2.67802363396e-07, 2.35289078887e-07, 1.58170365694e-07, 1.7420607179e-08, 5.28007770839e-09, 5.4935549992e-16]
    },
    "erbbands": {
        "dmean": [0.199263706803, 2.03748607635, 3.54111123085, 6.47189903259, 6.33057117462, 4.03665733337, 7.02943754196, 12.8189487457, 9.87942409515, 15.9228487015, 16.1454467773, 27.8738002777, 10.4923200607, 15.0509929657, 19.1417980194, 36.14402771, 40.3764305115, 13.6448574066, 12.3303794861, 12.3122348785, 10.4597225189, 8.89385604858, 6.72334098816, 12.6908216476, 12.849105835, 9.15315055847, 9.39007949829, 7.96059799194, 6.76986551285, 5.40268659592, 4.46941614151, 3.3319234848, 1.74845898151, 0.682707965374, 0.205353498459, 0.082985393703, 0.0546793341637, 0.0049262996763, 9.24481792026e-05, 1.9243965653e-05],
        "dmean2": [0.329626023769, 3.37755608559, 5.90260887146, 10.7545156479, 10.9489450455, 6.83937120438, 11.1732292175, 20.1545009613, 15.7709941864, 26.083650589, 26.5807914734, 43.6269264221, 17.538942337, 25.1135845184, 31.1179161072, 59.0047874451, 66.1784744263, 22.8138847351, 20.6726837158, 20.6801280975, 16.7581138611, 14.4331083298, 10.7545957565, 20.3351802826, 20.6483821869, 14.5460500717, 14.4867105484, 11.951169014, 9.68138599396, 7.85248851776, 6.06944227219, 4.55665540695, 2.34250593185, 0.985339164734, 0.316767036915, 0.129428893328, 0.076426461339, 0.00725673465058, 0.000131983135361, 2.72887064057e-05],
        "dvar": [0.108179017901, 13.5159320831, 49.0658340454, 128.372238159, 190.651763916, 70.21118927, 107.063056946, 483.086212158, 402.404296875, 553.016052246, 1230.48669434, 4165.890625, 438.164276123, 1113.19055176, 1577.67236328, 6575.98974609, 9689.09667969, 289.749237061, 243.066894531, 275.390991211, 272.164337158, 166.115463257, 166.820602417, 352.378204346, 633.884765625, 442.64755249, 396.740234375, 326.416992188, 245.387191772, 170.129257202, 127.828109741, 77.8977279663, 22.0459918976, 3.68930006027, 0.381927579641, 0.0604769922793, 0.0253849122673, 0.000205403601285, 6.06788361779e-08, 7.40265071464e-10],
        "dvar2": [0.276855915785, 35.1961936951, 129.124206543, 314.590759277, 509.554473877, 188.879241943, 261.654815674, 1156.04003906, 1024.63977051, 1392.27734375, 3399.16845703, 8570.6953125, 1248.65441895, 2752.50390625, 3580.51049805, 17699.1269531, 27056.703125, 759.160644531, 666.817260742, 711.270690918, 786.759216309, 428.151092529, 416.535583496, 870.887756348, 1600.58679199, 1038.88867188, 895.909973145, 665.770507812, 467.735473633, 339.521850586, 235.225524902, 150.691940308, 42.0095024109, 7.73608541489, 0.846006155014, 0.138289824128, 0.0516585074365, 0.000397869589506, 1.14171328391e-07, 1.29349919664e-09],
        "max": [3.78740763664, 32.8813247681, 49.4915237427, 101.543464661, 146.843154907, 86.6404266357, 117.67150116, 245.517547607, 236.621536255, 297.517028809, 426.492645264, 1164.27185059, 320.777282715, 605.535461426, 718.349304199, 1080.97094727, 1161.5, 180.830490112, 199.027389526, 166.1746521, 259.088043213, 154.588531494, 121.395614624, 159.673843384, 283.784332275, 205.636703491, 201.765625, 149.922836304, 123.025299072, 134.938308716, 122.509590149, 88.4010391235, 47.6390609741, 20.9082508087, 5.96394443512, 3.09060001373, 2.04370975494, 0.196403935552, 0.00328506738879, 0.000243193135248],
        "mean": [0.292402088642, 2.80819678307, 4.2837061882, 7.87026882172, 6.64127540588, 4.12245416641, 10.089384079, 18.6456394196, 13.8857040405, 24.6777076721, 25.3582210541, 50.9812698364, 16.7726955414, 24.1034965515, 29.827091217, 57.1216888428, 66.2713470459, 26.4197750092, 24.0382061005, 22.9083309174, 20.778547287, 17.0842781067, 11.5031661987, 21.1937980652, 21.0290699005, 11.8790216446, 12.3326005936, 9.56666660309, 8.10726070404, 6.14908313751, 5.01289701462, 3.43109226227, 1.8606762886, 0.679450809956, 0.182714879513, 0.0759248286486, 0.0562624819577, 0.00512994173914, 0.000110016284452, 4.42002201453e-05],
        "median": [0.160846695304, 1.91477060318, 2.46040773392, 3.72417283058, 2.02755832672, 1.70429730415, 5.44356298447, 8.1220664978, 6.13166189194, 12.914891243, 11.3199901581, 12.4747343063, 6.08194351196, 10.6957597733, 15.8903617859, 22.2421417236, 20.8091201782, 20.1008968353, 20.2377967834, 18.305562973, 16.7341690063, 12.9026842117, 8.38635540009, 15.0663290024, 7.33322668076, 3.23539495468, 5.43943786621, 2.32105112076, 1.46925711632, 0.609335184097, 0.337327420712, 0.191862940788, 0.115690737963, 0.0372373200953, 0.00529708806425, 0.000959152413998, 0.000162104872288, 1.2105739188e-05, 1.6673691789e-05, 3.24520660797e-05],
        "min": [0.000160213065101, 0.00125645590015, 0.00440431572497, 0.00698007084429, 0.00136208243202, 0.00126665900461, 0.00207844492979, 0.00139540969394, 0.00360104674473, 0.00428590318188, 0.00419386057183, 0.00473841885105, 0.00238438602537, 0.00654672691599, 0.00702038221061, 0.00792360026389, 0.00890534557402, 0.0118786422536, 0.00741627300158, 0.0174599159509, 0.0277349166572, 0.0511683151126, 0.0670958608389, 0.0623282007873, 0.0603164508939, 0.0357941910625, 0.0191301498562, 0.0101048210636, 0.00736757507548, 0.00347809819505, 0.0027320694644, 0.00143966299947, 0.000594841723796, 4.41898082499e-05, 5.67632150705e-06, 2.42301030084e-06, 8.3309242882e-07, 1.72792212538e-07, 4.32943011219e-07, 4.1043799115e-07],
        "var": [0.139857843518, 13.1760110855, 42.5084953308, 140.199981689, 154.375274658, 53.6760368347, 166.189559937, 752.273742676, 509.866699219, 1115.69958496, 1973.96728516, 16506.1289062, 908.508300781, 2066.72802734, 2561.77270508, 11293.2832031, 20159.4511719, 576.123413086, 429.844726562, 461.346679688, 462.023529053, 314.115264893, 195.793151855, 495.823822021, 1125.56286621, 499.253387451, 475.108520508, 438.649932861, 358.490539551, 236.288543701, 192.303329468, 106.108421326, 31.0992927551, 4.45944452286, 0.413245528936, 0.0646221414208, 0.0346996150911, 0.000296740792692, 9.20195191156e-08, 1.49053924758e-09]
    },
    "gfcc": {
        "mean": [-13.4143877029, 127.22719574, -141.882583618, 51.3590202332, -51.1868782043, 18.5489311218, -20.2545661926, 2.28923630714, -8.3941822052, 0.220565706491, 2.26218008995, -8.1308555603, -4.49225187302],
        "cov": [[4737.06738281, -1344.19689941, 257.012969971, -163.753768921, -434.105163574, 228.780044556, -280.069519043, 203.639373779, -348.032592773, 260.541229248, -443.420135498, 209.388473511, -302.39755249], [-1344.19689941, 1739.84619141, -821.430603027, -179.124160767, 258.95690918, -316.101867676, 130.723266602, -312.997039795, 332.312927246, -236.439025879, 299.926452637, -338.357208252, 345.859680176], [257.012969971, -821.430603027, 1321.45410156, 390.432281494, 121.182502747, 239.721221924, -30.9654388428, 171.559265137, -205.201583862, 81.5307388306, -274.63381958, 198.405426025, -292.60949707], [-163.753768921, -179.124160767, 390.432281494, 383.572174072, 74.1213989258, 58.9816131592, -4.01134634018, -0.798481285572, -7.79946994781, -45.4596710205, -32.7883377075, -23.0474452972, -48.8306236267], [-434.105163574, 258.95690918, 121.182502747, 74.1213989258, 278.448974609, 29.2261486053, 49.1989364624, -35.6036224365, 59.4176063538, -26.585308075, 14.2787008286, -22.6679935455, 2.580960989], [228.780044556, -316.101867676, 239.721221924, 58.9816131592, 29.2261486053, 202.331192017, 38.8649597168, 88.4081039429, -68.0596008301, 31.3546886444, -56.1520347595, 53.6101303101, -81.6173782349], [-280.069519043, 130.723266602, -30.9654388428, -4.01134634018, 49.1989364624, 38.8649597168, 215.706054688, 53.7951316833, 17.6358356476, -54.7928733826, 18.6250915527, -37.2217979431, -5.33503007889], [203.639373779, -312.997039795, 171.559265137, -0.798481285572, -35.6036224365, 88.4081039429, 53.7951316833, 190.771774292, -38.8898429871, 61.7492141724, -65.9320831299, 73.2415618896, -58.3431930542], [-348.032592773, 332.312927246, -205.201583862, -7.79946994781, 59.4176063538, -68.0596008301, 17.6358356476, -38.8898429871, 184.910552979, -10.3569250107, 106.740074158, -59.0064163208, 98.9838485718], [260.541229248, -236.439025879, 81.5307388306, -45.4596710205, -26.585308075, 31.3546886444, -54.7928733826, 61.7492141724, -10.3569250107, 136.46736145, -10.3304004669, 80.799118042, -39.3902435303], [-443.420135498, 299.926452637, -274.63381958, -32.7883377075, 14.2787008286, -56.1520347595, 18.6250915527, -65.9320831299, 106.740074158, -10.3304004669, 185.270446777, -31.0566616058, 112.00995636], [209.388473511, -338.357208252, 198.405426025, -23.0474452972, -22.6679935455, 53.6101303101, -37.2217979431, 73.2415618896, -59.0064163208, 80.799118042, -31.0566616058, 171.054336548, -52.5207481384], [-302.39755249, 345.859680176, -292.60949707, -48.8306236267, 2.580960989, -81.6173782349, -5.33503007889, -58.3431930542, 98.9838485718, -39.3902435303, 112.00995636, -52.5207481384, 167.135238647]],
        "icov": [[0.000426484271884, -0.000180260103662, 0.000365083367797, -0.000249765871558, 0.000602485553827, -0.000643951061647, 0.00028473007842, 0.000177177978912, 3.17694430123e-05, -0.000713845307473, 0.00131935905665, -0.000400145741878, 0.00026102346601], [-0.000180260103662, 0.0052263517864, -0.00141505221836, 0.00392073905095, -0.00406089797616, 0.00372995459475, -0.00153440004215, 0.0018945815973, -0.00174665229861, 0.00345187797211, -0.00342988967896, 0.00578876910731, -0.0040109269321], [0.000365083367797, -0.00141505221836, 0.00365012604743, -0.00376286008395, 0.000348627741914, -0.0017933024792, 0.000634743308183, -0.00064276997, 0.000888042734005, -0.00190962501802, 0.00403307937086, -0.00416246708483, 0.00280770147219], [-0.000249765871558, 0.00392073905095, -0.00376286008395, 0.00857958011329, -0.00297191506252, 0.00235486845486, 9.57969023148e-05, 0.000885406625457, -0.00225902954116, 0.00540674896911, -0.00530153047293, 0.00693829916418, -0.00279300683178], [0.000602485553827, -0.00406089797616, 0.000348627741914, -0.00297191506252, 0.00898736342788, -0.00475253351033, -0.000163455755683, 0.00132194894832, -0.00145154504571, -0.00337315211073, 0.00454424833879, -0.00472943391651, 0.00276523013599], [-0.000643951061647, 0.00372995459475, -0.0017933024792, 0.00235486845486, -0.00475253351033, 0.011590522714, -0.00214500515722, -0.00176754139829, 0.00119794451166, 0.00256862211972, -0.00527208484709, 0.00437903683633, -0.00148211419582], [0.00028473007842, -0.00153440004215, 0.000634743308183, 9.57969023148e-05, -0.000163455755683, -0.00214500515722, 0.00924831163138, -0.00577517598867, 0.000295735837426, 0.00431604171172, -0.00199477095157, 3.61618695024e-05, 0.00425415253267], [0.000177177978912, 0.0018945815973, -0.00064276997, 0.000885406625457, 0.00132194894832, -0.00176754139829, -0.00577517598867, 0.0130889937282, -0.00269757257774, -0.00434294529259, 0.00459191948175, -0.000937269534916, -0.00376328919083], [3.17694430123e-05, -0.00174665229861, 0.000888042734005, -0.00225902954116, -0.00145154504571, 0.00119794451166, 0.000295735837426, -0.00269757257774, 0.0125425029546, -0.00394852133468, -0.00281110941432, 0.000906490604393, -0.00194812833797], [-0.000713845307473, 0.00345187797211, -0.00190962501802, 0.00540674896911, -0.00337315211073, 0.00256862211972, 0.00431604171172, -0.00434294529259, -0.00394852133468, 0.0192195829004, -0.00795248057693, 0.000995439942926, 0.00224038539454], [0.00131935905665, -0.00342988967896, 0.00403307937086, -0.00530153047293, 0.00454424833879, -0.00527208484709, -0.00199477095157, 0.00459191948175, -0.00281110941432, -0.00795248057693, 0.02038073726, -0.00823826622218, -0.00256562628783], [-0.000400145741878, 0.00578876910731, -0.00416246708483, 0.00693829916418, -0.00472943391651, 0.00437903683633, 3.61618695024e-05, -0.000937269534916, 0.000906490604393, 0.000995439942926, -0.00823826622218, 0.0187844224274, -0.00495608663186], [0.00026102346601, -0.0040109269321, 0.00280770147219, -0.00279300683178, 0.00276523013599, -0.00148211419582, 0.00425415253267, -0.00376328919083, -0.00194812833797, 0.00224038539454, -0.00256562628783, -0.00495608663186, 0.0187543816864]]
    },
    "melbands": {
        "dmean": [0.00204549869522, 0.0021779530216, 0.00107568409294, 0.000371114147129, 0.00021458248375, 0.000290727155516, 0.000158636234119, 0.000157301736181, 0.000164813871379, 0.000156260153744, 5.30214674654e-05, 6.06709654676e-05, 7.54662687541e-05, 8.32909427118e-05, 0.000111849432869, 5.72312819713e-05, 2.74627800536e-05, 2.34279796132e-05, 1.66399076988e-05, 1.6843634512e-05, 1.35466925713e-05, 1.03249712993e-05, 7.53992617319e-06, 6.71070392855e-06, 1.14661534099e-05, 9.75156854111e-06, 8.74854686117e-06, 6.1080731939e-06, 5.8562563936e-06, 5.62517561775e-06, 4.485008958e-06, 4.11738847106e-06, 3.31938781528e-06, 2.93596303891e-06, 2.58610612036e-06, 2.42161991082e-06, 1.94128324438e-06, 1.34303627419e-06, 8.59851752466e-07, 4.91762762067e-07],
        "dmean2": [0.0033276702743, 0.00357557064854, 0.00178550719284, 0.000641184626147, 0.000340925704222, 0.000456463632872, 0.000256328057731, 0.000256632774835, 0.000271264259936, 0.000244899158133, 8.83472603164e-05, 0.000101114848803, 0.000123079676996, 0.000135646216222, 0.000185290176887, 9.34796407819e-05, 4.66079436592e-05, 3.95145580114e-05, 2.78933348454e-05, 2.83562403638e-05, 2.19054563786e-05, 1.69357736013e-05, 1.25279721033e-05, 1.09713655547e-05, 1.85971148312e-05, 1.56862352014e-05, 1.41880036608e-05, 9.82610981737e-06, 9.21245646168e-06, 8.82438871486e-06, 6.79088907418e-06, 6.0326883613e-06, 4.81452889289e-06, 4.38986808149e-06, 3.56930286216e-06, 3.33942739417e-06, 2.77749040833e-06, 1.84827570138e-06, 1.22676772207e-06, 7.26315420252e-07],
        "dvar": [1.0484831364e-05, 1.69975373865e-05, 3.6441051634e-06, 6.75240244163e-07, 9.1752553999e-08, 2.3590547471e-07, 8.52624850722e-08, 5.54053194435e-08, 1.18701855456e-07, 1.26494541064e-07, 1.13572369287e-08, 1.92309457248e-08, 2.93753164016e-08, 4.99979471158e-08, 4.86404587718e-08, 1.96958627185e-08, 1.21602250491e-09, 9.21919041108e-10, 4.93608931507e-10, 5.39391753485e-10, 5.80941128536e-10, 2.20787430005e-10, 1.71139796779e-10, 1.7388605833e-10, 2.77500661339e-10, 2.95332147626e-10, 3.1178704063e-10, 2.11182807353e-10, 1.59593130378e-10, 1.59099830532e-10, 1.11316934837e-10, 9.80291611774e-11, 5.73220672317e-11, 5.50338941085e-11, 4.44700005986e-11, 4.0547003255e-11, 2.9318557998e-11, 1.36525868735e-11, 5.65218054652e-12, 2.10555206083e-12],
        "dvar2": [2.62427838607e-05, 4.42358832515e-05, 8.96309484233e-06, 1.8248977085e-06, 2.18289869736e-07, 5.63625349059e-07, 2.17256683754e-07, 1.40315620456e-07, 3.15401848638e-07, 2.6190619451e-07, 3.30965477247e-08, 4.7576843798e-08, 6.5560854523e-08, 1.48763376728e-07, 1.31956952032e-07, 5.56042998312e-08, 3.18940562849e-09, 2.55706233965e-09, 1.32788269269e-09, 1.39049149972e-09, 1.7148408249e-09, 5.58325774502e-10, 4.64607019524e-10, 4.29621976883e-10, 7.00286939548e-10, 7.34430627425e-10, 8.1687706599e-10, 4.94152940789e-10, 3.68830105346e-10, 3.55615731307e-10, 2.34670949339e-10, 2.01053562687e-10, 1.10161012257e-10, 1.12286312193e-10, 8.36177446728e-11, 7.85795178926e-11, 6.06732858399e-11, 2.6412932605e-11, 1.18247130837e-11, 4.6520742987e-12],
        "max": [0.0297935381532, 0.0309931505471, 0.0203351639211, 0.0086863823235, 0.00330723216757, 0.00516290450469, 0.00331385619938, 0.00286977714859, 0.00439938902855, 0.0062888325192, 0.00135161343496, 0.0026486592833, 0.00322053930722, 0.00405242852867, 0.00290715578012, 0.0019187272992, 0.000361759884981, 0.000350088987034, 0.000296707265079, 0.000232620164752, 0.00040654456825, 0.000194514112081, 0.00014121447748, 0.000133731286041, 0.000154103909153, 0.000168814411154, 0.000163460776093, 0.000150790277985, 0.000122107827337, 0.000148068909766, 9.3015791208e-05, 8.28768752399e-05, 6.36400218355e-05, 7.23097182345e-05, 7.5495132478e-05, 7.07445651642e-05, 5.29781354999e-05, 3.85672537959e-05, 2.3829359634e-05, 1.77722777153e-05],
        "mean": [0.00306700030342, 0.00290588848293, 0.00133781600744, 0.000360043399269, 0.000319478916936, 0.000422458630055, 0.00022575542971, 0.000241855435888, 0.000266610732069, 0.000281306711258, 7.40496470826e-05, 9.50864778133e-05, 0.000108047112008, 0.000118629170174, 0.000182866904652, 9.31559115998e-05, 4.70015729661e-05, 4.11913169955e-05, 2.98793147522e-05, 2.8858821679e-05, 2.40258068516e-05, 1.87753739738e-05, 1.21524390124e-05, 9.78946081887e-06, 1.83458541869e-05, 1.58631555678e-05, 1.25934993775e-05, 6.89410080668e-06, 7.45951911085e-06, 7.12521068635e-06, 4.99821044286e-06, 4.69784708912e-06, 3.93500431528e-06, 3.2166371966e-06, 2.89771537609e-06, 2.56011935562e-06, 1.931177394e-06, 1.42412409332e-06, 8.68334836923e-07, 4.6661236297e-07],
        "median": [0.00202983431518, 0.00198862119578, 0.000620694831014, 0.000129049090901, 0.000188178164535, 0.000192401072127, 0.000103942664282, 0.000133461275254, 9.32706534513e-05, 7.14639099897e-05, 2.53344114753e-05, 4.05768987548e-05, 5.24452952959e-05, 4.45631085313e-05, 5.65691225347e-05, 3.48995199602e-05, 3.53709983756e-05, 3.2883563108e-05, 2.43164813583e-05, 2.23877668759e-05, 1.69581308e-05, 1.33567555167e-05, 8.32155637909e-06, 6.1263885982e-06, 1.29981999635e-05, 6.82518520989e-06, 3.16308796755e-06, 1.71503825186e-06, 3.29239333041e-06, 2.71991621048e-06, 9.02101021438e-07, 7.6484428746e-07, 6.96416122992e-07, 2.1372433423e-07, 1.95355511323e-07, 1.57195572115e-07, 9.40365652013e-08, 8.42915497401e-08, 5.51676286875e-08, 2.16045137336e-08],
        "min": [2.41668021772e-06, 1.88866408735e-06, 9.68162453319e-07, 7.5677931477e-08, 6.60265797592e-08, 3.16866426431e-08, 6.19278210934e-08, 3.81154094953e-08, 3.64707339884e-08, 2.71653242123e-08, 1.01680086573e-08, 2.12826076762e-08, 2.29299033094e-08, 1.8836109561e-08, 1.51255719061e-08, 1.80477837119e-08, 2.20170797149e-08, 1.22966685723e-08, 5.91698690044e-09, 2.50871110552e-08, 2.52480738538e-08, 4.53004034284e-08, 3.19881898747e-08, 4.08646663175e-08, 5.26497672126e-08, 3.55045699507e-08, 1.61396300769e-08, 2.05238279705e-08, 1.27071082545e-08, 7.48670014872e-09, 4.86160445234e-09, 1.52177492829e-09, 2.0151100788e-09, 1.82314852104e-09, 1.35736855089e-09, 1.18007426053e-09, 6.7144534377e-10, 3.15917791927e-10, 4.68410830956e-11, 1.26431620707e-13],
