{
"highlevel": {
    "danceability": {
        "all": {
            "danceable": 0.0100511722267,
            "not_danceable": 0.989948809147
        },
        "probability": 0.989948809147,
        "value": "not_danceable"
    },
    "gender": {
        "all": {
            "female": 0.254388928413,
            "male": 0.745611071587
        },
        "probability": 0.745611071587,
        "value": "male"
    },
    "genre_dortmund": {
        "all": {
            "alternative": 0.0991875976324,
            "blues": 0.0737304612994,
            "electronic": 0.0400262959301,
            "folkcountry": 0.197727769613,
            "funksoulrnb": 0.0135796638206,
            "jazz": 0.0227510500699,
            "pop": 0.0302655790001,
            "raphiphop": 0.00126658473164,
            "rock": 0.52146500349
        },
        "probability": 0.52146500349,
        "value": "rock"
    },
    "genre_electronic": {
        "all": {
            "ambient": 0.623347759247,
            "dnb": 0.326069056988,
            "house": 0.010602151975,
            "techno": 0.00401401007548,
            "trance": 0.0359670259058
        },
        "probability": 0.623347759247,
        "value": "ambient"
    },
    "genre_rosamerica": {
        "all": {
            "cla": 0.0788484662771,
            "dan": 0.00961985532194,
            "hip": 0.00323576689698,
            "jaz": 0.0180167164654,
            "pop": 0.0240570306778,
            "rhy": 0.013830174692,
            "roc": 0.849770724773,
            "spe": 0.0026212867815
        },
        "probability": 0.849770724773,
        "value": "roc"
    },
    "genre_tzanetakis": {
        "all": {
            "blu": 0.0626541376114,
            "cla": 0.0348133966327,
            "cou": 0.0783501937985,
            "dis": 0.104547761381,
            "hip": 0.15693578124,
            "jaz": 0.313987255096,
            "met": 0.044816005975,
            "pop": 0.0627349764109,
            "reg": 0.0627352520823,
            "roc": 0.0784252434969
        },
        "probability": 0.313987255096,
        "value": "jaz"
    },
    "ismir04_rhythm": {
        "all": {
            "ChaChaCha": 0.0986156463623,
            "Jive": 0.22469162941,
            "Quickstep": 0.210470169783,
            "Rumba-American": 0.0202299468219,
            "Rumba-International": 0.053266659379,
            "Rumba-Misc": 0.0138954846188,
            "Samba": 0.0618543252349,
            "Tango": 0.0423082895577,
            "VienneseWaltz": 0.198316454887,
            "Waltz": 0.0763513892889
        },
        "probability": 0.22469162941,
        "value": "Jive"
    },
    "mood_acoustic": {
        "all": {
            "acoustic": 0.0561700947583,
            "not_acoustic": 0.943829894066
        },
        "probability": 0.943829894066,
        "value": "not_acoustic"
    },
    "mood_aggressive": {
        "all": {
            "aggressive": 0.544456243515,
            "not_aggressive": 0.455543756485
        },
        "probability": 0.544456243515,
        "value": "aggressive"
    },
    "mood_electronic": {
        "all": {
            "electronic": 0.0837204232812,
            "not_electronic": 0.916279554367
        },
        "probability": 0.916279554367,
        "value": "not_electronic"
    },
    "mood_happy": {
        "all": {
            "happy": 0.762292683125,
            "not_happy": 0.237707316875
        },
        "probability": 0.762292683125,
        "value": "happy"
    },
    "mood_party": {
        "all": {
            "not_party": 0.842201590538,
            "party": 0.157798394561
        },
        "probability": 0.842201590538,
        "value": "not_party"
    },
    "mood_relaxed": {
        "all": {
            "not_relaxed": 0.754753649235,
            "relaxed": 0.245246365666
        },
        "probability": 0.754753649235,
        "value": "not_relaxed"
    },
    "mood_sad": {
        "all": {
            "not_sad": 0.952475249767,
            "sad": 0.0475247576833
        },
        "probability": 0.952475249767,
        "value": "not_sad"
    },
    "moods_mirex": {
        "all": {
            "Cluster1": 0.311441063881,
            "Cluster2": 0.100628852844,
            "Cluster3": 0.335572272539,
            "Cluster4": 0.0747513473034,
            "Cluster5": 0.177606478333
        },
        "probability": 0.335572272539,
        "value": "Cluster3"
    },
    "timbre": {
        "all": {
            "bright": 0.999997019768,
            "dark": 2.95068002742e-06
        },
        "probability": 0.999997019768,
        "value": "bright"
    },
    "tonal_atonal": {
        "all": {
            "atonal": 0.000757485744543,
            "tonal": 0.99924248457
        },
        "probability": 0.99924248457,
        "value": "tonal"
    },
    "voice_instrumental": {
        "all": {
            "instrumental": 0.11853671819,
            "voice": 0.881463289261
        },
        "probability": 0.881463289261,
        "value": "voice"
    }
},
"lowlevel": {
    "average_loudness": 0.972291946411,
    "barkbands_crest": {
        "dmean": 2.00663995743,
        "dmean2": 3.23979878426,
        "dvar": 3.80208539963,
        "dvar2": 9.9596824646,
        "max": 20.1418628693,
        "mean": 9.82921123505,
        "median": 9.36190700531,
        "min": 3.27778744698,
        "var": 13.9945020676
    },
    "barkbands_flatness_db": {
        "dmean": 0.0149173913524,
        "dmean2": 0.0238307677209,
        "dvar": 0.000204288138775,
        "dvar2": 0.000541620363947,
        "max": 0.212260067463,
        "mean": 0.134500712156,
        "median": 0.131655395031,
        "min": 0.0776242539287,
        "var": 0.00059552246239
    },
    "barkbands_kurtosis": {
        "dmean": 1.20836746693,
        "dmean2": 1.98753595352,
        "dvar": 2.57043457031,
        "dvar2": 6.80249834061,
        "max": 11.1041784286,
        "mean": 0.638077616692,
        "median": -0.0387208461761,
        "min": -1.71493756771,
        "var": 4.69825601578
    },
    "barkbands_skewness": {
        "dmean": 0.410380929708,
        "dmean2": 0.659805476665,
        "dvar": 0.187958821654,
        "dvar2": 0.517488360405,
        "max": 3.36727881432,
        "mean": 1.12932026386,
        "median": 1.04100501537,
        "min": -0.933974742889,
        "var": 0.472339451313
    },
    "barkbands_spread": {
        "dmean": 3.76577210426,
        "dmean2": 5.98785448074,
        "dvar": 12.9067335129,
        "dvar2": 33.4155197144,
        "max": 55.4696426392,
        "mean": 24.3214263916,
        "median": 24.4162483215,
        "min": 8.08737850189,
        "var": 39.4758872986
    },
    "dissonance": {
        "dmean": 0.0109538771212,
        "dmean2": 0.018369121477,
        "dvar": 9.69820248429e-05,
        "dvar2": 0.000264021393377,
        "max": 0.500000178814,
        "mean": 0.47598490119,
        "median": 0.478295564651,
        "min": 0.408086925745,
        "var": 0.000175269888132
    },
    "dynamic_complexity": 1.0784021616,
    "erbbands_crest": {
        "dmean": 2.09524559975,
        "dmean2": 3.33139848709,
        "dvar": 3.86019444466,
        "dvar2": 9.60819244385,
        "max": 26.1457939148,
        "mean": 7.92249345779,
        "median": 7.0411863327,
        "min": 3.29958176613,
        "var": 10.6266880035
    },
    "erbbands_flatness_db": {
        "dmean": 0.011425155215,
        "dmean2": 0.0174551382661,
        "dvar": 0.000108348016511,
        "dvar2": 0.000238345033722,
        "max": 0.233034327626,
        "mean": 0.159644544125,
        "median": 0.160244628787,
        "min": 0.0877498313785,
        "var": 0.000372122362023
    },
    "erbbands_kurtosis": {
        "dmean": 0.456295281649,
        "dmean2": 0.739191651344,
        "dvar": 0.329049319029,
        "dvar2": 0.784660995007,
        "max": 9.4498090744,
        "mean": -0.46943539381,
        "median": -0.721010446548,
        "min": -1.6769002676,
        "var": 0.856662094593
    },
    "erbbands_skewness": {
        "dmean": 0.275692909956,
        "dmean2": 0.425577819347,
        "dvar": 0.0542667545378,
        "dvar2": 0.135813087225,
        "max": 1.17920649052,
        "mean": -0.333909720182,
        "median": -0.319053828716,
        "min": -2.53174185753,
        "var": 0.209163367748
    },
    "erbbands_spread": {
        "dmean": 5.66998910904,
        "dmean2": 9.02531528473,
        "dvar": 34.9845123291,
        "dvar2": 86.1495056152,
        "max": 97.6347198486,
        "mean": 39.9795570374,
        "median": 38.8435440063,
        "min": 11.6260309219,
        "var": 131.126312256
    },
    "hfc": {
        "dmean": 5.68374204636,
        "dmean2": 8.29040336609,
        "dvar": 37.3649749756,
        "dvar2": 74.8039550781,
        "max": 65.9442749023,
        "mean": 25.3365802765,
        "median": 23.7138500214,
        "min": 6.24429750443,
        "var": 99.5637664795
    },
    "melbands_crest": {
        "dmean": 2.49848890305,
        "dmean2": 4.17827177048,
        "dvar": 6.55172157288,
        "dvar2": 18.4536819458,
        "max": 23.4061412811,
        "mean": 12.4474420547,
        "median": 12.2092666626,
        "min": 4.51370716095,
        "var": 12.8533420563
    },
    "melbands_flatness_db": {
        "dmean": 0.0192446857691,
        "dmean2": 0.0296665113419,
        "dvar": 0.000485293683596,
        "dvar2": 0.00132440950256,
        "max": 0.292103111744,
        "mean": 0.167078256607,
        "median": 0.163406357169,
        "min": 0.0922625288367,
        "var": 0.00119106669445
    },
    "melbands_kurtosis": {
        "dmean": 3.62309479713,
        "dmean2": 6.00848436356,
        "dvar": 30.4038105011,
        "dvar2": 81.9993743896,
        "max": 45.9968986511,
        "mean": 6.4130487442,
        "median": 4.23979902267,
        "min": -1.68611192703,
        "var": 50.5325622559
    },
    "melbands_skewness": {
        "dmean": 0.552732467651,
        "dmean2": 0.903013765812,
        "dvar": 0.458680570126,
        "dvar2": 1.25497281551,
        "max": 6.3855676651,
        "mean": 2.2876701355,
        "median": 2.10946822166,
        "min": 0.00411457428709,
        "var": 1.03402900696
    },
    "melbands_spread": {
        "dmean": 6.87595748901,
        "dmean2": 11.0187797546,
        "dvar": 52.2982788086,
        "dvar2": 142.528060913,
        "max": 73.428604126,
        "mean": 28.2193241119,
        "median": 26.870174408,
        "min": 6.3466591835,
        "var": 128.858428955
    },
    "pitch_salience": {
        "dmean": 0.0599335953593,
        "dmean2": 0.0940134748816,
        "dvar": 0.0026663322933,
        "dvar2": 0.00661507295445,
        "max": 0.814740598202,
        "mean": 0.587069809437,
        "median": 0.588989913464,
        "min": 0.348851621151,
        "var": 0.00770489685237
    },
    "silence_rate_20dB": {
        "dmean": 0,
        "dmean2": 0,
        "dvar": 0,
        "dvar2": 0,
        "max": 1,
        "mean": 1,
        "median": 1,
        "min": 1,
        "var": 0
    },
    "silence_rate_30dB": {
        "dmean": 0,
        "dmean2": 0,
        "dvar": 0,
        "dvar2": 0,
        "max": 1,
        "mean": 1,
        "median": 1,
        "min": 1,
        "var": 0
    },
    "silence_rate_60dB": {
        "dmean": 0,
        "dmean2": 0,
        "dvar": 0,
        "dvar2": 0,
        "max": 0,
        "mean": 0,
        "median": 0,
        "min": 0,
        "var": 0
    },
    "spectral_centroid": {
        "dmean": 199.690246582,
        "dmean2": 310.936462402,
        "dvar": 31972.2050781,
        "dvar2": 80605.5,
        "max": 2808.31079102,
        "mean": 1439.58312988,
        "median": 1421.92675781,
        "min": 570.507202148,
        "var": 127667.625
    },
    "spectral_complexity": {
        "dmean": 4.27631568909,
        "dmean2": 6.16653776169,
        "dvar": 13.8160467148,
        "dvar2": 25.2913990021,
        "max": 50,
        "mean": 28.5754051208,
        "median": 29,
        "min": 8,
        "var": 52.3975372314
    },
    "spectral_decrease": {
        "dmean": 2.44771780622e-09,
        "dmean2": 4.15180823055e-09,
        "dvar": 1.81105719183e-17,
        "dvar2": 4.97594534123e-17,
        "max": -1.40972744589e-09,
        "mean": -7.59085772017e-09,
        "median": -6.6202368032e-09,
        "min": -3.17913908532e-08,
        "var": 1.68349634608e-17
    },
    "spectral_energy": {
        "dmean": 0.00960824079812,
        "dmean2": 0.0161863323301,
        "dvar": 0.000268117175438,
        "dvar2": 0.000733282358851,
        "max": 0.123811848462,
        "mean": 0.0309477709234,
        "median": 0.0271956864744,
        "min": 0.00627208407968,
        "var": 0.000256580387941
    },
    "spectral_energyband_high": {
        "dmean": 0.000159704504767,
        "dmean2": 0.000221881215111,
        "dvar": 3.57716558597e-08,
        "dvar2": 6.74371065656e-08,
        "max": 0.00301020103507,
        "mean": 0.000541947432794,
        "median": 0.000462079915451,
        "min": 6.61740486976e-05,
        "var": 1.11554292914e-07
    },
    "spectral_energyband_low": {
        "dmean": 0.00500926189125,
        "dmean2": 0.00897363200784,
        "dvar": 0.000220328773139,
        "dvar2": 0.000617576879449,
        "max": 0.0965855196118,
        "mean": 0.00427414383739,
        "median": 0.0013169668382,
        "min": 8.49000280141e-05,
        "var": 0.000139252384542
    },
    "spectral_energyband_middle_high": {
        "dmean": 0.00210704398341,
        "dmean2": 0.00302856531925,
        "dvar": 4.65113589598e-06,
        "dvar2": 9.6621515695e-06,
        "max": 0.0236616041511,
        "mean": 0.00795458629727,
        "median": 0.00725544989109,
        "min": 0.000793503655586,
        "var": 1.50794885485e-05
    },
    "spectral_energyband_middle_low": {
        "dmean": 0.00492827268317,
        "dmean2": 0.00814082939178,
        "dvar": 4.18747586082e-05,
        "dvar2": 0.000109625696496,
        "max": 0.0825886204839,
        "mean": 0.019050553441,
        "median": 0.0168679822236,
        "min": 0.00217453041114,
        "var": 8.8003835117e-05
    },
    "spectral_entropy": {
        "dmean": 0.0857854709029,
        "dmean2": 0.120582506061,
        "dvar": 0.00599459232762,
        "dvar2": 0.0113615943119,
        "max": 8.18012523651,
        "mean": 7.61401176453,
        "median": 7.62493944168,
        "min": 7.07647800446,
        "var": 0.0293773785233
    },
    "spectral_flux": {
        "dmean": 0.0266263000667,
        "dmean2": 0.0389374233782,
        "dvar": 0.00134801771492,
        "dvar2": 0.00235393480398,
        "max": 0.307964771986,
        "mean": 0.0878318622708,
        "median": 0.0730882808566,
        "min": 0.0229470189661,
        "var": 0.00238882028498
    },
    "spectral_kurtosis": {
        "dmean": 1.25202572346,
        "dmean2": 2.1327021122,
        "dvar": 1.14083659649,
        "dvar2": 3.44533324242,
        "max": 11.5779714584,
        "mean": 4.76212406158,
        "median": 4.69634103775,
        "min": 0.703300237656,
        "var": 2.35764932632
    },
    "spectral_rms": {
        "dmean": 0.000767296238337,
        "dmean2": 0.00125478056725,
        "dvar": 1.2492021142e-06,
        "dvar2": 3.29270756083e-06,
        "max": 0.010990543291,
        "mean": 0.00535219116136,
        "median": 0.00515095889568,
        "min": 0.00247368263081,
        "var": 1.54696010668e-06
    },
    "spectral_rolloff": {
        "dmean": 416.180450439,
        "dmean2": 695.701171875,
        "dvar": 226119.203125,
        "dvar2": 567363.25,
        "max": 4844.97070312,
        "mean": 1792.90075684,
        "median": 1937.98828125,
        "min": 172.265625,
        "var": 468226.3125
    },
    "spectral_skewness": {
        "dmean": 0.160707190633,
        "dmean2": 0.270122557878,
        "dvar": 0.0192046053708,
        "dvar2": 0.0514630675316,
        "max": 2.55668377876,
        "mean": 1.50483870506,
        "median": 1.50216591358,
        "min": 0.52699047327,
        "var": 0.0450891628861
    },
    "spectral_spread": {
        "dmean": 262976.78125,
        "dmean2": 406774.21875,
        "dvar": 100533444608,
        "dvar2": 161745944576,
        "max": 12233527,
        "mean": 3765285.25,
        "median": 3679874,
        "min": 2612503.5,
        "var": 308349075456
    },
    "spectral_strongpeak": {
        "dmean": 0.455781787634,
        "dmean2": 0.804186940193,
        "dvar": 0.56133300066,
        "dvar2": 1.51436471939,
        "max": 8.81155967712,
        "mean": 0.938054561615,
        "median": 0.746227145195,
        "min": 0.0707306414843,
        "var": 0.766583323479
    },
    "zerocrossingrate": {
        "dmean": 0.00673692068085,
        "dmean2": 0.008349949494,
        "dvar": 3.3679894841e-05,
        "dvar2": 5.36730294698e-05,
        "max": 0.1318359375,
        "mean": 0.062401060015,
        "median": 0.0625,
        "min": 0.0224609375,
        "var": 0.000216360320337
    },
    "barkbands": {
        "dmean": [2.93774919555e-05, 0.00264158542268, 0.00204910011962, 0.0014454604825, 0.003121283371, 0.000886061228812, 0.000897121208254, 0.00082635646686, 0.000567860435694, 0.000291123549687, 0.000246159499511, 0.000345121021383, 0.000379852077458, 0.000377573800506, 0.000461616902612, 0.000551713164896, 0.000840702559799, 0.000302622269373, 0.000175113091245, 0.000135563735967, 6.13167940173e-05, 3.73760340153e-05, 2.7932541343e-05, 1.66519803315e-05, 1.36003072839e-05, 8.86896850716e-06, 4.58469884279e-09],
        "dmean2": [4.72435822303e-05, 0.00464816438034, 0.00382087589242, 0.00255477614701, 0.00513241253793, 0.00146059470717, 0.00147867831402, 0.00131944566965, 0.000875997880939, 0.000462434400106, 0.000379262753995, 0.000541078392416, 0.000581550819334, 0.000574409554247, 0.00072720926255, 0.000849606294651, 0.00133151083719, 0.000476720160805, 0.000278851453913, 0.000218832195969, 9.76351802819e-05, 5.63671746932e-05, 4.14974965679e-05, 2.34196631936e-05, 1.85898861673e-05, 1.2311806131e-05, 6.15046902297e-09],
        "dvar": [5.11982989337e-09, 6.31753064226e-05, 3.90046188841e-05, 5.65904883842e-06, 2.09752433875e-05, 1.46888532981e-06, 2.45901946982e-06, 1.87119314887e-06, 7.16375666343e-07, 1.31551360028e-07, 1.63816579857e-07, 4.26920848895e-07, 4.25301294626e-07, 4.5606040544e-07, 4.00704522008e-07, 4.455977205e-07, 9.45316628531e-07, 1.51005963289e-07, 6.09615753433e-08, 2.7421785731e-08, 7.54904583289e-09, 2.01351935125e-09, 1.2642032976e-09, 7.73168862267e-10, 3.61717739095e-10, 1.95203575526e-10, 8.19323958451e-15],
        "dvar2": [1.25459376221e-08, 0.000173776148586, 0.000112922571134, 1.66643385455e-05, 5.50548975298e-05, 3.85806379199e-06, 6.54824862067e-06, 4.82147515868e-06, 1.68237340858e-06, 3.1503043374e-07, 3.29788406361e-07, 1.007108267e-06, 9.26482357499e-07, 1.07361699975e-06, 9.00176132745e-07, 1.03029219645e-06, 2.26856309382e-06, 3.49521144472e-07, 1.56663375606e-07, 7.04341616142e-08, 1.96167402322e-08, 4.27156177096e-09, 2.65546695744e-09, 1.29071886512e-09, 6.0364713228e-10, 3.92769455848e-10, 8.29895607259e-15],
        "max": [0.000509972276632, 0.054059676826, 0.0434362590313, 0.0218920875341, 0.0592113919556, 0.0107039175928, 0.0206361562014, 0.0150249768049, 0.0141390198842, 0.0068751568906, 0.00976340845227, 0.0132197262719, 0.00784413237125, 0.00932206399739, 0.0144705716521, 0.0102114658803, 0.00943905021995, 0.00385621516034, 0.00578104285523, 0.00239427899942, 0.000998459639959, 0.000693967333063, 0.000750535808038, 0.000677741016261, 0.000448847131338, 0.00014182907762, 3.23480367115e-06],
        "mean": [2.49166259891e-05, 0.00187765597366, 0.00165368046146, 0.00274995295331, 0.0100407963619, 0.00182857958134, 0.00133097055368, 0.00151583761908, 0.00128857011441, 0.000583544140682, 0.000479726586491, 0.000562125758734, 0.000734464731067, 0.000720175274182, 0.00104563054629, 0.00111080380157, 0.0016312826192, 0.000621171318926, 0.000400457967771, 0.000329761591274, 0.000138264076668, 0.000101414931123, 7.65584700275e-05, 4.72246392746e-05, 3.71307651221e-05, 1.70730709215e-05, 4.06068823011e-09],
        "median": [2.53607549894e-06, 0.000153474364197, 0.000581221946049, 0.00232143513858, 0.00796304736286, 0.00123145931866, 0.000713808287401, 0.000773492443841, 0.000628894194961, 0.000451295083622, 0.000276708742604, 0.000257688108832, 0.000289348827209, 0.000345232576365, 0.000621935236268, 0.00085513171507, 0.00127251190133, 0.000443120137788, 0.000328127178364, 0.000238734210143, 0.000110004824819, 8.30620119814e-05, 6.3153616793e-05, 3.79803823307e-05, 2.89347517537e-05, 1.08008407551e-05, 3.55435320065e-10],
        "min": [1.21505356887e-08, 2.38743768932e-06, 7.4311096796e-06, 2.11666647374e-05, 0.000236787935137, 3.924392513e-05, 1.30901826196e-05, 1.47477067003e-05, 2.38387292484e-05, 3.91995945392e-06, 6.49987805446e-06, 9.33791670832e-06, 9.22529579839e-06, 6.40170537736e-06, 7.26497819414e-06, 6.55730218568e-06, 1.3340656551e-05, 4.95089916512e-05, 5.56260674784e-05, 2.99269358948e-05, 7.5634343375e-06, 8.09623543319e-06, 6.30538579571e-06, 4.91663331559e-06, 3.09167285195e-06, 4.48598655112e-07, 1.09069125259e-11],
        "var": [4.72270311747e-09, 4.20824508183e-05, 2.21763257287e-05, 5.13080749442e-06, 5.36877196282e-05, 2.79510800283e-06, 2.99450721286e-06, 3.91485446016e-06, 2.93279799735e-06, 3.15337871371e-07, 6.58035105516e-07, 8.51060747209e-07, 1.24465555018e-06, 1.24747589325e-06, 1.86009356185e-06, 1.02209799024e-06, 1.70734529092e-06, 3.06858169097e-07, 9.85399566389e-08, 7.7658903308e-08, 1.14020730635e-08, 5.4094213553e-09, 3.40294303847e-09, 2.1366979297e-09, 1.02233899124e-09, 3.12388698243e-10, 8.16599307569e-15]
    },
    "erbbands": {
        "dmean": [0.0535010918975, 0.689734816551, 2.26878404617, 3.38223385811, 9.27632141113, 10.6427726746, 10.7622537613, 6.68102741241, 11.4554080963, 18.1706027985, 14.5685949326, 12.365986824, 10.2878475189, 7.14090633392, 11.8666753769, 12.3257951736, 15.3166885376, 18.8222751617, 19.4673099518, 24.0892848969, 33.0729522705, 40.8718414307, 19.3817367554, 11.8077516556, 7.38371706009, 6.41996192932, 2.77269434929, 2.29778218269, 1.42130482197, 1.24309301376, 0.626586377621, 0.403549820185, 0.276363939047, 0.171891078353, 0.10122166574, 0.0498814471066, 0.0154859330505, 0.0012722677784, 2.50865032285e-05, 1.13869436973e-05],
        "dmean2": [0.0903751403093, 1.24598491192, 4.22681713104, 6.22962760925, 14.8862075806, 18.3526420593, 17.2923774719, 11.0940332413, 18.9702110291, 30.1706008911, 22.7125415802, 19.2886009216, 15.854013443, 11.4184341431, 18.8856678009, 19.2139587402, 23.1403942108, 28.6289844513, 30.0366897583, 38.5077018738, 52.2165756226, 64.0999832153, 30.2934856415, 18.4470825195, 11.9559841156, 10.4615774155, 4.29668140411, 3.68733549118, 2.18950510025, 1.88031005859, 0.913360595703, 0.589412748814, 0.401471614838, 0.243717461824, 0.141830652952, 0.068383552134, 0.0222514607012, 0.00195892062038, 3.66193635273e-05, 1.85340559256e-05],
        "dvar": [0.0225194487721, 4.55067443848, 50.1310997009, 60.6963119507, 150.584091187, 359.93951416, 168.842697144, 98.4259490967, 483.220916748, 1127.74475098, 629.838012695, 487.798461914, 171.943878174, 93.3723373413, 396.360107422, 418.013244629, 670.594543457, 1169.63269043, 1173.3380127, 816.774658203, 1753.34729004, 2662.08349609, 604.31842041, 337.568969727, 61.9017372131, 60.1154441833, 10.0749835968, 13.3912010193, 3.17905640602, 2.03123545647, 0.773925900459, 0.486525028944, 0.21633914113, 0.0587700530887, 0.0188007671386, 0.00538278371096, 0.0006454361137, 3.74591559194e-06, 1.50948031852e-09, 3.37200739553e-10],
        "dvar2": [0.0578708089888, 12.7848491669, 144.661575317, 178.969573975, 355.636962891, 1002.36608887, 441.056365967, 258.988372803, 1327.01000977, 2948.06713867, 1529.34338379, 1140.94702148, 448.611694336, 213.604232788, 942.701782227, 991.400268555, 1445.34387207, 2880.6965332, 2415.17285156, 2016.27600098, 4137.63867188, 6451.78662109, 1450.20715332, 793.714660645, 153.234451294, 147.934173584, 24.3247489929, 36.7497444153, 6.81187677383, 4.4839682579, 1.48157286644, 0.841691613197, 0.41724383831, 0.0993842184544, 0.0352729074657, 0.0106175001711, 0.0013994598994, 8.60855834617e-06, 3.06617864432e-09, 8.98415120076e-10],
        "max": [0.995098173618, 14.655954361, 46.5360870361, 60.4505004883, 140.494995117, 201.361343384, 118.366142273, 109.762557983, 317.293579102, 412.181335449, 376.057678223, 437.410827637, 194.039276123, 162.987991333, 493.56451416, 328.189544678, 354.370239258, 489.721038818, 909.997802734, 448.698669434, 675.600036621, 615.005615234, 266.967590332, 421.217895508, 118.766815186, 119.646430969, 39.1589241028, 45.6052436829, 23.3304042816, 18.0242595673, 22.8503189087, 14.734662056, 12.7483005524, 6.25877046585, 2.26508760452, 0.744248270988, 0.324694037437, 0.0228829532862, 0.000488078221679, 0.000150045350892],
        "mean": [0.0402012728155, 0.4808575809, 1.75759160519, 5.43227767944, 29.6781196594, 25.5619983673, 25.5383224487, 12.3742704391, 17.7371788025, 30.7134723663, 28.8478565216, 28.822013855, 22.7713680267, 15.7987318039, 22.6249961853, 23.9165534973, 33.0526199341, 37.8778190613, 46.6038970947, 56.7934265137, 72.7900085449, 81.1955413818, 41.2596626282, 26.3100795746, 18.8107337952, 15.9518985748, 6.99645090103, 4.79675960541, 3.67170095444, 3.36168003082, 1.75039458275, 1.1093621254, 0.740431785583, 0.460055291653, 0.242875471711, 0.098570086062, 0.0279526170343, 0.00202080490999, 5.85008856433e-05, 3.96386349166e-05],
        "median": [0.00189514667727, 0.0494892261922, 0.507807195187, 4.18601465225, 17.2569541931, 21.6370353699, 20.8925380707, 8.98855781555, 10.1093797684, 16.7476882935, 15.0727519989, 14.6640825272, 17.1183662415, 11.1558876038, 12.0137004852, 12.3255643845, 15.0872383118, 20.1189842224, 25.5326251984, 40.2607192993, 58.1547698975, 62.4178352356, 31.9761276245, 19.920217514, 15.6606235504, 11.6769256592, 5.87154388428, 3.74464130402, 2.96357131004, 2.81997609138, 1.43363153934, 0.8945992589, 0.608132481575, 0.353412955999, 0.182766124606, 0.0633981600404, 0.0169718731195, 0.00115928484593, 4.07420666306e-05, 3.51695052814e-05],
        "min": [0.000168503189343, 0.00226848642342, 0.0260055884719, 0.106424622238, 0.662040233612, 1.38315200806, 0.910303294659, 0.496941834688, 0.30446857214, 0.430299013853, 0.654346704483, 0.830545127392, 1.00483906269, 0.390528529882, 0.800430238247, 0.96309274435, 0.678002238274, 1.11215102673, 1.88847160339, 1.81366014481, 2.07277607918, 1.21055531502, 3.89091944695, 3.04903030396, 2.99505805969, 1.35555410385, 0.498852014542, 0.28114631772, 0.279139459133, 0.264563173056, 0.173149138689, 0.0994182005525, 0.0715863257647, 0.0414740629494, 0.0160808637738, 0.0035164556466, 0.000405202765251, 2.23368788284e-05, 8.84212204255e-06, 8.58612565935e-06],
        "var": [0.0173201784492, 2.8578042984, 28.7110862732, 36.9232521057, 741.178527832, 397.969512939, 400.442810059, 131.103775024, 525.338928223, 1766.48937988, 1345.47033691, 1794.6484375, 429.397674561, 235.490890503, 1642.55786133, 1047.30566406, 2252.81738281, 3016.55493164, 5941.72558594, 2728.69335938, 3735.44165039, 4527.49951172, 1112.88549805, 670.635314941, 147.876815796, 179.318756104, 22.6308860779, 15.681312561, 7.74595022202, 5.98562479019, 2.06664133072, 1.36206841469, 0.480525165796, 0.158210471272, 0.0478702746332, 0.00970514398068, 0.000904166779947, 5.00032501805e-06, 2.22235918557e-09, 3.60184992942e-10]
    },
    "gfcc": {
        "mean": [34.9748840332, 88.1396255493, -139.89906311, 33.2613487244, -59.8264503479, -1.5623562336, -60.8397254944, 3.13049221039, -34.188369751, -7.95065069199, -29.0750522614, -4.92669820786, -14.4100294113],
        "cov": [[560.207092285, -55.9542388916, 38.67237854, -31.5067672729, 41.1189727783, 37.5729141235, 53.7744216919, 53.688129425, 27.0135536194, 97.1941299438, 21.6513290405, 92.5335083008, 1.23103272915], [-55.9542388916, 213.21081543, 30.1070861816, 18.7518177032, 70.3470840454, 20.841714859, 64.5451965332, 8.1052570343, 31.7720279694, -3.74271440506, 40.0874557495, -16.495929718, 8.59061050415], [38.67237854, 30.1070861816, 191.591705322, 84.6554718018, 94.9356536865, 43.0542030334, 37.2554664612, 33.6921195984, -7.62777709961, 21.0370197296, -5.88115787506, 33.8555335999, 22.0822315216], [-31.5067672729, 18.7518177032, 84.6554718018, 160.175949097, 56.158706665, 34.1541404724, 26.0837993622, 23.791885376, 34.3106498718, -11.0950365067, 5.55496740341, 5.03347301483, 25.616071701], [41.1189727783, 70.3470840454, 94.9356536865, 56.158706665, 178.461608887, 49.3820114136, 40.6879425049, 46.6630783081, 11.4114542007, 26.6153469086, 2.91700005531, 26.3408660889, 17.5797672272], [37.5729141235, 20.841714859, 43.0542030334, 34.1541404724, 49.3820114136, 86.9507446289, 57.6771278381, 27.4049129486, 12.8984861374, 19.8015518188, 15.6651420593, 11.6311569214, 5.21948623657], [53.7744216919, 64.5451965332, 37.2554664612, 26.0837993622, 40.6879425049, 57.6771278381, 107.335197449, 50.6597251892, 23.0970554352, 29.4020709991, 29.7517147064, 18.4113178253, -6.00434541702], [53.688129425, 8.1052570343, 33.6921195984, 23.791885376, 46.6630783081, 27.4049129486, 50.6597251892, 90.9886398315, 41.3048324585, 26.1210613251, 11.1804885864, 29.3829421997, 4.51202869415], [27.0135536194, 31.7720279694, -7.62777709961, 34.3106498718, 11.4114542007, 12.8984861374, 23.0970554352, 41.3048324585, 76.3827056885, 24.0833473206, 13.9381322861, 6.33353424072, 1.89074420929], [97.1941299438, -3.74271440506, 21.0370197296, -11.0950365067, 26.6153469086, 19.8015518188, 29.4020709991, 26.1210613251, 24.0833473206, 77.9426727295, 27.1413631439, 21.2453098297, -6.5943479538], [21.6513290405, 40.0874557495, -5.88115787506, 5.55496740341, 2.91700005531, 15.6651420593, 29.7517147064, 11.1804885864, 13.9381322861, 27.1413631439, 55.2380409241, 21.1616191864, -1.85344517231], [92.5335083008, -16.495929718, 33.8555335999, 5.03347301483, 26.3408660889, 11.6311569214, 18.4113178253, 29.3829421997, 6.33353424072, 21.2453098297, 21.1616191864, 76.8675613403, 18.5884723663], [1.23103272915, 8.59061050415, 22.0822315216, 25.616071701, 17.5797672272, 5.21948623657, -6.00434541702, 4.51202869415, 1.89074420929, -6.5943479538, -1.85344517231, 18.5884723663, 44.3219184875]],
        "icov": [[0.00287907826714, 0.00056395836873, 0.000150847990881, 0.000550754310098, -0.000142551376484, -0.000230577526963, -0.00114383688197, 0.000676722673234, -0.000636475044303, -0.00274165370502, 0.00166140461806, -0.003055249108, 0.000247183575993], [0.00056395836873, 0.0246113985777, -0.0106263095513, 0.0149705652148, -0.0139726772904, 0.0117441872135, -0.0201363526285, 0.0153521029279, -0.0230039730668, 0.0204751249403, -0.0267077311873, 0.0168652180582, -0.0124380402267], [0.000150847990881, -0.0106263095513, 0.0162739083171, -0.0129061257467, 0.00360112218186, -0.00588087271899, 0.00717039871961, -0.0080584147945, 0.0166126247495, -0.0143402023241, 0.0172118525952, -0.0111195547506, 0.00500349886715], [0.000550754310098, 0.0149705652148, -0.0129061257467, 0.0222574025393, -0.00965947657824, 0.00568091263995, -0.0124376285821, 0.0111402794719, -0.022572895512, 0.0190691836178, -0.0203567873687, 0.0129164457321, -0.0114755723625], [-0.000142551376484, -0.0139726772904, 0.00360112218186, -0.00965947657824, 0.0169524494559, -0.00935564469546, 0.011800147593, -0.0115934759378, 0.0143315074965, -0.0137858502567, 0.0164345744997, -0.00987184792757, 0.0058223423548], [-0.000230577526963, 0.0117441872135, -0.00588087271899, 0.00568091263995, -0.00935564469546, 0.0261071119457, -0.0194331016392, 0.00881323590875, -0.0107698654756, 0.00884990300983, -0.0135028203949, 0.0097455913201, -0.00839246250689], [-0.00114383688197, -0.0201363526285, 0.00717039871961, -0.0124376285821, 0.011800147593, -0.0194331016392, 0.0375480800867, -0.0209868848324, 0.0196924135089, -0.0158753991127, 0.0139156524092, -0.0120064672083, 0.0147972162813], [0.000676722673234, 0.0153521029279, -0.0080584147945, 0.0111402794719, -0.0115934759378, 0.00881323590875, -0.0209868848324, 0.0326935537159, -0.0254591740668, 0.0127044813707, -0.0122595867142, 0.00420189322904, -0.00732754450291], [-0.000636475044303, -0.0230039730668, 0.0166126247495, -0.022572895512, 0.0143315074965, -0.0107698654756, 0.0196924135089, -0.0254591740668, 0.0471846461296, -0.0276749450713, 0.0252968873829, -0.0141241438687, 0.0109401466325], [-0.00274165370502, 0.0204751249403, -0.0143402023241, 0.0190691836178, -0.0137858502567, 0.00884990300983, -0.0158753991127, 0.0127044813707, -0.0276749450713, 0.0431957654655, -0.0338813625276, 0.0165885332972, -0.0075537241064], [0.00166140461806, -0.0267077311873, 0.0172118525952, -0.0203567873687, 0.0164345744997, -0.0135028203949, 0.0139156524092, -0.0122595867142, 0.0252968873829, -0.0338813625276, 0.0606716163456, -0.0293229669333, 0.0152401421219], [-0.003055249108, 0.0168652180582, -0.0111195547506, 0.0129164457321, -0.00987184792757, 0.0097455913201, -0.0120064672083, 0.00420189322904, -0.0141241438687, 0.0165885332972, -0.0293229669333, 0.0365071184933, -0.0178620889783], [0.000247183575993, -0.0124380402267, 0.00500349886715, -0.0114755723625, 0.0058223423548, -0.00839246250689, 0.0147972162813, -0.00732754450291, 0.0109401466325, -0.0075537241064, 0.0152401421219, -0.0178620889783, 0.0370731726289]]
    },
    "melbands": {
        "dmean": [0.000608943926636, 0.00111800676677, 0.000737513531931, 0.000703133351635, 0.000400273944251, 0.000157084446982, 0.000170260478626, 0.000197249435587, 0.000121562297863, 7.64384240028e-05, 5.16070467711e-05, 2.99574348901e-05, 3.5937402572e-05, 3.81094359909e-05, 4.01440411224e-05, 3.29407848767e-05, 3.85524363082e-05, 3.38244972227e-05, 3.41854138242e-05, 3.92328693124e-05, 4.36176160292e-05, 5.00706628372e-05, 3.25562796206e-05, 1.31547385536e-05, 1.03647735159e-05, 6.26435803497e-06, 6.00152952757e-06, 4.17480350734e-06, 1.89751563084e-06, 1.83898328032e-06, 1.30739203996e-06, 8.91526099167e-07, 7.52965888751e-07, 8.23614982437e-07, 3.90288761309e-07, 3.37665710504e-07, 2.617367727e-07, 2.3363863022e-07, 1.70100548758e-07, 1.58421627816e-07],
        "dmean2": [0.00105302815791, 0.00206456542946, 0.00129776925314, 0.00118096603546, 0.000640808138996, 0.000261442997726, 0.000280936743366, 0.000327202258632, 0.000186109726201, 0.00011940713739, 7.96835010988e-05, 4.83485928271e-05, 5.65980481042e-05, 6.02965556027e-05, 6.18244885118e-05, 5.0547241699e-05, 5.88561306358e-05, 5.1439859817e-05, 5.37389532838e-05, 6.21072031208e-05, 6.97614232195e-05, 7.99506742624e-05, 5.1297738537e-05, 2.07673183468e-05, 1.64906541613e-05, 1.01921687019e-05, 1.00310771813e-05, 6.8232875492e-06, 3.04171999232e-06, 2.99419298244e-06, 2.12134909816e-06, 1.40095505685e-06, 1.18335219668e-06, 1.28271767608e-06, 5.91222089952e-07, 5.09345966293e-07, 3.96601308239e-07, 3.61156537565e-07, 2.47970348255e-07, 2.31797855577e-07],
        "dvar": [3.18241745845e-06, 1.22270757856e-05, 1.67450355093e-06, 1.28219221551e-06, 2.32131412758e-07, 5.16499554237e-08, 9.88876394103e-08, 1.30044114144e-07, 4.02597919447e-08, 1.90464941596e-08, 4.33194635718e-09, 1.76921655104e-09, 3.45813577773e-09, 5.96803051423e-09, 4.75224615215e-09, 3.66822416886e-09, 4.96069185729e-09, 4.31934576994e-09, 1.82441894925e-09, 1.78872727741e-09, 2.8973332622e-09, 4.1502543624e-09, 2.30227836795e-09, 2.8882832237e-10, 3.1819943902e-10, 4.57013663024e-11, 6.66039723374e-11, 2.6562588934e-11, 4.83523290851e-12, 7.17564722919e-12, 3.39511426785e-12, 1.25246406128e-12, 8.38075919427e-13, 1.04879722528e-12, 2.41081894031e-13, 4.18718282703e-13, 1.98145441569e-13, 1.54123011554e-13, 5.06337695025e-14, 5.23778205053e-14],
        "dvar2": [8.50721153256e-06, 3.5085278796e-05, 4.90968250233e-06, 3.52742108589e-06, 6.05809987064e-07, 1.34832944809e-07, 2.68906802603e-07, 3.40673523169e-07, 9.39039779269e-08, 4.47938042214e-08, 1.11510676248e-08, 4.08654088346e-09, 7.87061527063e-09, 1.42192799757e-08, 1.0322794175e-08, 7.55069251568e-09, 1.21485888016e-08, 9.15336162421e-09, 4.3383909798e-09, 4.19139167818e-09, 7.19826598328e-09, 9.98273730346e-09, 5.74200287318e-09, 6.78582190439e-10, 7.65998209307e-10, 1.13298918858e-10, 1.80207002098e-10, 6.43154834945e-11, 1.18207050051e-11, 1.92904182211e-11, 9.27867678524e-12, 2.79830542418e-12, 1.81804603924e-12, 2.42034148799e-12, 4.9207366697e-13, 8.53954656554e-13, 4.01318843608e-13, 3.13853001747e-13, 9.74683184098e-14, 9.79372900595e-14],
        "max": [0.0119994655252, 0.0226247143, 0.0104399174452, 0.0134312361479, 0.00482565816492, 0.00233186781406, 0.00449470989406, 0.00422771787271, 0.00273773563094, 0.00255068810657, 0.000974314461928, 0.000798549095634, 0.00150003959425, 0.0015627190005, 0.00100147014018, 0.000949142500758, 0.00103838252835, 0.00153187010437, 0.000595761986915, 0.000483153562527, 0.000746876234189, 0.000819532840978, 0.000675624527503, 0.000275078520644, 0.000437527603935, 0.000102755089756, 0.000129223422846, 8.75111873029e-05, 3.03736851492e-05, 2.83527242573e-05, 2.12374343391e-05, 1.34512647492e-05, 1.67387315742e-05, 1.30637408802e-05, 1.08338063001e-05, 1.70763432834e-05, 9.00762370293e-06, 9.94489619188e-06, 5.05440857523e-06, 5.71242753722e-06],
        "mean": [0.000446661520982, 0.000834602979012, 0.00171432597563, 0.00209794309922, 0.000980892335065, 0.000294936005957, 0.000265780865448, 0.000338412326528, 0.000238640539465, 0.000177252091817, 0.000109709260869, 6.05020504736e-05, 6.94386690157e-05, 6.15645840298e-05, 8.01294227131e-05, 6.39210047666e-05, 7.0519905421e-05, 7.13800691301e-05, 7.32268526917e-05, 8.16467145341e-05, 8.6140462372e-05, 9.17695651879e-05, 5.64989240956e-05, 2.76194004982e-05, 2.05721462407e-05, 1.36288881549e-05, 1.3665440747e-05, 9.57676184044e-06, 4.28901057603e-06, 3.64071956938e-06, 2.50003904512e-06, 2.04593061426e-06, 1.90386379018e-06, 1.92287166101e-06, 9.72049519987e-07, 8.07869582786e-07, 6.27539577636e-07, 5.64299909911e-07, 4.01354412816e-07, 3.78958617375e-07],
        "median": [2.84343477688e-05, 0.000193114392459, 0.0013620875543, 0.00159295054618, 0.0008122328436, 0.000213948704186, 0.000149040308315, 0.000177783658728, 0.000119585798529, 8.78097998793e-05, 8.16806787043e-05, 4.08700907428e-05, 3.86972315027e-05, 3.02120351989e-05, 3.3753723983e-05, 2.58584350377e-05, 3.32814925059e-05, 3.31833034579e-05, 4.68541948067e-05, 6.29861751804e-05, 6.74042967148e-05, 6.99560114299e-05, 3.96792129322e-05, 1.99164405785e-05, 1.47837372424e-05, 1.09597367555e-05, 1.00777342595e-05, 6.65719517201e-06, 3.43041051565e-06, 2.83774534182e-06, 1.89183583643e-06, 1.59314299708e-06, 1.58446948717e-06, 1.53331131969e-06, 7.90389037775e-07, 6.51686889341e-07, 4.92212279823e-07, 4.55391244714e-07, 3.16664937827e-07, 2.74327106808e-07],
        "min": [5.45027148746e-07, 2.97744918498e-06, 5.18650122103e-05, 6.50194997434e-05, 4.00356402679e-05, 9.24098821997e-06, 3.40424276146e-06, 2.51482288149e-06, 4.7418043323e-06, 3.34654919243e-06, 3.25399855683e-06, 7.38740766337e-07, 1.18367529467e-06, 1.06194295313e-06, 2.14501324081e-06, 1.03670652152e-06, 8.37209427118e-07, 7.59969395858e-07, 4.8592477242e-07, 2.14505530494e-06, 4.33640849451e-07, 7.03863292983e-07, 2.44888792622e-06, 2.88872593046e-06, 1.72969350842e-06, 1.59307330705e-06, 1.46745821894e-06, 4.75490423923e-07, 2.32519184351e-07, 1.74580804924e-07, 1.28699127799e-07, 1.29561968265e-07, 1.30609379312e-07, 1.02818141556e-07, 8.53897077491e-08, 4.75446668702e-08, 3.3289079937e-08, 2.91568795774e-08, 2.40334916413e-08, 1.68761555841e-08],
