{
"highlevel": {
    "danceability": {
        "all": {
            "danceable": 0.999301373959,
            "not_danceable": 0.00069864327088
        },
        "probability": 0.999301373959,
        "value": "danceable"
    },
    "gender": {
        "all": {
            "female": 0.986558735371,
            "male": 0.0134412860498
        },
        "probability": 0.986558735371,
        "value": "female"
    },
    "genre_dortmund": {
        "all": {
            "alternative": 0.0230663754046,
            "blues": 0.0563048124313,
            "electronic": 0.205557271838,
            "folkcountry": 0.0112806130201,
            "funksoulrnb": 0.0583176910877,
            "jazz": 0.243088409305,
            "pop": 0.0381820090115,
            "raphiphop": 0.296245843172,
            "rock": 0.0679569765925
        },
        "probability": 0.296245843172,
        "value": "raphiphop"
    },
    "genre_electronic": {
        "all": {
            "ambient": 0.0878813564777,
            "dnb": 0.0566984154284,
            "house": 0.822100877762,
            "techno": 0.0124420309439,
            "trance": 0.0208773203194
        },
        "probability": 0.822100877762,
        "value": "house"
    },
    "genre_rosamerica": {
        "all": {
            "cla": 0.00352849671617,
            "dan": 0.209335178137,
            "hip": 0.459536671638,
            "jaz": 0.00727962236851,
            "pop": 0.039064116776,
            "rhy": 0.261601269245,
            "roc": 0.011807099916,
            "spe": 0.00784753076732
        },
        "probability": 0.459536671638,
        "value": "hip"
    },
    "genre_tzanetakis": {
        "all": {
            "blu": 0.0620671063662,
            "cla": 0.034474901855,
            "cou": 0.103433981538,
            "dis": 0.0620971247554,
            "hip": 0.15527240932,
            "jaz": 0.310666948557,
            "met": 0.044346679002,
            "pop": 0.0620793737471,
            "reg": 0.0620816536248,
            "roc": 0.103479810059
        },
        "probability": 0.310666948557,
        "value": "jaz"
    },
    "ismir04_rhythm": {
        "all": {
            "ChaChaCha": 0.0996809005737,
            "Jive": 0.0468606501818,
            "Quickstep": 0.137791663408,
            "Rumba-American": 0.0199055504054,
            "Rumba-International": 0.101499378681,
            "Rumba-Misc": 0.0387157052755,
            "Samba": 0.520899832249,
            "Tango": 0.00785870384425,
            "VienneseWaltz": 0.021397029981,
            "Waltz": 0.00539056910202
        },
        "probability": 0.520899832249,
        "value": "Samba"
    },
    "mood_acoustic": {
        "all": {
            "acoustic": 0.0140561219305,
            "not_acoustic": 0.985943853855
        },
        "probability": 0.985943853855,
        "value": "not_acoustic"
    },
    "mood_aggressive": {
        "all": {
            "aggressive": 0.388142079115,
            "not_aggressive": 0.611857950687
        },
        "probability": 0.611857950687,
        "value": "not_aggressive"
    },
    "mood_electronic": {
        "all": {
            "electronic": 0.777750611305,
            "not_electronic": 0.222249418497
        },
        "probability": 0.777750611305,
        "value": "electronic"
    },
    "mood_happy": {
        "all": {
            "happy": 0.305647045374,
            "not_happy": 0.694352984428
        },
        "probability": 0.694352984428,
        "value": "not_happy"
    },
    "mood_party": {
        "all": {
            "not_party": 0.287268579006,
            "party": 0.712731420994
        },
        "probability": 0.712731420994,
        "value": "party"
    },
    "mood_relaxed": {
        "all": {
            "not_relaxed": 0.285266399384,
            "relaxed": 0.714733600616
        },
        "probability": 0.714733600616,
        "value": "relaxed"
    },
    "mood_sad": {
        "all": {
            "not_sad": 0.801417469978,
            "sad": 0.198582544923
        },
        "probability": 0.801417469978,
        "value": "not_sad"
    },
    "moods_mirex": {
        "all": {
            "Cluster1": 0.434264600277,
            "Cluster2": 0.278752833605,
            "Cluster3": 0.0764707177877,
            "Cluster4": 0.0759034827352,
            "Cluster5": 0.134608373046
        },
        "probability": 0.434264600277,
        "value": "Cluster1"
    },
    "timbre": {
        "all": {
            "bright": 0.641031444073,
            "dark": 0.358968555927
        },
        "probability": 0.641031444073,
        "value": "bright"
    },
    "tonal_atonal": {
        "all": {
            "atonal": 0.5,
            "tonal": 0.5
        },
        "probability": 0.5,
        "value": "tonal"
    },
    "voice_instrumental": {
        "all": {
            "instrumental": 0.778198778629,
            "voice": 0.221801236272
        },
        "probability": 0.778198778629,
        "value": "instrumental"
    }
},
"lowlevel": {
    "average_loudness": 0.970100522041,
    "barkbands_crest": {
        "dmean": 2.75710058212,
        "dmean2": 4.13792276382,
        "dvar": 9.82487201691,
        "dvar2": 19.0313606262,
        "max": 26.2152023315,
        "mean": 13.6231946945,
        "median": 13.0210046768,
        "min": 2.91431188583,
        "var": 30.625453949
    },
    "barkbands_flatness_db": {
        "dmean": 0.0423568412662,
        "dmean2": 0.0591240152717,
        "dvar": 0.00178512290586,
        "dvar2": 0.00381261087023,
        "max": 0.508426010609,
        "mean": 0.215976953506,
        "median": 0.20876377821,
        "min": 0.0437339283526,
        "var": 0.00789679028094
    },
    "barkbands_kurtosis": {
        "dmean": 23.2418861389,
        "dmean2": 33.9614677429,
        "dvar": 3087.39526367,
        "dvar2": 6982.31054688,
        "max": 551.454406738,
        "mean": 29.5579586029,
        "median": 7.56022167206,
        "min": -1.6679019928,
        "var": 4494.75976562
    },
    "barkbands_skewness": {
        "dmean": 1.40721809864,
        "dmean2": 1.96490442753,
        "dvar": 3.81566357613,
        "dvar2": 7.7258682251,
        "max": 18.7889919281,
        "mean": 3.38648056984,
        "median": 2.48508191109,
        "min": -1.32019531727,
        "var": 10.5108938217
    },
    "barkbands_spread": {
        "dmean": 7.53780698776,
        "dmean2": 11.1966495514,
        "dvar": 110.764221191,
        "dvar2": 218.311553955,
        "max": 75.4922103882,
        "mean": 17.0068359375,
        "median": 10.8107757568,
        "min": 0.227971687913,
        "var": 278.556945801
    },
    "dissonance": {
        "dmean": 0.0246777329594,
        "dmean2": 0.039975695312,
        "dvar": 0.000653809460346,
        "dvar2": 0.00158479623497,
        "max": 0.49986204505,
        "mean": 0.454070776701,
        "median": 0.464688777924,
        "min": 0.226993769407,
        "var": 0.00145466357935
    },
    "dynamic_complexity": 2.18058443069,
    "erbbands_crest": {
        "dmean": 2.75862169266,
        "dmean2": 4.4561662674,
        "dvar": 7.10720968246,
        "dvar2": 16.8415737152,
        "max": 25.4780654907,
        "mean": 9.13445949554,
        "median": 8.47535324097,
        "min": 2.50782251358,
        "var": 19.3270931244
    },
    "erbbands_flatness_db": {
        "dmean": 0.0294004771858,
        "dmean2": 0.0389028601348,
        "dvar": 0.000679612916429,
        "dvar2": 0.00128091964871,
        "max": 0.328257381916,
        "mean": 0.153652012348,
        "median": 0.146148398519,
        "min": 0.0627469494939,
        "var": 0.00264893379062
    },
    "erbbands_kurtosis": {
        "dmean": 1.51384663582,
        "dmean2": 2.423153162,
        "dvar": 4.98308324814,
        "dvar2": 12.0165843964,
        "max": 20.1457157135,
        "mean": 0.910708367825,
        "median": -0.0967669487,
        "min": -1.72600722313,
        "var": 8.84247303009
    },
    "erbbands_skewness": {
        "dmean": 0.547094643116,
        "dmean2": 0.852242350578,
        "dvar": 0.303808003664,
        "dvar2": 0.737884223461,
        "max": 4.11730003357,
        "mean": 0.40436154604,
        "median": 0.238321185112,
        "min": -2.00909876823,
        "var": 0.881651341915
    },
    "erbbands_spread": {
        "dmean": 15.4598236084,
        "dmean2": 22.2706108093,
        "dvar": 247.544052124,
        "dvar2": 495.542022705,
        "max": 155.070480347,
        "mean": 47.8686027527,
        "median": 42.331199646,
        "min": 3.96039700508,
        "var": 747.468444824
    },
    "hfc": {
        "dmean": 10.4546422958,
        "dmean2": 14.640255928,
        "dvar": 285.861236572,
        "dvar2": 463.021606445,
        "max": 155.125900269,
        "mean": 19.5436840057,
        "median": 11.6330528259,
        "min": 0.544858753681,
        "var": 577.315551758
    },
    "melbands_crest": {
        "dmean": 3.11483192444,
        "dmean2": 4.95552825928,
        "dvar": 11.1226968765,
        "dvar2": 25.277141571,
        "max": 34.3554649353,
        "mean": 17.7901916504,
        "median": 17.6553897858,
        "min": 5.51517152786,
        "var": 33.0414047241
    },
    "melbands_flatness_db": {
        "dmean": 0.0528110451996,
        "dmean2": 0.0704413279891,
        "dvar": 0.00253368262202,
        "dvar2": 0.00532547244802,
        "max": 0.628802895546,
        "mean": 0.289178282022,
        "median": 0.288482546806,
        "min": 0.0313256122172,
        "var": 0.0134427081794
    },
    "melbands_kurtosis": {
        "dmean": 36.1109580994,
        "dmean2": 50.8606948853,
        "dvar": 4608.57763672,
        "dvar2": 8591.234375,
        "max": 722.286987305,
        "mean": 60.3613014221,
        "median": 20.1440124512,
        "min": -1.51965475082,
        "var": 10703.7714844
    },
    "melbands_skewness": {
        "dmean": 1.56851041317,
        "dmean2": 2.21435546875,
        "dvar": 4.10739994049,
        "dvar2": 7.65399265289,
        "max": 20.954082489,
        "mean": 4.85279369354,
        "median": 3.8158929348,
        "min": -1.23215842247,
        "var": 13.2388095856
    },
    "melbands_spread": {
        "dmean": 7.39810276031,
        "dmean2": 11.8184137344,
        "dvar": 169.139144897,
        "dvar2": 388.520477295,
        "max": 130.059783936,
        "mean": 14.6067485809,
        "median": 8.34413528442,
        "min": 0.319841086864,
        "var": 306.800415039
    },
    "pitch_salience": {
        "dmean": 0.0836540311575,
        "dmean2": 0.130139529705,
        "dvar": 0.00864356849343,
        "dvar2": 0.0190498158336,
        "max": 0.804690480232,
        "mean": 0.447641462088,
        "median": 0.460725516081,
        "min": 0.084377810359,
        "var": 0.0264676883817
    },
    "silence_rate_20dB": {
        "dmean": 0,
        "dmean2": 0,
        "dvar": 0,
        "dvar2": 0,
        "max": 1,
        "mean": 1,
        "median": 1,
        "min": 1,
        "var": 0
    },
    "silence_rate_30dB": {
        "dmean": 0.0804953575134,
        "dmean2": 0.160340815783,
        "dvar": 0.0740156918764,
        "dvar2": 0.165616869926,
        "max": 1,
        "mean": 0.864655852318,
        "median": 1,
        "min": 0,
        "var": 0.117025457323
    },
    "silence_rate_60dB": {
        "dmean": 0.0232198145241,
        "dmean2": 0.0464756004512,
        "dvar": 0.0226809121668,
        "dvar2": 0.058257676661,
        "max": 1,
        "mean": 0.0185614842921,
        "median": 0,
        "min": 0,
        "var": 0.0182170588523
    },
    "spectral_centroid": {
        "dmean": 380.539123535,
        "dmean2": 567.856018066,
        "dvar": 189098.671875,
        "dvar2": 396064.84375,
        "max": 3714.91333008,
        "mean": 1088.19348145,
        "median": 789.392578125,
        "min": 114.071098328,
        "var": 597886.9375
    },
    "spectral_complexity": {
        "dmean": 4.85526323318,
        "dmean2": 7.19752120972,
        "dvar": 48.0433273315,
        "dvar2": 73.0632171631,
        "max": 63,
        "mean": 14.6620264053,
        "median": 11,
        "min": 3,
        "var": 130.112121582
    },
    "spectral_decrease": {
        "dmean": 6.02455330068e-09,
        "dmean2": 9.6435988084e-09,
        "dvar": 1.08132550301e-16,
        "dvar2": 2.49947431925e-16,
        "max": -2.27876967296e-10,
        "mean": -1.44742529073e-08,
        "median": -1.10253290941e-08,
        "min": -7.74377184598e-08,
        "var": 1.95426581323e-16
    },
    "spectral_energy": {
        "dmean": 0.0233326889575,
        "dmean2": 0.0371165759861,
        "dvar": 0.00158186559565,
        "dvar2": 0.00365917640738,
        "max": 0.295456677675,
        "mean": 0.0564018078148,
        "median": 0.0428930744529,
        "min": 0.000917821133044,
        "var": 0.00283834803849
    },
    "spectral_energyband_high": {
        "dmean": 0.000899295439012,
        "dmean2": 0.00123874191195,
        "dvar": 2.920003908e-06,
        "dvar2": 4.41357497039e-06,
        "max": 0.0154499812052,
        "mean": 0.00118988996837,
        "median": 0.000199446541956,
        "min": 2.50450943895e-06,
        "var": 5.76127649765e-06
    },
    "spectral_energyband_low": {
        "dmean": 0.0199983995408,
        "dmean2": 0.0321394316852,
        "dvar": 0.00147488620132,
        "dvar2": 0.00339391897433,
        "max": 0.285633414984,
        "mean": 0.043388735503,
        "median": 0.0282226242125,
        "min": 8.01499190857e-05,
        "var": 0.00276902876794
    },
    "spectral_energyband_middle_high": {
        "dmean": 0.00169473770075,
        "dmean2": 0.00252205645666,
        "dvar": 1.02568019429e-05,
        "dvar2": 2.25109288294e-05,
        "max": 0.0313273258507,
        "mean": 0.00312974303961,
        "median": 0.00156197312754,
        "min": 8.27160602057e-06,
        "var": 1.79271864909e-05
    },
    "spectral_energyband_middle_low": {
        "dmean": 0.007279291749,
        "dmean2": 0.0126988273114,
        "dvar": 0.000265189883066,
        "dvar2": 0.000728564220481,
        "max": 0.115876048803,
        "mean": 0.0107535347342,
        "median": 0.00660524517298,
        "min": 0.00019369662914,
        "var": 0.00020711927209
    },
    "spectral_entropy": {
        "dmean": 0.343226462603,
        "dmean2": 0.468350410461,
        "dvar": 0.102958478034,
        "dvar2": 0.225944042206,
        "max": 8.61656951904,
        "mean": 7.34469127655,
        "median": 7.39851903915,
        "min": 5.47655677795,
        "var": 0.410040825605
    },
    "spectral_flux": {
        "dmean": 0.0543132387102,
        "dmean2": 0.0858307853341,
        "dvar": 0.00544055644423,
        "dvar2": 0.011373446323,
        "max": 0.537743866444,
        "mean": 0.107991077006,
        "median": 0.07101418823,
        "min": 0.0106547251344,
        "var": 0.00956320110708
    },
    "spectral_kurtosis": {
        "dmean": 2.96177053452,
        "dmean2": 4.56395578384,
        "dvar": 14.5974979401,
        "dvar2": 31.9065704346,
        "max": 48.4487800598,
        "mean": 4.84651613235,
        "median": 2.92219352722,
        "min": -0.363363981247,
        "var": 28.7650299072
    },
    "spectral_rms": {
        "dmean": 0.00137278204784,
        "dmean2": 0.00204167701304,
        "dvar": 3.48057187693e-06,
        "dvar2": 7.23981520423e-06,
        "max": 0.0169779397547,
        "mean": 0.0067443838343,
        "median": 0.00646891817451,
        "min": 0.000946274434682,
        "var": 9.5394834716e-06
    },
    "spectral_rolloff": {
        "dmean": 577.747558594,
        "dmean2": 975.851196289,
        "dvar": 1345247.5,
        "dvar2": 2927783.25,
        "max": 9689.94140625,
        "mean": 943.863098145,
        "median": 344.53125,
        "min": 64.599609375,
        "var": 2026977.125
    },
    "spectral_skewness": {
        "dmean": 0.42828142643,
        "dmean2": 0.603149235249,
        "dvar": 0.17103818059,
        "dvar2": 0.338663637638,
        "max": 4.85899972916,
        "mean": 1.560739398,
        "median": 1.38564944267,
        "min": 0.204208523035,
        "var": 0.556233465672
    },
    "spectral_spread": {
        "dmean": 944734.6875,
        "dmean2": 1278450.375,
        "dvar": 859705376768,
        "dvar2": 1.72946096128e+12,
        "max": 14212682,
        "mean": 4687732,
        "median": 4585913,
        "min": 1183774.875,
        "var": 2.47834660045e+12
    },
    "spectral_strongpeak": {
        "dmean": 0.277152657509,
        "dmean2": 0.470134466887,
        "dvar": 0.207791477442,
        "dvar2": 0.515922307968,
        "max": 6.95085144043,
        "mean": 0.581799566746,
        "median": 0.332040548325,
        "min": 0.0204672049731,
        "var": 0.417480230331
    },
    "zerocrossingrate": {
        "dmean": 0.0144443567842,
        "dmean2": 0.0158296171576,
        "dvar": 0.000278027815511,
        "dvar2": 0.000327664602082,
        "max": 0.20068359375,
        "mean": 0.0441492348909,
        "median": 0.0302734375,
        "min": 0.001953125,
        "var": 0.00140822434332
    },
    "barkbands": {
        "dmean": [0.000719271251, 0.0151649052277, 0.0105993086472, 0.00341679505073, 0.0028861858882, 0.00108670932241, 0.00054030190222, 0.000393026159145, 0.000356272910722, 0.000266510905931, 0.000239150540438, 0.000363571802154, 0.000187246347195, 0.00028074128204, 0.00016696297098, 0.000127147955936, 0.000273591140285, 0.000114919464977, 0.00018377417291, 0.000149858387886, 0.000269382289844, 0.000203589486773, 0.000138817515108, 0.000151264990564, 0.000100837401988, 4.45002115157e-05, 5.42790790092e-09],
        "dmean2": [0.00110268441495, 0.0222099069506, 0.0193931218237, 0.00624721776694, 0.00509196100757, 0.00167061341926, 0.000888160895556, 0.000633087591268, 0.000590608688071, 0.000428420258686, 0.000365263898857, 0.000576384132728, 0.000301837775623, 0.000492507591844, 0.000279133411823, 0.000189412661712, 0.000450806692243, 0.000169281629496, 0.000266615330474, 0.000214062645682, 0.000395714509068, 0.000282849417999, 0.000193632615265, 0.000206757802516, 0.000145455895108, 6.9701425673e-05, 8.14525868975e-09],
        "dvar": [1.51878191446e-06, 0.00091184763005, 0.000960763194598, 9.78749085334e-05, 8.92546377145e-05, 3.43396482094e-06, 1.09074153443e-06, 4.57360698647e-07, 4.59935222352e-07, 3.53564786337e-07, 3.70377932768e-07, 6.8803620934e-07, 3.31822860744e-07, 4.90914146667e-07, 1.58694732022e-07, 5.84775179391e-08, 6.01211468165e-07, 5.93524092096e-08, 1.59113056952e-07, 1.24813922753e-07, 2.79196115116e-07, 1.57033369419e-07, 8.32981754684e-08, 9.15804818646e-08, 4.18984633654e-08, 9.45473566105e-09, 6.70280422217e-15],
        "dvar2": [3.25741712004e-06, 0.00182072957978, 0.00277152867056, 0.000284229929093, 0.000249384320341, 7.65614095144e-06, 2.70636269306e-06, 1.08341180294e-06, 1.16510170756e-06, 9.04095088572e-07, 6.54899054098e-07, 1.62339620147e-06, 6.29037629096e-07, 1.3864516859e-06, 4.19082851977e-07, 1.08689810929e-07, 1.44394653034e-06, 1.2745714173e-07, 3.3082653772e-07, 2.49398254937e-07, 5.38522101579e-07, 2.54812249523e-07, 1.36671062023e-07, 1.80433460173e-07, 8.17763563532e-08, 2.16755378091e-08, 6.90005956086e-15],
        "max": [0.0122301541269, 0.222823381424, 0.197570666671, 0.0667374059558, 0.0880369246006, 0.0277994181961, 0.0139326984063, 0.00817744620144, 0.0071851182729, 0.00770541187376, 0.0125238690525, 0.0137753430754, 0.016047142446, 0.00802581850439, 0.00408343039453, 0.00219258549623, 0.00792739074677, 0.00254814815708, 0.00510080205277, 0.00378327770159, 0.00616422016174, 0.0039664870128, 0.00282392674126, 0.0035511427559, 0.00175881432369, 0.000898656551726, 2.9254929359e-06],
        "mean": [0.00126904796343, 0.0297955051064, 0.0103460680693, 0.00325646135025, 0.00333987222984, 0.00207421230152, 0.000794538937043, 0.00063838774804, 0.000517996319104, 0.000393602153054, 0.000446982186986, 0.000647273089271, 0.000249357952271, 0.000294949539239, 0.000224897084991, 0.000183436175575, 0.000280061794911, 0.000148993334733, 0.00022856250871, 0.000190262202523, 0.000329469883582, 0.0002476926893, 0.000169987746631, 0.000175287976163, 0.00011348764383, 4.54334258393e-05, 4.57986715219e-09],
        "median": [0.000606760324445, 0.0183098092675, 0.00440600980073, 0.0011347286636, 0.00135407666676, 0.000824745220598, 0.000266550079687, 0.000216957298107, 0.000157910719281, 6.79484946886e-05, 6.6572225478e-05, 0.000134254878503, 4.78064466733e-05, 6.93381152814e-05, 8.07744145277e-05, 5.10042846145e-05, 4.55294248241e-05, 3.25176624756e-05, 5.50896911591e-05, 4.22140801675e-05, 6.04610613664e-05, 3.80197925551e-05, 2.30793066294e-05, 1.79741527973e-05, 7.06545870344e-06, 4.76912600789e-06, 6.06954875249e-10],
        "min": [5.09667827941e-08, 1.14081030915e-05, 2.04917682822e-06, 1.2564755707e-06, 1.29102782012e-05, 1.14750246212e-05, 4.21442837251e-06, 3.99488635594e-06, 9.93434923657e-07, 6.41007034119e-07, 4.23686401518e-07, 1.67652160599e-07, 2.27586397727e-07, 1.01129835173e-07, 7.75974342559e-08, 2.45631866846e-07, 1.85678132425e-07, 1.38314959486e-07, 4.85378336634e-07, 4.11619708984e-07, 7.14974760285e-07, 4.95444282933e-07, 1.44003820424e-07, 1.43231071448e-09, 1.18414193381e-11, 1.13260642184e-11, 1.21468677131e-11],
        "var": [2.33988725995e-06, 0.00160863634665, 0.000565840862691, 5.71665004827e-05, 6.36378463241e-05, 1.03171405499e-05, 1.70556393186e-06, 1.10090923044e-06, 8.57495649598e-07, 6.01876365636e-07, 1.62068590726e-06, 1.89839306586e-06, 5.46613307506e-07, 3.87083389342e-07, 1.68376402598e-07, 1.12020522636e-07, 6.09882022218e-07, 9.18727351973e-08, 2.26074476473e-07, 1.81881048888e-07, 4.71954706427e-07, 2.8982594813e-07, 1.45243063798e-07, 1.42816531934e-07, 6.12344308593e-08, 1.03368824611e-08, 6.66360819605e-15]
    },
    "erbbands": {
        "dmean": [0.462606519461, 3.6661028862, 10.8379249573, 12.9605579376, 6.62717008591, 11.6546154022, 13.3308172226, 8.49525260925, 7.85370159149, 6.86221933365, 9.99585437775, 7.90418195724, 8.90162849426, 6.93335342407, 11.0718011856, 14.2407426834, 9.21954059601, 12.8692922592, 11.4416055679, 7.1648182869, 9.9276227951, 12.9581184387, 7.37584209442, 8.77987670898, 8.05043125153, 7.59274339676, 9.12483882904, 11.2443246841, 7.92849111557, 5.57986974716, 3.52559876442, 2.40203237534, 3.14434862137, 1.44771409035, 0.571023404598, 0.263156324625, 0.0716633424163, 0.00442605698481, 9.80772529147e-05, 3.01172040054e-05],
        "dmean2": [0.618356823921, 5.45490264893, 18.9317169189, 23.8377799988, 11.4696102142, 20.6991767883, 22.5524806976, 13.0268144608, 12.8133096695, 11.5021362305, 16.0513839722, 12.9375333786, 14.9635543823, 10.437130928, 17.4867401123, 22.7876491547, 14.332526207, 23.0909156799, 19.38813591, 11.3604955673, 15.1490077972, 21.1743850708, 11.1359796524, 13.0327110291, 11.2221460342, 11.1061792374, 13.7459182739, 16.0935688019, 11.0628576279, 7.92295742035, 4.88114929199, 3.22597932816, 4.42737674713, 2.09619450569, 0.834920167923, 0.402127325535, 0.117278955877, 0.00764039903879, 0.000158245602506, 4.61213348899e-05],
        "dvar": [0.741538107395, 54.0275497437, 784.8046875, 1615.99182129, 174.593505859, 1946.31152344, 1597.44567871, 229.542953491, 250.951843262, 193.900131226, 341.270294189, 224.233169556, 500.561584473, 147.589584351, 599.489379883, 1158.04772949, 838.812683105, 1011.59869385, 491.977020264, 396.523986816, 476.432434082, 1275.78381348, 267.543029785, 498.101257324, 292.612701416, 310.256744385, 290.278167725, 527.913513184, 228.36416626, 150.666549683, 50.219997406, 21.500497818, 42.0303916931, 8.60943126678, 1.28794085979, 0.303260684013, 0.0290181506425, 0.000123357909615, 4.59800482133e-08, 1.99366789744e-09],
        "dvar2": [1.30853366852, 115.226051331, 2211.8972168, 4669.92236328, 481.806152344, 5456.01123047, 4353.16601562, 533.775939941, 563.471191406, 527.842285156, 799.429748535, 525.652282715, 1344.20593262, 315.701873779, 1259.51208496, 2856.39111328, 1536.66992188, 2887.91943359, 1256.3605957, 988.658325195, 1039.02172852, 2954.02294922, 610.71496582, 1151.95227051, 536.818847656, 649.276489258, 538.62487793, 983.036621094, 374.930725098, 263.003997803, 82.7943115234, 39.5576210022, 85.4511947632, 17.199968338, 2.59462499619, 0.693121433258, 0.070917069912, 0.000308481656248, 1.10242574181e-07, 4.47518244684e-09],
        "max": [7.01937580109, 58.5018234253, 197.146713257, 255.637588501, 91.2612915039, 391.22845459, 410.583282471, 231.48135376, 353.008148193, 184.249206543, 224.977493286, 205.569290161, 296.811279297, 181.912643433, 463.750854492, 703.447387695, 869.526794434, 368.413909912, 184.258422852, 233.4115448, 201.272201538, 373.787414551, 180.1197052, 368.384277344, 178.162368774, 174.532653809, 133.965133667, 289.741027832, 160.345794678, 139.986755371, 66.0210952759, 62.1196556091, 61.0590171814, 23.374578476, 9.3062582016, 6.17855834961, 1.40301465988, 0.103930078447, 0.00184097001329, 0.00032054897747],
        "mean": [0.916466891766, 6.36119842529, 12.8658275604, 11.7126092911, 9.47131633759, 11.3722486496, 16.8202152252, 15.6811256409, 12.4596967697, 9.9242773056, 16.8402061462, 12.8208560944, 11.2592487335, 14.3005399704, 22.4525184631, 25.1819038391, 13.5769319534, 14.2928295135, 13.9773416519, 9.92028331757, 12.6481819153, 13.4102783203, 8.94172763824, 10.5693483353, 10.0780057907, 9.46251010895, 11.5231113434, 13.4207582474, 9.63755226135, 6.58585739136, 4.40190887451, 2.993247509, 3.43815517426, 1.58247613907, 0.631907045841, 0.274312824011, 0.0676477849483, 0.00380405574106, 0.000114823298645, 7.03010882717e-05],
        "median": [0.569079995155, 3.62376570702, 7.89472579956, 3.90042591095, 5.06647348404, 4.37440633774, 5.08359289169, 6.11225414276, 4.13517045975, 4.53886604309, 4.86256313324, 4.99583816528, 2.89226794243, 4.92849779129, 5.74375677109, 6.10688495636, 3.90455007553, 3.74744296074, 5.13738584518, 3.31252884865, 3.29514408112, 2.56819343567, 1.92937970161, 2.41057944298, 2.57471847534, 2.09126114845, 2.27983379364, 2.20982241631, 1.39878714085, 0.974938035011, 0.590221524239, 0.425135940313, 0.220972254872, 0.0823515430093, 0.0457954742014, 0.0311066880822, 0.00692554516718, 0.000261544802925, 3.40137521562e-05, 5.21140464116e-05],
        "min": [0.00026586416061, 0.00304692029022, 0.0079639647156, 0.0416756868362, 0.0286257062107, 0.0269364789128, 0.0384883768857, 0.12119474262, 0.235932230949, 0.0890347659588, 0.0904059037566, 0.0607016421854, 0.0400468334556, 0.0421084798872, 0.0267547871917, 0.00880507845432, 0.0120497625321, 0.00731774326414, 0.00840534083545, 0.00870997086167, 0.0129712698981, 0.0133107453585, 0.0115268863738, 0.014051082544, 0.023458968848, 0.0178337972611, 0.0270981211215, 0.023551562801, 0.0157621633261, 0.00831178016961, 0.00206947885454, 0.000564329442568, 0.000178497401066, 3.23779968312e-05, 2.06813274417e-05, 6.06200910624e-06, 1.51486949562e-06, 3.4163852547e-07, 6.09497305959e-07, 1.1071284689e-06],
        "var": [1.46420788765, 84.0353775024, 542.870483398, 920.295532227, 165.532119751, 1249.61889648, 1470.16345215, 635.958740234, 526.058227539, 202.038452148, 839.324157715, 566.543212891, 617.454833984, 522.14630127, 2387.16625977, 2515.64550781, 1450.61364746, 811.931335449, 564.286437988, 432.797332764, 707.059387207, 1321.14160156, 348.912475586, 596.769348145, 461.155731201, 430.66027832, 505.510986328, 885.597961426, 425.648101807, 244.813690186, 88.9527740479, 37.8674812317, 60.9019355774, 12.2575054169, 1.86822450161, 0.34472823143, 0.0277109723538, 0.00010837912123, 4.58841924456e-08, 3.64357499727e-09]
    },
    "gfcc": {
        "mean": [-16.0545387268, 112.085617065, -92.7771148682, 53.8290252686, -53.293674469, 24.6872558594, -23.8117904663, 5.72881603241, -17.0203056335, 6.24568891525, -9.14577770233, 0.356989949942, -5.66378450394],
        "cov": [[4416.90722656, -2303.12084961, -196.800445557, 178.024871826, -315.318634033, 279.982330322, -654.62121582, 461.301483154, -528.387695312, 290.122741699, -426.890228271, 179.103134155, -243.128845215], [-2303.12084961, 2525.93847656, -126.209197998, -366.849975586, 412.360473633, -280.939147949, 548.553833008, -483.448913574, 405.929412842, -398.429779053, 304.33581543, -265.899230957, 193.694213867], [-196.800445557, -126.209197998, 1320.54980469, 263.192932129, -4.4451751709, 74.6723937988, 90.8625717163, 146.639724731, 2.37498211861, 136.429321289, -56.5828170776, 17.4644088745, -65.8417510986], [178.024871826, -366.849975586, 263.192932129, 491.101837158, 53.6924095154, -0.212398946285, -11.4657707214, 86.4587554932, 56.7608909607, 43.0874519348, 24.2630119324, -14.5887670517, 19.9761772156], [-315.318634033, 412.360473633, -4.4451751709, 53.6924095154, 430.868560791, 33.4502601624, 162.10357666, -51.9907188416, 104.073303223, -53.9030075073, 49.1923866272, -55.6812782288, 14.3745355606], [279.982330322, -280.939147949, 74.6723937988, -0.212398946285, 33.4502601624, 228.557800293, 20.3462314606, 84.4729309082, -72.661239624, 50.5095825195, -36.4787330627, 6.63188886642, -27.5442447662], [-654.62121582, 548.553833008, 90.8625717163, -11.4657707214, 162.10357666, 20.3462314606, 334.173034668, -55.6734352112, 120.791816711, -92.600730896, 60.6125488281, -73.750869751, 22.1776790619], [461.301483154, -483.448913574, 146.639724731, 86.4587554932, -51.9907188416, 84.4729309082, -55.6734352112, 204.749511719, -53.6787261963, 93.7555084229, -80.1850509644, 28.481470108, -47.4983177185], [-528.387695312, 405.929412842, 2.37498211861, 56.7608909607, 104.073303223, -72.661239624, 120.791816711, -53.6787261963, 181.878295898, -50.4406471252, 76.0012207031, -66.3979873657, 41.4928741455], [290.122741699, -398.429779053, 136.429321289, 43.0874519348, -53.9030075073, 50.5095825195, -92.600730896, 93.7555084229, -50.4406471252, 147.49256897, -38.2228507996, 57.9408454895, -52.0419120789], [-426.890228271, 304.33581543, -56.5828170776, 24.2630119324, 49.1923866272, -36.4787330627, 60.6125488281, -80.1850509644, 76.0012207031, -38.2228507996, 141.185638428, -24.5090942383, 65.4033432007], [179.103134155, -265.899230957, 17.4644088745, -14.5887670517, -55.6812782288, 6.63188886642, -73.750869751, 28.481470108, -66.3979873657, 57.9408454895, -24.5090942383, 114.700187683, -7.21099281311], [-243.128845215, 193.694213867, -65.8417510986, 19.9761772156, 14.3745355606, -27.5442447662, 22.1776790619, -47.4983177185, 41.4928741455, -52.0419120789, 65.4033432007, -7.21099281311, 109.494873047]],
        "icov": [[0.000611707335338, 0.000156699985382, 0.000192858729861, -0.000250125274761, -0.000154366236529, -0.000111266519525, 0.000555109290872, -0.000457762158476, 0.000865243375301, 0.000189701560885, 0.000651640759315, 0.000313260534313, 0.000317614671076], [0.000156699985382, 0.00452399207279, -0.00128991482779, 0.00393524300307, -0.00190398469567, 0.00285601033829, -0.00216237758286, 0.00332161644474, -0.0023506663274, 0.00295597477816, -0.00241141975857, 0.00412176549435, -0.00229365518317], [0.000192858729861, -0.00128991482779, 0.00151875067968, -0.00181251822505, 0.00066528446041, -0.000801993475761, 2.56364291999e-05, -0.00118562136777, 0.00122030486818, -0.00197555753402, 0.00140384666156, -0.0010159421945, 0.000838559237309], [-0.000250125274761, 0.00393524300307, -0.00181251822505, 0.00653597898781, -0.0021083005704, 0.00291142053902, -0.00149411754683, 0.00161300110631, -0.00345609127544, 0.00251462543383, -0.00345905451104, 0.00387128442526, -0.00296161323786], [-0.000154366236529, -0.00190398469567, 0.00066528446041, -0.0021083005704, 0.00408802647144, -0.00240780692548, -7.48612728785e-05, -0.000420633819886, -0.000710473686922, -0.0009446729091, 0.00108293199446, -0.00196778471582, 0.00154413911514], [-0.000111266519525, 0.00285601033829, -0.000801993475761, 0.00291142053902, -0.00240780692548, 0.00934269838035, -0.00371009344235, -0.000125453836517, 0.00303050456569, -0.000955410825554, -0.0022608647123, 0.00479596341029, -0.00288553605787], [0.000555109290872, -0.00216237758286, 2.56364291999e-05, -0.00149411754683, -7.48612728785e-05, -0.00371009344235, 0.00799030531198, -0.0025597915519, -0.00153710879385, 0.00298351724632, 0.000552072538994, -0.00219867425039, 0.00321946525946], [-0.000457762158476, 0.00332161644474, -0.00118562136777, 0.00161300110631, -0.000420633819886, -0.000125453836517, -0.0025597915519, 0.0132714882493, -0.00325286062434, -0.00242395396344, 0.00239364034496, 0.00334367156029, -0.00272927060723], [0.000865243375301, -0.0023506663274, 0.00122030486818, -0.00345609127544, -0.000710473686922, 0.00303050456569, -0.00153710879385, -0.00325286062434, 0.0163861978799, -0.00446822587401, -0.000554208527319, 0.00346174184233, -0.000574486912228], [0.000189701560885, 0.00295597477816, -0.00197555753402, 0.00251462543383, -0.0009446729091, -0.000955410825554, 0.00298351724632, -0.00242395396344, -0.00446822587401, 0.0195121541619, -0.00516747497022, -0.003903248813, 0.00557007826865], [0.000651640759315, -0.00241141975857, 0.00140384666156, -0.00345905451104, 0.00108293199446, -0.0022608647123, 0.000552072538994, 0.00239364034496, -0.000554208527319, -0.00516747497022, 0.0164350699633, -0.00134149880614, -0.00474780937657], [0.000313260534313, 0.00412176549435, -0.0010159421945, 0.00387128442526, -0.00196778471582, 0.00479596341029, -0.00219867425039, 0.00334367156029, 0.00346174184233, -0.003903248813, -0.00134149880614, 0.0182846710086, -0.00571385538206], [0.000317614671076, -0.00229365518317, 0.000838559237309, -0.00296161323786, 0.00154413911514, -0.00288553605787, 0.00321946525946, -0.00272927060723, -0.000574486912228, 0.00557007826865, -0.00474780937657, -0.00571385538206, 0.0175002291799]]
    },
    "melbands": {
        "dmean": [0.00408829795197, 0.00483859190717, 0.0020504638087, 0.000555099861231, 0.000523157417774, 0.00019005392096, 0.000120448290545, 7.34412460588e-05, 8.33979938761e-05, 4.74239932373e-05, 4.42146665591e-05, 2.73858568107e-05, 3.7632897147e-05, 4.32105043728e-05, 2.46396812145e-05, 1.96877990675e-05, 2.5865238058e-05, 2.09419031307e-05, 1.25696269606e-05, 8.39899712446e-06, 1.33991061375e-05, 1.45611647895e-05, 1.01668847492e-05, 4.9628938541e-06, 7.73198189563e-06, 6.67268614052e-06, 5.09124492964e-06, 5.1141696531e-06, 5.0178514357e-06, 7.21808282833e-06, 6.45874797556e-06, 5.13237819177e-06, 3.30325406139e-06, 3.24014831676e-06, 2.09854397326e-06, 1.64452444551e-06, 1.50261962517e-06, 2.28128374147e-06, 1.87245575489e-06, 1.0364570926e-06],
        "dmean2": [0.00576705299318, 0.00800703745335, 0.00374593376182, 0.000972071487922, 0.000898568483535, 0.000289245828753, 0.00019461842021, 0.000123284815345, 0.000134477377287, 7.82873685239e-05, 7.41790281609e-05, 4.14165733673e-05, 5.78784311074e-05, 6.82361496729e-05, 3.77612377633e-05, 3.26285007759e-05, 4.70716840937e-05, 3.61140737368e-05, 2.12634295167e-05, 1.2724656699e-05, 2.09583959077e-05, 2.37679851125e-05, 1.63062049978e-05, 7.39525330573e-06, 1.17642648547e-05, 9.6448147815e-06, 7.24778374206e-06, 7.81731432653e-06, 7.62012905398e-06, 1.09738684841e-05, 9.11604183784e-06, 7.26985490473e-06, 4.55534973298e-06, 4.68930511488e-06, 2.9424747936e-06, 2.29702641263e-06, 2.08719097827e-06, 3.21439392792e-06, 2.72514535027e-06, 1.54246822603e-06],
        "dvar": [6.51565278531e-05, 0.000110491928353, 3.78452787118e-05, 2.07524431062e-06, 3.26243298332e-06, 1.07648460812e-07, 5.51775016788e-08, 2.01573264746e-08, 2.51843648158e-08, 7.8091817457e-09, 1.24340751029e-08, 2.309795466e-09, 8.99162522217e-09, 9.7745473937e-09, 3.84529341702e-09, 2.66034461127e-09, 4.68571581536e-09, 1.95980054407e-09, 1.17264298272e-09, 3.91681548306e-10, 9.85727943714e-10, 1.70559733004e-09, 5.96866389646e-10, 1.07992892406e-10, 4.39704689326e-10, 1.62221971967e-10, 1.72103942209e-10, 1.47452064447e-10, 8.13959455392e-11, 2.26488050536e-10, 1.69707359277e-10, 9.73605640553e-11, 4.58078956711e-11, 5.89029727771e-11, 1.96216012188e-11, 9.03521181483e-12, 1.06995671004e-11, 2.22713947978e-11, 1.58992402577e-11, 4.26691277797e-12],
        "dvar2": [0.000116815754154, 0.000288335082587, 0.000109393513412, 5.70253860133e-06, 9.1031752163e-06, 2.45385791686e-07, 1.2539197769e-07, 5.49484049372e-08, 6.08233179378e-08, 1.88584898808e-08, 3.33259784213e-08, 5.03778219141e-09, 1.67097589099e-08, 2.19832134718e-08, 8.17113487983e-09, 5.81822590107e-09, 1.35443460891e-08, 5.25708410137e-09, 3.15801540474e-09, 8.1956963438e-10, 2.23506457786e-09, 3.97445498734e-09, 1.46289169667e-09, 2.19491633202e-10, 1.04119890487e-09, 2.99965441375e-10, 3.39547195916e-10, 3.32451510765e-10, 1.52551513088e-10, 4.56793103343e-10, 3.24298726762e-10, 1.8642504207e-10, 7.87016077308e-11, 1.14821298303e-10, 3.3944014266e-11, 1.60759530687e-11, 2.26209103532e-11, 4.45481013189e-11, 3.39297166752e-11, 8.92859917945e-12],
        "max": [0.0585636943579, 0.0785252675414, 0.0391375944018, 0.0140033327043, 0.0166117865592, 0.00519990595058, 0.00467342277989, 0.00181344733573, 0.00171560875606, 0.0011396080954, 0.00147984444629, 0.000711148837581, 0.00200914707966, 0.00153099524323, 0.00127680914011, 0.00124044774566, 0.00082302239025, 0.000361155340215, 0.000351754541043, 0.00021620876214, 0.000284845125861, 0.000412912282627, 0.00029138251557, 0.000101341494883, 0.000372906040866, 0.000123544508824, 0.000148373874254, 0.000126073253341, 7.11567408871e-05, 0.000145385260112, 0.000162300639204, 0.000110563654744, 6.7496272095e-05, 9.62789854384e-05, 4.86356802867e-05, 2.9549248211e-05, 4.93600891787e-05, 4.47942693427e-05, 4.00336539315e-05, 1.63620661624e-05],
        "mean": [0.00821974501014, 0.00749850878492, 0.00202222191729, 0.000691469816957, 0.000596711935941, 0.000359738682164, 0.000187634956092, 0.000105792816612, 0.000136446309625, 7.37420268706e-05, 5.43309542991e-05, 5.47870804439e-05, 7.53489075578e-05, 8.03313887445e-05, 3.70039488189e-05, 2.63847214228e-05, 2.61954701273e-05, 2.26107113122e-05, 1.58790353453e-05, 1.2190099369e-05, 1.61577481776e-05, 1.44744381032e-05, 1.09285874714e-05, 6.68670509185e-06, 8.81589130586e-06, 8.67105791258e-06, 5.91950310991e-06, 6.19702905169e-06, 6.42091163172e-06, 8.3480763351e-06, 7.55228711569e-06, 5.84271174375e-06, 3.90803597838e-06, 3.63662456948e-06, 2.53764164881e-06, 2.0831873826e-06, 1.73729313246e-06, 2.52660925071e-06, 1.95916845769e-06, 1.11433735128e-06],
        "median": [0.00509314006194, 0.00478358240798, 0.000803286093287, 0.000332908995915, 0.000194426233065, 0.000141169221024, 6.51783338981e-05, 5.33401544089e-05, 3.8036978367e-05, 2.39874079853e-05, 1.17884792417e-05, 1.71860847331e-05, 1.4990492673e-05, 1.66888403328e-05, 8.86003817868e-06, 7.53613585402e-06, 5.73630541112e-06, 6.9333382271e-06, 5.59429281566e-06, 2.8809995456e-06, 3.35665504281e-06, 2.32098227571e-06, 1.85117016827e-06, 1.40120107517e-06, 1.94677022591e-06, 2.29110241889e-06, 1.39702694923e-06, 1.33818537051e-06, 1.34890603931e-06, 1.32981040224e-06, 1.3126363001e-06, 7.74139209625e-07, 5.80345783874e-07, 5.07286358697e-07, 3.04649972804e-07, 3.2893811408e-07, 2.15738367615e-07, 1.55449413342e-07, 9.47689002828e-08, 5.77073855368e-08],
        "min": [3.01936825053e-06, 5.29809813088e-06, 6.67570020596e-06, 2.89476361104e-06, 1.20498532397e-06, 3.18786965181e-06, 1.40426561757e-06, 9.86615418697e-07, 5.61004299016e-07, 1.61396243925e-07, 1.36329390443e-07, 1.41168555956e-07, 1.0322612809e-07, 2.08349479891e-08, 2.35268124982e-08, 2.16956479449e-08, 9.56682111308e-09, 1.44787746237e-08, 7.03583546979e-09, 1.40401228421e-08, 1.1699905933e-08, 1.04939363865e-08, 1.11706892625e-08, 3.34134919733e-09, 1.0112079174e-08, 1.80694410545e-08, 8.54201243072e-09, 9.79288117264e-09, 8.61012861009e-09, 1.56574095911e-08, 1.19357377315e-08, 6.51557341413e-09, 2.23237850427e-09, 3.73864939007e-09, 6.62485954983e-10, 8.02980182346e-11, 9.90774892684e-11, 1.1416132796e-12, 1.26683453766e-13, 8.07797635748e-14],
