{
"highlevel": {
    "danceability": {
        "all": {
            "danceable": 0.939061701298,
            "not_danceable": 0.0609382949769
        },
        "probability": 0.939061701298,
        "value": "danceable"
    },
    "gender": {
        "all": {
            "female": 0.998049736023,
            "male": 0.00195028528105
        },
        "probability": 0.998049736023,
        "value": "female"
    },
    "genre_dortmund": {
        "all": {
            "alternative": 0.0470860786736,
            "blues": 0.110689394176,
            "electronic": 0.0191365070641,
            "folkcountry": 0.370783120394,
            "funksoulrnb": 0.0478831119835,
            "jazz": 0.0882727727294,
            "pop": 0.151014909148,
            "raphiphop": 0.0128129273653,
            "rock": 0.152321174741
        },
        "probability": 0.370783120394,
        "value": "folkcountry"
    },
    "genre_electronic": {
        "all": {
            "ambient": 0.486265182495,
            "dnb": 0.111418269575,
            "house": 0.148006334901,
            "techno": 0.0212459471077,
            "trance": 0.23306427896
        },
        "probability": 0.486265182495,
        "value": "ambient"
    },
    "genre_rosamerica": {
        "all": {
            "cla": 0.0196063779294,
            "dan": 0.329824715853,
            "hip": 0.0332762040198,
            "jaz": 0.0253525041044,
            "pop": 0.457000494003,
            "rhy": 0.0768412947655,
            "roc": 0.0536445789039,
            "spe": 0.00445383600891
        },
        "probability": 0.457000494003,
        "value": "pop"
    },
    "genre_tzanetakis": {
        "all": {
            "blu": 0.0622663982213,
            "cla": 0.0345780998468,
            "cou": 0.103735685349,
            "dis": 0.0518908686936,
            "hip": 0.155698984861,
            "jaz": 0.311586618423,
            "met": 0.0519040971994,
            "pop": 0.0622744634748,
            "reg": 0.0622723288834,
            "roc": 0.103792458773
        },
        "probability": 0.311586618423,
        "value": "jaz"
    },
    "ismir04_rhythm": {
        "all": {
            "ChaChaCha": 0.313172072172,
            "Jive": 0.147084966302,
            "Quickstep": 0.0383256748319,
            "Rumba-American": 0.016674708575,
            "Rumba-International": 0.0762438327074,
            "Rumba-Misc": 0.0108554325998,
            "Samba": 0.0692179203033,
            "Tango": 0.0288203321397,
            "VienneseWaltz": 0.278805196285,
            "Waltz": 0.0207998584956
        },
        "probability": 0.313172072172,
        "value": "ChaChaCha"
    },
    "mood_acoustic": {
        "all": {
            "acoustic": 0.169611617923,
            "not_acoustic": 0.830388367176
        },
        "probability": 0.830388367176,
        "value": "not_acoustic"
    },
    "mood_aggressive": {
        "all": {
            "aggressive": 0.13347452879,
            "not_aggressive": 0.86652547121
        },
        "probability": 0.86652547121,
        "value": "not_aggressive"
    },
    "mood_electronic": {
        "all": {
            "electronic": 0.151044547558,
            "not_electronic": 0.848955452442
        },
        "probability": 0.848955452442,
        "value": "not_electronic"
    },
    "mood_happy": {
        "all": {
            "happy": 0.939761757851,
            "not_happy": 0.0602382645011
        },
        "probability": 0.939761757851,
        "value": "happy"
    },
    "mood_party": {
        "all": {
            "not_party": 0.677637934685,
            "party": 0.322362035513
        },
        "probability": 0.677637934685,
        "value": "not_party"
    },
    "mood_relaxed": {
        "all": {
            "not_relaxed": 0.0799569040537,
            "relaxed": 0.920043110847
        },
        "probability": 0.920043110847,
        "value": "relaxed"
    },
    "mood_sad": {
        "all": {
            "not_sad": 0.842818796635,
            "sad": 0.157181188464
        },
        "probability": 0.842818796635,
        "value": "not_sad"
    },
    "moods_mirex": {
        "all": {
            "Cluster1": 0.163277864456,
            "Cluster2": 0.436835378408,
            "Cluster3": 0.0871895849705,
            "Cluster4": 0.284048527479,
            "Cluster5": 0.0286486502737
        },
        "probability": 0.436835378408,
        "value": "Cluster2"
    },
    "timbre": {
        "all": {
            "bright": 0.994606375694,
            "dark": 0.00539362011477
        },
        "probability": 0.994606375694,
        "value": "bright"
    },
    "tonal_atonal": {
        "all": {
            "atonal": 0.00391618721187,
            "tonal": 0.996083796024
        },
        "probability": 0.996083796024,
        "value": "tonal"
    },
    "voice_instrumental": {
        "all": {
            "instrumental": 0.00773559371009,
            "voice": 0.992264389992
        },
        "probability": 0.992264389992,
        "value": "voice"
    }
},
"lowlevel": {
    "average_loudness": 0.969081699848,
    "barkbands_crest": {
        "dmean": 3.08543133736,
        "dmean2": 5.02266836166,
        "dvar": 10.7615318298,
        "dvar2": 26.6966743469,
        "max": 25.6173648834,
        "mean": 10.4368190765,
        "median": 9.00288391113,
        "min": 2.72586560249,
        "var": 24.5351829529
    },
    "barkbands_flatness_db": {
        "dmean": 0.0280651561916,
        "dmean2": 0.0431552827358,
        "dvar": 0.000847461342346,
        "dvar2": 0.00185571692418,
        "max": 0.455091327429,
        "mean": 0.146943673491,
        "median": 0.129539340734,
        "min": 0.0483566150069,
        "var": 0.00352628272958
    },
    "barkbands_kurtosis": {
        "dmean": 4.64665985107,
        "dmean2": 7.5470957756,
        "dvar": 178.082977295,
        "dvar2": 468.225372314,
        "max": 181.976470947,
        "mean": 4.39866161346,
        "median": 0.947309494019,
        "min": -1.87743365765,
        "var": 176.722000122
    },
    "barkbands_skewness": {
        "dmean": 0.721841037273,
        "dmean2": 1.07190752029,
        "dvar": 0.973803639412,
        "dvar2": 2.19614481926,
        "max": 12.3030910492,
        "mean": 1.4707890749,
        "median": 1.16209554672,
        "min": -4.55108356476,
        "var": 2.18107914925
    },
    "barkbands_spread": {
        "dmean": 7.84709405899,
        "dmean2": 12.1601982117,
        "dvar": 83.3169937134,
        "dvar2": 176.63999939,
        "max": 108.035903931,
        "mean": 25.7013816833,
        "median": 23.7326660156,
        "min": 1.29502046108,
        "var": 208.125747681
    },
    "dissonance": {
        "dmean": 0.0202381294221,
        "dmean2": 0.0334300138056,
        "dvar": 0.000396133807953,
        "dvar2": 0.00105246063322,
        "max": 0.499897688627,
        "mean": 0.460112780333,
        "median": 0.466396093369,
        "min": 0.283557295799,
        "var": 0.000768685888033
    },
    "dynamic_complexity": 2.62292408943,
    "erbbands_crest": {
        "dmean": 2.86170506477,
        "dmean2": 4.63559961319,
        "dvar": 7.41851758957,
        "dvar2": 16.8943271637,
        "max": 31.375453949,
        "mean": 9.59157657623,
        "median": 8.09416675568,
        "min": 2.23780250549,
        "var": 28.7008419037
    },
    "erbbands_flatness_db": {
        "dmean": 0.0212412588298,
        "dmean2": 0.0302234645933,
        "dvar": 0.000377107295208,
        "dvar2": 0.000763213611208,
        "max": 0.443063169718,
        "mean": 0.149428099394,
        "median": 0.135041072965,
        "min": 0.063683591783,
        "var": 0.00335427420214
    },
    "erbbands_kurtosis": {
        "dmean": 0.902054071426,
        "dmean2": 1.38209223747,
        "dvar": 1.61618065834,
        "dvar2": 3.50325012207,
        "max": 22.2856369019,
        "mean": 0.402418702841,
        "median": -0.227603912354,
        "min": -1.68699479103,
        "var": 4.50813436508
    },
    "erbbands_skewness": {
        "dmean": 0.398121446371,
        "dmean2": 0.622600376606,
        "dvar": 0.156170517206,
        "dvar2": 0.361248850822,
        "max": 3.77392220497,
        "mean": 0.289302378893,
        "median": 0.25603055954,
        "min": -2.55824804306,
        "var": 0.54057019949
    },
    "erbbands_spread": {
        "dmean": 9.31756210327,
        "dmean2": 13.8262691498,
        "dvar": 91.0284347534,
        "dvar2": 208.389358521,
        "max": 122.72518158,
        "mean": 41.2168769836,
        "median": 39.4001197815,
        "min": 3.57259058952,
        "var": 410.434753418
    },
    "hfc": {
        "dmean": 9.1194562912,
        "dmean2": 12.4938678741,
        "dvar": 113.047096252,
        "dvar2": 213.157531738,
        "max": 111.726318359,
        "mean": 26.4235572815,
        "median": 22.5101585388,
        "min": 0.0446355454624,
        "var": 379.481933594
    },
    "melbands_crest": {
        "dmean": 3.63610720634,
        "dmean2": 5.73633050919,
        "dvar": 11.993475914,
        "dvar2": 28.8417644501,
        "max": 34.8009109497,
        "mean": 13.9900188446,
        "median": 12.5703363419,
        "min": 4.56733322144,
        "var": 33.7528114319
    },
    "melbands_flatness_db": {
        "dmean": 0.0344515219331,
        "dmean2": 0.0507727526128,
        "dvar": 0.00132135371678,
        "dvar2": 0.00268870452419,
        "max": 0.43317335844,
        "mean": 0.185218125582,
        "median": 0.169911876321,
        "min": 0.0468515753746,
        "var": 0.00425343494862
    },
    "melbands_kurtosis": {
        "dmean": 11.9133501053,
        "dmean2": 18.4053974152,
        "dvar": 941.743347168,
        "dvar2": 2269.86035156,
        "max": 425.173034668,
        "mean": 16.2780685425,
        "median": 6.32280540466,
        "min": -1.64903497696,
        "var": 1356.22070312
    },
    "melbands_skewness": {
        "dmean": 0.949497401714,
        "dmean2": 1.37141489983,
        "dvar": 1.49395895004,
        "dvar2": 3.07581496239,
        "max": 15.0549030304,
        "mean": 2.69267392159,
        "median": 2.24788045883,
        "min": -2.01656699181,
        "var": 4.65320014954
    },
    "melbands_spread": {
        "dmean": 9.17042827606,
        "dmean2": 14.1689434052,
        "dvar": 195.584442139,
        "dvar2": 432.225250244,
        "max": 251.773406982,
        "mean": 26.5618591309,
        "median": 24.9530506134,
        "min": 0.789359807968,
        "var": 348.273254395
    },
    "pitch_salience": {
        "dmean": 0.0837191492319,
        "dmean2": 0.133900389075,
        "dvar": 0.00610717292875,
        "dvar2": 0.0142865879461,
        "max": 0.798445403576,
        "mean": 0.514122903347,
        "median": 0.523769319057,
        "min": 0.151061028242,
        "var": 0.0136714410037
    },
    "silence_rate_20dB": {
        "dmean": 0,
        "dmean2": 0,
        "dvar": 0,
        "dvar2": 0,
        "max": 1,
        "mean": 1,
        "median": 1,
        "min": 1,
        "var": 0
    },
    "silence_rate_30dB": {
        "dmean": 0.00773993786424,
        "dmean2": 0.0154918665066,
        "dvar": 0.00768014462665,
        "dvar2": 0.0214488171041,
        "max": 1,
        "mean": 0.99535959959,
        "median": 1,
        "min": 0,
        "var": 0.00461878022179
    },
    "silence_rate_60dB": {
        "dmean": 0.0139318881556,
        "dmean2": 0.0278853606433,
        "dvar": 0.0137379029766,
        "dvar2": 0.0333047322929,
        "max": 1,
        "mean": 0.0208816714585,
        "median": 0,
        "min": 0,
        "var": 0.0204458478838
    },
    "spectral_centroid": {
        "dmean": 333.573516846,
        "dmean2": 532.369506836,
        "dvar": 129729.015625,
        "dvar2": 304248.25,
        "max": 5222.43994141,
        "mean": 1574.80456543,
        "median": 1530.60803223,
        "min": 291.854705811,
        "var": 286776.25
    },
    "spectral_complexity": {
        "dmean": 4.5851392746,
        "dmean2": 6.71030187607,
        "dvar": 20.7613391876,
        "dvar2": 39.4621734619,
        "max": 50,
        "mean": 19.3085842133,
        "median": 19,
        "min": 0,
        "var": 79.0696258545
    },
    "spectral_decrease": {
        "dmean": 3.54752449638e-09,
        "dmean2": 5.26974863746e-09,
        "dvar": 2.71677215153e-17,
        "dvar2": 5.86720995194e-17,
        "max": 7.13436046351e-11,
        "mean": -7.62396901166e-09,
        "median": -6.23769835784e-09,
        "min": -3.86801950469e-08,
        "var": 3.70986071042e-17
    },
    "spectral_energy": {
        "dmean": 0.0139398947358,
        "dmean2": 0.0205665118992,
        "dvar": 0.000392320158426,
        "dvar2": 0.000838611042127,
        "max": 0.149131774902,
        "mean": 0.0311713051051,
        "median": 0.0257503427565,
        "min": 4.44079596491e-05,
        "var": 0.000563812209293
    },
    "spectral_energyband_high": {
        "dmean": 0.00062251201598,
        "dmean2": 0.000934667943511,
        "dvar": 1.0582654113e-06,
        "dvar2": 2.0451805085e-06,
        "max": 0.0126289930195,
        "mean": 0.00120320392307,
        "median": 0.000759738089982,
        "min": 1.18678065064e-06,
        "var": 2.23603410632e-06
    },
    "spectral_energyband_low": {
        "dmean": 0.00885936245322,
        "dmean2": 0.0139007242396,
        "dvar": 0.000396742922021,
        "dvar2": 0.000904520857148,
        "max": 0.136493295431,
        "mean": 0.0119610596448,
        "median": 0.00718065397814,
        "min": 1.32706228229e-08,
        "var": 0.000398004136514
    },
    "spectral_energyband_middle_high": {
        "dmean": 0.00277597922832,
        "dmean2": 0.00368821714073,
        "dvar": 1.21798857435e-05,
        "dvar2": 2.30625373661e-05,
        "max": 0.0417370870709,
        "mean": 0.00842127855867,
        "median": 0.00512124830857,
        "min": 1.56000351126e-05,
        "var": 7.49280879973e-05
    },
    "spectral_energyband_middle_low": {
        "dmean": 0.00512243108824,
        "dmean2": 0.00805191881955,
        "dvar": 4.01078723371e-05,
        "dvar2": 9.73226924543e-05,
        "max": 0.0543110556901,
        "mean": 0.0104467626661,
        "median": 0.0082838088274,
        "min": 4.89796593683e-06,
        "var": 7.44724966353e-05
    },
    "spectral_entropy": {
        "dmean": 0.203589573503,
        "dmean2": 0.29496628046,
        "dvar": 0.0320397466421,
        "dvar2": 0.0708177089691,
        "max": 8.9124288559,
        "mean": 7.59350967407,
        "median": 7.63629150391,
        "min": 5.41616868973,
        "var": 0.144100606441
    },
    "spectral_flux": {
        "dmean": 0.0369540154934,
        "dmean2": 0.0575517900288,
        "dvar": 0.00171507161576,
        "dvar2": 0.00359020195901,
        "max": 0.329083174467,
        "mean": 0.100516662002,
        "median": 0.0861140489578,
        "min": 0.00423973146826,
        "var": 0.00333525659516
    },
    "spectral_kurtosis": {
        "dmean": 1.07599508762,
        "dmean2": 1.73900294304,
        "dvar": 1.34744215012,
        "dvar2": 3.71417546272,
        "max": 19.4964103699,
        "mean": 3.67661499977,
        "median": 3.46460008621,
        "min": -1.11443769932,
        "var": 2.57513666153
    },
    "spectral_rms": {
        "dmean": 0.00115882395767,
        "dmean2": 0.00162679958157,
        "dvar": 1.84630721378e-06,
        "dvar2": 3.45858188666e-06,
        "max": 0.0120621062815,
        "mean": 0.00515100313351,
        "median": 0.00501221371815,
        "min": 0.000208146200748,
        "var": 3.87820819014e-06
    },
    "spectral_rolloff": {
        "dmean": 671.613952637,
        "dmean2": 1109.3861084,
        "dvar": 1524515.25,
        "dvar2": 2942324.5,
        "max": 13910.4492188,
        "mean": 1736.82751465,
        "median": 1421.19140625,
        "min": 64.599609375,
        "var": 2884417.5
    },
    "spectral_skewness": {
        "dmean": 0.181104108691,
        "dmean2": 0.2839589715,
        "dvar": 0.0294716302305,
        "dvar2": 0.0723314732313,
        "max": 3.26433300972,
        "mean": 1.48824775219,
        "median": 1.48509478569,
        "min": 0.242590397596,
        "var": 0.08729044348
    },
    "spectral_spread": {
        "dmean": 609710,
        "dmean2": 877875.4375,
        "dvar": 527746498560,
        "dvar2": 1.09989855232e+12,
        "max": 16548900,
        "mean": 5149002,
        "median": 4979622.5,
        "min": 2457398.75,
        "var": 1.57066448077e+12
    },
    "spectral_strongpeak": {
        "dmean": 0.662356555462,
        "dmean2": 1.10320544243,
        "dvar": 0.967118680477,
        "dvar2": 2.1687309742,
        "max": 8.59489917755,
        "mean": 1.26530528069,
        "median": 0.472845435143,
        "min": 0,
        "var": 2.62844514847
    },
    "zerocrossingrate": {
        "dmean": 0.0145622706041,
        "dmean2": 0.0170315988362,
        "dvar": 0.000350768357748,
        "dvar2": 0.000386721134419,
        "max": 0.443359375,
        "mean": 0.0722539201379,
        "median": 0.0654296875,
        "min": 0.00830078125,
        "var": 0.00166187703144
    },
    "barkbands": {
        "dmean": [0.000315922807204, 0.00773612130433, 0.001733597368, 0.000822628324386, 0.00181541300844, 0.00155885983258, 0.00104140304029, 0.000767541991081, 0.00077652791515, 0.000852872908581, 0.00100176723208, 0.000516449275892, 0.000475563952932, 0.000493526516948, 0.000447149708634, 0.000314709701343, 0.000239937246079, 0.000229566692724, 0.000270627293503, 0.000207349541597, 0.000160170093295, 8.35552127683e-05, 8.96385317901e-05, 0.000104719096271, 0.000120040400361, 8.53756864672e-05, 2.01350980333e-09],
        "dmean2": [0.00045862654224, 0.0128516368568, 0.00313045992516, 0.0014025332639, 0.00309354322962, 0.00251171877608, 0.0015680877259, 0.00118217547424, 0.00119146890938, 0.00122305483092, 0.00151579547673, 0.000776369124651, 0.000708316336386, 0.000746359000914, 0.000651296810247, 0.000497644883581, 0.000352434319211, 0.000367219065083, 0.000437679351307, 0.000325649598381, 0.000251219957136, 0.000126379454741, 0.000139462237712, 0.000161348943948, 0.000173372915015, 0.000134306348627, 3.35236727267e-09],
        "dvar": [4.71571894423e-07, 0.000357943325071, 1.95225802599e-05, 2.87570901492e-06, 1.25746901176e-05, 5.64311903872e-06, 3.77841070076e-06, 2.22454605137e-06, 2.639619197e-06, 3.94157677874e-06, 4.73131103718e-06, 2.76187302006e-06, 2.21478330786e-06, 1.00288264093e-06, 8.25312213237e-07, 4.8915080697e-07, 2.08050508377e-07, 9.46850917671e-08, 1.62784786539e-07, 1.22751131926e-07, 6.50693650073e-08, 2.70961315607e-08, 6.50148805903e-08, 8.10889204672e-08, 6.74641285059e-08, 9.7100908647e-08, 2.78172396142e-16],
        "dvar2": [1.01014938991e-06, 0.000894253782462, 5.60677945032e-05, 7.39914094083e-06, 3.30082875735e-05, 1.39452140502e-05, 7.39820779927e-06, 5.37526602784e-06, 5.64788251722e-06, 7.1401718742e-06, 1.22336496133e-05, 5.83138807997e-06, 3.82694997825e-06, 2.11686051443e-06, 1.66149641245e-06, 1.16824230645e-06, 3.84710745038e-07, 2.18665803686e-07, 3.94805937276e-07, 2.76313755876e-07, 1.50261357135e-07, 5.7268618292e-08, 1.42983864748e-07, 1.77712692562e-07, 1.3209991323e-07, 2.55668055615e-07, 3.16083658567e-16],
        "max": [0.0073050823994, 0.13075940311, 0.0471560359001, 0.013910301961, 0.039011772722, 0.0236917752773, 0.0308651756495, 0.0191415529698, 0.0275057554245, 0.0334618240595, 0.0342275165021, 0.0305979661644, 0.0266766138375, 0.015035928227, 0.0168408248574, 0.0104344952852, 0.0137432115152, 0.00515834474936, 0.00558388698846, 0.00686714891344, 0.00274775084108, 0.00334994634613, 0.00423476053402, 0.00515958014876, 0.00565252033994, 0.00627256231382, 5.79509844556e-07],
        "mean": [0.000359532306902, 0.00893351621926, 0.00211188406684, 0.0010347624775, 0.00227662036195, 0.00253159319982, 0.00161164614838, 0.00109664630145, 0.00122662493959, 0.00134170521051, 0.00260487920605, 0.000765710021369, 0.000760263064876, 0.00070306105772, 0.000727027654648, 0.000484872958623, 0.000430464104284, 0.000402754259994, 0.000437300797785, 0.000331189628923, 0.000300633779261, 0.000122771205497, 0.000122349127196, 0.000167101243278, 0.000187768018804, 9.86463128356e-05, 1.65690261511e-09],
        "median": [1.88190224435e-05, 0.00490685272962, 0.00107278511859, 0.000419822696131, 0.0011156804394, 0.00145733193494, 0.000520115776453, 0.000308085378492, 0.000399908662075, 0.000203291841899, 0.000356328237103, 0.00020096974913, 0.000157728150953, 0.000248012394877, 0.000237918226048, 0.000171593230334, 0.000226608419325, 0.000253469101153, 0.000264307163889, 0.000210290891118, 0.000177358524525, 6.22715378995e-05, 4.88761543238e-05, 8.01636997494e-05, 8.2211678091e-05, 2.69195352303e-05, 4.13187872805e-10],
        "min": [6.69488006699e-11, 3.99982269528e-09, 7.85552012328e-10, 9.00645336088e-10, 5.61766233531e-09, 9.9499128936e-09, 5.0811980401e-08, 5.59576278647e-08, 9.25815442088e-08, 1.68510165821e-08, 4.37403542719e-07, 1.16568777742e-07, 2.67253739139e-07, 2.51104921745e-07, 2.00971669528e-07, 1.97341265107e-07, 2.86688560891e-07, 1.06916679954e-07, 5.89294529618e-07, 1.31540829784e-07, 5.60667274385e-07, 7.48284918473e-08, 3.42573933665e-08, 7.40041983249e-08, 1.83779320651e-08, 1.07142996697e-08, 8.4645476392e-12],
        "var": [6.42746385893e-07, 0.000297638209304, 1.29974459924e-05, 2.5896608804e-06, 1.2591268387e-05, 9.34411946218e-06, 9.71328518062e-06, 4.17766750616e-06, 5.33910315426e-06, 9.22018898564e-06, 3.12532283715e-05, 4.22862103733e-06, 5.70143811274e-06, 1.96288010557e-06, 2.00775457415e-06, 9.59876388151e-07, 6.26649352853e-07, 2.28385189871e-07, 3.30145127236e-07, 1.92837205759e-07, 1.43406069242e-07, 4.09129441437e-08, 9.27107279836e-08, 1.0990687116e-07, 1.35433538162e-07, 8.99404213328e-08, 2.70948290363e-16]
    },
    "erbbands": {
        "dmean": [0.253220528364, 1.64157545567, 2.05536079407, 2.54062151909, 3.12626600266, 8.03649902344, 9.70866203308, 13.1932506561, 14.1616811752, 17.8753910065, 16.912115097, 15.5948581696, 24.8369407654, 34.0090179443, 26.0894241333, 20.7685394287, 21.6441764832, 26.9584980011, 18.4812583923, 21.6012954712, 14.6771268845, 12.9623270035, 10.5251092911, 18.3716411591, 9.15798664093, 9.41172409058, 8.79517459869, 4.63229417801, 3.13518619537, 2.628064394, 2.524974823, 2.58129954338, 1.67564237118, 1.51410210133, 0.79459041357, 0.443379729986, 0.145150914788, 0.0122013874352, 0.000224836403504, 2.42789792537e-05],
        "dmean2": [0.436253428459, 2.71668171883, 3.54767751694, 4.36094141006, 5.29675340652, 13.8857765198, 16.1870651245, 21.0892772675, 21.2484836578, 26.4175930023, 25.7756252289, 23.8490810394, 34.788520813, 48.5481185913, 39.06092453, 30.5866584778, 31.4839572906, 39.4182853699, 26.4938583374, 33.0554962158, 22.7698059082, 18.9138889313, 16.8150558472, 29.7374763489, 14.8796758652, 14.7750673294, 13.820271492, 7.24823665619, 4.73780679703, 4.02678871155, 3.9261136055, 3.98502779007, 2.63826990128, 2.29225540161, 1.14147639275, 0.688450396061, 0.232999846339, 0.0200404878706, 0.000359424884664, 3.46950546373e-05],
        "dvar": [0.427747398615, 15.8251647949, 24.0329227448, 33.3725204468, 30.9033870697, 269.515960693, 201.070846558, 525.383972168, 530.921508789, 1983.24572754, 1179.21569824, 1047.31286621, 3374.55151367, 5465.96044922, 3947.03027344, 3682.60668945, 3969.70361328, 3312.06542969, 1765.83496094, 2206.54711914, 784.458618164, 534.425476074, 240.043457031, 865.46875, 207.936538696, 268.403045654, 175.435165405, 48.6009292603, 27.3961734772, 43.4237174988, 57.2904396057, 74.7800521851, 14.4978322983, 7.41929149628, 5.05821037292, 3.42416644096, 0.393353044987, 0.000637102231849, 2.72225634035e-07, 1.33395472446e-09],
        "dvar2": [1.11884617805, 39.2979202271, 65.4372329712, 89.5686340332, 82.1797027588, 697.231201172, 529.991088867, 1298.44555664, 1156.69824219, 4231.94091797, 2683.1706543, 2373.44702148, 6058.24414062, 11434.2832031, 10468.7490234, 7536.06591797, 6165.76318359, 7178.82666016, 3225.61743164, 5032.23876953, 1689.47692871, 1017.23864746, 544.07635498, 2099.12231445, 530.904174805, 617.830566406, 396.101989746, 103.802658081, 54.9373855591, 95.9112930298, 126.565322876, 170.680206299, 33.0577735901, 15.9784326553, 9.98651790619, 9.06990432739, 1.05715858936, 0.00143306271639, 6.40106009087e-07, 3.16222759089e-09],
        "max": [4.819252491, 28.7591056824, 51.6345100403, 49.3308982849, 49.4496154785, 206.788421631, 166.810241699, 225.579498291, 317.217376709, 765.477355957, 513.647460938, 417.201446533, 848.574401855, 1055.28100586, 1103.0012207, 1145.35827637, 1418.33276367, 866.850646973, 1067.16247559, 781.24017334, 456.827392578, 629.264648438, 337.605072021, 378.167816162, 244.411300659, 307.492248535, 145.203308105, 100.701713562, 108.457267761, 107.690406799, 144.710891724, 172.57901001, 56.0844802856, 45.8519325256, 52.1594924927, 38.7765922546, 15.2881307602, 0.54138147831, 0.0119282612577, 0.000710669904947],
        "mean": [0.243568539619, 2.01887726784, 2.89348745346, 3.16558361053, 4.11843156815, 9.57222080231, 14.7505636215, 19.5624332428, 23.1007804871, 26.8021736145, 26.5648498535, 24.9893741608, 41.2678031921, 68.7093582153, 73.5327835083, 37.1282615662, 37.2261314392, 40.3195304871, 31.2705154419, 37.22240448, 24.1731128693, 24.217540741, 19.7681388855, 30.8738517761, 14.9371480942, 15.0631160736, 16.0716819763, 8.63990402222, 4.76457500458, 3.60846567154, 3.54238343239, 3.7242937088, 2.6564040184, 2.33443856239, 1.18429732323, 0.534477174282, 0.159482866526, 0.0136151369661, 0.000275747937849, 5.19157620147e-05],
        "median": [0.0638242512941, 1.16610956192, 2.04542899132, 1.89622581005, 2.40859651566, 4.45248508453, 8.39143276215, 10.3063697815, 8.8371887207, 6.42475700378, 9.33304023743, 8.94828128815, 8.02233409882, 15.1034832001, 10.3486614227, 12.6663684845, 11.1068181992, 15.1937646866, 12.4187374115, 14.1266069412, 12.1215391159, 12.6630001068, 13.2000112534, 19.3630084991, 10.5206003189, 9.51220417023, 9.51261806488, 5.55972290039, 2.68364143372, 1.4185949564, 1.49896526337, 1.69855201244, 1.2831839323, 1.12574672699, 0.412414699793, 0.136645868421, 0.0427749976516, 0.00443988759071, 0.000104420323623, 4.0870741941e-05],
        "min": [2.07983234191e-07, 7.34939419544e-07, 2.14749684346e-06, 4.27881423093e-06, 1.10855353341e-05, 5.83418986935e-05, 0.000279283587588, 0.000913954048883, 0.00753481313586, 0.00700923241675, 0.0118000283837, 0.00383075233549, 0.00423620874062, 0.0210310928524, 0.0184649899602, 0.00838724896312, 0.020439054817, 0.0218678619713, 0.0224808175117, 0.0497376099229, 0.0405833497643, 0.021967690438, 0.00824781972915, 0.015148201026, 0.027737447992, 0.0130762699991, 0.03888694942, 0.00841392204165, 0.00219830661081, 0.00264381221496, 0.000534893304575, 0.000899734615814, 0.000781548791565, 0.000195789354621, 0.00016129425785, 8.33986923681e-05, 9.95780646917e-06, 7.52598396048e-07, 9.04202863694e-08, 5.86064281549e-08],
        "var": [0.324266165495, 13.4105415344, 18.4307155609, 25.5830497742, 29.6159915924, 264.190551758, 324.220275879, 728.885375977, 1286.91210938, 4482.89404297, 2325.05810547, 2029.21789551, 8963.13085938, 15962.7519531, 31008.59375, 7742.24609375, 11438.2246094, 6531.73144531, 4589.62841797, 4416.09570312, 1425.00952148, 1660.09692383, 607.266845703, 1589.60961914, 309.650695801, 408.264892578, 398.212677002, 104.423492432, 46.4452476501, 66.3300628662, 77.8433990479, 88.4881973267, 20.952293396, 13.137140274, 9.67950820923, 3.40026116371, 0.306676000357, 0.000812445883639, 3.26683334606e-07, 1.97719107753e-09]
    },
    "gfcc": {
        "mean": [21.4351577759, 65.3797225952, -119.394348145, 30.2637557983, -59.0410995483, 15.0946741104, -41.6793746948, 18.3850402832, -31.7061786652, 11.6235351562, -13.074889183, 4.04320669174, -6.16714668274],
        "cov": [[3901.00415039, 603.24407959, 572.156311035, 177.799591064, 115.822631836, 279.342407227, -61.0200271606, 99.0241165161, -44.8883895874, -45.5461769104, -146.495864868, -16.6091022491, -17.9421138763], [603.24407959, 1717.11828613, 831.80291748, 525.126953125, 523.782714844, 169.535247803, 36.6893615723, 8.61574077606, 97.712638855, -94.0891952515, -88.0661392212, -218.634384155, 47.391872406], [572.156311035, 831.80291748, 1301.71923828, 719.332763672, 494.256530762, 115.805343628, 37.2174758911, 113.07409668, 30.8030700684, -45.0098228455, -147.231552124, -113.179252625, -115.624214172], [177.799591064, 525.126953125, 719.332763672, 659.393066406, 343.111053467, 75.9727020264, 26.4639072418, 46.4337768555, 76.4858016968, -27.7089176178, -57.4039955139, -88.1061859131, -55.5050048828], [115.822631836, 523.782714844, 494.256530762, 343.111053467, 441.703369141, 131.699890137, 83.5642700195, 65.607383728, 47.9495315552, 10.2982273102, -50.4789733887, -60.3603591919, -18.767742157], [279.342407227, 169.535247803, 115.805343628, 75.9727020264, 131.699890137, 257.475585938, 138.113540649, 18.6289920807, -12.9411449432, -41.0504798889, 1.01863276958, -23.2719249725, 28.3722248077], [-61.0200271606, 36.6893615723, 37.2174758911, 26.4639072418, 83.5642700195, 138.113540649, 227.343536377, 61.6383705139, -7.13273143768, -27.1093654633, 19.348526001, 14.4728088379, 0.516230881214], [99.0241165161, 8.61574077606, 113.07409668, 46.4337768555, 65.607383728, 18.6289920807, 61.6383705139, 159.617523193, 51.8240814209, -0.354035258293, -9.0482673645, -12.6608829498, 4.0547451973], [-44.8883895874, 97.712638855, 30.8030700684, 76.4858016968, 47.9495315552, -12.9411449432, -7.13273143768, 51.8240814209, 159.120483398, 74.1674880981, -5.2704706192, -48.8005561829, -26.6647434235], [-45.5461769104, -94.0891952515, -45.0098228455, -27.7089176178, 10.2982273102, -41.0504798889, -27.1093654633, -0.354035258293, 74.1674880981, 160.617706299, 26.5070419312, 3.12114214897, -37.9848899841], [-146.495864868, -88.0661392212, -147.231552124, -57.4039955139, -50.4789733887, 1.01863276958, 19.348526001, -9.0482673645, -5.2704706192, 26.5070419312, 116.559837341, 47.8517837524, 15.0996923447], [-16.6091022491, -218.634384155, -113.179252625, -88.1061859131, -60.3603591919, -23.2719249725, 14.4728088379, -12.6608829498, -48.8005561829, 3.12114214897, 47.8517837524, 121.75025177, 25.848897934], [-17.9421138763, 47.391872406, -115.624214172, -55.5050048828, -18.767742157, 28.3722248077, 0.516230881214, 4.0547451973, -26.6647434235, -37.9848899841, 15.0996923447, 25.848897934, 152.301605225]],
        "icov": [[0.000448975188192, -0.000439835333964, 0.000142040851642, -0.000221091366257, 0.000681799079757, -0.00116508058272, 0.000864957866725, -0.00102455331944, 0.000634649011772, -0.000609458598774, 0.000912663992494, -0.00106493325438, 0.000591788615566], [-0.000439835333964, 0.00231307838112, -0.00151173840277, 0.00120649358723, -0.00229063048027, 0.00175802281592, -0.0012724341359, 0.00313211348839, -0.00253330892883, 0.00234965537675, -0.00251462124288, 0.00366066978313, -0.00239790487103], [0.000142040851642, -0.00151173840277, 0.00415344024077, -0.0034326959867, 0.000287319679046, -0.00138733303174, 0.00150911672972, -0.00375609053299, 0.00363924889825, -0.00187756470405, 0.00340635585599, -0.0024866880849, 0.0030312736053], [-0.000221091366257, 0.00120649358723, -0.0034326959867, 0.00588564062491, -0.00261635286734, 0.00155274011195, -0.000943567836657, 0.00353059708141, -0.00437607150525, 0.00323795177974, -0.00325851375237, 0.00247117853723, -0.00161994143855], [0.000681799079757, -0.00229063048027, 0.000287319679046, -0.00261635286734, 0.00786476116627, -0.00376261421479, 0.000726847385522, -0.00381253776141, 0.00269931880757, -0.0042899674736, 0.00355341564864, -0.00346541474573, 0.00146535679232], [-0.00116508058272, 0.00175802281592, -0.00138733303174, 0.00155274011195, -0.00376261421479, 0.0106967920437, -0.0067910598591, 0.00518484925851, -0.00236689508893, 0.0031202242244, -0.00397360883653, 0.00573110347614, -0.00395795702934], [0.000864957866725, -0.0012724341359, 0.00150911672972, -0.000943567836657, 0.000726847385522, -0.0067910598591, 0.0103115485981, -0.00589342229068, 0.0023558055982, -0.00066620868165, 0.00144781125709, -0.00460828421637, 0.0036611596588], [-0.00102455331944, 0.00313211348839, -0.00375609053299, 0.00353059708141, -0.00381253776141, 0.00518484925851, -0.00589342229068, 0.0146217923611, -0.00836831796914, 0.00500345462933, -0.00451820716262, 0.00525161484256, -0.00512575404719], [0.000634649011772, -0.00253330892883, 0.00363924889825, -0.00437607150525, 0.00269931880757, -0.00236689508893, 0.0023558055982, -0.00836831796914, 0.0159133784473, -0.00862644612789, 0.0037661313545, -9.12237592274e-05, 0.00329614547081], [-0.000609458598774, 0.00234965537675, -0.00187756470405, 0.00323795177974, -0.0042899674736, 0.0031202242244, -0.00066620868165, 0.00500345462933, -0.00862644612789, 0.0131821800023, -0.00540146557614, 0.00220487941988, -0.000350456102751], [0.000912663992494, -0.00251462124288, 0.00340635585599, -0.00325851375237, 0.00355341564864, -0.00397360883653, 0.00144781125709, -0.00451820716262, 0.0037661313545, -0.00540146557614, 0.0160207878798, -0.00845297053456, 0.00274050608277], [-0.00106493325438, 0.00366066978313, -0.0024866880849, 0.00247117853723, -0.00346541474573, 0.00573110347614, -0.00460828421637, 0.00525161484256, -9.12237592274e-05, 0.00220487941988, -0.00845297053456, 0.0190355740488, -0.0057294247672], [0.000591788615566, -0.00239790487103, 0.0030312736053, -0.00161994143855, 0.00146535679232, -0.00395795702934, 0.0036611596588, -0.00512575404719, 0.00329614547081, -0.000350456102751, 0.00274050608277, -0.0057294247672, 0.0113250371069]]
    },
    "melbands": {
        "dmean": [0.00224877777509, 0.00134461536072, 0.000419253134169, 0.000402931007557, 0.000335442484356, 0.000302063504932, 0.000216342319618, 0.000187335652299, 0.000149800893269, 9.87175153568e-05, 0.000123287449242, 0.000134068803163, 0.000112909896416, 5.27543779754e-05, 6.14031523583e-05, 4.74632179248e-05, 5.48989228264e-05, 2.83305380435e-05, 3.6833647755e-05, 2.80931344605e-05, 1.61427342391e-05, 1.56223832164e-05, 9.56583153311e-06, 1.07095111161e-05, 1.67607067851e-05, 7.70126553107e-06, 6.40422649667e-06, 6.88016370987e-06, 6.35442620478e-06, 4.19881325797e-06, 2.65535277322e-06, 1.91490835277e-06, 1.49557524765e-06, 1.51204187659e-06, 1.39505550578e-06, 1.85710121059e-06, 1.54631356963e-06, 1.19434218959e-06, 1.26320969684e-06, 1.36567155096e-06],
        "dmean2": [0.00378156639636, 0.00214698095806, 0.000714879191946, 0.00069651013473, 0.000557624734938, 0.000481511029648, 0.000323123647831, 0.000275331869489, 0.000227611992159, 0.000149229104863, 0.000174844637513, 0.000190505525097, 0.000168554208358, 8.03972725407e-05, 8.96870187717e-05, 6.80258817738e-05, 8.2281367213e-05, 4.17739793193e-05, 5.48822827113e-05, 4.43882927357e-05, 2.48717660725e-05, 2.30715631915e-05, 1.50587056851e-05, 1.68715359905e-05, 2.73776367976e-05, 1.28336023408e-05, 1.04052942334e-05, 1.10285745905e-05, 1.00532097349e-05, 6.57014152239e-06, 4.23915571446e-06, 2.912214768e-06, 2.32782599596e-06, 2.35871266341e-06, 2.16233752326e-06, 2.96642247122e-06, 2.3580191737e-06, 1.89638558368e-06, 2.02865953725e-06, 2.06534787139e-06],
        "dvar": [3.16902842314e-05, 9.01093426364e-06, 7.56228587306e-07, 6.73110662319e-07, 2.59356482957e-07, 2.46313589969e-07, 1.19497471474e-07, 2.00939851425e-07, 1.09436541607e-07, 4.07802289715e-08, 8.55252579868e-08, 8.72594512202e-08, 7.69047687754e-08, 3.71619890416e-08, 3.85835292604e-08, 1.47627758906e-08, 1.40187061959e-08, 5.42850386864e-09, 5.63565327738e-09, 4.71496441889e-09, 1.01433794697e-09, 9.01805963238e-10, 2.74696182467e-10, 1.91129181926e-10, 7.92351351198e-10, 2.30976876514e-10, 1.59405225131e-10, 1.35213687469e-10, 9.00206229004e-11, 5.46764022946e-11, 1.37250063745e-11, 9.80198821415e-12, 1.24519821537e-11, 1.30621537892e-11, 1.30692158484e-11, 5.34924396445e-11, 2.26874179166e-11, 7.98468669655e-12, 5.50072834504e-12, 5.92938545485e-12],
        "dvar2": [8.08989134384e-05, 2.14680148929e-05, 1.99450164473e-06, 1.7893819404e-06, 6.8308253276e-07, 6.07623292126e-07, 2.55407229588e-07, 4.4472915306e-07, 2.43174554271e-07, 8.90847076107e-08, 1.54567743493e-07, 1.80731547061e-07, 2.13266943661e-07, 9.31411889837e-08, 6.91736872227e-08, 2.54091006013e-08, 3.03551068725e-08, 1.00140784554e-08, 1.29209274391e-08, 1.18311493935e-08, 2.07357930826e-09, 1.7184449419e-09, 6.2434946102e-10, 4.07757300147e-10, 1.93619364985e-09, 6.21060980421e-10, 3.92407994987e-10, 3.19397591708e-10, 2.18664017448e-10, 1.21134005604e-10, 3.02738771552e-11, 2.04417767435e-11, 2.79653661339e-11, 2.82043884775e-11, 2.74194694727e-11, 1.35156580372e-10, 5.00851062013e-11, 1.84707353579e-11, 1.2443024909e-11, 1.30280777486e-11],
        "max": [0.0384973399341, 0.0255840923637, 0.00745463976637, 0.00714447628707, 0.00571784283966, 0.00500900158659, 0.00452135084197, 0.00689513655379, 0.00581048708409, 0.00267359102145, 0.00409724656492, 0.00437108566985, 0.00501750828698, 0.00340722035617, 0.00434836326167, 0.00221609603614, 0.00174566544592, 0.00167802721262, 0.00143996707629, 0.00102848210372, 0.000576300604735, 0.000878558610566, 0.000289783260087, 0.000282015622361, 0.00035845534876, 0.000335189135512, 0.00022169399017, 0.000203480798518, 0.000114712420327, 0.000109587999759, 6.0582144215e-05, 6.50402871543e-05, 6.49100766168e-05, 5.21945294167e-05, 6.22136576567e-05, 0.000140779331559, 8.68720526341e-05, 4.22899684054e-05, 3.50185364368e-05, 4.1156217776e-05],
        "mean": [0.00241024675779, 0.00199030688964, 0.000561224471312, 0.000488367048092, 0.000497476139572, 0.000469873135444, 0.000347843044437, 0.000273800978903, 0.000235712286667, 0.000154517096234, 0.000197480883799, 0.000251845573075, 0.000319794518873, 7.6850548794e-05, 0.000106766332465, 7.19435192877e-05, 7.6763528341e-05, 4.38590286649e-05, 5.90404924878e-05, 4.40019612142e-05, 2.38925986196e-05, 2.75049787888e-05, 1.58337170433e-05, 1.98857105715e-05, 2.66616716544e-05, 1.15584070954e-05, 8.92878233572e-06, 1.03616084743e-05, 1.0686099813e-05, 7.47367948861e-06, 4.309614269e-06, 2.72572310678e-06, 2.07653511097e-06, 1.97397844204e-06, 1.94298900169e-06, 2.30069531426e-06, 2.23042388825e-06, 1.82071653398e-06, 1.84576015272e-06, 2.02904220714e-06],
        "median": [0.00106951314956, 0.0013688148465, 0.0003895580885, 0.000252740632277, 0.000292576791253, 0.000261884240899, 0.000131582361064, 5.86464775552e-05, 7.11182656232e-05, 4.96589054819e-05, 2.72128836514e-05, 5.12998885824e-05, 3.69273366232e-05, 2.10233592952e-05, 3.12517222483e-05, 1.23631652968e-05, 2.53530997725e-05, 1.45254962263e-05, 2.06006643566e-05, 1.43773359014e-05, 1.1698817616e-05, 1.30821290441e-05, 9.86277609627e-06, 1.22815245049e-05, 1.5351906768e-05, 7.37912023396e-06, 5.25562791154e-06, 6.51851541988e-06, 6.31876491752e-06, 3.955480679e-06, 2.83751160168e-06, 1.5247688907e-06, 8.92114542239e-07, 7.04302124177e-07, 8.03414650363e-07, 9.47738669765e-07, 9.80988147603e-07, 8.23934556138e-07, 9.25673191432e-07, 9.42247652347e-07],
        "min": [1.40987288511e-09, 1.06462605398e-09, 5.24032151006e-10, 9.33901400657e-10, 3.70407593486e-09, 2.17018936155e-09, 1.80891408519e-08, 1.89124431671e-08, 1.04583151028e-08, 8.23370882586e-09, 2.81925416346e-09, 6.31741059465e-08, 6.70877895459e-08, 1.39339517702e-08, 5.14519360451e-09, 3.43205677211e-08, 3.00857720958e-08, 1.41008031918e-08, 1.98780440996e-08, 5.07867738975e-08, 2.19359890252e-08, 1.8046927508e-08, 6.30692698067e-09, 5.07268094196e-09, 8.30336333024e-09, 3.3639015129e-08, 4.4287959966e-09, 3.47588069438e-09, 2.70356057541e-08, 1.0905641723e-08, 1.67525382455e-09, 1.20510257329e-09, 1.44885403675e-09, 1.37423150637e-09, 2.80591022639e-10, 1.33705713168e-10, 5.8991966867e-10, 4.49005332914e-10, 2.1451013188e-10, 1.01889073567e-10],
