{
"highlevel": {
    "danceability": {
        "all": {
            "danceable": 0.596998512745,
            "not_danceable": 0.403001487255
        },
        "probability": 0.596998512745,
        "value": "danceable"
    },
    "gender": {
        "all": {
            "female": 0.932159602642,
            "male": 0.0678403750062
        },
        "probability": 0.932159602642,
        "value": "female"
    },
    "genre_dortmund": {
        "all": {
            "alternative": 0.0279788859189,
            "blues": 0.138307601213,
            "electronic": 0.16869199276,
            "folkcountry": 0.0786579474807,
            "funksoulrnb": 0.0608934424818,
            "jazz": 0.162028819323,
            "pop": 0.109363980591,
            "raphiphop": 0.23078019917,
            "rock": 0.0232971478254
        },
        "probability": 0.23078019917,
        "value": "raphiphop"
    },
    "genre_electronic": {
        "all": {
            "ambient": 0.403645247221,
            "dnb": 0.0195684842765,
            "house": 0.543839812279,
            "techno": 0.0153679288924,
            "trance": 0.017578560859
        },
        "probability": 0.543839812279,
        "value": "house"
    },
    "genre_rosamerica": {
        "all": {
            "cla": 0.0678808167577,
            "dan": 0.0079711182043,
            "hip": 0.0467034056783,
            "jaz": 0.0800019875169,
            "pop": 0.0354979336262,
            "rhy": 0.725134968758,
            "roc": 0.0127954902127,
            "spe": 0.0240142550319
        },
        "probability": 0.725134968758,
        "value": "rhy"
    },
    "genre_tzanetakis": {
        "all": {
            "blu": 1.64344635855e-14,
            "cla": 1.05817344294e-14,
            "cou": 2.80635161377e-14,
            "dis": 2.15325533012e-14,
            "hip": 4.29850348837e-14,
            "jaz": 0.999999940395,
            "met": 1.42857379259e-08,
            "pop": 2.0000017642e-08,
            "reg": 2.0000017642e-08,
            "roc": 2.50000233848e-08
        },
        "probability": 0.999999940395,
        "value": "jaz"
    },
    "ismir04_rhythm": {
        "all": {
            "ChaChaCha": 0.0231240708381,
            "Jive": 0.0615213513374,
            "Quickstep": 0.0177974347025,
            "Rumba-American": 0.0110682984814,
            "Rumba-International": 0.747850954533,
            "Rumba-Misc": 0.0358756408095,
            "Samba": 0.0879207625985,
            "Tango": 0.00332473265007,
            "VienneseWaltz": 0.00825385469943,
            "Waltz": 0.00326289678924
        },
        "probability": 0.747850954533,
        "value": "Rumba-International"
    },
    "mood_acoustic": {
        "all": {
            "acoustic": 0.3099398911,
            "not_acoustic": 0.690060138702
        },
        "probability": 0.690060138702,
        "value": "not_acoustic"
    },
    "mood_aggressive": {
        "all": {
            "aggressive": 0.0215923413634,
            "not_aggressive": 0.978407680988
        },
        "probability": 0.978407680988,
        "value": "not_aggressive"
    },
    "mood_electronic": {
        "all": {
            "electronic": 0.924383699894,
            "not_electronic": 0.075616300106
        },
        "probability": 0.924383699894,
        "value": "electronic"
    },
    "mood_happy": {
        "all": {
            "happy": 0.0141373286024,
            "not_happy": 0.985862672329
        },
        "probability": 0.985862672329,
        "value": "not_happy"
    },
    "mood_party": {
        "all": {
            "not_party": 0.857295513153,
            "party": 0.142704501748
        },
        "probability": 0.857295513153,
        "value": "not_party"
    },
    "mood_relaxed": {
        "all": {
            "not_relaxed": 0.0660259947181,
            "relaxed": 0.933974027634
        },
        "probability": 0.933974027634,
        "value": "relaxed"
    },
    "mood_sad": {
        "all": {
            "not_sad": 0.164204731584,
            "sad": 0.835795283318
        },
        "probability": 0.835795283318,
        "value": "sad"
    },
    "moods_mirex": {
        "all": {
            "Cluster1": 0.235234886408,
            "Cluster2": 0.141627237201,
            "Cluster3": 0.487524449825,
            "Cluster4": 0.115831568837,
            "Cluster5": 0.0197818558663
        },
        "probability": 0.487524449825,
        "value": "Cluster3"
    },
    "timbre": {
        "all": {
            "bright": 0.276990652084,
            "dark": 0.723009347916
        },
        "probability": 0.723009347916,
        "value": "dark"
    },
    "tonal_atonal": {
        "all": {
            "atonal": 0.683548331261,
            "tonal": 0.316451668739
        },
        "probability": 0.683548331261,
        "value": "atonal"
    },
    "voice_instrumental": {
        "all": {
            "instrumental": 0.675084769726,
            "voice": 0.324915260077
        },
        "probability": 0.675084769726,
        "value": "instrumental"
    }
},
"lowlevel": {
    "average_loudness": 0.972499191761,
    "barkbands_crest": {
        "dmean": 3.02247929573,
        "dmean2": 4.85874176025,
        "dvar": 6.09591674805,
        "dvar2": 14.1027059555,
        "max": 25.4449539185,
        "mean": 12.5808200836,
        "median": 12.2104911804,
        "min": 2.9473426342,
        "var": 18.9184055328
    },
    "barkbands_flatness_db": {
        "dmean": 0.0473902486265,
        "dmean2": 0.0654250830412,
        "dvar": 0.00226488499902,
        "dvar2": 0.00419154530391,
        "max": 0.497480243444,
        "mean": 0.278297781944,
        "median": 0.285314530134,
        "min": 0.0377073511481,
        "var": 0.00759619427845
    },
    "barkbands_kurtosis": {
        "dmean": 7.88141584396,
        "dmean2": 12.2525424957,
        "dvar": 129.667999268,
        "dvar2": 291.91696167,
        "max": 119.346488953,
        "mean": 13.4514131546,
        "median": 8.10395526886,
        "min": -1.6376273632,
        "var": 247.559555054
    },
    "barkbands_skewness": {
        "dmean": 0.814150810242,
        "dmean2": 1.23150348663,
        "dvar": 0.738340139389,
        "dvar2": 1.53578746319,
        "max": 8.8886384964,
        "mean": 2.57442855835,
        "median": 2.27059030533,
        "min": -0.768474698067,
        "var": 2.23147273064
    },
    "barkbands_spread": {
        "dmean": 3.73591470718,
        "dmean2": 5.10728359222,
        "dvar": 33.5746002197,
        "dvar2": 54.9741973877,
        "max": 61.0017929077,
        "mean": 10.036242485,
        "median": 6.27580976486,
        "min": 0.508097171783,
        "var": 114.69203186
    },
    "dissonance": {
        "dmean": 0.0430222190917,
        "dmean2": 0.070626437664,
        "dvar": 0.00165473937523,
        "dvar2": 0.0044146948494,
        "max": 0.5,
        "mean": 0.410683393478,
        "median": 0.419757246971,
        "min": 0.19397354126,
        "var": 0.0032835083548
    },
    "dynamic_complexity": 2.58710479736,
    "erbbands_crest": {
        "dmean": 2.56567120552,
        "dmean2": 3.96269059181,
        "dvar": 6.21010398865,
        "dvar2": 13.4885940552,
        "max": 30.7716598511,
        "mean": 12.3747472763,
        "median": 10.7596645355,
        "min": 2.91166090965,
        "var": 35.7220840454
    },
    "erbbands_flatness_db": {
        "dmean": 0.0385129749775,
        "dmean2": 0.0511490441859,
        "dvar": 0.00137688708492,
        "dvar2": 0.00247037503868,
        "max": 0.3786431849,
        "mean": 0.210936442018,
        "median": 0.210986435413,
        "min": 0.0819666013122,
        "var": 0.00429887045175
    },
    "erbbands_kurtosis": {
        "dmean": 1.79572558403,
        "dmean2": 2.77103447914,
        "dvar": 7.11364269257,
        "dvar2": 17.1305961609,
        "max": 30.8288345337,
        "mean": 1.74192488194,
        "median": 0.755717754364,
        "min": -1.85051214695,
        "var": 12.0777931213
    },
    "erbbands_skewness": {
        "dmean": 0.520080208778,
        "dmean2": 0.75990408659,
        "dvar": 0.270557552576,
        "dvar2": 0.57315737009,
        "max": 4.19347763062,
        "mean": 0.703409194946,
        "median": 0.785560131073,
        "min": -2.51166439056,
        "var": 1.22848796844
    },
    "erbbands_spread": {
        "dmean": 12.0860671997,
        "dmean2": 16.6908245087,
        "dvar": 273.756347656,
        "dvar2": 490.992828369,
        "max": 149.41444397,
        "mean": 33.5631027222,
        "median": 25.8891906738,
        "min": 3.52341461182,
        "var": 569.129089355
    },
    "hfc": {
        "dmean": 7.91727542877,
        "dmean2": 11.6650323868,
        "dvar": 495.462402344,
        "dvar2": 1119.6229248,
        "max": 202.380874634,
        "mean": 11.1169261932,
        "median": 4.58175945282,
        "min": 0.583375990391,
        "var": 586.432983398
    },
    "melbands_crest": {
        "dmean": 3.69381999969,
        "dmean2": 6.0707192421,
        "dvar": 10.8882684708,
        "dvar2": 26.3684711456,
        "max": 31.6406364441,
        "mean": 16.8356437683,
        "median": 16.3282203674,
        "min": 4.47241973877,
        "var": 25.0827217102
    },
    "melbands_flatness_db": {
        "dmean": 0.0568925030529,
        "dmean2": 0.0766862630844,
        "dvar": 0.00340583571233,
        "dvar2": 0.00609104009345,
        "max": 0.626007080078,
        "mean": 0.370138436556,
        "median": 0.38371655345,
        "min": 0.0483310893178,
        "var": 0.012423561886
    },
    "melbands_kurtosis": {
        "dmean": 17.9673538208,
        "dmean2": 27.2980880737,
        "dvar": 1021.31665039,
        "dvar2": 2283.82910156,
        "max": 342.731628418,
        "mean": 29.8991088867,
        "median": 16.1667823792,
        "min": -1.38993930817,
        "var": 1622.49182129
    },
    "melbands_skewness": {
        "dmean": 1.12820959091,
        "dmean2": 1.66916048527,
        "dvar": 2.10091257095,
        "dvar2": 4.72427988052,
        "max": 15.869304657,
        "mean": 3.60889959335,
        "median": 3.05499053001,
        "min": -0.805950462818,
        "var": 4.51505947113
    },
    "melbands_spread": {
        "dmean": 3.71037864685,
        "dmean2": 5.53205013275,
        "dvar": 60.3520088196,
        "dvar2": 100.013725281,
        "max": 86.9633407593,
        "mean": 9.36430549622,
        "median": 5.12761592865,
        "min": 0.535203576088,
        "var": 146.159881592
    },
    "pitch_salience": {
        "dmean": 0.0861858651042,
        "dmean2": 0.139440983534,
        "dvar": 0.00680357031524,
        "dvar2": 0.0166529268026,
        "max": 0.851810574532,
        "mean": 0.4867631495,
        "median": 0.487956494093,
        "min": 0.108745746315,
        "var": 0.0145864067599
    },
    "silence_rate_20dB": {
        "dmean": 0,
        "dmean2": 0,
        "dvar": 0,
        "dvar2": 0,
        "max": 1,
        "mean": 1,
        "median": 1,
        "min": 1,
        "var": 0
    },
    "silence_rate_30dB": {
        "dmean": 0.0510835908353,
        "dmean2": 0.102246321738,
        "dvar": 0.0484738796949,
        "dvar2": 0.102635577321,
        "max": 1,
        "mean": 0.952822864056,
        "median": 1,
        "min": 0,
        "var": 0.0449507050216
    },
    "silence_rate_60dB": {
        "dmean": 0.00232198135927,
        "dmean2": 0.00464755995199,
        "dvar": 0.00231658946723,
        "dvar2": 0.0046259611845,
        "max": 1,
        "mean": 0.00386697612703,
        "median": 0,
        "min": 0,
        "var": 0.00385202327743
    },
    "spectral_centroid": {
        "dmean": 162.110931396,
        "dmean2": 215.741256714,
        "dvar": 77228.4296875,
        "dvar2": 107891.234375,
        "max": 3003.33178711,
        "mean": 599.389282227,
        "median": 414.141571045,
        "min": 132.831604004,
        "var": 277012.03125
    },
    "spectral_complexity": {
        "dmean": 2.82585144043,
        "dmean2": 4.14872169495,
        "dvar": 35.697883606,
        "dvar2": 52.8329467773,
        "max": 62,
        "mean": 9.76720809937,
        "median": 7,
        "min": 3,
        "var": 89.4610137939
    },
    "spectral_decrease": {
        "dmean": 3.96734556318e-09,
        "dmean2": 6.3670602124e-09,
        "dvar": 5.53311434951e-17,
        "dvar2": 1.34336302001e-16,
        "max": -3.44716616363e-10,
        "mean": -8.12704126218e-09,
        "median": -5.00317032248e-09,
        "min": -6.22369427106e-08,
        "var": 7.90762298637e-17
    },
    "spectral_energy": {
        "dmean": 0.0155755653977,
        "dmean2": 0.0249269139022,
        "dvar": 0.000832911871839,
        "dvar2": 0.00202669296414,
        "max": 0.237579196692,
        "mean": 0.0316816568375,
        "median": 0.019388537854,
        "min": 0.001381748938,
        "var": 0.00118779577315
    },
    "spectral_energyband_high": {
        "dmean": 0.000557531602681,
        "dmean2": 0.000788696866948,
        "dvar": 3.17844319397e-06,
        "dvar2": 6.7019150265e-06,
        "max": 0.0159542206675,
        "mean": 0.000557966472115,
        "median": 1.62609248946e-05,
        "min": 1.54669407948e-07,
        "var": 4.04592037739e-06
    },
    "spectral_energyband_low": {
        "dmean": 0.0121884914115,
        "dmean2": 0.0202376302332,
        "dvar": 0.000670771056321,
        "dvar2": 0.00170303042978,
        "max": 0.217438548803,
        "mean": 0.0206431802362,
        "median": 0.0118625871837,
        "min": 9.70996115939e-05,
        "var": 0.000827808049507
    },
    "spectral_energyband_middle_high": {
        "dmean": 0.00176640483551,
        "dmean2": 0.00277097965591,
        "dvar": 4.8698446335e-05,
        "dvar2": 0.000125691643916,
        "max": 0.0644372105598,
        "mean": 0.0022642116528,
        "median": 0.000436831091065,
        "min": 2.7754187613e-05,
        "var": 4.38978277089e-05
    },
    "spectral_energyband_middle_low": {
        "dmean": 0.00590290874243,
        "dmean2": 0.00965177081525,
        "dvar": 0.000188149409951,
        "dvar2": 0.000508429482579,
        "max": 0.134118512273,
        "mean": 0.0100553678349,
        "median": 0.00575054716319,
        "min": 0.000365409796359,
        "var": 0.000172633706825
    },
    "spectral_entropy": {
        "dmean": 0.453589648008,
        "dmean2": 0.597764253616,
        "dvar": 0.224306061864,
        "dvar2": 0.394272893667,
        "max": 8.4361000061,
        "mean": 6.49210071564,
        "median": 6.32014131546,
        "min": 4.69211626053,
        "var": 0.716545641422
    },
    "spectral_flux": {
        "dmean": 0.035835057497,
        "dmean2": 0.0560847073793,
        "dvar": 0.00249788630754,
        "dvar2": 0.00461173756048,
        "max": 0.395288974047,
        "mean": 0.0822842270136,
        "median": 0.0521724298596,
        "min": 0.0126785663888,
        "var": 0.00559213757515
    },
    "spectral_kurtosis": {
        "dmean": 12.3661336899,
        "dmean2": 18.6659564972,
        "dvar": 236.099212646,
        "dvar2": 499.846618652,
        "max": 110.957748413,
        "mean": 18.2567062378,
        "median": 10.8697557449,
        "min": -0.575914144516,
        "var": 420.906646729
    },
    "spectral_rms": {
        "dmean": 0.00113090651575,
        "dmean2": 0.00174555717967,
        "dvar": 2.28847375183e-06,
        "dvar2": 4.99872885484e-06,
        "max": 0.0152244726196,
        "mean": 0.00505194626749,
        "median": 0.0043492121622,
        "min": 0.00116105459165,
        "var": 5.38674612471e-06
    },
    "spectral_rolloff": {
        "dmean": 216.797988892,
        "dmean2": 352.102386475,
        "dvar": 327991.53125,
        "dvar2": 565194.5,
        "max": 5447.90039062,
        "mean": 560.163574219,
        "median": 301.46484375,
        "min": 64.599609375,
        "var": 671997.6875
    },
    "spectral_skewness": {
        "dmean": 1.01352822781,
        "dmean2": 1.40698325634,
        "dvar": 1.04059970379,
        "dvar2": 2.1000213623,
        "max": 8.63130283356,
        "mean": 2.95543861389,
        "median": 2.73484325409,
        "min": 0.457908689976,
        "var": 2.73104739189
    },
    "spectral_spread": {
        "dmean": 1283266.125,
        "dmean2": 1679914.375,
        "dvar": 1.69673949184e+12,
        "dvar2": 3.04128825754e+12,
        "max": 10105232,
        "mean": 3778183.5,
        "median": 3302170,
        "min": 696074.1875,
        "var": 4.53516669747e+12
    },
    "spectral_strongpeak": {
        "dmean": 0.298160761595,
        "dmean2": 0.525429069996,
        "dvar": 0.336127251387,
        "dvar2": 0.85941272974,
        "max": 4.80127429962,
        "mean": 0.451438814402,
        "median": 0.268921136856,
        "min": 0,
        "var": 0.333628982306
    },
    "zerocrossingrate": {
        "dmean": 0.00802565086633,
        "dmean2": 0.0088041909039,
        "dvar": 0.000118340016343,
        "dvar2": 0.000128538595163,
        "max": 0.1435546875,
        "mean": 0.026029959321,
        "median": 0.0185546875,
        "min": 0.00244140625,
        "var": 0.000524294329807
    },
    "barkbands": {
        "dmean": [0.00115864025429, 0.00704101566225, 0.00590895162895, 0.00333711528219, 0.00205974304117, 0.000921417959034, 0.000229470708291, 0.000261024193605, 0.00012254176545, 0.000187825062312, 0.000515452760737, 0.00037376160617, 0.000124863363453, 0.000129540567286, 0.000101731711766, 9.39189994824e-05, 0.00010671596101, 9.59353565122e-05, 0.000115928713058, 9.14050178835e-05, 0.000156610738486, 0.000151013868162, 8.97578793229e-05, 6.58908320474e-05, 5.7346529502e-05, 1.38644345498e-05, 3.35480905278e-08],
        "dmean2": [0.00196596444584, 0.0115552833304, 0.0107381930575, 0.005699432455, 0.00325793912634, 0.00154954823665, 0.0003897571587, 0.000441286654677, 0.000200809226953, 0.000301404186757, 0.00096723792376, 0.000655348936561, 0.000192599167349, 0.00020072190091, 0.000152517517563, 0.000132328641484, 0.000150178006152, 0.000136424641823, 0.000188493853784, 0.000135688329465, 0.00022561433434, 0.000215039617615, 0.000132018452859, 9.8009724752e-05, 9.2875714472e-05, 2.26085176109e-05, 6.29648013728e-08],
        "dvar": [8.03246439318e-06, 0.000120954122394, 0.000413232453866, 8.79888611962e-05, 1.68191654666e-05, 1.963791874e-06, 2.65960295565e-07, 3.45146730751e-07, 1.53599671648e-07, 6.78093897477e-07, 8.52824086905e-06, 2.98736836157e-06, 1.48598516603e-07, 1.97977527705e-07, 1.66539265933e-07, 1.276879118e-07, 1.57823407676e-07, 1.272697574e-07, 2.04942679716e-07, 1.12895627069e-07, 2.52387849287e-07, 2.55795129078e-07, 8.0960759874e-08, 4.40812826241e-08, 4.31888267372e-08, 2.82662426798e-09, 4.02097178795e-14],
        "dvar2": [2.17911128857e-05, 0.000281611806713, 0.00117664423306, 0.000235637824517, 4.33973073086e-05, 5.39197344551e-06, 7.44875080727e-07, 9.6535177363e-07, 3.40839790169e-07, 1.4561126136e-06, 2.46072249865e-05, 8.209477528e-06, 3.35333311341e-07, 4.14590004993e-07, 3.68510939097e-07, 2.40247771899e-07, 3.06841542397e-07, 2.33177360087e-07, 4.7640065759e-07, 2.18887862502e-07, 5.3929858268e-07, 5.0221950687e-07, 1.85026536315e-07, 1.02278228553e-07, 1.06554523427e-07, 7.10128755799e-09, 1.15161705042e-13],
        "max": [0.0260676834732, 0.0925020724535, 0.14994391799, 0.112243145704, 0.0391134172678, 0.0147664593533, 0.00491637736559, 0.00610740389675, 0.00776033988222, 0.0248883962631, 0.0270562581718, 0.0150970248505, 0.00663778418675, 0.00822103954852, 0.00402664626017, 0.00421548169106, 0.00514954747632, 0.00371334189549, 0.00439521111548, 0.00339206657372, 0.00498876674101, 0.00560220144689, 0.00306975003332, 0.00211374857463, 0.00192792154849, 0.000518412038218, 2.86342651634e-06],
        "mean": [0.00126740592532, 0.0121103208512, 0.00544118788093, 0.00399250350893, 0.00351689686067, 0.00157989410218, 0.000334997283062, 0.000423460936872, 0.000188711404917, 0.000270416698186, 0.000308202841552, 0.000446662306786, 0.00031237048097, 0.000295676407404, 0.000114104252134, 0.000103650862002, 0.000121397417388, 0.000126609942527, 0.000115813876619, 0.000100778481283, 0.000156325186254, 0.000151387284859, 8.8537861302e-05, 6.01016399742e-05, 4.40015974164e-05, 1.02654712464e-05, 1.97898319954e-08],
        "median": [0.000539226573892, 0.00726027227938, 0.00227867695503, 0.00101909937803, 0.00205253460445, 0.00104561133776, 0.000197823028429, 0.000307551235892, 1.12715260912e-05, 4.21155664299e-06, 2.8596825814e-06, 1.60533909366e-05, 3.74602896045e-05, 2.58143536485e-05, 1.10163646241e-05, 5.02614057041e-06, 2.24412451644e-06, 6.5426402216e-06, 3.04217792291e-06, 2.26977567763e-06, 4.03495187129e-06, 3.22419759868e-06, 2.55693203144e-06, 1.76831485987e-06, 8.4776507947e-07, 2.80098532812e-07, 4.290767186e-10],
        "min": [8.03276179795e-07, 8.70282383403e-05, 5.95189521846e-06, 8.59492274685e-07, 5.27262136529e-06, 9.47684839048e-06, 4.31938678958e-06, 2.3095931283e-06, 7.11615584237e-08, 5.51589316444e-08, 1.9537907292e-08, 2.5221200417e-07, 3.63253150226e-07, 6.76511575648e-08, 4.08650350892e-07, 1.83752604244e-07, 4.27251194424e-08, 8.16467817799e-08, 1.53871706488e-08, 1.98685885522e-08, 2.6808960385e-08, 1.78621260005e-08, 1.80505761449e-08, 2.18099511784e-08, 4.02786293208e-09, 1.50886143857e-11, 8.74456063116e-12],
        "var": [7.63280604588e-06, 0.000235064930166, 0.000248605152592, 8.36052495288e-05, 1.9729248379e-05, 2.68207190857e-06, 2.27955311516e-07, 2.8645661132e-07, 2.69456307933e-07, 2.17562774196e-06, 4.79517939311e-06, 2.30407022173e-06, 5.36611764801e-07, 7.50348362999e-07, 1.82699864126e-07, 1.76450015488e-07, 2.35318807995e-07, 2.3344591682e-07, 2.37542622017e-07, 1.61147497124e-07, 3.23019861526e-07, 3.34138150038e-07, 9.46776665955e-08, 4.49202772757e-08, 3.54821025894e-08, 2.18710805022e-09, 2.29031745826e-14]
    },
    "erbbands": {
        "dmean": [0.264635413885, 1.56320142746, 5.77053117752, 9.45315265656, 9.54474163055, 6.05822706223, 8.18365764618, 6.8831949234, 3.91537833214, 3.60583901405, 5.73532152176, 2.74407577515, 3.86295390129, 9.92657279968, 25.8723392487, 12.9598026276, 6.07875108719, 7.13622951508, 5.93783187866, 4.32233381271, 5.29947137833, 5.24046850204, 5.12124586105, 6.85330915451, 4.58141326904, 4.46739864349, 6.45633792877, 5.33576631546, 5.20384550095, 4.16716957092, 2.55744171143, 1.69777882099, 1.0836482048, 0.788023293018, 0.279573053122, 0.101632982492, 0.0154825318605, 0.00116089731455, 3.68306318705e-05, 2.01408547582e-05],
        "dmean2": [0.427576810122, 2.56309080124, 10.2153425217, 16.2534236908, 15.5939674377, 9.81973934174, 13.2058000565, 11.7875175476, 6.63506221771, 6.36635637283, 9.53535652161, 4.67319250107, 6.29139757156, 16.9663009644, 47.9868507385, 22.0927906036, 9.3071937561, 10.9842643738, 9.12593841553, 6.16111373901, 7.60340833664, 7.35093688965, 6.93839502335, 11.0146493912, 6.75624799728, 6.48973655701, 9.45567798615, 7.49208211899, 7.28044891357, 5.93303728104, 3.92824268341, 2.46667957306, 1.69807457924, 1.26146566868, 0.459169596434, 0.166070774198, 0.0255236253142, 0.00201364629902, 6.11494178884e-05, 3.19091159326e-05],
        "dvar": [0.225433543324, 6.85985136032, 342.301330566, 809.511413574, 463.96182251, 175.719802856, 185.342376709, 113.623817444, 41.7261505127, 118.57674408, 139.79876709, 63.9918136597, 207.623748779, 2223.7512207, 20442.1347656, 2952.52929688, 331.644348145, 735.521240234, 491.513122559, 285.69140625, 405.983062744, 363.860015869, 315.542907715, 852.667297363, 241.478302002, 260.691223145, 435.240264893, 303.773498535, 324.328948975, 180.616546631, 70.7725982666, 26.3938655853, 14.9365549088, 8.06995296478, 1.04590177536, 0.144975498319, 0.00368399731815, 2.80028689303e-05, 1.75822822968e-08, 1.38016220674e-09],
        "dvar2": [0.528810799122, 17.9012489319, 961.232849121, 2165.06103516, 1251.55310059, 437.313995361, 482.486480713, 302.790222168, 114.867904663, 341.327697754, 380.354980469, 162.437561035, 514.057617188, 5856.62792969, 58491.5429688, 7937.83984375, 709.043457031, 1545.56542969, 1132.9642334, 542.848449707, 785.486083984, 662.535339355, 516.469482422, 2036.58813477, 474.49621582, 518.674987793, 949.013671875, 624.779602051, 618.613647461, 383.77432251, 172.579330444, 58.8388175964, 37.1074790955, 19.8240470886, 2.64465451241, 0.356742113829, 0.00934018008411, 7.59617178119e-05, 4.53690489621e-08, 3.39225070256e-09],
        "max": [4.34332799911, 24.479850769, 140.639389038, 288.647735596, 185.191360474, 157.585586548, 145.205337524, 103.582931519, 56.4760513306, 106.982032776, 146.989883423, 97.7702178955, 202.038360596, 861.914978027, 1252.46044922, 512.814147949, 326.38192749, 542.856079102, 208.821166992, 209.077011108, 219.394226074, 237.225845337, 187.367996216, 312.415740967, 155.779693604, 190.571853638, 213.582733154, 173.545089722, 200.58493042, 148.549743652, 94.1085662842, 49.3587036133, 40.3791809082, 26.4330120087, 10.0026102066, 3.55672883987, 0.685493528843, 0.0595787018538, 0.0013486641692, 0.000257726904238],
        "mean": [0.393341451883, 2.5050547123, 6.35750246048, 10.3388528824, 14.0614938736, 9.36415100098, 13.7188301086, 11.4310436249, 6.38615083694, 5.08241987228, 9.75851249695, 4.02620887756, 5.41628313065, 11.2573127747, 16.6001567841, 20.0254173279, 15.3917303085, 17.6065196991, 7.47691822052, 4.92411804199, 6.23438024521, 6.28888893127, 6.86760377884, 6.93697452545, 4.90215539932, 4.90634536743, 6.39102840424, 5.548869133, 5.33346509933, 4.0168223381, 2.43101906776, 1.59726560116, 0.919288516045, 0.611472785473, 0.210420548916, 0.0770298466086, 0.0113803884014, 0.000803037371952, 3.78162731067e-05, 3.77562391805e-05],
        "median": [0.233251288533, 1.46332359314, 3.36184096336, 2.66948103905, 5.84543323517, 4.18647003174, 7.81394815445, 6.83853912354, 4.28788900375, 2.57658791542, 7.13044691086, 1.16554129124, 0.277260750532, 0.222682341933, 0.508034169674, 1.33708381653, 2.80503249168, 0.807274520397, 1.81144821644, 0.287506639957, 0.332608282566, 0.164607614279, 0.390828043222, 0.207127183676, 0.128882408142, 0.132537707686, 0.15837495029, 0.124014720321, 0.109778739512, 0.0972084701061, 0.0711477845907, 0.0437088385224, 0.0216965358704, 0.011399560608, 0.00476698437706, 0.00198877230287, 0.000417532719439, 2.00992981263e-05, 1.30611397253e-05, 2.18127988774e-05],
        "min": [0.00246743159369, 0.0127056157216, 0.00858174078166, 0.00914512295276, 0.00476382952183, 0.0192131381482, 0.0565916001797, 0.0980836972594, 0.144269824028, 0.250061839819, 0.123707666993, 0.0312033649534, 0.00906636100262, 0.00647958740592, 0.0203541386873, 0.0713759511709, 0.0415553487837, 0.0219276566058, 0.0377579629421, 0.0206425245851, 0.019734935835, 0.0100505473092, 0.00898700021207, 0.00180736358743, 0.000997351016849, 0.00101588189136, 0.000941474165302, 0.000750447448809, 0.00064126541838, 0.000715177448001, 0.000542991794646, 0.000334003911121, 0.00031037669396, 6.85158156557e-05, 4.34951289208e-05, 8.33614194562e-06, 2.35404490923e-06, 1.86047188322e-07, 7.13476538294e-07, 1.59934847943e-06],
        "var": [0.363173305988, 10.5931587219, 221.832046509, 684.750061035, 470.127319336, 229.012496948, 262.991912842, 163.801651001, 46.4406394958, 83.9912414551, 140.849761963, 74.3891906738, 311.996704102, 3254.3527832, 11742.7685547, 2995.14282227, 1220.53564453, 2955.42163086, 541.186157227, 385.598937988, 571.289306641, 604.007568359, 642.378356934, 954.625183105, 348.276672363, 372.42767334, 541.895690918, 414.612854004, 439.063964844, 218.317504883, 73.5603713989, 29.1956348419, 13.0183410645, 6.73720598221, 0.819389343262, 0.116825275123, 0.00277768517844, 1.83242809726e-05, 1.34577797795e-08, 1.85265702779e-09]
    },
    "gfcc": {
        "mean": [-93.0595550537, 151.501327515, -74.0433120728, 42.6095962524, -45.4622612, 18.5472698212, -37.0117492676, -7.82667636871, -10.4102430344, 7.21916484833, 0.691063761711, -7.23588943481, -11.2172622681],
        "cov": [[5511.53369141, -3133.4855957, -677.624633789, 1031.73059082, -1027.92700195, 482.882629395, -246.60118103, 380.646118164, -614.878845215, 56.0741081238, -673.724060059, 288.983184814, -125.036605835], [-3133.4855957, 2569.7578125, 150.941497803, -764.303771973, 888.194946289, -455.89642334, 243.726882935, -407.984069824, 353.604278564, -172.394973755, 490.879119873, -304.920898438, 132.509109497], [-677.624633789, 150.941497803, 922.241943359, 27.1401119232, 49.4404563904, 17.5291614532, -48.7535438538, -54.4960861206, -24.8108291626, 114.173400879, 41.3969764709, 66.2349319458, -72.7057342529], [1031.73059082, -764.303771973, 27.1401119232, 639.418701172, -302.312561035, 87.5612487793, -96.8773651123, 80.463973999, -12.6021175385, -7.66220378876, -77.7132644653, 29.3867225647, 6.57917356491], [-1027.92700195, 888.194946289, 49.4404563904, -302.312561035, 460.001068115, -178.616867065, 122.288261414, -98.6007080078, 107.57169342, -47.0320091248, 147.546905518, -96.9912338257, 42.8750495911], [482.882629395, -455.89642334, 17.5291614532, 87.5612487793, -178.616867065, 244.887023926, -11.4567480087, 26.5061798096, -71.5293807983, 34.6435317993, -57.7782936096, 62.2060317993, -19.1869697571], [-246.60118103, 243.726882935, -48.7535438538, -96.8773651123, 122.288261414, -11.4567480087, 173.014709473, 11.1744890213, 13.4326219559, -54.0666351318, 35.6838645935, 10.5012531281, 76.8249053955], [380.646118164, -407.984069824, -54.4960861206, 80.463973999, -98.6007080078, 26.5061798096, 11.1744890213, 212.129089355, -12.2017602921, 20.2085056305, -93.7737884521, 66.8088989258, 20.6945228577], [-614.878845215, 353.604278564, -24.8108291626, -12.6021175385, 107.57169342, -71.5293807983, 13.4326219559, -12.2017602921, 200.677093506, -7.68622636795, 99.6012573242, -84.1232910156, 29.7523193359], [56.0741081238, -172.394973755, 114.173400879, -7.66220378876, -47.0320091248, 34.6435317993, -54.0666351318, 20.2085056305, -7.68622636795, 144.487197876, -4.32375907898, 27.2127151489, -81.2827148438], [-673.724060059, 490.879119873, 41.3969764709, -77.7132644653, 147.546905518, -57.7782936096, 35.6838645935, -93.7737884521, 99.6012573242, -4.32375907898, 214.686004639, -18.5281410217, 20.535200119], [288.983184814, -304.920898438, 66.2349319458, 29.3867225647, -96.9912338257, 62.2060317993, 10.5012531281, 66.8088989258, -84.1232910156, 27.2127151489, -18.5281410217, 186.925979614, 11.1484127045], [-125.036605835, 132.509109497, -72.7057342529, 6.57917356491, 42.8750495911, -19.1869697571, 76.8249053955, 20.6945228577, 29.7523193359, -81.2827148438, 20.535200119, 11.1484127045, 140.198348999]],
        "icov": [[0.00118197640404, 0.000949025270529, 0.000826214207336, -0.0009924081387, -0.000459889532067, 6.82950994815e-05, -6.60531513859e-05, 0.000389399239793, 0.00203347112983, -7.70901242504e-05, 0.000587407674175, 0.000160715411766, 0.000185872340808], [0.000949025270529, 0.0126620223746, -0.00255577731878, 0.00728635396808, -0.0039740735665, 0.00843384675682, -0.00479933433235, 0.00947448424995, -0.00472770398483, 0.00699705118313, -0.00964948162436, 0.00705500133336, -0.00327521562576], [0.000826214207336, -0.00255577731878, 0.00283180573024, -0.00326532265171, -0.000120682467241, -0.00237529049627, 0.00154155108612, -0.00164192204829, 0.00318476674147, -0.0030322750099, 0.00330595206469, -0.00257581169717, 0.00117043789942], [-0.0009924081387, 0.00728635396808, -0.00326532265171, 0.00893854442984, -5.81699459872e-05, 0.00574488984421, -0.00259432848543, 0.00529344612733, -0.00650926399976, 0.00581745430827, -0.00771760148928, 0.00511908251792, -0.00296287192032], [-0.000459889532067, -0.0039740735665, -0.000120682467241, -5.81699459872e-05, 0.00826266873628, 0.000461093586637, -0.00200465135276, -0.0023915192578, 0.000545030226931, -0.00161982933059, 0.000981549383141, -0.000104800426925, 0.00108361861203], [6.82950994815e-05, 0.00843384675682, -0.00237529049627, 0.00574488984421, 0.000461093586637, 0.0124511383474, -0.00561302388087, 0.00743155926466, -0.00374520919286, 0.00368552282453, -0.00689287064597, 0.00457697361708, -0.00229275040329], [-6.60531513859e-05, -0.00479933433235, 0.00154155108612, -0.00259432848543, -0.00200465135276, -0.00561302388087, 0.0129096591845, -0.00553357973695, 0.00343598006293, -0.00132014008705, 0.00316240265965, -0.00357259949669, -0.00268773525022], [0.000389399239793, 0.00947448424995, -0.00164192204829, 0.00529344612733, -0.0023915192578, 0.00743155926466, -0.00553357973695, 0.0160219650716, -0.00741842575371, 0.00296738464385, -0.00264389137737, 0.00166380754672, -0.00374211347662], [0.00203347112983, -0.00472770398483, 0.00318476674147, -0.00650926399976, 0.000545030226931, -0.00374520919286, 0.00343598006293, -0.00741842575371, 0.017231144011, -0.0054605267942, 0.00110331503674, 0.00170633196831, -0.000347861321643], [-7.70901242504e-05, 0.00699705118313, -0.0030322750099, 0.00581745430827, -0.00161982933059, 0.00368552282453, -0.00132014008705, 0.00296738464385, -0.0054605267942, 0.0174220781773, -0.0072842319496, 0.00263306009583, 0.00487474538386], [0.000587407674175, -0.00964948162436, 0.00330595206469, -0.00771760148928, 0.000981549383141, -0.00689287064597, 0.00316240265965, -0.00264389137737, 0.00110331503674, -0.0072842319496, 0.0191718693823, -0.00973679684103, 0.0026433810126], [0.000160715411766, 0.00705500133336, -0.00257581169717, 0.00511908251792, -0.000104800426925, 0.00457697361708, -0.00357259949669, 0.00166380754672, 0.00170633196831, 0.00263306009583, -0.00973679684103, 0.0144212124869, -0.00428635114804], [0.000185872340808, -0.00327521562576, 0.00117043789942, -0.00296287192032, 0.00108361861203, -0.00229275040329, -0.00268773525022, -0.00374211347662, -0.000347861321643, 0.00487474538386, 0.0026433810126, -0.00428635114804, 0.0153738511726]]
    },
    "melbands": {
        "dmean": [0.00204568961635, 0.00255575263873, 0.00165802496485, 0.000512594124302, 0.000272539182333, 0.000153827873874, 5.98440165049e-05, 4.36060472566e-05, 4.18108611484e-05, 1.67641755979e-05, 2.00571448659e-05, 3.77676296921e-05, 7.59063404985e-05, 5.29447606823e-05, 2.17461201828e-05, 1.31839060487e-05, 1.24387815958e-05, 9.06951390789e-06, 6.21852359473e-06, 7.33791648599e-06, 6.99578095009e-06, 5.75672811465e-06, 5.20499679624e-06, 4.90120237373e-06, 5.88839793636e-06, 3.97536405217e-06, 3.31976889356e-06, 2.66890765488e-06, 3.96071209252e-06, 3.68302971765e-06, 2.95700601782e-06, 2.64550158136e-06, 3.33373213834e-06, 1.91225876733e-06, 1.3620020809e-06, 1.45252931816e-06, 8.63043567279e-07, 6.99981512753e-07, 8.35742696381e-07, 6.10983136085e-07],
        "dmean2": [0.00325653515756, 0.00441407877952, 0.0028130307328, 0.000827507290523, 0.000441012874944, 0.000263139780145, 0.000101703713881, 7.6393764175e-05, 6.9882691605e-05, 2.77702820313e-05, 3.25058244925e-05, 6.34684038232e-05, 0.000141659707879, 9.28000590648e-05, 3.61085258191e-05, 2.00525973924e-05, 1.91266808542e-05, 1.38996492751e-05, 9.07530920813e-06, 1.06776451503e-05, 1.03992451841e-05, 8.53188612382e-06, 6.78536071064e-06, 6.91933155395e-06, 9.63488309935e-06, 6.26651035418e-06, 5.01216072735e-06, 3.9636506699e-06, 5.8756454564e-06, 5.64088395549e-06, 4.25575763074e-06, 3.69630788555e-06, 4.86427416035e-06, 2.72600937024e-06, 2.08518099498e-06, 2.22489029511e-06, 1.25677843243e-06, 1.09921631974e-06, 1.32453396873e-06, 1.00201646092e-06],
        "dvar": [1.07698378997e-05, 5.19804125361e-05, 2.1858342734e-05, 1.20260915537e-06, 2.10017830682e-07, 5.45583418443e-08, 1.08253122022e-08, 1.52234367334e-08, 7.66493801763e-09, 2.95682434093e-09, 5.65793811802e-09, 3.12312664619e-08, 1.80484590828e-07, 6.35930206272e-08, 6.0104436983e-09, 1.9033568055e-09, 2.16096163186e-09, 1.08167952373e-09, 6.43002040501e-10, 8.97936058841e-10, 7.85696396832e-10, 4.85571249875e-10, 3.33546940068e-10, 3.46164041876e-10, 6.61875387831e-10, 2.06157854676e-10, 1.4137031823e-10, 9.73875841082e-11, 1.69673441963e-10, 1.47975437459e-10, 1.01759892179e-10, 8.29557741944e-11, 1.32174465817e-10, 3.69640984488e-11, 1.89312818893e-11, 2.4011449079e-11, 6.07750048204e-12, 6.03861578796e-12, 9.58135914358e-12, 4.97355325327e-12],
        "dvar2": [2.42503556365e-05, 0.000144610239659, 5.88267321291e-05, 3.17703666042e-06, 5.34811420039e-07, 1.46623492014e-07, 3.00442444257e-08, 4.39279652653e-08, 2.09070325496e-08, 6.90130486092e-09, 1.3765758311e-08, 7.85326434993e-08, 5.18024307894e-07, 1.75883414499e-07, 1.60168465158e-08, 4.13212308814e-09, 4.56446036523e-09, 2.4832802481e-09, 1.50662804455e-09, 1.84343007525e-09, 1.8103413213e-09, 9.71465463628e-10, 4.97863805737e-10, 7.05889957597e-10, 1.62147073546e-09, 4.55255694254e-10, 2.69627931093e-10, 2.05213013249e-10, 3.67134544987e-10, 3.53030493727e-10, 2.02337188671e-10, 1.50812209943e-10, 2.80768908123e-10, 7.89667498058e-11, 4.58890529742e-11, 5.87821527565e-11, 1.2917206367e-11, 1.51125813252e-11, 2.33008959349e-11, 1.25368274789e-11],
        "max": [0.0294275190681, 0.0563827306032, 0.041615139693, 0.0100796483457, 0.0042754043825, 0.00208879238926, 0.000916197197512, 0.00116309709847, 0.00107044470496, 0.000924222054891, 0.00110736209899, 0.0039149299264, 0.00381161249243, 0.00218445970677, 0.000952984206378, 0.000812200130895, 0.000916014367249, 0.000336426368449, 0.000283844361547, 0.000405893719289, 0.000288991170237, 0.000266082497546, 0.000238496868405, 0.000195525353774, 0.000274887715932, 0.000145003388752, 0.000114997164928, 0.000122227327665, 0.000129480045871, 0.000115774404549, 0.000101002740848, 9.37655931921e-05, 0.00013586015848, 6.44875326543e-05, 4.97618493682e-05, 4.49798208138e-05, 2.48287415161e-05, 2.49962522503e-05, 2.80020867649e-05, 2.21361715376e-05],
        "mean": [0.00341898249462, 0.00340335164219, 0.00198696693406, 0.000810893019661, 0.000459379487438, 0.000259844469838, 9.48567612795e-05, 6.2295650423e-05, 7.100757648e-05, 2.49912718573e-05, 2.86580816464e-05, 4.62891148345e-05, 4.59890470665e-05, 5.66058479308e-05, 3.98647971451e-05, 3.56377313437e-05, 2.9637125408e-05, 1.13897385745e-05, 6.56910424368e-06, 7.37940126783e-06, 7.37207437851e-06, 6.62188267597e-06, 6.45679756417e-06, 6.0998158915e-06, 5.69906478631e-06, 4.0660547711e-06, 3.40845849678e-06, 3.00688634525e-06, 3.91983394366e-06, 3.52245933755e-06, 3.17821309181e-06, 2.81077905129e-06, 3.12672909786e-06, 1.87794375961e-06, 1.35171887905e-06, 1.27582086407e-06, 8.35378045849e-07, 6.11255359217e-07, 6.60266039176e-07, 4.59852628865e-07],
        "median": [0.00202461145818, 0.00193791661877, 0.000641878112219, 0.000424174882937, 0.000257053034147, 0.000168083235621, 6.16140241618e-05, 3.49227011611e-05, 5.23610287928e-05, 2.35386301028e-06, 1.19095761875e-06, 5.52573737878e-07, 7.27359292796e-07, 2.10661255551e-06, 5.04686386193e-06, 2.8326253414e-06, 1.3053559087e-06, 2.71306180366e-06, 5.69404619455e-07, 2.83803501588e-07, 3.77117117978e-07, 1.09209707944e-07, 2.73543321327e-07, 2.93225951964e-07, 1.22712577877e-07, 1.18620796741e-07, 6.18936866204e-08, 7.68478614077e-08, 9.03827270804e-08, 6.40473487579e-08, 6.26196694498e-08, 6.00691407726e-08, 5.68511744348e-08, 5.1778823007e-08, 4.28358255533e-08, 2.99259674819e-08, 2.61911967669e-08, 1.51259591519e-08, 9.59915613663e-09, 8.91206486386e-09],
        "min": [2.5729115805e-05, 1.22281089716e-05, 1.39632277296e-06, 8.19965009669e-07, 1.43488023241e-06, 2.20402080231e-06, 1.83747670235e-06, 1.93645610125e-06, 1.75924142809e-07, 1.75156920079e-08, 1.49655914328e-08, 4.56068427468e-09, 5.31574650964e-09, 2.29466703416e-08, 4.44245316089e-08, 2.43524294063e-08, 5.40972378005e-09, 3.40932544418e-08, 3.21124637992e-08, 7.86225395899e-09, 9.8953965022e-09, 1.74716097145e-09, 9.91969884012e-09, 2.81186740558e-09, 7.47487016728e-10, 6.7158906214e-10, 4.21832874187e-10, 6.14720052639e-10, 5.60383905945e-10, 4.78262041081e-10, 3.60763835472e-10, 3.03699343451e-10, 9.17585660232e-11, 3.14229975373e-10, 2.68276595383e-10, 1.92705393309e-10, 1.43719758317e-10, 1.5112106011e-10, 7.41952194128e-11, 1.31099254716e-11],
