{
"highlevel": {
    "danceability": {
        "all": {
            "danceable": 0.608411192894,
            "not_danceable": 0.391588777304
        },
        "probability": 0.608411192894,
        "value": "danceable"
    },
    "gender": {
        "all": {
            "female": 0.0728686377406,
            "male": 0.927131354809
        },
        "probability": 0.927131354809,
        "value": "male"
    },
    "genre_dortmund": {
        "all": {
            "alternative": 0.221242398024,
            "blues": 0.041617307812,
            "electronic": 0.0367945581675,
            "folkcountry": 0.0442947223783,
            "funksoulrnb": 0.00404351577163,
            "jazz": 0.0106430817395,
            "pop": 0.0226404573768,
            "raphiphop": 0.00821057148278,
            "rock": 0.610513389111
        },
        "probability": 0.610513389111,
        "value": "rock"
    },
    "genre_electronic": {
        "all": {
            "ambient": 0.430137276649,
            "dnb": 0.130784362555,
            "house": 0.056933529675,
            "techno": 0.018554719165,
            "trance": 0.363590121269
        },
        "probability": 0.430137276649,
        "value": "ambient"
    },
    "genre_rosamerica": {
        "all": {
            "cla": 0.00601231819019,
            "dan": 0.00703846709803,
            "hip": 0.00465279398486,
            "jaz": 0.00311144161969,
            "pop": 0.0714916586876,
            "rhy": 0.00760384975001,
            "roc": 0.897870898247,
            "spe": 0.00221854564734
        },
        "probability": 0.897870898247,
        "value": "roc"
    },
    "genre_tzanetakis": {
        "all": {
            "blu": 0.0626613423228,
            "cla": 0.0348169617355,
            "cou": 0.104475811124,
            "dis": 0.0784321576357,
            "hip": 0.15692435205,
            "jaz": 0.313974827528,
            "met": 0.0448166541755,
            "pop": 0.0627359300852,
            "reg": 0.0627360641956,
            "roc": 0.0784258767962
        },
        "probability": 0.313974827528,
        "value": "jaz"
    },
    "ismir04_rhythm": {
        "all": {
            "ChaChaCha": 0.210584938526,
            "Jive": 0.342047274113,
            "Quickstep": 0.0486062951386,
            "Rumba-American": 0.0125153949484,
            "Rumba-International": 0.0129468590021,
            "Rumba-Misc": 0.00963674392551,
            "Samba": 0.150914222002,
            "Tango": 0.103308089077,
            "VienneseWaltz": 0.0968209207058,
            "Waltz": 0.0126192448661
        },
        "probability": 0.342047274113,
        "value": "Jive"
    },
    "mood_acoustic": {
        "all": {
            "acoustic": 0.0459273904562,
            "not_acoustic": 0.954072594643
        },
        "probability": 0.954072594643,
        "value": "not_acoustic"
    },
    "mood_aggressive": {
        "all": {
            "aggressive": 0.979757666588,
            "not_aggressive": 0.0202423390001
        },
        "probability": 0.979757666588,
        "value": "aggressive"
    },
    "mood_electronic": {
        "all": {
            "electronic": 0.207877278328,
            "not_electronic": 0.792122721672
        },
        "probability": 0.792122721672,
        "value": "not_electronic"
    },
    "mood_happy": {
        "all": {
            "happy": 0.69895529747,
            "not_happy": 0.30104470253
        },
        "probability": 0.69895529747,
        "value": "happy"
    },
    "mood_party": {
        "all": {
            "not_party": 0.436223059893,
            "party": 0.56377696991
        },
        "probability": 0.56377696991,
        "value": "party"
    },
    "mood_relaxed": {
        "all": {
            "not_relaxed": 0.935565650463,
            "relaxed": 0.0644343718886
        },
        "probability": 0.935565650463,
        "value": "not_relaxed"
    },
    "mood_sad": {
        "all": {
            "not_sad": 0.77628070116,
            "sad": 0.223719269037
        },
        "probability": 0.77628070116,
        "value": "not_sad"
    },
    "moods_mirex": {
        "all": {
            "Cluster1": 0.423637121916,
            "Cluster2": 0.164863318205,
            "Cluster3": 0.105306364596,
            "Cluster4": 0.0975957214832,
            "Cluster5": 0.208597481251
        },
        "probability": 0.423637121916,
        "value": "Cluster1"
    },
    "timbre": {
        "all": {
            "bright": 0.420846998692,
            "dark": 0.579153001308
        },
        "probability": 0.579153001308,
        "value": "dark"
    },
    "tonal_atonal": {
        "all": {
            "atonal": 0.0300616193563,
            "tonal": 0.969938397408
        },
        "probability": 0.969938397408,
        "value": "tonal"
    },
    "voice_instrumental": {
        "all": {
            "instrumental": 0.000203786519705,
            "voice": 0.99979621172
        },
        "probability": 0.99979621172,
        "value": "voice"
    }
},
"lowlevel": {
    "average_loudness": 0.958813428879,
    "barkbands_crest": {
        "dmean": 2.86423182487,
        "dmean2": 4.81506490707,
        "dvar": 7.36336135864,
        "dvar2": 20.0571956635,
        "max": 22.7426261902,
        "mean": 8.46799278259,
        "median": 7.60894441605,
        "min": 2.60732555389,
        "var": 14.3986349106
    },
    "barkbands_flatness_db": {
        "dmean": 0.0219274535775,
        "dmean2": 0.0358732007444,
        "dvar": 0.000428915023804,
        "dvar2": 0.00116402248386,
        "max": 0.247985899448,
        "mean": 0.131276354194,
        "median": 0.128816589713,
        "min": 0.0580848678946,
        "var": 0.00112246908247
    },
    "barkbands_kurtosis": {
        "dmean": 1.60562694073,
        "dmean2": 2.72258353233,
        "dvar": 6.41953802109,
        "dvar2": 17.1619415283,
        "max": 26.3720855713,
        "mean": 0.899338185787,
        "median": 0.0312416553497,
        "min": -1.78374528885,
        "var": 7.49979019165
    },
    "barkbands_skewness": {
        "dmean": 0.528784692287,
        "dmean2": 0.854624867439,
        "dvar": 0.327443093061,
        "dvar2": 0.844885766506,
        "max": 4.86750984192,
        "mean": 0.919165313244,
        "median": 0.825481951237,
        "min": -0.772921442986,
        "var": 0.571446537971
    },
    "barkbands_spread": {
        "dmean": 6.01698112488,
        "dmean2": 9.36937332153,
        "dvar": 37.6250648499,
        "dvar2": 88.257194519,
        "max": 86.622428894,
        "mean": 26.9903831482,
        "median": 25.3410434723,
        "min": 3.52207016945,
        "var": 155.492721558
    },
    "dissonance": {
        "dmean": 0.0154527537525,
        "dmean2": 0.0261205565184,
        "dvar": 0.000202798575629,
        "dvar2": 0.000560461834539,
        "max": 0.499999970198,
        "mean": 0.472458332777,
        "median": 0.478397637606,
        "min": 0.368994355202,
        "var": 0.000466576777399
    },
    "dynamic_complexity": 1.50863683224,
    "erbbands_crest": {
        "dmean": 2.54532623291,
        "dmean2": 4.01891422272,
        "dvar": 5.83702039719,
        "dvar2": 13.8555259705,
        "max": 28.239238739,
        "mean": 8.83290195465,
        "median": 7.61041355133,
        "min": 2.44938278198,
        "var": 21.2891082764
    },
    "erbbands_flatness_db": {
        "dmean": 0.0177831538022,
        "dmean2": 0.0242869686335,
        "dvar": 0.00026803323999,
        "dvar2": 0.000489022175316,
        "max": 0.278532862663,
        "mean": 0.167307451367,
        "median": 0.170148581266,
        "min": 0.080891944468,
        "var": 0.00141373684164
    },
    "erbbands_kurtosis": {
        "dmean": 0.696070373058,
        "dmean2": 1.08947825432,
        "dvar": 0.657386541367,
        "dvar2": 1.47036683559,
        "max": 10.3432197571,
        "mean": 0.334590256214,
        "median": 0.00963354110718,
        "min": -1.43406140804,
        "var": 1.84796857834
    },
    "erbbands_skewness": {
        "dmean": 0.304592698812,
        "dmean2": 0.466554522514,
        "dvar": 0.0720083788037,
        "dvar2": 0.159161046147,
        "max": 2.8569278717,
        "mean": 0.047313708812,
        "median": -0.0405839122832,
        "min": -1.88119864464,
        "var": 0.466174483299
    },
    "erbbands_spread": {
        "dmean": 6.97669315338,
        "dmean2": 10.7863740921,
        "dvar": 46.770149231,
        "dvar2": 108.019500732,
        "max": 73.9991989136,
        "mean": 32.6042671204,
        "median": 30.2889957428,
        "min": 7.92129468918,
        "var": 174.432952881
    },
    "hfc": {
        "dmean": 7.09421920776,
        "dmean2": 9.93499660492,
        "dvar": 60.8361053467,
        "dvar2": 119.861625671,
        "max": 96.5585403442,
        "mean": 27.482257843,
        "median": 24.424829483,
        "min": 3.008644104,
        "var": 234.105621338
    },
    "melbands_crest": {
        "dmean": 3.45933437347,
        "dmean2": 5.68696165085,
        "dvar": 9.25495815277,
        "dvar2": 23.3782329559,
        "max": 26.1361637115,
        "mean": 11.9107036591,
        "median": 11.3204059601,
        "min": 3.6385538578,
        "var": 16.5161399841
    },
    "melbands_flatness_db": {
        "dmean": 0.0296898353845,
        "dmean2": 0.0470830872655,
        "dvar": 0.00078779400792,
        "dvar2": 0.00215534586459,
        "max": 0.332587122917,
        "mean": 0.169753372669,
        "median": 0.166523203254,
        "min": 0.031868968159,
        "var": 0.00195231020916
    },
    "melbands_kurtosis": {
        "dmean": 4.94483232498,
        "dmean2": 8.4178276062,
        "dvar": 71.2882461548,
        "dvar2": 193.06942749,
        "max": 83.0029907227,
        "mean": 5.76637125015,
        "median": 3.33337831497,
        "min": -1.52646589279,
        "var": 66.2477493286
    },
    "melbands_skewness": {
        "dmean": 0.777552604675,
        "dmean2": 1.25864768028,
        "dvar": 0.818251013756,
        "dvar2": 2.11971187592,
        "max": 7.86718273163,
        "mean": 1.88391947746,
        "median": 1.66614258289,
        "min": -0.407490730286,
        "var": 1.35521757603
    },
    "melbands_spread": {
        "dmean": 9.23889064789,
        "dmean2": 14.800822258,
        "dvar": 99.3006591797,
        "dvar2": 231.713378906,
        "max": 145.474945068,
        "mean": 30.7135391235,
        "median": 28.4208240509,
        "min": 3.9662759304,
        "var": 257.748901367
    },
    "pitch_salience": {
        "dmean": 0.0760212317109,
        "dmean2": 0.126771405339,
        "dvar": 0.00495055504143,
        "dvar2": 0.0133858555928,
        "max": 0.796812236309,
        "mean": 0.554474174976,
        "median": 0.559084296227,
        "min": 0.243643507361,
        "var": 0.00932557601482
    },
    "silence_rate_20dB": {
        "dmean": 0,
        "dmean2": 0,
        "dvar": 0,
        "dvar2": 0,
        "max": 1,
        "mean": 1,
        "median": 1,
        "min": 1,
        "var": 0
    },
    "silence_rate_30dB": {
        "dmean": 0.00154798757285,
        "dmean2": 0.00309837330133,
        "dvar": 0.00154558604117,
        "dvar2": 0.00463793240488,
        "max": 1,
        "mean": 0.999226629734,
        "median": 1,
        "min": 0,
        "var": 0.000772796163801
    },
    "silence_rate_60dB": {
        "dmean": 0,
        "dmean2": 0,
        "dvar": 0,
        "dvar2": 0,
        "max": 0,
        "mean": 0,
        "median": 0,
        "min": 0,
        "var": 0
    },
    "spectral_centroid": {
        "dmean": 241.154006958,
        "dmean2": 375.440032959,
        "dvar": 51702.5195312,
        "dvar2": 115514.296875,
        "max": 3679.32739258,
        "mean": 1590.6373291,
        "median": 1553.39624023,
        "min": 520.379272461,
        "var": 259372.890625
    },
    "spectral_complexity": {
        "dmean": 4.64783287048,
        "dmean2": 6.64756011963,
        "dvar": 19.6785812378,
        "dvar2": 35.9741096497,
        "max": 54,
        "mean": 27.9450893402,
        "median": 27,
        "min": 7,
        "var": 65.0216522217
    },
    "spectral_decrease": {
        "dmean": 4.17073664494e-09,
        "dmean2": 6.82158729504e-09,
        "dvar": 3.80688932714e-17,
        "dvar2": 9.87567227558e-17,
        "max": -7.32010951854e-10,
        "mean": -8.53562287517e-09,
        "median": -6.68942856663e-09,
        "min": -4.19298409327e-08,
        "var": 3.74177863241e-17
    },
    "spectral_energy": {
        "dmean": 0.0161929167807,
        "dmean2": 0.0262995604426,
        "dvar": 0.000555856793653,
        "dvar2": 0.00143401930109,
        "max": 0.16186106205,
        "mean": 0.0347080938518,
        "median": 0.027406366542,
        "min": 0.00303567154333,
        "var": 0.000566342205275
    },
    "spectral_energyband_high": {
        "dmean": 0.000434443063568,
        "dmean2": 0.000554536469281,
        "dvar": 4.46587648639e-07,
        "dvar2": 6.73844283483e-07,
        "max": 0.0117715811357,
        "mean": 0.00107714242768,
        "median": 0.00046163375373,
        "min": 1.14333288366e-05,
        "var": 2.60456386059e-06
    },
    "spectral_energyband_low": {
        "dmean": 0.0132663408294,
        "dmean2": 0.0230499394238,
        "dvar": 0.000537362473551,
        "dvar2": 0.00143231311813,
        "max": 0.147117316723,
        "mean": 0.0135726649314,
        "median": 0.00710128154606,
        "min": 0.000311795301968,
        "var": 0.000398005620809
    },
    "spectral_energyband_middle_high": {
        "dmean": 0.00255112885498,
        "dmean2": 0.00394258322194,
        "dvar": 7.6221335803e-06,
        "dvar2": 1.77510264621e-05,
        "max": 0.0347717069089,
        "mean": 0.0083484435454,
        "median": 0.00738121336326,
        "min": 0.000554841128178,
        "var": 2.30534969887e-05
    },
    "spectral_energyband_middle_low": {
        "dmean": 0.00468390295282,
        "dmean2": 0.00766531936824,
        "dvar": 3.37397941621e-05,
        "dvar2": 8.89097282197e-05,
        "max": 0.0680135861039,
        "mean": 0.0132867824286,
        "median": 0.0100282514468,
        "min": 0.000715416157618,
        "var": 0.000107683372335
    },
    "spectral_entropy": {
        "dmean": 0.12258246541,
        "dmean2": 0.169404253364,
        "dvar": 0.0136798396707,
        "dvar2": 0.0242995023727,
        "max": 8.49950504303,
        "mean": 7.68283176422,
        "median": 7.6703453064,
        "min": 6.51199436188,
        "var": 0.0853723660111
    },
    "spectral_flux": {
        "dmean": 0.0353999584913,
        "dmean2": 0.053464487195,
        "dvar": 0.00187730847392,
        "dvar2": 0.00320723326877,
        "max": 0.356576710939,
        "mean": 0.109242521226,
        "median": 0.0888819023967,
        "min": 0.0285598058254,
        "var": 0.00340566062368
    },
    "spectral_kurtosis": {
        "dmean": 1.6201685667,
        "dmean2": 2.75238060951,
        "dvar": 2.52436900139,
        "dvar2": 7.51673078537,
        "max": 15.1537475586,
        "mean": 3.86595726013,
        "median": 3.48201751709,
        "min": -0.46741271019,
        "var": 5.32181072235
    },
    "spectral_rms": {
        "dmean": 0.00119698548224,
        "dmean2": 0.00186014908832,
        "dvar": 2.11416613638e-06,
        "dvar2": 5.20870753462e-06,
        "max": 0.0125663531944,
        "mean": 0.00556504167616,
        "median": 0.00517087196931,
        "min": 0.00172093894798,
        "var": 2.89191211778e-06
    },
    "spectral_rolloff": {
        "dmean": 532.330322266,
        "dmean2": 873.320861816,
        "dvar": 480339.71875,
        "dvar2": 986783.625,
        "max": 8807.08007812,
        "mean": 1685.26794434,
        "median": 1464.2578125,
        "min": 107.666015625,
        "var": 1346565.25
    },
    "spectral_skewness": {
        "dmean": 0.222116738558,
        "dmean2": 0.358261704445,
        "dvar": 0.0382124558091,
        "dvar2": 0.0983326807618,
        "max": 2.76306939125,
        "mean": 1.30288803577,
        "median": 1.28688490391,
        "min": 0.272371888161,
        "var": 0.140848457813
    },
    "spectral_spread": {
        "dmean": 413958.59375,
        "dmean2": 573455.0625,
        "dvar": 199716782080,
        "dvar2": 369385406464,
        "max": 8625281,
        "mean": 3780707,
        "median": 3550768.5,
        "min": 2009604.625,
        "var": 1.06674893619e+12
    },
    "spectral_strongpeak": {
        "dmean": 0.687294661999,
        "dmean2": 1.16662931442,
        "dvar": 0.91276460886,
        "dvar2": 2.13924884796,
        "max": 7.50559520721,
        "mean": 1.19243133068,
        "median": 0.413759469986,
        "min": 0,
        "var": 2.04587101936
    },
    "zerocrossingrate": {
        "dmean": 0.00912088248879,
        "dmean2": 0.0110205570236,
        "dvar": 0.000103326361568,
        "dvar2": 0.000117689050967,
        "max": 0.25634765625,
        "mean": 0.063836067915,
        "median": 0.05908203125,
        "min": 0.01904296875,
        "var": 0.000754214765038
    },
    "barkbands": {
        "dmean": [0.000317281694151, 0.00846479739994, 0.00453334208578, 0.00199973932467, 0.00148356426507, 0.000711969158147, 0.000792637991253, 0.00109391112346, 0.00137925241143, 0.000501594797242, 0.000396814051783, 0.00089567824034, 0.000725812802557, 0.000515532970894, 0.000418471288867, 0.000455084606074, 0.000334126438247, 0.000276278995443, 0.000219506691792, 0.000155090208864, 0.000140737218317, 0.00011828757124, 0.000104542232293, 6.45001346129e-05, 3.6218760215e-05, 1.61681182362e-05, 3.12660408675e-09],
        "dmean2": [0.00048897031229, 0.0150525737554, 0.00810913741589, 0.00353423203342, 0.00251553603448, 0.00111196481157, 0.0011645166669, 0.00165958539583, 0.00214799470268, 0.000789696641732, 0.0006347821909, 0.00135962548666, 0.00118859182112, 0.000814787810668, 0.000695330265444, 0.000734983943403, 0.000550656346604, 0.000440116913524, 0.000356949109118, 0.0002403826511, 0.000214145664359, 0.000162199765327, 0.000148369217641, 9.38829543884e-05, 5.19114328199e-05, 2.55464310612e-05, 5.88285153924e-09],
        "dvar": [2.64785683157e-07, 0.000249186850851, 7.74622458266e-05, 1.06247434815e-05, 4.66082019557e-06, 1.58675288731e-06, 2.7497778774e-06, 5.79285006097e-06, 6.59557827021e-06, 9.17066131478e-07, 4.89378976454e-07, 1.90345110695e-06, 1.53628525368e-06, 7.50702383812e-07, 3.49404558619e-07, 3.70035309061e-07, 2.54631544294e-07, 1.51621563305e-07, 7.51267066335e-08, 4.30839257604e-08, 5.1479240426e-08, 3.35133805152e-08, 5.45572866884e-08, 4.83263242756e-08, 8.67144311911e-09, 1.72449754476e-09, 1.47968992884e-16],
        "dvar2": [6.13940358107e-07, 0.000676492811181, 0.000214889150811, 2.95120753435e-05, 1.27472076201e-05, 3.64461084246e-06, 4.80266908198e-06, 1.22901583381e-05, 1.46659958773e-05, 2.10406710721e-06, 1.23260849705e-06, 4.19297793997e-06, 3.64464972336e-06, 1.69136478689e-06, 9.63204684012e-07, 9.68928475231e-07, 5.98641065608e-07, 3.55905541483e-07, 1.93250002667e-07, 9.84787149605e-08, 1.22261170077e-07, 5.68537572576e-08, 1.06996047577e-07, 9.20762062151e-08, 1.61839892598e-08, 3.92814891725e-09, 4.3480554346e-16],
        "max": [0.00474780006334, 0.0991014242172, 0.0763294994831, 0.0279982425272, 0.0213385298848, 0.0208944305778, 0.0362027846277, 0.0563403218985, 0.0485198572278, 0.0283548310399, 0.00860914867371, 0.0201510917395, 0.0214991010725, 0.0111839771271, 0.00628571119159, 0.00784314516932, 0.00652520125732, 0.00511218095198, 0.00316881714389, 0.00280200969428, 0.00539411557838, 0.00347547978163, 0.00596771528944, 0.00449803844094, 0.00204519950785, 0.000715495436452, 1.91035809394e-07],
        "mean": [0.000351943221176, 0.00762037327513, 0.00411328114569, 0.00237833848223, 0.00255518290214, 0.00133701588493, 0.00152578786947, 0.00268923863769, 0.00258118193597, 0.000932214956265, 0.000640813668724, 0.00170768459793, 0.00116698071361, 0.000824424438179, 0.000680529919919, 0.000820465618744, 0.000579605635721, 0.000524086121004, 0.000454629160231, 0.000302261090837, 0.000277079030639, 0.000250922399573, 0.000204132171348, 0.00011379213538, 5.95079472987e-05, 1.66753816302e-05, 2.07032990751e-09],
        "median": [9.11667520995e-05, 0.00334911514074, 0.00194214028306, 0.00148251303472, 0.00161548447795, 0.000663477752823, 0.000676996656694, 0.000545396644156, 0.00092390133068, 0.000544795184396, 0.000270399264991, 0.000861502543557, 0.000527667405549, 0.000410276930779, 0.00046096497681, 0.000598249200266, 0.000394781935029, 0.000387024629163, 0.000367621134501, 0.000200750990189, 0.000137299284688, 8.25776951388e-05, 5.5551121477e-05, 2.66853421635e-05, 1.57902031788e-05, 2.11426345231e-06, 5.39210176509e-10],
        "min": [1.23612423408e-07, 4.62422121927e-06, 3.43503561453e-05, 9.33032424655e-06, 2.90588195639e-05, 2.62114554062e-05, 1.75275035872e-05, 1.17121144285e-05, 9.54439929046e-06, 2.04984717129e-05, 3.25264250023e-06, 1.64088905876e-05, 7.01511316947e-06, 1.39664352901e-05, 1.77899910341e-05, 3.86515566788e-05, 2.14425654121e-05, 1.39906451295e-05, 1.8337081201e-05, 4.51994264949e-06, 4.56646193925e-06, 5.96823952037e-07, 2.36730485881e-07, 4.31461550932e-08, 4.28592890345e-11, 1.26273271353e-11, 1.21183167667e-11],
        "var": [3.22919163409e-07, 0.000172298954567, 5.11416219524e-05, 9.19596095628e-06, 7.81055950938e-06, 3.26806775774e-06, 8.59569445311e-06, 4.73782420158e-05, 2.73851910606e-05, 2.81402844848e-06, 1.09253244318e-06, 5.20326148035e-06, 4.16484317611e-06, 1.42481724197e-06, 5.19542425081e-07, 5.76775335048e-07, 3.57541551921e-07, 2.62450356558e-07, 1.29661671622e-07, 9.45373699324e-08, 1.45578468391e-07, 1.60590204246e-07, 1.9330575185e-07, 1.26812182089e-07, 2.46350957411e-08, 2.1441142195e-09, 8.05704886269e-17]
    },
    "erbbands": {
        "dmean": [0.205014958978, 2.07753610611, 4.95250749588, 6.65951013565, 4.38035726547, 6.05611371994, 5.18359851837, 7.01600885391, 7.78608989716, 19.2287521362, 24.4173202515, 31.7147045135, 19.8427848816, 15.6616516113, 21.8661117554, 28.2923812866, 31.3425350189, 26.9331455231, 18.5276050568, 23.5804271698, 26.0609664917, 17.9040241241, 13.4819612503, 13.4735088348, 8.70351219177, 7.42235040665, 6.22492933273, 5.41748285294, 4.27396678925, 4.47038650513, 2.53104758263, 1.4759196043, 1.02166879177, 0.491203904152, 0.221372574568, 0.0965183377266, 0.0263589285314, 0.00186391570605, 4.09111016779e-05, 1.89927632164e-05],
        "dmean2": [0.350073575974, 3.76753950119, 8.91609477997, 11.5961027145, 7.55331897736, 10.161318779, 8.53926467896, 10.9340524673, 12.2477664948, 28.305803299, 36.7566413879, 49.5509338379, 30.4453372955, 24.3628292084, 33.3637504578, 43.5399932861, 51.6193885803, 41.8563232422, 29.6026496887, 39.1293258667, 42.1858978271, 29.5118026733, 20.8253631592, 21.6329975128, 13.8235836029, 11.4832839966, 9.3543806076, 8.06806468964, 6.02707052231, 6.3007068634, 3.5073223114, 2.11004853249, 1.53189074993, 0.741267979145, 0.315579324961, 0.149150297046, 0.0429222658277, 0.00305942352861, 6.20139981038e-05, 2.94801575365e-05],
        "dvar": [0.136900261045, 15.6063318253, 97.9306030273, 119.260604858, 49.9253044128, 89.4182128906, 80.0721969604, 161.057601929, 228.548706055, 1710.6060791, 2400.79711914, 4555.828125, 1103.02185059, 1149.50195312, 992.020690918, 1607.60046387, 2890.74072266, 2324.71923828, 956.927734375, 1139.84033203, 1375.65063477, 796.661499023, 372.513000488, 276.747955322, 158.319412231, 102.668052673, 123.298362732, 72.7953796387, 47.6081390381, 94.8385925293, 27.5236549377, 17.9166088104, 15.7643184662, 2.17443990707, 0.265353500843, 0.0602962225676, 0.00436176545918, 1.98906691367e-05, 7.26485360758e-09, 6.6459587833e-10],
        "dvar2": [0.363081932068, 42.9376602173, 271.800079346, 323.275939941, 138.97895813, 236.753189087, 203.555023193, 372.650756836, 479.422729492, 3210.23095703, 5187.62451172, 10001.5341797, 2339.81054688, 2264.5546875, 2316.67626953, 3803.65185547, 7117.41894531, 5363.01367188, 1926.74645996, 3061.68334961, 3577.55078125, 1962.76477051, 817.688049316, 686.095275879, 399.114807129, 243.613861084, 303.966003418, 171.254013062, 89.376625061, 177.393005371, 57.9195632935, 34.0123405457, 34.3726654053, 4.05677127838, 0.503935515881, 0.134602546692, 0.0100340712816, 4.54082255601e-05, 1.56983031019e-08, 1.63037261469e-09],
        "max": [3.00370836258, 26.2076015472, 68.0383605957, 98.155670166, 87.8185958862, 95.6768569946, 123.055587769, 248.643478394, 247.782653809, 701.122314453, 1130.29602051, 1134.36120605, 484.661407471, 1236.43261719, 389.937957764, 494.843078613, 933.726623535, 643.024291992, 582.389587402, 404.926544189, 445.418212891, 438.418487549, 284.449432373, 177.244522095, 193.489105225, 141.205963135, 291.530700684, 112.083969116, 127.549613953, 247.293762207, 105.995735168, 93.4986801147, 81.5091323853, 34.0233955383, 9.77305412292, 4.436419487, 1.12965488434, 0.0632439777255, 0.00137416843791, 0.000181757975952],
        "mean": [0.201744422317, 1.76915931702, 4.41956758499, 7.5243806839, 6.73671388626, 9.56521320343, 8.52512550354, 13.1206102371, 14.8125286102, 43.1688232422, 56.9701042175, 57.8140602112, 39.8016204834, 29.7239246368, 44.8278388977, 57.4515647888, 54.8218345642, 45.992023468, 32.7512741089, 41.8245010376, 46.8204231262, 33.0496559143, 28.3421783447, 28.1831626892, 19.0792388916, 14.1574430466, 12.2605075836, 10.320939064, 8.96347045898, 8.55733203888, 4.95395946503, 2.75443792343, 1.67604708672, 0.826805055141, 0.34570941329, 0.106327362359, 0.026339776814, 0.00184853188694, 6.03141343163e-05, 4.48053615401e-05],
        "median": [0.0998853743076, 0.744830965996, 2.0125746727, 4.50380992889, 4.89592599869, 5.02560091019, 5.27805614471, 6.20544099808, 9.15742206573, 11.849275589, 15.8679943085, 21.4441318512, 21.356754303, 18.6585903168, 26.100944519, 34.1116485596, 27.6651611328, 22.8050346375, 22.0863571167, 27.5006599426, 32.0793685913, 23.4684123993, 21.1429004669, 22.6558456421, 15.2854852676, 9.52225589752, 6.76615381241, 4.74741411209, 2.95981836319, 2.44402265549, 1.36843788624, 0.695895791054, 0.371925741434, 0.220623582602, 0.0828037410975, 0.0161820407957, 0.00270723528229, 0.000160434792633, 2.47741572821e-05, 3.59151636076e-05],
        "min": [0.000180089395144, 0.00647330610082, 0.0550596006215, 0.0611826404929, 0.0838676989079, 0.0717715024948, 0.156271755695, 0.188369780779, 0.273257791996, 0.494639217854, 0.473431944847, 0.336316019297, 0.75978153944, 1.03583717346, 1.6239798069, 0.833710372448, 0.746514201164, 0.547453701496, 0.832938909531, 1.41172552109, 1.55186128616, 1.62656807899, 0.856314182281, 0.946671724319, 0.976904690266, 0.519882023335, 0.304746955633, 0.110699772835, 0.0232576988637, 0.00862468034029, 0.00594270182773, 0.00225370330736, 0.000706118065864, 6.2381666794e-05, 2.49133699981e-05, 1.35410591611e-05, 6.01270585321e-06, 8.84283792857e-07, 2.21135587708e-06, 3.77129981644e-06],
        "var": [0.106018021703, 10.2279291153, 62.5761299133, 99.2684020996, 51.0452308655, 158.81362915, 127.06022644, 331.111480713, 484.059448242, 6847.40380859, 17726.7636719, 16340.2958984, 3522.52978516, 3151.58032227, 2834.79858398, 4427.74609375, 7435.98242188, 4719.11621094, 1913.59313965, 1870.27380371, 2163.8203125, 1063.64794922, 755.704406738, 486.796508789, 256.497131348, 200.159805298, 310.828460693, 182.515808105, 198.657302856, 311.658538818, 101.600227356, 53.4078865051, 34.6240959167, 6.11259841919, 0.662115514278, 0.0775440186262, 0.00563853885978, 2.72087963822e-05, 1.16459979438e-08, 8.48223380423e-10]
    },
    "gfcc": {
        "mean": [29.7836608887, 110.534461975, -143.748901367, 46.5959281921, -56.8318481445, 21.1847610474, -31.1106491089, 9.68544578552, -17.5141296387, -2.56538653374, -11.6835813522, -5.61285829544, -8.54593276978],
        "cov": [[1455.4050293, -835.090820312, 477.231719971, -14.9709386826, -118.078582764, 185.034454346, -143.067230225, 156.622695923, -185.22467041, 206.210159302, -222.140823364, 177.407699585, -163.228118896], [-835.090820312, 945.166809082, -368.32333374, -66.5611038208, 176.807922363, -211.952423096, 178.643081665, -118.635749817, 168.764480591, -141.511993408, 189.457824707, -152.478302002, 111.153610229], [477.231719971, -368.32333374, 497.787109375, 13.5537672043, -22.9776153564, 78.9969940186, -111.426872253, 85.9430465698, -95.3346710205, 138.962524414, -111.783691406, 119.195457458, -83.6552963257], [-14.9709386826, -66.5611038208, 13.5537672043, 350.155639648, 18.082983017, 63.3162384033, 0.514648079872, -39.8644828796, 70.7543182373, -54.8711166382, 24.4986915588, -31.5191230774, 65.4409408569], [-118.078582764, 176.807922363, -22.9776153564, 18.082983017, 229.805725098, -7.20558595657, 60.4828529358, 11.7897291183, 18.2071399689, 1.66304385662, 29.8124027252, 4.21136856079, 11.8009309769], [185.034454346, -211.952423096, 78.9969940186, 63.3162384033, -7.20558595657, 160.676696777, -2.50720453262, 31.7577190399, -39.3109550476, 1.3890298605, -20.9732437134, 18.8784141541, -8.90590572357], [-143.067230225, 178.643081665, -111.426872253, 0.514648079872, 60.4828529358, -2.50720453262, 161.277359009, -2.84552192688, 43.7320022583, -44.0835037231, 51.310874939, -27.0787258148, 2.06842947006], [156.622695923, -118.635749817, 85.9430465698, -39.8644828796, 11.7897291183, 31.7577190399, -2.84552192688, 110.072753906, -19.9617710114, 49.6641273499, -29.8965759277, 28.4251441956, -24.7721328735], [-185.22467041, 168.764480591, -95.3346710205, 70.7543182373, 18.2071399689, -39.3109550476, 43.7320022583, -19.9617710114, 134.520339966, -21.5701732635, 52.0471115112, -54.1066970825, 33.1011199951], [206.210159302, -141.511993408, 138.962524414, -54.8711166382, 1.66304385662, 1.3890298605, -44.0835037231, 49.6641273499, -21.5701732635, 125.350532532, -30.7840652466, 56.1099510193, -37.7636833191], [-222.140823364, 189.457824707, -111.783691406, 24.4986915588, 29.8124027252, -20.9732437134, 51.310874939, -29.8965759277, 52.0471115112, -30.7840652466, 112.405158997, -25.316400528, 42.7249183655], [177.407699585, -152.478302002, 119.195457458, -31.5191230774, 4.21136856079, 18.8784141541, -27.0787258148, 28.4251441956, -54.1066970825, 56.1099510193, -25.316400528, 108.28792572, -22.2771263123], [-163.228118896, 111.153610229, -83.6552963257, 65.4409408569, 11.8009309769, -8.90590572357, 2.06842947006, -24.7721328735, 33.1011199951, -37.7636833191, 42.7249183655, -22.2771263123, 89.7400512695]],
        "icov": [[0.0018021230353, 0.00048531909124, -6.31368457107e-05, -0.000492318649776, 0.000397314783186, -0.000629117887001, -0.000216159329284, -0.000537087791599, 0.000587626360357, -0.0013841415057, 0.00129440892488, -0.00061132630799, 0.00115172110964], [0.00048531909124, 0.00749817444012, -0.00228140503168, 0.00402248371392, -0.0041643041186, 0.00574732664973, -0.00350661342964, 0.00327822333202, -0.00275349989533, 0.00384309701622, -0.00467734178528, 0.00534233124927, -0.00517499493435], [-6.31368457107e-05, -0.00228140503168, 0.00574122136459, -0.00291920546442, 0.00123438204173, -0.0024929579813, 0.00258927908726, -0.00223227660172, 0.00182720192242, -0.00418670102954, 0.0029867363628, -0.0040022325702, 0.00425476627424], [-0.000492318649776, 0.00402248371392, -0.00291920546442, 0.00771932909265, -0.0030410354957, 0.000878796738107, -0.00142600107938, 0.00391448708251, -0.00541516207159, 0.0049390103668, -0.00260423007421, 0.00330226286314, -0.00649224128574], [0.000397314783186, -0.0041643041186, 0.00123438204173, -0.0030410354957, 0.00767413992435, -0.00295832194388, -0.000223314287723, -0.00279509765096, 0.00227856682613, -0.00360614084639, 0.00257062469609, -0.00370429595932, 0.00267839152366], [-0.000629117887001, 0.00574732664973, -0.0024929579813, 0.000878796738107, -0.00295832194388, 0.0139805050567, -0.00390446046367, 7.6356518548e-05, 0.00114744843449, 0.00465008476749, -0.00494339037687, 0.00494337361306, -0.00422602845356], [-0.000216159329284, -0.00350661342964, 0.00258927908726, -0.00142600107938, -0.000223314287723, -0.00390446046367, 0.012074412778, -0.00338605232537, -0.00128840492107, 0.0016881438205, -0.000974735594355, -0.00364425731823, 0.00657769897953], [-0.000537087791599, 0.00327822333202, -0.00223227660172, 0.00391448708251, -0.00279509765096, 7.6356518548e-05, -0.00338605232537, 0.0151555789635, -0.00271974131465, -0.00142488267738, -0.000259482767433, 0.00283710984513, -0.00410465942696], [0.000587626360357, -0.00275349989533, 0.00182720192242, -0.00541516207159, 0.00227856682613, 0.00114744843449, -0.00128840492107, -0.00271974131465, 0.0159757323563, -0.00612949160859, -0.000844210968353, 0.00302902888507, 0.00190648599528], [-0.0013841415057, 0.00384309701622, -0.00418670102954, 0.0049390103668, -0.00360614084639, 0.00465008476749, 0.0016881438205, -0.00142488267738, -0.00612949160859, 0.0204044487327, -0.00514248386025, -0.00125302758534, -0.00129418028519], [0.00129440892488, -0.00467734178528, 0.0029867363628, -0.00260423007421, 0.00257062469609, -0.00494339037687, -0.000974735594355, -0.000259482767433, -0.000844210968353, -0.00514248386025, 0.0196288116276, -0.00545761082321, -0.000599287333898], [-0.00061132630799, 0.00534233124927, -0.0040022325702, 0.00330226286314, -0.00370429595932, 0.00494337361306, -0.00364425731823, 0.00283710984513, 0.00302902888507, -0.00125302758534, -0.00545761082321, 0.0204029548913, -0.0060045174323], [0.00115172110964, -0.00517499493435, 0.00425476627424, -0.00649224128574, 0.00267839152366, -0.00422602845356, 0.00657769897953, -0.00410465942696, 0.00190648599528, -0.00129418028519, -0.000599287333898, -0.0060045174323, 0.0238392464817]]
    },
    "melbands": {
        "dmean": [0.00210911221802, 0.00269004050642, 0.0010411767289, 0.000351045251591, 0.000201810442377, 0.000146530175698, 0.000129649240989, 0.000227423966862, 0.000204778654734, 0.000200275084353, 9.95907539618e-05, 6.6700806201e-05, 6.42640588921e-05, 0.00011081933917, 7.46317455196e-05, 6.79359291098e-05, 4.96247812407e-05, 3.35883596563e-05, 2.87058192043e-05, 3.10924297082e-05, 3.15960714943e-05, 2.01364127861e-05, 1.7453885448e-05, 1.41830987559e-05, 1.15602515507e-05, 8.47352657729e-06, 5.77991750106e-06, 5.17090529684e-06, 4.40768690169e-06, 3.48408025275e-06, 3.19418336403e-06, 2.68864278041e-06, 2.49395452556e-06, 2.67199288828e-06, 1.61341017701e-06, 1.16845933462e-06, 9.11471772724e-07, 8.10405197171e-07, 5.55121289381e-07, 4.214199123e-07],
        "dmean2": [0.00370819703676, 0.00483164237812, 0.001804363681, 0.00059182982659, 0.00033444276778, 0.000227198092034, 0.000198992347578, 0.000336527271429, 0.000311438780045, 0.000307698705001, 0.00015422218712, 0.000105437917227, 9.82326018857e-05, 0.000167910213349, 0.000121565877635, 0.000109803804662, 7.75066655478e-05, 5.33082566108e-05, 4.76092936879e-05, 5.18109263794e-05, 5.14604216733e-05, 3.33577409037e-05, 2.78465358861e-05, 2.22882408707e-05, 1.87127989193e-05, 1.38001823871e-05, 9.04478565644e-06, 8.13325550553e-06, 6.77495972923e-06, 5.32098374606e-06, 4.74528405903e-06, 3.961402399e-06, 3.59094838132e-06, 3.90317200072e-06, 2.28257363233e-06, 1.74342608261e-06, 1.39085364026e-06, 1.25708663745e-06, 8.33155979763e-07, 6.46666478588e-07],
        "dvar": [1.50446740008e-05, 2.71501667157e-05, 2.88052910946e-06, 2.59358785115e-07, 1.05454297739e-07, 6.7415946603e-08, 6.72517188605e-08, 2.21218797947e-07, 1.42867023101e-07, 1.5684219079e-07, 2.96156112967e-08, 2.05853325497e-08, 9.60501100877e-09, 3.70221471258e-08, 1.53495314237e-08, 1.37371385378e-08, 8.05882116595e-09, 3.64477359405e-09, 1.66906266585e-09, 1.59711988079e-09, 2.06669148461e-09, 1.11283526838e-09, 8.24758317197e-10, 4.37718833401e-10, 2.06480249565e-10, 1.19562554302e-10, 7.09846695313e-11, 5.18580803299e-11, 7.80333991868e-11, 2.73992807609e-11, 2.51743140223e-11, 2.14169480761e-11, 1.81833870877e-11, 4.33126902399e-11, 1.03822376044e-11, 9.41386898989e-12, 8.70788424007e-12, 1.15084842697e-11, 3.48291187557e-12, 1.5711326554e-12],
        "dvar2": [4.03011326853e-05, 7.47066151234e-05, 7.77158493293e-06, 7.12307723916e-07, 2.72139800472e-07, 1.54380884965e-07, 1.33009194769e-07, 4.3150782858e-07, 3.15536283324e-07, 3.3839421576e-07, 6.22211686618e-08, 4.08514146955e-08, 2.37899193678e-08, 8.13274922962e-08, 3.70042343434e-08, 3.38782157883e-08, 1.86048740858e-08, 6.88818335703e-09, 4.51411930058e-09, 4.1398910966e-09, 5.25040633192e-09, 2.95459967603e-09, 1.8154447945e-09, 1.02282582404e-09, 5.30708033075e-10, 2.98883973127e-10, 1.78755815705e-10, 1.26105237364e-10, 2.00133992712e-10, 6.34240021613e-11, 6.01591138016e-11, 4.71236452637e-11, 3.69676685097e-11, 8.27154872374e-11, 2.22959636864e-11, 2.30508650362e-11, 1.65549102205e-11, 2.6071469636e-11, 7.26161795625e-12, 3.31260041099e-12],
        "max": [0.0266794338822, 0.0346708521247, 0.0154856508598, 0.0053582219407, 0.00409272266552, 0.00498146610335, 0.00445551425219, 0.00832327734679, 0.00746525777504, 0.0066376500763, 0.00239647901617, 0.00524449208751, 0.00123759091366, 0.00286227837205, 0.00257046590559, 0.0017012610333, 0.00122698640916, 0.00117836077698, 0.000441335025243, 0.000424948928412, 0.000484114629216, 0.000549276010133, 0.000518048065715, 0.000279584928649, 0.000146965045133, 0.000135667083669, 9.71001427388e-05, 7.810848183e-05, 0.000221183072426, 9.01802923181e-05, 6.22456282144e-05, 7.8961631516e-05, 6.89644148224e-05, 0.000180230752449, 6.2097569753e-05, 6.36220574961e-05, 6.22378793196e-05, 7.06182909198e-05, 3.35686490871e-05, 2.68645162578e-05],
        "mean": [0.0020062723197, 0.00241301069036, 0.00126582954545, 0.000581171538215, 0.000336611818057, 0.00027650341508, 0.000250666082138, 0.000537818355951, 0.000441207375843, 0.000362157617928, 0.000193699612282, 0.000120344062452, 0.000122261670185, 0.000204154232051, 0.000128205152578, 0.000111077002657, 7.94970474089e-05, 5.23989474459e-05, 4.88320620207e-05, 5.5574648286e-05, 5.27976771991e-05, 3.23975473293e-05, 2.9213815651e-05, 2.62098856183e-05, 2.25796902669e-05, 1.71801748365e-05, 1.06546267489e-05, 8.98573762242e-06, 7.90197373135e-06, 6.5081367211e-06, 5.73371471546e-06, 5.10490053784e-06, 4.81436381961e-06, 4.71256362289e-06, 2.95273866868e-06, 2.08172582461e-06, 1.52639381668e-06, 1.25312851651e-06, 8.82652159362e-07, 6.40593043499e-07],
        "median": [0.000970639870502, 0.0011008833535, 0.00080947560491, 0.000359855941497, 0.000203573188628, 0.000135999638587, 0.000143188095535, 0.00013297276746, 0.000123031481053, 0.000124388679978, 9.84933212749e-05, 7.10241074557e-05, 6.66188498144e-05, 9.30254973355e-05, 5.75049853069e-05, 5.1599679864e-05, 3.67139837181e-05, 3.05893008772e-05, 3.42129351338e-05, 3.95814604417e-05, 3.41143531841e-05, 2.09599747905e-05, 2.01943457796e-05, 1.88245157915e-05, 1.75797085831e-05, 1.34678912218e-05, 7.24433130017e-06, 5.83108248975e-06, 4.39336645286e-06, 3.04715263155e-06, 2.6031325433e-06, 1.6618838572e-06, 1.38990424148e-06, 1.23792142404e-06, 7.87406747804e-07, 5.29551243744e-07, 3.60873116279e-07, 2.46702654749e-07, 2.22848342446e-07, 1.51532049131e-07],
        "min": [1.0409553397e-06, 1.72282725543e-05, 1.81574687304e-05, 6.88874069965e-06, 4.62154957859e-06, 4.54296423413e-06, 4.18005583924e-06, 3.71940041077e-06, 2.58762611338e-06, 1.47019261476e-06, 2.70470377473e-06, 2.91179753731e-06, 2.01639250008e-06, 1.54816382292e-06, 1.12193106361e-06, 9.59144017543e-07, 1.00679778825e-06, 9.0847794354e-07, 1.75708294137e-06, 1.53856558427e-06, 5.16912791682e-07, 8.69958284966e-07, 1.04359605757e-06, 5.7560220057e-07, 7.29959481305e-07, 6.96730239724e-07, 4.98763540691e-07, 1.21151842336e-07, 1.8203603247e-07, 1.3743998295e-07, 3.5384914554e-08, 1.26595374184e-08, 9.03251606843e-09, 2.70262723312e-09, 2.17735343644e-10, 2.7892099741e-09, 8.09044609085e-10, 3.34499233867e-10, 2.53218171258e-12, 3.89335102786e-13],
