{
"highlevel": {
    "danceability": {
        "all": {
            "danceable": 0.283188521862,
            "not_danceable": 0.716811478138
        },
        "probability": 0.716811478138,
        "value": "not_danceable"
    },
    "gender": {
        "all": {
            "female": 0.574585974216,
            "male": 0.425414025784
        },
        "probability": 0.574585974216,
        "value": "female"
    },
    "genre_dortmund": {
        "all": {
            "alternative": 0.389831095934,
            "blues": 0.00354551291093,
            "electronic": 0.0427360013127,
            "folkcountry": 0.0220745801926,
            "funksoulrnb": 0.00282858358696,
            "jazz": 0.00239036115818,
            "pop": 0.049730181694,
            "raphiphop": 0.00133462343365,
            "rock": 0.485529065132
        },
        "probability": 0.485529065132,
        "value": "rock"
    },
    "genre_electronic": {
        "all": {
            "ambient": 0.338797301054,
            "dnb": 0.176751703024,
            "house": 0.0412103310227,
            "techno": 0.0346322320402,
            "trance": 0.408608436584
        },
        "probability": 0.408608436584,
        "value": "trance"
    },
    "genre_rosamerica": {
        "all": {
            "cla": 0.000143156081322,
            "dan": 0.00160313432571,
            "hip": 0.000103322301584,
            "jaz": 0.000130121363327,
            "pop": 0.0173339731991,
            "rhy": 0.000113544992928,
            "roc": 0.980465114117,
            "spe": 0.000107611740532
        },
        "probability": 0.980465114117,
        "value": "roc"
    },
    "genre_tzanetakis": {
        "all": {
            "blu": 0.0626613423228,
            "cla": 0.0348169617355,
            "cou": 0.104475811124,
            "dis": 0.0784321576357,
            "hip": 0.15692435205,
            "jaz": 0.313974827528,
            "met": 0.0448166541755,
            "pop": 0.0627359300852,
            "reg": 0.0627360641956,
            "roc": 0.0784258767962
        },
        "probability": 0.313974827528,
        "value": "jaz"
    },
    "ismir04_rhythm": {
        "all": {
            "ChaChaCha": 0.0840790569782,
            "Jive": 0.420232921839,
            "Quickstep": 0.0200439747423,
            "Rumba-American": 0.00739097129554,
            "Rumba-International": 0.0218711942434,
            "Rumba-Misc": 0.00659866211936,
            "Samba": 0.0766107439995,
            "Tango": 0.0623702481389,
            "VienneseWaltz": 0.2906062603,
            "Waltz": 0.0101959761232
        },
        "probability": 0.420232921839,
        "value": "Jive"
    },
    "mood_acoustic": {
        "all": {
            "acoustic": 0.0100019508973,
            "not_acoustic": 0.989998042583
        },
        "probability": 0.989998042583,
        "value": "not_acoustic"
    },
    "mood_aggressive": {
        "all": {
            "aggressive": 0.992140412331,
            "not_aggressive": 0.00785955786705
        },
        "probability": 0.992140412331,
        "value": "aggressive"
    },
    "mood_electronic": {
        "all": {
            "electronic": 0.461430549622,
            "not_electronic": 0.538569450378
        },
        "probability": 0.538569450378,
        "value": "not_electronic"
    },
    "mood_happy": {
        "all": {
            "happy": 0.710434436798,
            "not_happy": 0.2895655334
        },
        "probability": 0.710434436798,
        "value": "happy"
    },
    "mood_party": {
        "all": {
            "not_party": 0.246979162097,
            "party": 0.753020823002
        },
        "probability": 0.753020823002,
        "value": "party"
    },
    "mood_relaxed": {
        "all": {
            "not_relaxed": 0.744889974594,
            "relaxed": 0.255110025406
        },
        "probability": 0.744889974594,
        "value": "not_relaxed"
    },
    "mood_sad": {
        "all": {
            "not_sad": 0.911145865917,
            "sad": 0.088854148984
        },
        "probability": 0.911145865917,
        "value": "not_sad"
    },
    "moods_mirex": {
        "all": {
            "Cluster1": 0.20324639976,
            "Cluster2": 0.124359324574,
            "Cluster3": 0.279602438211,
            "Cluster4": 0.119691729546,
            "Cluster5": 0.273100107908
        },
        "probability": 0.279602438211,
        "value": "Cluster3"
    },
    "timbre": {
        "all": {
            "bright": 0.571490049362,
            "dark": 0.428509950638
        },
        "probability": 0.571490049362,
        "value": "bright"
    },
    "tonal_atonal": {
        "all": {
            "atonal": 0.0145718976855,
            "tonal": 0.985428094864
        },
        "probability": 0.985428094864,
        "value": "tonal"
    },
    "voice_instrumental": {
        "all": {
            "instrumental": 0.000108379135781,
            "voice": 0.999891638756
        },
        "probability": 0.999891638756,
        "value": "voice"
    }
},
"lowlevel": {
    "average_loudness": 0.986394286156,
    "barkbands_crest": {
        "dmean": 2.43466043472,
        "dmean2": 3.99711489677,
        "dvar": 5.41557455063,
        "dvar2": 12.9896621704,
        "max": 19.9411430359,
        "mean": 8.0698595047,
        "median": 7.23521089554,
        "min": 2.93121933937,
        "var": 10.7437267303
    },
    "barkbands_flatness_db": {
        "dmean": 0.0160604547709,
        "dmean2": 0.0261269025505,
        "dvar": 0.000227312964853,
        "dvar2": 0.000559793086722,
        "max": 0.246690258384,
        "mean": 0.117580749094,
        "median": 0.113748826087,
        "min": 0.0529562495649,
        "var": 0.000699713476934
    },
    "barkbands_kurtosis": {
        "dmean": 1.16395938396,
        "dmean2": 1.89629852772,
        "dvar": 4.38786745071,
        "dvar2": 11.0505685806,
        "max": 32.7472801208,
        "mean": 0.693471133709,
        "median": 0.126436948776,
        "min": -1.6322644949,
        "var": 4.97244977951
    },
    "barkbands_skewness": {
        "dmean": 0.396762669086,
        "dmean2": 0.623058617115,
        "dvar": 0.172195881605,
        "dvar2": 0.402413159609,
        "max": 5.46458292007,
        "mean": 0.870307683945,
        "median": 0.806131660938,
        "min": -0.625398159027,
        "var": 0.505382418633
    },
    "barkbands_spread": {
        "dmean": 4.42758655548,
        "dmean2": 6.76696157455,
        "dvar": 20.7664470673,
        "dvar2": 38.9091262817,
        "max": 79.1027984619,
        "mean": 25.271320343,
        "median": 24.2055854797,
        "min": 5.19720315933,
        "var": 72.4474029541
    },
    "dissonance": {
        "dmean": 0.0141330296174,
        "dmean2": 0.0238909348845,
        "dvar": 0.000177665962838,
        "dvar2": 0.000506402458996,
        "max": 0.499822080135,
        "mean": 0.475697577,
        "median": 0.479200273752,
        "min": 0.362944602966,
        "var": 0.000279065367067
    },
    "dynamic_complexity": 0.757097244263,
    "erbbands_crest": {
        "dmean": 2.1791472435,
        "dmean2": 3.56448936462,
        "dvar": 3.79711079597,
        "dvar2": 9.37263870239,
        "max": 22.7836418152,
        "mean": 8.01800441742,
        "median": 7.15472126007,
        "min": 2.86328315735,
        "var": 11.6967201233
    },
    "erbbands_flatness_db": {
        "dmean": 0.0132120605558,
        "dmean2": 0.0202256292105,
        "dvar": 0.000125856677187,
        "dvar2": 0.000269146985374,
        "max": 0.215870380402,
        "mean": 0.146335020661,
        "median": 0.146805658937,
        "min": 0.0799671187997,
        "var": 0.000568168412428
    },
    "erbbands_kurtosis": {
        "dmean": 0.633599877357,
        "dmean2": 1.03109931946,
        "dvar": 0.441955387592,
        "dvar2": 1.12975180149,
        "max": 6.70958423615,
        "mean": 0.601568877697,
        "median": 0.143532752991,
        "min": -1.4764816761,
        "var": 2.01756954193
    },
    "erbbands_skewness": {
        "dmean": 0.274581372738,
        "dmean2": 0.43478050828,
        "dvar": 0.0520266667008,
        "dvar2": 0.125650659204,
        "max": 1.73122107983,
        "mean": 0.0965151414275,
        "median": 0.0950159877539,
        "min": -1.33162796497,
        "var": 0.187195837498
    },
    "erbbands_spread": {
        "dmean": 5.57818841934,
        "dmean2": 8.83509922028,
        "dvar": 30.871257782,
        "dvar2": 69.3301620483,
        "max": 78.0399856567,
        "mean": 30.3422813416,
        "median": 29.3269309998,
        "min": 9.17208099365,
        "var": 154.158203125
    },
    "hfc": {
        "dmean": 7.18071460724,
        "dmean2": 11.0566692352,
        "dvar": 105.574813843,
        "dvar2": 174.660598755,
        "max": 213.431045532,
        "mean": 41.9761352539,
        "median": 40.3180274963,
        "min": 13.1368141174,
        "var": 355.087768555
    },
    "melbands_crest": {
        "dmean": 3.38660621643,
        "dmean2": 5.51048374176,
        "dvar": 9.64262866974,
        "dvar2": 23.7200450897,
        "max": 28.4583683014,
        "mean": 12.3490552902,
        "median": 11.3644008636,
        "min": 4.12275648117,
        "var": 25.6896095276
    },
    "melbands_flatness_db": {
        "dmean": 0.0206659398973,
        "dmean2": 0.0323508828878,
        "dvar": 0.000394450617023,
        "dvar2": 0.000907887064386,
        "max": 0.335737884045,
        "mean": 0.164714589715,
        "median": 0.160286158323,
        "min": 0.0512632876635,
        "var": 0.00165819993708
    },
    "melbands_kurtosis": {
        "dmean": 3.30622148514,
        "dmean2": 5.41093540192,
        "dvar": 41.3024368286,
        "dvar2": 104.512428284,
        "max": 109.314193726,
        "mean": 4.65379142761,
        "median": 2.68401908875,
        "min": -1.06017351151,
        "var": 51.9209442139
    },
    "melbands_skewness": {
        "dmean": 0.578555703163,
        "dmean2": 0.920813798904,
        "dvar": 0.410782158375,
        "dvar2": 0.95390278101,
        "max": 9.3622303009,
        "mean": 1.74909496307,
        "median": 1.62055492401,
        "min": -0.418094217777,
        "var": 1.22953593731
    },
    "melbands_spread": {
        "dmean": 6.43246841431,
        "dmean2": 10.0188751221,
        "dvar": 44.1529159546,
        "dvar2": 91.4372253418,
        "max": 98.7533035278,
        "mean": 29.7112426758,
        "median": 29.4477272034,
        "min": 2.78607296944,
        "var": 136.245666504
    },
    "pitch_salience": {
        "dmean": 0.0707737803459,
        "dmean2": 0.116416051984,
        "dvar": 0.00423975335434,
        "dvar2": 0.0100456681103,
        "max": 0.785253703594,
        "mean": 0.558667302132,
        "median": 0.568804979324,
        "min": 0.181193366647,
        "var": 0.00969856604934
    },
    "silence_rate_20dB": {
        "dmean": 0,
        "dmean2": 0,
        "dvar": 0,
        "dvar2": 0,
        "max": 1,
        "mean": 1,
        "median": 1,
        "min": 1,
        "var": 0
    },
    "silence_rate_30dB": {
        "dmean": 0.00773993786424,
        "dmean2": 0.0154918665066,
        "dvar": 0.00768009666353,
        "dvar2": 0.022997951135,
        "max": 1,
        "mean": 0.996133029461,
        "median": 1,
        "min": 0,
        "var": 0.00385203631595
    },
    "silence_rate_60dB": {
        "dmean": 0,
        "dmean2": 0,
        "dvar": 0,
        "dvar2": 0,
        "max": 0,
        "mean": 0,
        "median": 0,
        "min": 0,
        "var": 0
    },
    "spectral_centroid": {
        "dmean": 189.623062134,
        "dmean2": 292.74029541,
        "dvar": 32469.953125,
        "dvar2": 71937.1796875,
        "max": 3172.73974609,
        "mean": 1448.25720215,
        "median": 1410.69274902,
        "min": 591.386535645,
        "var": 107340.6875
    },
    "spectral_complexity": {
        "dmean": 3.69195055962,
        "dmean2": 6.08055782318,
        "dvar": 9.25651168823,
        "dvar2": 24.198015213,
        "max": 51,
        "mean": 33.4207267761,
        "median": 33,
        "min": 12,
        "var": 27.485786438
    },
    "spectral_decrease": {
        "dmean": 3.12722847617e-09,
        "dmean2": 4.90638241146e-09,
        "dvar": 1.22745273194e-17,
        "dvar2": 2.74969261643e-17,
        "max": -2.78973710799e-09,
        "mean": -1.25642181104e-08,
        "median": -1.16391749572e-08,
        "min": -3.79956013319e-08,
        "var": 2.00023753382e-17
    },
    "spectral_energy": {
        "dmean": 0.0120726469904,
        "dmean2": 0.0189248025417,
        "dvar": 0.000176854868187,
        "dvar2": 0.000396946852561,
        "max": 0.14622528851,
        "mean": 0.0512276440859,
        "median": 0.0481261909008,
        "min": 0.0118880644441,
        "var": 0.000284965441097
    },
    "spectral_energyband_high": {
        "dmean": 0.000451770116342,
        "dmean2": 0.000655322975945,
        "dvar": 1.59474120665e-06,
        "dvar2": 2.26776933232e-06,
        "max": 0.0214601214975,
        "mean": 0.00139964488335,
        "median": 0.000908681016881,
        "min": 0.000142775039421,
        "var": 4.49331628261e-06
    },
    "spectral_energyband_low": {
        "dmean": 0.0101636694744,
        "dmean2": 0.0162711907178,
        "dvar": 0.000222655173275,
        "dvar2": 0.000503439747263,
        "max": 0.131791159511,
        "mean": 0.0183142796159,
        "median": 0.0113853951916,
        "min": 0.000319232174661,
        "var": 0.000346264481777
    },
    "spectral_energyband_middle_high": {
        "dmean": 0.00351047562435,
        "dmean2": 0.00572512531653,
        "dvar": 1.30057005663e-05,
        "dvar2": 3.41988634318e-05,
        "max": 0.0487017482519,
        "mean": 0.0157650113106,
        "median": 0.0132340835407,
        "min": 0.00273469160311,
        "var": 7.35681824153e-05
    },
    "spectral_energyband_middle_low": {
        "dmean": 0.00549260061234,
        "dmean2": 0.00879463274032,
        "dvar": 3.04777149722e-05,
        "dvar2": 7.62291892897e-05,
        "max": 0.0550455600023,
        "mean": 0.0170485209674,
        "median": 0.0155614381656,
        "min": 0.00307258148678,
        "var": 6.82747922838e-05
    },
    "spectral_entropy": {
        "dmean": 0.0825339332223,
        "dmean2": 0.126440525055,
        "dvar": 0.00538440560922,
        "dvar2": 0.0112842833623,
        "max": 8.58343505859,
        "mean": 7.75674295425,
        "median": 7.73109817505,
        "min": 7.2371635437,
        "var": 0.029596734792
    },
    "spectral_flux": {
        "dmean": 0.0276523511857,
        "dmean2": 0.0415457524359,
        "dvar": 0.000796238135081,
        "dvar2": 0.00140387471765,
        "max": 0.309594124556,
        "mean": 0.123614765704,
        "median": 0.111963942647,
        "min": 0.0537967942655,
        "var": 0.00169828429352
    },
    "spectral_kurtosis": {
        "dmean": 1.16669094563,
        "dmean2": 1.99350297451,
        "dvar": 1.02746045589,
        "dvar2": 2.80477190018,
        "max": 11.105017662,
        "mean": 4.54031944275,
        "median": 4.45032119751,
        "min": -0.150892496109,
        "var": 2.82662367821
    },
    "spectral_rms": {
        "dmean": 0.000805452815257,
        "dmean2": 0.00125568348449,
        "dvar": 6.48863419883e-07,
        "dvar2": 1.43137765463e-06,
        "max": 0.0119439866394,
        "mean": 0.00698407646269,
        "median": 0.00685218069702,
        "min": 0.00340560008772,
        "var": 1.20092124689e-06
    },
    "spectral_rolloff": {
        "dmean": 374.863983154,
        "dmean2": 589.169372559,
        "dvar": 409454.03125,
        "dvar2": 687528.625,
        "max": 10852.734375,
        "mean": 1602.74938965,
        "median": 1528.85742188,
        "min": 107.666015625,
        "var": 1098653.375
    },
    "spectral_skewness": {
        "dmean": 0.173295170069,
        "dmean2": 0.283032596111,
        "dvar": 0.0203550979495,
        "dvar2": 0.0514650344849,
        "max": 2.88773202896,
        "mean": 1.56466150284,
        "median": 1.57363843918,
        "min": 0.467427968979,
        "var": 0.0898670777678
    },
    "spectral_spread": {
        "dmean": 352670.34375,
        "dmean2": 519000.09375,
        "dvar": 169860284416,
        "dvar2": 261776752640,
        "max": 9987850,
        "mean": 4067598,
        "median": 3934087.25,
        "min": 2286656.25,
        "var": 786369347584
    },
    "spectral_strongpeak": {
        "dmean": 0.823341965675,
        "dmean2": 1.40739679337,
        "dvar": 1.27982354164,
        "dvar2": 3.03416132927,
        "max": 6.71420860291,
        "mean": 1.30974316597,
        "median": 0.607249200344,
        "min": 0.0523806326091,
        "var": 2.18574643135
    },
    "zerocrossingrate": {
        "dmean": 0.00844439305365,
        "dmean2": 0.009741040878,
        "dvar": 0.000105285434984,
        "dvar2": 0.000107276988274,
        "max": 0.23876953125,
        "mean": 0.0611178576946,
        "median": 0.0576171875,
        "min": 0.015625,
        "var": 0.000685572158545
    },
    "barkbands": {
        "dmean": [0.000256206287304, 0.00699858414009, 0.00595850823447, 0.00208257162012, 0.00254054623656, 0.000855417049024, 0.0011442839168, 0.00159477908164, 0.00138823338784, 0.000875791592989, 0.00139914033934, 0.00120950618293, 0.00124384928495, 0.0010510958964, 0.000749717466533, 0.000625877000857, 0.000265947426669, 0.000276332342764, 0.000184357151738, 0.000128006257, 0.000145196347148, 0.000135307287565, 9.94167421595e-05, 5.95074816374e-05, 8.50076321512e-05, 4.96987740917e-05, 3.81749920564e-09],
        "dmean2": [0.000424507190473, 0.011603471823, 0.0105166509748, 0.00361032481305, 0.0041573564522, 0.00144963990897, 0.00176019209903, 0.0025185123086, 0.00214253552258, 0.00140967709012, 0.00216790032573, 0.00199369061738, 0.00207923632115, 0.00173176510725, 0.00123381230514, 0.00105960806832, 0.000444924400654, 0.000464422540972, 0.000306957081193, 0.000217110835365, 0.000237618485698, 0.000199537491426, 0.000143960962305, 9.20466627576e-05, 0.000118099538668, 7.27546575945e-05, 5.62446222929e-09],
        "dvar": [1.70568824842e-07, 0.000102191341284, 0.000146663165651, 9.20306501939e-06, 1.04772198029e-05, 1.11427800675e-06, 3.2395364542e-06, 3.90668355976e-06, 5.25125915374e-06, 1.46397758272e-06, 6.60446812617e-06, 2.1053006094e-06, 2.67781729235e-06, 1.60377658176e-06, 6.74738316775e-07, 5.54593270863e-07, 6.52745342222e-08, 9.66153024251e-08, 3.69617758622e-08, 2.02457108855e-08, 4.68652920915e-08, 1.66505969901e-07, 9.03595633872e-08, 5.01640293749e-08, 1.41893252703e-07, 1.82658403958e-08, 3.60146466008e-15],
        "dvar2": [3.8968224203e-07, 0.000270570541034, 0.000406231178204, 2.59074495261e-05, 2.64938498731e-05, 2.9726138564e-06, 6.81726305629e-06, 9.78501157078e-06, 1.1979653209e-05, 3.62699506695e-06, 1.55658744916e-05, 5.51870016352e-06, 7.17493367119e-06, 4.45989553555e-06, 1.77179356342e-06, 1.529427891e-06, 1.79346059781e-07, 2.42801235117e-07, 9.93699345031e-08, 5.5394604459e-08, 1.06010851653e-07, 2.84570319309e-07, 1.62793469372e-07, 8.35229982954e-08, 2.7599975283e-07, 3.11904386763e-08, 3.61681628522e-15],
        "max": [0.0025785039179, 0.0768988132477, 0.0917450860143, 0.0237623974681, 0.0314474478364, 0.011206606403, 0.0255398955196, 0.0278950687498, 0.0398756079376, 0.0156478025019, 0.0266073662788, 0.0202783681452, 0.0153893865645, 0.0129688717425, 0.00918176304549, 0.0108525296673, 0.00276132416911, 0.00358026893809, 0.00216563791037, 0.00190390925854, 0.00360412849113, 0.00744482548907, 0.00471764430404, 0.00566342705861, 0.00769478827715, 0.00294175581075, 2.15941940951e-06],
        "mean": [0.000269706739346, 0.0101337311789, 0.00676121748984, 0.00262412056327, 0.00480703776702, 0.00144407222979, 0.00225127628073, 0.00302143488079, 0.00266782171093, 0.00151557882782, 0.00282566575333, 0.00251340144314, 0.00232970574871, 0.00208759657107, 0.00146653945558, 0.00129428796936, 0.000594018842094, 0.000578489212785, 0.000452540116385, 0.000341066886904, 0.000382824189728, 0.000297501450405, 0.000211850347114, 0.000122217141325, 0.000133702735184, 0.000100254757854, 3.42931971709e-09],
        "median": [0.00011175590771, 0.00564981857315, 0.0029668470379, 0.00166509323753, 0.00348092382774, 0.0010198232485, 0.000992606626824, 0.00187618448399, 0.00146527483594, 0.000875318131875, 0.000633747607935, 0.00166998803616, 0.00159319874365, 0.00150903058238, 0.00112389749847, 0.000979079050012, 0.000508238794282, 0.000432275992353, 0.000375099625671, 0.000273298617685, 0.000293487944873, 0.000152038963279, 0.000113902773592, 6.52441376587e-05, 5.05262760271e-05, 5.40481523785e-05, 8.49775971812e-10],
        "min": [6.75662690242e-08, 1.23391309899e-05, 5.26547482878e-05, 9.30829446588e-06, 7.50255858293e-05, 6.85043851263e-05, 1.62507403729e-05, 1.56014102686e-05, 0.000101501937024, 1.8736875063e-05, 1.24478210637e-05, 0.000122284516692, 7.06111459294e-05, 7.1463684435e-05, 0.000102636331576, 0.000139116367791, 5.7825458498e-05, 6.64134640829e-05, 5.86850219406e-05, 3.45444314007e-05, 4.61916533823e-05, 1.00948473118e-05, 4.31265971201e-06, 1.09551251626e-06, 8.26798560172e-11, 1.60599436527e-10, 2.89296590156e-11],
        "var": [1.92206968563e-07, 0.000133714682306, 0.000115861243103, 9.60486431723e-06, 2.02432456717e-05, 2.04894627132e-06, 1.0452560673e-05, 1.04052314782e-05, 1.17785257316e-05, 3.1072775073e-06, 2.13721941691e-05, 5.82389020565e-06, 5.42660109204e-06, 3.63427784578e-06, 1.3748915535e-06, 1.12524128326e-06, 1.22818505588e-07, 2.02028431318e-07, 8.40674303504e-08, 5.51932721748e-08, 1.07413562489e-07, 4.25523836611e-07, 1.86508103184e-07, 8.5825817564e-08, 2.35265986248e-07, 5.06597643835e-08, 3.60281398356e-15]
    },
    "erbbands": {
        "dmean": [0.142294988036, 1.84753966331, 6.31528234482, 6.56036615372, 9.59901618958, 7.34767961502, 8.65246391296, 7.94161128998, 11.9049453735, 23.0901756287, 33.2656555176, 31.6427574158, 23.5205478668, 28.4309997559, 60.5145797729, 41.6702308655, 55.1769104004, 39.9117927551, 44.8954315186, 32.5168533325, 30.2163639069, 13.5192728043, 16.9808235168, 7.12177801132, 9.59911060333, 5.32514858246, 5.88453149796, 5.80124950409, 5.11587572098, 4.31643819809, 2.56781697273, 1.4352619648, 0.959282815456, 0.847896158695, 0.744251906872, 0.281259447336, 0.0960063412786, 0.0094901425764, 0.000163663426065, 1.88077065104e-05],
        "dmean2": [0.232432812452, 3.02491402626, 10.6226501465, 11.615945816, 15.971698761, 12.403383255, 13.9343347549, 13.6422529221, 18.6690330505, 36.0749816895, 51.9107627869, 49.2443466187, 37.8613395691, 44.8246650696, 93.6064224243, 68.2944793701, 91.2513504028, 64.7847518921, 74.1542129517, 53.417427063, 51.1165046692, 22.8289337158, 28.473077774, 11.8396930695, 15.9321126938, 8.97297954559, 9.90322685242, 9.31542778015, 7.60630559921, 6.05274438858, 3.79051303864, 2.18986964226, 1.47892212868, 1.23195254803, 1.03503787518, 0.420592069626, 0.139499187469, 0.0147643517703, 0.000247825984843, 2.79091618722e-05],
        "dvar": [0.0479349382222, 7.46743631363, 132.570571899, 145.079025269, 181.365219116, 100.860237122, 124.622711182, 91.5369873047, 354.136932373, 908.013671875, 1938.18225098, 2399.87646484, 998.737792969, 2787.68237305, 14169.7695312, 2496.12841797, 5419.66308594, 2465.32080078, 2583.7644043, 1189.2635498, 1160.44250488, 183.021774292, 382.49230957, 52.839881897, 109.182418823, 34.0313301086, 45.1187095642, 133.181869507, 253.506439209, 193.779144287, 54.5752830505, 24.0965633392, 12.6019268036, 11.5293684006, 11.9219455719, 0.709089398384, 0.0586437955499, 0.000909488007892, 2.53209265111e-07, 7.42277017629e-10],
        "dvar2": [0.107860676944, 19.9521560669, 354.772918701, 400.494415283, 450.740692139, 266.902801514, 314.2840271, 259.151275635, 846.677001953, 1981.0423584, 4363.85498047, 5604.10791016, 2501.70361328, 7217.21826172, 33012.9960938, 6390.89794922, 14365.0576172, 6610.06640625, 7188.14257812, 3265.36401367, 3013.89746094, 511.875518799, 951.591186523, 150.415237427, 295.803100586, 95.1664123535, 106.37562561, 288.725708008, 512.5078125, 340.423553467, 101.259796143, 40.3196029663, 21.3926029205, 23.4555416107, 23.91755867, 1.24148929119, 0.104963995516, 0.00184980698396, 4.87697661811e-07, 1.35768296605e-09],
        "max": [1.60587394238, 20.4584789276, 96.9116287231, 75.4989395142, 143.120803833, 116.921813965, 135.082290649, 90.3067474365, 335.753479004, 583.554504395, 652.385314941, 684.338745117, 367.49710083, 730.977294922, 1429.43701172, 592.419067383, 739.741882324, 689.689880371, 627.168579102, 371.403747559, 413.602661133, 169.000030518, 228.102035522, 79.1831054688, 134.129364014, 83.8948440552, 104.756401062, 210.667953491, 263.868255615, 262.830810547, 132.566802979, 111.332229614, 95.1953887939, 62.9327507019, 70.6847686768, 17.9955291748, 4.69836378098, 0.714997053146, 0.0115407230332, 0.000517393520568],
        "mean": [0.212781727314, 2.53125190735, 8.19082832336, 7.85420274734, 15.2648000717, 12.5874729156, 13.8680000305, 12.967713356, 23.9282512665, 48.3068008423, 66.8047332764, 62.6963233948, 46.1502761841, 60.330165863, 130.678115845, 97.5001144409, 111.344429016, 96.7335281372, 97.0105361938, 73.922668457, 67.8179931641, 35.5806007385, 36.4333305359, 18.5545883179, 24.0140895844, 15.0622653961, 15.5396986008, 13.6878538132, 10.9485273361, 8.91673660278, 5.48495864868, 2.92576909065, 1.84241938591, 1.23386013508, 1.11122179031, 0.509868919849, 0.181846901774, 0.0150528857484, 0.000309050868964, 7.59781178203e-05],
        "median": [0.105525061488, 1.37805008888, 4.0356593132, 4.64863491058, 10.2145633698, 8.38923072815, 8.57306957245, 9.70395851135, 12.9812965393, 31.0330371857, 42.9682693481, 33.6354942322, 31.1634635925, 30.1043224335, 36.1898193359, 68.6666183472, 76.6293640137, 69.9230499268, 76.6378707886, 58.5257530212, 54.7497138977, 31.9992485046, 27.6217422485, 16.0732307434, 19.5011024475, 12.3237504959, 12.7951860428, 9.66460418701, 5.72928094864, 4.26408481598, 3.10616469383, 1.59694230556, 0.969768166542, 0.479087293148, 0.395288109779, 0.255749881268, 0.0909163281322, 0.00583576364443, 0.000149840227095, 6.83547041262e-05],
        "min": [0.000367470493075, 0.00865696556866, 0.0886913985014, 0.244810268283, 0.30865213275, 0.205461099744, 0.408110499382, 0.45538726449, 0.399411380291, 0.690160274506, 1.52749168873, 2.84101200104, 2.14681792259, 1.82121956348, 3.07018089294, 6.33860826492, 5.46862077713, 4.93791818619, 4.93815612793, 11.5955553055, 10.7137174606, 5.84388017654, 5.50476884842, 3.74218297005, 3.98407936096, 1.95745563507, 2.70332813263, 1.21146082878, 0.533669412136, 0.136574432254, 0.137191668153, 0.0397750549018, 0.0174507368356, 0.00412569660693, 0.0002275116276, 7.20644820831e-05, 2.03731233341e-05, 4.95654376209e-06, 1.09647426143e-05, 1.60036724992e-05],
        "var": [0.0733353346586, 9.05186462402, 129.633224487, 111.706336975, 271.725860596, 160.142684937, 250.544952393, 137.875030518, 1022.96875, 2886.40917969, 4870.20849609, 6067.10058594, 2053.26416016, 8464.79589844, 47433.1328125, 6949.32177734, 11471.6689453, 7319.03955078, 5205.16845703, 2655.8684082, 2614.38061523, 316.344055176, 796.201538086, 102.399879456, 248.77645874, 96.8231430054, 110.618270874, 265.966033936, 543.349304199, 461.225250244, 108.980422974, 42.7218780518, 21.4619102478, 16.0438213348, 20.0796470642, 1.89883971214, 0.141864359379, 0.00155385851394, 4.87873535349e-07, 1.67993374767e-09]
    },
    "gfcc": {
        "mean": [74.3429641724, 90.9558944702, -129.213928223, 28.3472728729, -49.0526618958, 23.9811153412, -34.8631095886, 9.81695365906, -23.6629161835, 10.9569358826, -23.0149307251, 0.33831474185, -17.7862091064],
        "cov": [[480.427886963, -426.693511963, 130.404953003, -140.529968262, -110.637931824, 51.912399292, -76.9664306641, -2.52952051163, -85.5966186523, 45.8064880371, -94.1462631226, 77.4927902222, -66.7335357666], [-426.693511963, 561.386657715, -111.152740479, 144.313537598, 125.982025146, -62.597694397, 90.8364715576, 19.6189556122, 101.842552185, -56.92918396, 83.9761810303, -98.0152359009, 61.5735969543], [130.404953003, -111.152740479, 196.495071411, 25.6481113434, -5.04319000244, -8.23165607452, -35.5694656372, 16.6738834381, -6.24686288834, 22.5949478149, -49.5373497009, 29.2308769226, -37.3072547913], [-140.529968262, 144.313537598, 25.6481113434, 256.802154541, 37.6809921265, -37.2634239197, -8.4410238266, 8.1073474884, 87.724029541, -39.8197822571, 37.5435829163, -53.5334014893, 39.3465919495], [-110.637931824, 125.982025146, -5.04319000244, 37.6809921265, 130.383728027, 31.2587127686, 68.857170105, 28.531621933, 18.1837520599, 2.48795795441, 25.7274913788, -6.08339166641, 15.4494361877], [51.912399292, -62.597694397, -8.23165607452, -37.2634239197, 31.2587127686, 120.188415527, 60.6089019775, 14.6648187637, -26.7853107452, 6.45965623856, 11.5595426559, 9.00503158569, 12.5081281662], [-76.9664306641, 90.8364715576, -35.5694656372, -8.4410238266, 68.857170105, 60.6089019775, 121.212181091, 32.3783035278, 22.3686752319, 4.08854913712, 26.8626041412, 2.63342618942, 13.2305355072], [-2.52952051163, 19.6189556122, 16.6738834381, 8.1073474884, 28.531621933, 14.6648187637, 32.3783035278, 99.8107070923, 60.7126235962, 28.5767040253, -5.0174870491, -2.46421790123, -2.40178394318], [-85.5966186523, 101.842552185, -6.24686288834, 87.724029541, 18.1837520599, -26.7853107452, 22.3686752319, 60.7126235962, 127.310516357, 18.1857891083, 15.3205213547, -21.2095985413, 3.86656045914], [45.8064880371, -56.92918396, 22.5949478149, -39.8197822571, 2.48795795441, 6.45965623856, 4.08854913712, 28.5767040253, 18.1857891083, 75.9098587036, 7.04619073868, 32.0045967102, -9.54035186768], [-94.1462631226, 83.9761810303, -49.5373497009, 37.5435829163, 25.7274913788, 11.5595426559, 26.8626041412, -5.0174870491, 15.3205213547, 7.04619073868, 83.2001571655, 0.39223998785, 33.1625976562], [77.4927902222, -98.0152359009, 29.2308769226, -53.5334014893, -6.08339166641, 9.00503158569, 2.63342618942, -2.46421790123, -21.2095985413, 32.0045967102, 0.39223998785, 81.3823623657, 1.33699738979], [-66.7335357666, 61.5735969543, -37.3072547913, 39.3465919495, 15.4494361877, 12.5081281662, 13.2305355072, -2.40178394318, 3.86656045914, -9.54035186768, 33.1625976562, 1.33699738979, 65.4410400391]],
        "icov": [[0.00851861946285, 0.00353500200436, -0.00190997915342, 0.000525863841176, 0.00277777318843, -0.00326883373782, 0.00172912538983, -0.00150932639372, 0.00112883863039, -0.000416566646891, 0.0026458199136, -0.00194346811622, 0.00209126598202], [0.00353500200436, 0.00858643930405, -0.00141890672967, 0.00248320400715, -0.00380004849285, 0.00588719313964, -0.00397000135854, 0.000743898272049, -0.00311347632669, 0.00348448939621, -0.00308670778759, 0.00623348215595, -0.00404550880194], [-0.00190997915342, -0.00141890672967, 0.0104239070788, -0.00574058759958, -0.000802855880465, -0.00106795621105, 0.00189775775652, -0.00229272944853, 0.00385344424285, -0.00370553974062, 0.00518213445321, -0.00513557204977, 0.00541824707761], [0.000525863841176, 0.00248320400715, -0.00574058759958, 0.0124085275456, -0.00426917290315, 0.00262082042173, 0.00144410843495, 0.00365649326704, -0.0103033874184, 0.00746447918937, -0.00595235452056, 0.00670204451308, -0.00760788610205], [0.00277777318843, -0.00380004849285, -0.000802855880465, -0.00426917290315, 0.0170949622989, -0.00526118837297, -0.00380568602122, -0.00410909811035, 0.00627985037863, -0.00414598826319, 0.00248953909613, -0.0046929041855, 0.00396448047832], [-0.00326883373782, 0.00588719313964, -0.00106795621105, 0.00262082042173, -0.00526118837297, 0.0225368570536, -0.0130149004981, -0.000815132749267, 0.00159587245435, 0.00248993653804, -0.0060125393793, 0.00942371133715, -0.00839837267995], [0.00172912538983, -0.00397000135854, 0.00189775775652, 0.00144410843495, -0.00380568602122, -0.0130149004981, 0.022305438295, -0.00233682873659, -0.00321133807302, 0.00144433253445, 0.000719307514373, -0.00728187710047, 0.00468754163012], [-0.00150932639372, 0.000743898272049, -0.00229272944853, 0.00365649326704, -0.00410909811035, -0.000815132749267, -0.00233682873659, 0.0202151909471, -0.0121170785278, -0.00270164944232, 0.00198741350323, 0.00399612169713, -0.00417105201632], [0.00112883863039, -0.00311347632669, 0.00385344424285, -0.0103033874184, 0.00627985037863, 0.00159587245435, -0.00321133807302, -0.0121170785278, 0.0243823323399, -0.00917482562363, 0.00319492816925, -0.00311704422347, 0.00655576493591], [-0.000416566646891, 0.00348448939621, -0.00370553974062, 0.00746447918937, -0.00414598826319, 0.00248993653804, 0.00144433253445, -0.00270164944232, -0.00917482562363, 0.0258381459862, -0.00929557345808, -0.00236857309937, -0.00112427934073], [0.0026458199136, -0.00308670778759, 0.00518213445321, -0.00595235452056, 0.00248953909613, -0.0060125393793, 0.000719307514373, 0.00198741350323, 0.00319492816925, -0.00929557345808, 0.0245765522122, -0.00673532113433, -0.00123611697927], [-0.00194346811622, 0.00623348215595, -0.00513557204977, 0.00670204451308, -0.0046929041855, 0.00942371133715, -0.00728187710047, 0.00399612169713, -0.00311704422347, -0.00236857309937, -0.00673532113433, 0.0271973200142, -0.0111823594198], [0.00209126598202, -0.00404550880194, 0.00541824707761, -0.00760788610205, 0.00396448047832, -0.00839837267995, 0.00468754163012, -0.00417105201632, 0.00655576493591, -0.00112427934073, -0.00123611697927, -0.0111823594198, 0.0287551973015]]
    },
    "melbands": {
        "dmean": [0.00158849696163, 0.00276940059848, 0.00120347656775, 0.000583715445828, 0.000319904036587, 0.000171437699464, 0.000201874703635, 0.000291768781608, 0.000269107811619, 0.000201135320822, 0.000124679936562, 0.00012077606516, 0.000175305613084, 0.000145284764585, 0.000124850354041, 0.000146217280417, 7.92262362665e-05, 8.81851592567e-05, 6.06724752288e-05, 4.75805682072e-05, 3.42223938787e-05, 1.70036837517e-05, 1.93082014448e-05, 8.76742251421e-06, 6.44746842227e-06, 8.88168779056e-06, 6.24123867965e-06, 3.80653727916e-06, 4.02617752115e-06, 4.00353110308e-06, 3.50051823261e-06, 3.28372470904e-06, 2.74137732958e-06, 2.49277013609e-06, 1.74196497937e-06, 1.10107669116e-06, 9.26446489302e-07, 7.60690682e-07, 6.03795513143e-07, 8.15816520117e-07],
        "dmean2": [0.0026546639856, 0.00445943605155, 0.00209533190355, 0.000976211915258, 0.000513030681759, 0.00029325747164, 0.000311708863592, 0.000456035835668, 0.000419341260567, 0.000312982592732, 0.000201370916329, 0.0001913660235, 0.000273390032817, 0.000231791171245, 0.000200032081921, 0.000245967996307, 0.000128227635287, 0.00014430367446, 0.000100353419839, 8.16050669528e-05, 5.74270889047e-05, 2.85311925836e-05, 3.21973566315e-05, 1.4736940102e-05, 1.08148560685e-05, 1.4747673049e-05, 1.06024099296e-05, 6.42720215183e-06, 6.79925869917e-06, 6.38158826405e-06, 5.66145899938e-06, 5.12012775289e-06, 3.86670762964e-06, 3.62952891919e-06, 2.65683934231e-06, 1.67815983332e-06, 1.45103240357e-06, 1.17718434467e-06, 9.50060098148e-07, 1.21877792481e-06],
        "dvar": [5.38651011084e-06, 2.02478040592e-05, 3.54844451067e-06, 5.986070164e-07, 1.79734001904e-07, 4.28913864425e-08, 9.62796917747e-08, 1.29779493818e-07, 1.79323421889e-07, 9.33886923349e-08, 2.94394428835e-08, 4.13352232442e-08, 1.12757511772e-07, 3.42461348168e-08, 3.08602281507e-08, 4.42341487883e-08, 1.1797191668e-08, 1.19952296984e-08, 6.07037531353e-09, 3.90106080772e-09, 1.37027444946e-09, 2.88009116556e-10, 4.28327567858e-10, 8.95520740896e-11, 4.61122806605e-11, 1.230802682e-10, 5.26197939388e-11, 1.75529712293e-11, 1.81585631948e-11, 3.61868000842e-11, 6.18902845639e-11, 9.70398206235e-11, 6.5086672163e-11, 6.33210289758e-11, 2.324757227e-11, 9.30365073176e-12, 1.13681685593e-11, 8.01876707396e-12, 3.72912941846e-12, 1.18036873678e-11],
        "dvar2": [1.39985604619e-05, 4.96010034112e-05, 9.63693673839e-06, 1.55484588049e-06, 4.5079397637e-07, 1.20149266536e-07, 2.16887286797e-07, 3.04570505705e-07, 3.87353367159e-07, 2.15590759467e-07, 7.35212992709e-08, 1.0624631841e-07, 2.65616279194e-07, 8.38121962943e-08, 7.65960166405e-08, 1.212135885e-07, 3.14021946224e-08, 3.43717552198e-08, 1.60091424561e-08, 1.10720330682e-08, 3.51013040856e-09, 8.16765599598e-10, 1.10729125868e-09, 2.2761414975e-10, 1.31162941619e-10, 3.28951477169e-10, 1.45489342795e-10, 4.83323069067e-11, 4.79624326366e-11, 8.14125364346e-11, 1.39759620543e-10, 2.18953008502e-10, 9.30164487101e-11, 1.20013610161e-10, 4.53685491952e-11, 1.6498578545e-11, 1.97208169933e-11, 1.39834177224e-11, 7.37213241842e-12, 2.51766940629e-11],
        "max": [0.0179611109197, 0.0395218841732, 0.0123944664374, 0.00778242200613, 0.0059975720942, 0.00200403039344, 0.00437828619033, 0.00703180208802, 0.00760563928634, 0.00440713576972, 0.0019229950849, 0.0027568959631, 0.00375727075152, 0.00263309967704, 0.00218468694948, 0.00210806238465, 0.00152307446115, 0.00132414000109, 0.00097267125966, 0.0009963872144, 0.000453632354038, 0.00019440955657, 0.000220123547479, 0.000105561950477, 7.46180812712e-05, 0.000150228239363, 8.98580765352e-05, 5.30986035301e-05, 5.17784355907e-05, 0.000111587789434, 0.0001613014756, 0.00015516669373, 0.000170318235178, 0.000158441631356, 8.5013161879e-05, 7.22820550436e-05, 8.35155005916e-05, 7.4002702604e-05, 4.10105822084e-05, 6.08785521763e-05],
        "mean": [0.00232953950763, 0.00410300958902, 0.0016577928327, 0.00103656679858, 0.000513941922691, 0.000285524089122, 0.000406147097237, 0.000603495223913, 0.000527002091985, 0.000386764178984, 0.00022720367997, 0.000235346611589, 0.000372199923731, 0.000316320540151, 0.000245322968112, 0.000255858962191, 0.000171960346051, 0.000168674087035, 0.000113049034553, 9.61254336289e-05, 7.12542387191e-05, 3.54341791535e-05, 4.05521241191e-05, 1.92039478861e-05, 1.3890236005e-05, 1.99666174012e-05, 1.43551178553e-05, 8.86064935912e-06, 9.49859895627e-06, 9.405691344e-06, 7.25883683117e-06, 6.28482030152e-06, 5.50083450435e-06, 4.77945559396e-06, 3.48859111909e-06, 2.06924300983e-06, 1.67504140336e-06, 1.3660805962e-06, 9.6591008969e-07, 1.0712844869e-06],
        "median": [0.00130607211031, 0.00205978797749, 0.0011069115717, 0.000745279539842, 0.000320885010296, 0.000208679266507, 0.000204524563742, 0.000412529567257, 0.00032272154931, 0.000212136408663, 0.000145115889609, 0.00011135834211, 9.45338906604e-05, 0.000173186184838, 0.000158876879141, 0.000160774536198, 0.000116599956527, 0.000118135052617, 8.02939175628e-05, 7.11484899512e-05, 5.70889496885e-05, 3.03111355606e-05, 3.20934923366e-05, 1.54866593221e-05, 1.14817221402e-05, 1.5225307834e-05, 1.10852697617e-05, 6.98005214872e-06, 7.9755564002e-06, 7.0071087066e-06, 4.86598673888e-06, 3.28445594278e-06, 2.52217864727e-06, 2.26412839766e-06, 1.94292488231e-06, 1.21633058825e-06, 8.5700787622e-07, 7.09319806447e-07, 4.65461766908e-07, 3.51889582362e-07],
        "min": [3.04581999444e-06, 6.02263862675e-05, 4.02925325034e-05, 1.28455176309e-05, 1.48442159116e-05, 8.93503965926e-06, 4.54742803413e-06, 5.28416239831e-06, 1.02910926216e-05, 1.15235061457e-05, 9.34923900786e-06, 4.48297896583e-06, 4.84359406983e-06, 1.18669731819e-05, 1.14089452836e-05, 4.22209450335e-06, 6.73020122122e-06, 5.75836747885e-06, 7.48032562115e-06, 8.62040997163e-06, 8.27927124192e-06, 3.26015242536e-06, 5.59898307984e-06, 2.37349718191e-06, 1.89392631e-06, 1.99316878025e-06, 1.11410361114e-06, 1.0890868225e-06, 9.01867906578e-07, 6.62571324028e-07, 4.51774468502e-07, 2.56280884514e-07, 3.31088116923e-08, 5.39315578862e-08, 8.85422934971e-08, 4.6602131043e-09, 1.35162663284e-08, 1.28102195518e-09, 4.92588123069e-11, 3.96924138522e-13],
