{
"highlevel": {
    "danceability": {
        "all": {
            "danceable": 0.821333348751,
            "not_danceable": 0.178666681051
        },
        "probability": 0.821333348751,
        "value": "danceable"
    },
    "gender": {
        "all": {
            "female": 0.151754394174,
            "male": 0.848245620728
        },
        "probability": 0.848245620728,
        "value": "male"
    },
    "genre_dortmund": {
        "all": {
            "alternative": 0.153516203165,
            "blues": 0.0739907324314,
            "electronic": 0.0139512717724,
            "folkcountry": 0.2813334167,
            "funksoulrnb": 0.00552373053506,
            "jazz": 0.0813349485397,
            "pop": 0.147193610668,
            "raphiphop": 0.00197920179926,
            "rock": 0.241176888347
        },
        "probability": 0.2813334167,
        "value": "folkcountry"
    },
    "genre_electronic": {
        "all": {
            "ambient": 0.486173927784,
            "dnb": 0.122298873961,
            "house": 0.272138804197,
            "techno": 0.0440301783383,
            "trance": 0.0753582045436
        },
        "probability": 0.486173927784,
        "value": "ambient"
    },
    "genre_rosamerica": {
        "all": {
            "cla": 0.0140126673505,
            "dan": 0.0447620302439,
            "hip": 0.0535815879703,
            "jaz": 0.0338491797447,
            "pop": 0.154598489404,
            "rhy": 0.531684875488,
            "roc": 0.125571727753,
            "spe": 0.0419394262135
        },
        "probability": 0.531684875488,
        "value": "rhy"
    },
    "genre_tzanetakis": {
        "all": {
            "blu": 0.0626613423228,
            "cla": 0.0348169617355,
            "cou": 0.104475811124,
            "dis": 0.0784321576357,
            "hip": 0.15692435205,
            "jaz": 0.313974827528,
            "met": 0.0448166541755,
            "pop": 0.0627359300852,
            "reg": 0.0627360641956,
            "roc": 0.0784258767962
        },
        "probability": 0.313974827528,
        "value": "jaz"
    },
    "ismir04_rhythm": {
        "all": {
            "ChaChaCha": 0.116287745535,
            "Jive": 0.0691881477833,
            "Quickstep": 0.0660617798567,
            "Rumba-American": 0.0170787032694,
            "Rumba-International": 0.420143783092,
            "Rumba-Misc": 0.0263221319765,
            "Samba": 0.148978576064,
            "Tango": 0.0233423262835,
            "VienneseWaltz": 0.101179130375,
            "Waltz": 0.0114176552743
        },
        "probability": 0.420143783092,
        "value": "Rumba-International"
    },
    "mood_acoustic": {
        "all": {
            "acoustic": 0.775159299374,
            "not_acoustic": 0.224840700626
        },
        "probability": 0.775159299374,
        "value": "acoustic"
    },
    "mood_aggressive": {
        "all": {
            "aggressive": 0.0197252873331,
            "not_aggressive": 0.980274736881
        },
        "probability": 0.980274736881,
        "value": "not_aggressive"
    },
    "mood_electronic": {
        "all": {
            "electronic": 0.191602393985,
            "not_electronic": 0.808397591114
        },
        "probability": 0.808397591114,
        "value": "not_electronic"
    },
    "mood_happy": {
        "all": {
            "happy": 0.508428454399,
            "not_happy": 0.491571575403
        },
        "probability": 0.508428454399,
        "value": "happy"
    },
    "mood_party": {
        "all": {
            "not_party": 0.848219037056,
            "party": 0.151780962944
        },
        "probability": 0.848219037056,
        "value": "not_party"
    },
    "mood_relaxed": {
        "all": {
            "not_relaxed": 0.019060311839,
            "relaxed": 0.980939686298
        },
        "probability": 0.980939686298,
        "value": "relaxed"
    },
    "mood_sad": {
        "all": {
            "not_sad": 0.241147354245,
            "sad": 0.758852660656
        },
        "probability": 0.758852660656,
        "value": "sad"
    },
    "moods_mirex": {
        "all": {
            "Cluster1": 0.104663208127,
            "Cluster2": 0.191367059946,
            "Cluster3": 0.647710859776,
            "Cluster4": 0.0375573150814,
            "Cluster5": 0.0187015663832
        },
        "probability": 0.647710859776,
        "value": "Cluster3"
    },
    "timbre": {
        "all": {
            "bright": 0.514543235302,
            "dark": 0.485456764698
        },
        "probability": 0.514543235302,
        "value": "bright"
    },
    "tonal_atonal": {
        "all": {
            "atonal": 0.773621499538,
            "tonal": 0.226378500462
        },
        "probability": 0.773621499538,
        "value": "atonal"
    },
    "voice_instrumental": {
        "all": {
            "instrumental": 0.0071100522764,
            "voice": 0.992889940739
        },
        "probability": 0.992889940739,
        "value": "voice"
    }
},
"lowlevel": {
    "average_loudness": 0.966059446335,
    "barkbands_crest": {
        "dmean": 2.4562163353,
        "dmean2": 4.03192234039,
        "dvar": 4.77042531967,
        "dvar2": 13.4055747986,
        "max": 23.9316635132,
        "mean": 12.3140497208,
        "median": 11.3900060654,
        "min": 3.7682492733,
        "var": 19.8429374695
    },
    "barkbands_flatness_db": {
        "dmean": 0.0243338234723,
        "dmean2": 0.0381124801934,
        "dvar": 0.000597052276134,
        "dvar2": 0.00133161048871,
        "max": 0.608021020889,
        "mean": 0.222713157535,
        "median": 0.203655719757,
        "min": 0.0729124397039,
        "var": 0.00904820207506
    },
    "barkbands_kurtosis": {
        "dmean": 8.39159488678,
        "dmean2": 13.0196037292,
        "dvar": 392.86895752,
        "dvar2": 902.676391602,
        "max": 705.252563477,
        "mean": 23.1927776337,
        "median": 16.1915588379,
        "min": -1.8897986412,
        "var": 1246.8223877
    },
    "barkbands_skewness": {
        "dmean": 0.658652365208,
        "dmean2": 1.03463578224,
        "dvar": 0.542324006557,
        "dvar2": 1.26589679718,
        "max": 17.0140762329,
        "mean": 3.38049507141,
        "median": 3.23547077179,
        "min": -0.0519210919738,
        "var": 2.32241606712
    },
    "barkbands_spread": {
        "dmean": 3.57239794731,
        "dmean2": 5.68276262283,
        "dvar": 39.9069671631,
        "dvar2": 78.1324386597,
        "max": 103.749649048,
        "mean": 11.1953649521,
        "median": 7.86971950531,
        "min": 0.158508166671,
        "var": 153.70916748
    },
    "dissonance": {
        "dmean": 0.0216885004193,
        "dmean2": 0.0355176106095,
        "dvar": 0.000354851974407,
        "dvar2": 0.000930636073463,
        "max": 0.498318165541,
        "mean": 0.442647665739,
        "median": 0.452124536037,
        "min": 0.25581496954,
        "var": 0.00154601747636
    },
    "dynamic_complexity": 2.294724226,
    "erbbands_crest": {
        "dmean": 2.10345053673,
        "dmean2": 3.39229226112,
        "dvar": 4.87511062622,
        "dvar2": 12.1441068649,
        "max": 24.5049877167,
        "mean": 9.12682151794,
        "median": 8.16603088379,
        "min": 2.23434519768,
        "var": 16.143819809
    },
    "erbbands_flatness_db": {
        "dmean": 0.0167462676764,
        "dmean2": 0.0245800092816,
        "dvar": 0.000351971946657,
        "dvar2": 0.000694618327543,
        "max": 0.360879868269,
        "mean": 0.150983884931,
        "median": 0.140313625336,
        "min": 0.0625874623656,
        "var": 0.00252178544179
    },
    "erbbands_kurtosis": {
        "dmean": 1.52437663078,
        "dmean2": 2.44088459015,
        "dvar": 10.9094877243,
        "dvar2": 25.0666122437,
        "max": 119.542289734,
        "mean": 3.31009817123,
        "median": 0.835441589355,
        "min": -1.80623590946,
        "var": 100.463661194
    },
    "erbbands_skewness": {
        "dmean": 0.36349439621,
        "dmean2": 0.572333335876,
        "dvar": 0.187244385481,
        "dvar2": 0.420943289995,
        "max": 9.06254577637,
        "mean": 1.2588814497,
        "median": 1.14460730553,
        "min": -2.62051987648,
        "var": 1.28296780586
    },
    "erbbands_spread": {
        "dmean": 9.69526290894,
        "dmean2": 14.990945816,
        "dvar": 162.950424194,
        "dvar2": 357.531890869,
        "max": 147.316604614,
        "mean": 45.5219993591,
        "median": 42.8898506165,
        "min": 2.6440513134,
        "var": 558.250915527
    },
    "hfc": {
        "dmean": 4.59632873535,
        "dmean2": 6.87995100021,
        "dvar": 65.5069885254,
        "dvar2": 156.768157959,
        "max": 90.3039474487,
        "mean": 14.7894430161,
        "median": 12.1060781479,
        "min": 1.02732563019,
        "var": 158.768783569
    },
    "melbands_crest": {
        "dmean": 2.76390576363,
        "dmean2": 4.45293092728,
        "dvar": 6.01348876953,
        "dvar2": 16.3571853638,
        "max": 29.927318573,
        "mean": 16.1824493408,
        "median": 15.8655881882,
        "min": 6.42064237595,
        "var": 18.8641223907
    },
    "melbands_flatness_db": {
        "dmean": 0.0279346480966,
        "dmean2": 0.043226044625,
        "dvar": 0.000854387762956,
        "dvar2": 0.00183133059181,
        "max": 0.748135268688,
        "mean": 0.301399081945,
        "median": 0.280516624451,
        "min": 0.109042316675,
        "var": 0.0128685198724
    },
    "melbands_kurtosis": {
        "dmean": 16.7224197388,
        "dmean2": 26.9955825806,
        "dvar": 674.543334961,
        "dvar2": 1700.64428711,
        "max": 367.958007812,
        "mean": 42.5586090088,
        "median": 32.9509353638,
        "min": 0.781517267227,
        "var": 1345.89501953
    },
    "melbands_skewness": {
        "dmean": 0.941171646118,
        "dmean2": 1.4735429287,
        "dvar": 1.22692453861,
        "dvar2": 3.01538729668,
        "max": 16.0687847137,
        "mean": 4.35290575027,
        "median": 4.08542251587,
        "min": 0.176605239511,
        "var": 3.557513237
    },
    "melbands_spread": {
        "dmean": 2.63199424744,
        "dmean2": 4.18028831482,
        "dvar": 22.5793628693,
        "dvar2": 48.9377822876,
        "max": 84.0476989746,
        "mean": 8.09294891357,
        "median": 5.35348558426,
        "min": 0.282777488232,
        "var": 70.9676055908
    },
    "pitch_salience": {
        "dmean": 0.0689046084881,
        "dmean2": 0.113055668771,
        "dvar": 0.00413568411022,
        "dvar2": 0.0117741180584,
        "max": 0.821246922016,
        "mean": 0.515425145626,
        "median": 0.536017298698,
        "min": 0.0540759786963,
        "var": 0.0174854360521
    },
    "silence_rate_20dB": {
        "dmean": 0,
        "dmean2": 0,
        "dvar": 0,
        "dvar2": 0,
        "max": 1,
        "mean": 1,
        "median": 1,
        "min": 1,
        "var": 0
    },
    "silence_rate_30dB": {
        "dmean": 0.0278637763113,
        "dmean2": 0.0557707212865,
        "dvar": 0.0270874835551,
        "dvar2": 0.0712509304285,
        "max": 1,
        "mean": 0.980665147305,
        "median": 1,
        "min": 0,
        "var": 0.0189610477537
    },
    "silence_rate_60dB": {
        "dmean": 0.00154798757285,
        "dmean2": 0.00309837330133,
        "dvar": 0.00154558278155,
        "dvar2": 0.00308872829191,
        "max": 1,
        "mean": 0.00154679035768,
        "median": 0,
        "min": 0,
        "var": 0.0015443918528
    },
    "spectral_centroid": {
        "dmean": 158.468139648,
        "dmean2": 251.577224731,
        "dvar": 68312.4140625,
        "dvar2": 148652.09375,
        "max": 3630.85400391,
        "mean": 644.741516113,
        "median": 522.975585938,
        "min": 91.1959533691,
        "var": 234906.015625
    },
    "spectral_complexity": {
        "dmean": 2.56733751297,
        "dmean2": 4.10069704056,
        "dvar": 13.4282426834,
        "dvar2": 30.8186779022,
        "max": 46,
        "mean": 11.749420166,
        "median": 11,
        "min": 1,
        "var": 39.0833053589
    },
    "spectral_decrease": {
        "dmean": 3.56954177327e-09,
        "dmean2": 5.7316058566e-09,
        "dvar": 2.16765955155e-17,
        "dvar2": 5.64965814212e-17,
        "max": -6.67930821763e-10,
        "mean": -1.09296394157e-08,
        "median": -9.79904068998e-09,
        "min": -4.64339180439e-08,
        "var": 3.96274008072e-17
    },
    "spectral_energy": {
        "dmean": 0.013742861338,
        "dmean2": 0.0220655202866,
        "dvar": 0.0003255144984,
        "dvar2": 0.00084634142695,
        "max": 0.17969840765,
        "mean": 0.0425924398005,
        "median": 0.03805039078,
        "min": 0.00264556892216,
        "var": 0.000592061434872
    },
    "spectral_energyband_high": {
        "dmean": 0.000290182360914,
        "dmean2": 0.000433847890235,
        "dvar": 4.64162667413e-07,
        "dvar2": 9.53598942033e-07,
        "max": 0.010735177435,
        "mean": 0.00059783103643,
        "median": 0.000264136178885,
        "min": 1.52978415713e-07,
        "var": 1.34744061597e-06
    },
    "spectral_energyband_low": {
        "dmean": 0.00832330062985,
        "dmean2": 0.0136790229008,
        "dvar": 0.000119036580145,
        "dvar2": 0.000310821429593,
        "max": 0.113667756319,
        "mean": 0.0219459719956,
        "median": 0.0187213364989,
        "min": 0.000155937159434,
        "var": 0.000227741125855
    },
    "spectral_energyband_middle_high": {
        "dmean": 0.00071159255458,
        "dmean2": 0.00108841049951,
        "dvar": 1.8326981035e-06,
        "dvar2": 4.29780084232e-06,
        "max": 0.0213180687279,
        "mean": 0.00189935066737,
        "median": 0.000933382485528,
        "min": 2.00213918333e-07,
        "var": 6.38169103695e-06
    },
    "spectral_energyband_middle_low": {
        "dmean": 0.00918335001916,
        "dmean2": 0.0147778354585,
        "dvar": 0.000234037055634,
        "dvar2": 0.000626290391665,
        "max": 0.168882861733,
        "mean": 0.0218015518039,
        "median": 0.0167272742838,
        "min": 5.40704641026e-05,
        "var": 0.000398899690481
    },
    "spectral_entropy": {
        "dmean": 0.210021927953,
        "dmean2": 0.319096207619,
        "dvar": 0.063149638474,
        "dvar2": 0.129171088338,
        "max": 8.47080421448,
        "mean": 7.08075809479,
        "median": 7.22128105164,
        "min": 4.45324802399,
        "var": 0.526024639606
    },
    "spectral_flux": {
        "dmean": 0.0285267252475,
        "dmean2": 0.0448035150766,
        "dvar": 0.00109421135858,
        "dvar2": 0.00226618233137,
        "max": 0.312585055828,
        "mean": 0.0839622020721,
        "median": 0.0754434615374,
        "min": 0.00205952697434,
        "var": 0.00277523975819
    },
    "spectral_kurtosis": {
        "dmean": 2.0553393364,
        "dmean2": 3.25598144531,
        "dvar": 8.23879814148,
        "dvar2": 19.7995052338,
        "max": 55.8933372498,
        "mean": 5.85567331314,
        "median": 3.57988786697,
        "min": -0.682884931564,
        "var": 50.6603965759
    },
    "spectral_rms": {
        "dmean": 0.000975601607934,
        "dmean2": 0.0015444047749,
        "dvar": 1.20918048196e-06,
        "dvar2": 2.96417897516e-06,
        "max": 0.0132406763732,
        "mean": 0.00620133895427,
        "median": 0.006092810072,
        "min": 0.0016065625241,
        "var": 3.09695292344e-06
    },
    "spectral_rolloff": {
        "dmean": 170.648330688,
        "dmean2": 281.164916992,
        "dvar": 299118,
        "dvar2": 554440.0625,
        "max": 10034.4726562,
        "mean": 522.192810059,
        "median": 279.931640625,
        "min": 86.1328125,
        "var": 859151.25
    },
    "spectral_skewness": {
        "dmean": 0.262313693762,
        "dmean2": 0.408570468426,
        "dvar": 0.07609500736,
        "dvar2": 0.170404210687,
        "max": 6.41256046295,
        "mean": 1.89146506786,
        "median": 1.65726530552,
        "min": 0.289603978395,
        "var": 0.76600933075
    },
    "spectral_spread": {
        "dmean": 668170.8125,
        "dmean2": 984930.5625,
        "dvar": 659097321472,
        "dvar2": 1.37433094554e+12,
        "max": 12596146,
        "mean": 5104324.5,
        "median": 5121876,
        "min": 1638942,
        "var": 2.53009408819e+12
    },
    "spectral_strongpeak": {
        "dmean": 0.285358697176,
        "dmean2": 0.476132035255,
        "dvar": 0.167657375336,
        "dvar2": 0.423980414867,
        "max": 4.79064512253,
        "mean": 0.657517373562,
        "median": 0.476313948631,
        "min": 0.0292044561356,
        "var": 0.338537693024
    },
    "zerocrossingrate": {
        "dmean": 0.00730154337361,
        "dmean2": 0.00914421025664,
        "dvar": 9.4657043519e-05,
        "dvar2": 0.000118177798868,
        "max": 0.22900390625,
        "mean": 0.0333575792611,
        "median": 0.0283203125,
        "min": 0.00341796875,
        "var": 0.000728087848984
    },
    "barkbands": {
        "dmean": [0.000185174503713, 0.00498451897874, 0.00361884664744, 0.00466861017048, 0.00450443476439, 0.000950677203946, 0.00101796968374, 0.000475453969557, 0.000460700248368, 0.000195805478143, 0.000131353037432, 0.000119622833154, 0.000170496132341, 0.000124353784486, 7.08357110852e-05, 6.89337684889e-05, 5.86891983403e-05, 5.70414376853e-05, 7.50318358769e-05, 6.75504561514e-05, 5.9181402321e-05, 6.85291961418e-05, 6.16994148004e-05, 5.24960196344e-05, 5.57466628379e-05, 2.34125745919e-05, 4.65531702076e-09],
        "dmean2": [0.000301934807794, 0.00855154916644, 0.00594057328999, 0.00772915873677, 0.00740738911554, 0.00148940028157, 0.00166491756681, 0.000701003242284, 0.000700217497069, 0.000319296756061, 0.000201291768462, 0.000187720332178, 0.000261678855168, 0.00019752526714, 0.000114892405691, 0.000113421818241, 9.69471875578e-05, 9.38390949159e-05, 0.000121564778965, 0.000108947788249, 9.50353351072e-05, 0.000111475485028, 9.40085737966e-05, 8.07843316579e-05, 8.38345076772e-05, 3.60284284397e-05, 6.1716760591e-09],
        "dvar": [1.04988551186e-07, 5.02938346472e-05, 3.26475965267e-05, 6.53434035485e-05, 7.19912932254e-05, 3.23480230691e-06, 8.05165745987e-06, 2.66626898338e-06, 2.42086230173e-06, 1.92522492171e-07, 2.00328059918e-07, 1.19404845123e-07, 2.37172699258e-07, 1.87396480555e-07, 3.50994859843e-08, 2.263965726e-08, 1.94443412482e-08, 1.68031686343e-08, 2.91351280879e-08, 1.94676488263e-08, 2.56296175394e-08, 3.2492341262e-08, 1.56682826713e-08, 1.44816603154e-08, 2.8116902584e-08, 3.30064953147e-09, 9.66682449691e-15],
        "dvar2": [2.54976214364e-07, 0.000137245689984, 9.52410919126e-05, 0.000173893145984, 0.000194413849385, 6.3562338255e-06, 2.13859748328e-05, 4.52312133348e-06, 5.12952192366e-06, 5.4054589782e-07, 4.66508879526e-07, 2.71736837476e-07, 5.39345421657e-07, 4.6543820531e-07, 8.1741355018e-08, 5.26461079176e-08, 4.94446368293e-08, 4.37906422235e-08, 7.09883352101e-08, 4.6567912193e-08, 6.12475901107e-08, 7.58016227564e-08, 3.176419483e-08, 3.12558050553e-08, 6.09679347008e-08, 7.24809856578e-09, 9.67954015552e-15],
        "max": [0.00412255665287, 0.0843493491411, 0.0560057982802, 0.0816730260849, 0.0989380702376, 0.0383117571473, 0.0574874393642, 0.028235476464, 0.0400104746222, 0.0063488134183, 0.0103902267292, 0.00718214316294, 0.0109617551789, 0.00941450335085, 0.00351860770024, 0.00313680642284, 0.00223738094792, 0.00174987048376, 0.00417020870373, 0.00178576190956, 0.00308074359782, 0.00293925963342, 0.00225378177129, 0.00235028238967, 0.00463972380385, 0.00105116819032, 3.53391919816e-06],
        "mean": [0.000258172804024, 0.0115690948442, 0.00650638202205, 0.00769908586517, 0.00860581826419, 0.00189575296827, 0.00175247318111, 0.000822284491733, 0.000961633748375, 0.000354925228748, 0.000212771992665, 0.00019323163724, 0.000351508060703, 0.00021000050765, 0.000112993671792, 0.000112973400974, 9.00609593373e-05, 8.29046839499e-05, 0.000133905035909, 0.000121897937788, 0.000102210149635, 0.000118866468256, 0.000110236025648, 9.19087251532e-05, 9.22099643503e-05, 2.91533469863e-05, 4.33060076688e-09],
        "median": [8.33606973174e-05, 0.0100842323154, 0.00350228999741, 0.00371137680486, 0.00479352846742, 0.00111042172648, 0.000730853702407, 0.000221183450776, 0.000308034155751, 9.40873433137e-05, 5.88158873143e-05, 5.77760620217e-05, 2.94140736514e-05, 4.65268385597e-05, 3.82513026125e-05, 4.8610570957e-05, 4.04407765018e-05, 4.49688377557e-05, 3.5996978113e-05, 4.73631844216e-05, 4.21129334427e-05, 4.79938753415e-05, 4.7682904551e-05, 3.00218707707e-05, 2.72922206932e-05, 4.62846401206e-06, 6.56290854995e-10],
        "min": [5.33436335104e-08, 2.66102815658e-05, 1.0529802239e-05, 8.4122248154e-06, 1.44210516737e-05, 1.60131839948e-05, 1.33748770281e-07, 4.94869851764e-08, 1.12828772103e-07, 1.60981095121e-08, 1.36718352195e-08, 3.30476490618e-09, 5.30066435189e-09, 7.47427897352e-09, 4.92070029168e-09, 3.00192781744e-09, 7.42450234625e-09, 1.18227321266e-08, 2.20908873416e-08, 1.39684228628e-08, 1.90934130728e-08, 1.21026566546e-08, 1.63715334622e-08, 1.57961590475e-08, 8.1553812592e-09, 1.09508634799e-11, 1.23800769983e-11],
        "var": [1.73622922262e-07, 8.11046484159e-05, 5.35999970452e-05, 0.000107430525532, 0.000126923492644, 6.84155611452e-06, 9.95212212729e-06, 5.73366287426e-06, 6.76395802657e-06, 3.82493169582e-07, 3.36346857921e-07, 2.06648678613e-07, 9.08487777451e-07, 2.94102051157e-07, 5.30059764969e-08, 6.29092014037e-08, 2.45680755739e-08, 1.97243448241e-08, 8.84565380943e-08, 4.07357489962e-08, 4.5481208133e-08, 6.40709387767e-08, 4.55382647147e-08, 4.22574579773e-08, 6.61534045321e-08, 5.72142866417e-09, 9.66302131898e-15]
    },
    "erbbands": {
        "dmean": [0.119073741138, 1.23568499088, 3.5583627224, 9.72969436646, 20.7742443085, 12.7760925293, 7.37743616104, 8.66597747803, 16.0429840088, 10.4963436127, 11.5808362961, 9.8214931488, 6.03693914413, 4.84746932983, 5.46763849258, 4.21195888519, 5.88693904877, 7.14218378067, 4.5902838707, 3.21991562843, 4.12432289124, 3.25375819206, 3.09638834, 2.56369829178, 4.52906084061, 3.22029304504, 2.16785264015, 2.55474996567, 2.35300827026, 2.25146985054, 1.77121770382, 1.18240702152, 0.867800593376, 0.691871404648, 0.374361306429, 0.128799170256, 0.0438196882606, 0.00357194803655, 6.96651695762e-05, 1.71332521859e-05],
        "dmean2": [0.205356940627, 2.12805652618, 5.78366327286, 15.8939743042, 34.2416114807, 20.3255367279, 12.5415449142, 12.9762277603, 26.0543823242, 16.0817584991, 17.2362136841, 14.7145929337, 9.48333835602, 7.87451648712, 8.61876773834, 6.61955356598, 8.79911708832, 10.7038736343, 7.28213500977, 5.39399766922, 6.64786195755, 5.36388969421, 5.04178142548, 4.19551277161, 7.30644178391, 5.1720700264, 3.49408912659, 4.06624746323, 3.75826525688, 3.56608057022, 2.73223471642, 1.85136544704, 1.31817901134, 1.01048982143, 0.589247763157, 0.196834206581, 0.0712492763996, 0.00585427274927, 0.000111594112241, 2.70313412329e-05],
        "dvar": [0.0291663780808, 3.23200392723, 29.0928039551, 227.551635742, 1755.76220703, 604.551269531, 176.693847656, 352.335784912, 2070.73535156, 637.823364258, 1600.18615723, 1173.2565918, 134.632202148, 135.554153442, 340.192565918, 135.258834839, 305.636444092, 365.165344238, 239.376831055, 45.1701202393, 92.1968231201, 58.5179901123, 48.1153564453, 29.694688797, 120.826530457, 43.9645195007, 30.1322803497, 56.2427978516, 40.7926902771, 28.4570007324, 15.1892518997, 6.57741069794, 4.23266077042, 3.56695652008, 1.69972455502, 0.129531383514, 0.0114857237786, 6.894285616e-05, 2.34487327333e-08, 5.37056066285e-10],
        "dvar2": [0.0824230313301, 8.7195930481, 78.6514587402, 609.879272461, 5005.53662109, 1505.80029297, 496.682647705, 630.429931641, 5506.45556641, 1557.62426758, 2882.61962891, 2240.09399414, 358.108001709, 365.691223145, 732.728637695, 323.203613281, 600.938903809, 842.385437012, 600.336425781, 110.851020813, 216.4503479, 151.390884399, 122.314361572, 77.0816116333, 300.734405518, 106.266181946, 72.8319702148, 130.853179932, 92.830947876, 65.9356689453, 33.4079246521, 14.0315599442, 9.28898525238, 7.21666240692, 4.13866710663, 0.301259577274, 0.0266901124269, 0.000166068275576, 5.45250529171e-08, 1.32930566554e-09],
        "max": [1.74499475956, 21.0347251892, 45.9819297791, 160.603149414, 584.940979004, 448.068450928, 177.105728149, 442.395141602, 897.412719727, 481.294555664, 829.327636719, 936.265441895, 114.050567627, 166.710968018, 470.328826904, 234.087341309, 460.454284668, 334.81842041, 324.942749023, 93.4730834961, 211.682479858, 135.699966431, 103.264427185, 64.6438446045, 308.254302979, 87.2250747681, 91.9679718018, 168.115249634, 119.944671631, 111.326721191, 72.7172546387, 49.2554016113, 38.0849380493, 52.847568512, 31.2871665955, 6.64426136017, 1.37270641327, 0.0755665078759, 0.00150852894876, 0.000228645119932],
        "mean": [0.228123128414, 2.91883420944, 7.47366762161, 17.9824962616, 33.8160934448, 24.2124614716, 13.4870834351, 17.4650249481, 26.1901702881, 19.2696475983, 22.0354938507, 21.2001304626, 11.8317184448, 9.21096801758, 9.84160327911, 7.48553800583, 12.2872285843, 15.3368740082, 7.81924676895, 5.21499538422, 6.8025841713, 5.33197212219, 4.84658098221, 4.17356491089, 8.44143295288, 5.8933596611, 3.73996782303, 4.44749450684, 4.29855680466, 3.53421020508, 3.17333292961, 2.18268680573, 1.43705892563, 1.13742268085, 0.580382585526, 0.175718188286, 0.0491863377392, 0.00362154236063, 9.54142597038e-05, 5.28041891812e-05],
        "median": [0.183087706566, 2.50611329079, 5.33885002136, 10.407204628, 18.6526298523, 12.7045879364, 9.07008171082, 9.87502574921, 11.4511356354, 7.08462142944, 6.38443470001, 6.5263171196, 4.474796772, 3.24103999138, 3.03397369385, 2.19397354126, 1.55688858032, 2.16075158119, 2.40829944611, 2.38862872124, 2.89872980118, 2.46164894104, 2.61925888062, 1.85211443901, 2.22673130035, 2.34247851372, 1.48817968369, 1.74840736389, 1.73425161839, 1.42320215702, 1.40230190754, 0.793369352818, 0.459743767977, 0.332195013762, 0.142651379108, 0.0350799970329, 0.00610772334039, 0.00025942872162, 3.17798803735e-05, 4.77740468341e-05],
        "min": [0.000953335838858, 0.00501077761874, 0.0435541830957, 0.349527209997, 0.07667452842, 0.0824078321457, 0.067895501852, 0.136090070009, 0.0278075728565, 0.00273990002461, 0.0016978958156, 0.00235619419254, 0.000807576579973, 0.000774138141423, 0.000390466215322, 0.000328136142343, 0.00028990325518, 0.000488396268338, 0.00023763772333, 0.000233348895563, 0.000272213947028, 0.000438493501861, 0.000461067218566, 0.000709132815246, 0.00101708562579, 0.000756131950766, 0.000809222983662, 0.000568562711123, 0.000490932376124, 0.000479971640743, 0.000384248967748, 0.000309762108373, 0.000326857320033, 3.99517848564e-05, 3.6881367123e-05, 1.02199264802e-05, 3.62472087545e-06, 4.99080044847e-07, 1.6163461396e-06, 3.10076165988e-06],
        "var": [0.0391390919685, 5.41322374344, 51.2423934937, 448.466491699, 2274.26660156, 1183.34118652, 246.216552734, 767.199645996, 2326.27172852, 1026.2878418, 3658.75048828, 3908.63232422, 280.328979492, 296.601470947, 687.941162109, 251.268615723, 1181.39709473, 1225.71960449, 287.721588135, 70.2932357788, 254.807449341, 80.2846298218, 64.4918518066, 41.5240058899, 377.894683838, 96.4459686279, 61.8835678101, 88.7986068726, 82.3138198853, 60.361328125, 37.982257843, 19.6200656891, 11.2436199188, 9.4919719696, 3.03062200546, 0.240339875221, 0.015765843913, 8.34504171507e-05, 3.30002265514e-08, 9.8817387606e-10]
    },
    "gfcc": {
        "mean": [-19.5524978638, 115.349479675, -72.2173690796, 52.678943634, -60.9381828308, 17.3884620667, -39.7866973877, 8.55740261078, -22.4921035767, -0.723701775074, -15.2098770142, -5.09266901016, -8.84139251709],
        "cov": [[6865.29248047, -1757.55200195, -1882.69775391, -336.803741455, -756.176269531, 356.454650879, -584.618286133, 81.7730178833, -464.183929443, 312.152923584, -397.28805542, 30.9247646332, -451.915039062], [-1757.55200195, 1132.5078125, 204.124679565, -33.648765564, 237.164886475, -186.42527771, 229.422912598, -79.8071289062, 193.659835815, -231.017440796, 163.126083374, -59.1372337341, 179.874816895], [-1882.69775391, 204.124679565, 1081.33325195, 139.133743286, 237.006088257, -58.7395706177, 166.194290161, 56.2496986389, 95.2716674805, -16.668170929, 48.0453186035, 70.7676773071, 73.6541366577], [-336.803741455, -33.648765564, 139.133743286, 279.977325439, 109.183425903, -45.934627533, -27.9678764343, -16.5996246338, 48.0208358765, -0.805904448032, 27.3578510284, -4.50585317612, 67.3698577881], [-756.176269531, 237.164886475, 237.006088257, 109.183425903, 296.528808594, -32.0437583923, 53.6520729065, -9.6256685257, 59.8952865601, -32.4740104675, 50.3849601746, 11.5192136765, 75.0002365112], [356.454650879, -186.42527771, -58.7395706177, -45.934627533, -32.0437583923, 181.35559082, 14.4368362427, 21.2276592255, -51.9092903137, 53.0086097717, 1.91737616062, -9.05687999725, -42.9023132324], [-584.618286133, 229.422912598, 166.194290161, -27.9678764343, 53.6520729065, 14.4368362427, 203.307006836, 14.3891983032, 32.4693946838, -29.3967018127, 53.9574623108, -9.4701385498, 17.7574558258], [81.7730178833, -79.8071289062, 56.2496986389, -16.5996246338, -9.6256685257, 21.2276592255, 14.3891983032, 101.542327881, 15.0524215698, 19.5914764404, -22.4183998108, 18.1462554932, -12.0525054932], [-464.183929443, 193.659835815, 95.2716674805, 48.0208358765, 59.8952865601, -51.9092903137, 32.4693946838, 15.0524215698, 129.14680481, -18.2775154114, 22.0331764221, -10.5526618958, 39.4486503601], [312.152923584, -231.017440796, -16.668170929, -0.805904448032, -32.4740104675, 53.0086097717, -29.3967018127, 19.5914764404, -18.2775154114, 126.2889328, -7.82723331451, 6.41975688934, -49.4794425964], [-397.28805542, 163.126083374, 48.0453186035, 27.3578510284, 50.3849601746, 1.91737616062, 53.9574623108, -22.4183998108, 22.0331764221, -7.82723331451, 107.210220337, -5.28827762604, 29.5385036469], [30.9247646332, -59.1372337341, 70.7676773071, -4.50585317612, 11.5192136765, -9.05687999725, -9.4701385498, 18.1462554932, -10.5526618958, 6.41975688934, -5.28827762604, 69.3284759521, -2.41237473488], [-451.915039062, 179.874816895, 73.6541366577, 67.3698577881, 75.0002365112, -42.9023132324, 17.7574558258, -12.0525054932, 39.4486503601, -49.4794425964, 29.5385036469, -2.41237473488, 106.160667419]],
        "icov": [[0.000869335315656, -0.000191258499399, 0.00120914017316, -0.000598500948399, 0.000468293612357, -0.000719058443792, 0.000715945963748, -0.000812761310954, 0.00122282793745, -0.00071166921407, 0.00161608122289, -0.00125889608171, 0.00146782211959], [-0.000191258499399, 0.00688567804173, -0.000229837212828, 0.00492393225431, -0.0027503776364, 0.00372698507272, -0.00321822194383, 0.00301480991766, -0.00591681012884, 0.00652230810374, -0.0058195409365, 0.0041351960972, -0.00416466454044], [0.00120914017316, -0.000229837212828, 0.00316508323886, -0.00136723963078, -5.82206484978e-05, -0.000699483614881, -0.000257591134869, -0.00155983236618, 0.00139051442966, -0.00125390395988, 0.00253165722825, -0.00317476107739, 0.00195509986952], [-0.000598500948399, 0.00492393225431, -0.00136723963078, 0.00910300482064, -0.00329006556422, 0.00348761864007, -0.000877198239323, 0.00296706915833, -0.00537478039041, 0.00360953691415, -0.0055729849264, 0.0047682793811, -0.00616294238716], [0.000468293612357, -0.0027503776364, -5.82206484978e-05, -0.00329006556422, 0.00653885118663, -0.00225599529222, 0.00113081920426, -0.00083500915207, 0.00183949468192, -0.00246012024581, 0.00217500049621, -0.00302771176212, 0.000462540454464], [-0.000719058443792, 0.00372698507272, -0.000699483614881, 0.00348761864007, -0.00225599529222, 0.0104793040082, -0.00325722643174, 5.9619651438e-05, -0.000693950569257, 0.00118156755343, -0.00526717072353, 0.00502576958388, -0.00233506737277], [0.000715945963748, -0.00321822194383, -0.000257591134869, -0.000877198239323, 0.00113081920426, -0.00325722643174, 0.00985979102552, -0.00328672816977, 0.00267609674484, -0.0014933005441, 0.000154762208695, -0.000590836687479, 0.00335141061805], [-0.000812761310954, 0.00301480991766, -0.00155983236618, 0.00296706915833, -0.00083500915207, 5.9619651438e-05, -0.00328672816977, 0.014982319437, -0.00673144450411, 0.00184294593055, -0.000140693504363, -0.000819395121653, -0.00312314112671], [0.00122282793745, -0.00591681012884, 0.00139051442966, -0.00537478039041, 0.00183949468192, -0.000693950569257, 0.00267609674484, -0.00673144450411, 0.0178511757404, -0.00689113605767, 0.00545943528414, -0.00173718144652, 0.00348119367845], [-0.00071166921407, 0.00652230810374, -0.00125390395988, 0.00360953691415, -0.00246012024581, 0.00118156755343, -0.0014933005441, 0.00184294593055, -0.00689113605767, 0.0182134639472, -0.00784382317215, 0.0039557130076, 0.000495236599818], [0.00161608122289, -0.0058195409365, 0.00253165722825, -0.0055729849264, 0.00217500049621, -0.00526717072353, 0.000154762208695, -0.000140693504363, 0.00545943528414, -0.00784382317215, 0.0205108020455, -0.00638700276613, 0.00327635090798], [-0.00125889608171, 0.0041351960972, -0.00317476107739, 0.0047682793811, -0.00302771176212, 0.00502576958388, -0.000590836687479, -0.000819395121653, -0.00173718144652, 0.0039557130076, -0.00638700276613, 0.022091306746, -0.0042446278967], [0.00146782211959, -0.00416466454044, 0.00195509986952, -0.00616294238716, 0.000462540454464, -0.00233506737277, 0.00335141061805, -0.00312314112671, 0.00348119367845, 0.000495236599818, 0.00327635090798, -0.0042446278967, 0.0210226401687]]
    },
    "melbands": {
        "dmean": [0.00121739308815, 0.00170373765286, 0.00203155912459, 0.00117248902097, 0.000294620840577, 0.000191963044927, 0.00023291274556, 0.000109673557745, 0.00010010747792, 5.66460366827e-05, 3.09600400215e-05, 2.17238630285e-05, 1.82464718819e-05, 1.36668213599e-05, 1.30672251544e-05, 1.69584454852e-05, 1.3146162928e-05, 8.48493618832e-06, 4.83940493723e-06, 4.05027549277e-06, 5.28103055331e-06, 3.54157168658e-06, 3.34617925546e-06, 2.69701899924e-06, 2.00747399504e-06, 3.60889407602e-06, 2.78653419628e-06, 2.18124387175e-06, 1.39853307246e-06, 1.50156427026e-06, 1.55505642851e-06, 1.36394044148e-06, 1.47454704802e-06, 1.20204958876e-06, 1.08772223939e-06, 9.46103455135e-07, 7.28189434085e-07, 6.27230804184e-07, 6.78029209666e-07, 5.93979848418e-07],
        "dmean2": [0.00208706432022, 0.00283203017898, 0.00334969605319, 0.00188902346417, 0.000495487591252, 0.000292152602924, 0.000376645388315, 0.000165794408531, 0.000149263840285, 8.61768785398e-05, 4.91553473694e-05, 3.55876036338e-05, 2.9146362067e-05, 2.12433660636e-05, 2.04110619961e-05, 2.56951880147e-05, 1.98059915419e-05, 1.35275668072e-05, 8.04863429948e-06, 6.72218266118e-06, 8.63064724399e-06, 5.82984375797e-06, 5.45140528629e-06, 4.50245397587e-06, 3.32279910253e-06, 5.87059093959e-06, 4.51607365903e-06, 3.52726510755e-06, 2.30022374126e-06, 2.49620120485e-06, 2.49515437645e-06, 2.18707350541e-06, 2.4236869649e-06, 1.89393676919e-06, 1.71426893303e-06, 1.46263619172e-06, 1.16282058116e-06, 9.94176275526e-07, 1.0584312804e-06, 8.72497309956e-07],
        "dvar": [2.95601148537e-06, 6.10332745055e-06, 1.09817583507e-05, 4.86738963446e-06, 2.67517322072e-07, 1.58440201403e-07, 4.35822869349e-07, 8.40151415105e-08, 1.23541113339e-07, 3.47138104928e-08, 3.70880814948e-09, 2.69332556257e-09, 4.13545153677e-09, 1.72208347582e-09, 1.85130688557e-09, 2.37731834218e-09, 1.47594636513e-09, 9.46542955127e-10, 1.73571837458e-10, 5.34761818161e-11, 1.59874918859e-10, 6.92211565845e-11, 6.97587682064e-11, 3.63007991722e-11, 1.83376178825e-11, 9.81720468807e-11, 3.37045044652e-11, 2.30113358923e-11, 1.18431662047e-11, 1.46518630562e-11, 2.10490531255e-11, 1.37130194353e-11, 1.61109840746e-11, 7.10420871436e-12, 6.39878644862e-12, 3.56949279162e-12, 2.88310629711e-12, 2.49884488102e-12, 3.34927571788e-12, 2.84444126239e-12],
        "dvar2": [8.27757594379e-06, 1.58516868396e-05, 3.01656436932e-05, 1.31027791213e-05, 7.3760156738e-07, 2.93408788821e-07, 1.16029957553e-06, 1.92789613607e-07, 2.34795336951e-07, 6.67511841357e-08, 1.00451087448e-08, 7.57835483256e-09, 9.93880089339e-09, 3.7657583718e-09, 3.71283004341e-09, 5.14586240286e-09, 3.51557671863e-09, 2.42303022091e-09, 3.98592492346e-10, 1.34247571393e-10, 3.8366604338e-10, 1.78661696548e-10, 1.66308744554e-10, 9.94295409895e-11, 4.7890073851e-11, 2.44853387565e-10, 8.23888735013e-11, 5.71682770567e-11, 2.85780149545e-11, 3.52815207605e-11, 4.85967932562e-11, 3.09639536233e-11, 4.14281248196e-11, 1.58947837531e-11, 1.50307006425e-11, 7.30250322017e-12, 6.85861220248e-12, 6.18757736021e-12, 7.79184789607e-12, 5.77004720045e-12],
        "max": [0.0206907019019, 0.0267143435776, 0.0352940373123, 0.0251814201474, 0.00599856255576, 0.00896537397057, 0.0133051136509, 0.00585026014596, 0.00788085721433, 0.00504631595686, 0.000619246449787, 0.000771370192524, 0.00162324355915, 0.000953167269472, 0.00112258677837, 0.000938057608437, 0.000761198520195, 0.000673252099659, 0.000262178626144, 0.000106149935164, 0.000284308072878, 0.000149703468196, 0.000128721803776, 8.64337926032e-05, 4.93199695484e-05, 0.000283233734081, 0.000102275538666, 6.98439907865e-05, 5.2943272749e-05, 6.01411993557e-05, 0.000100743694929, 7.47621161281e-05, 7.54814318498e-05, 5.50564982404e-05, 4.48543905804e-05, 3.42670500686e-05, 3.2862277294e-05, 3.39378566423e-05, 2.72840406979e-05, 4.88166951982e-05],
        "mean": [0.00268613151275, 0.00409719068557, 0.00367186148651, 0.00223839026876, 0.000545142218471, 0.000386417290429, 0.000389854249079, 0.000196834749659, 0.000194793305127, 0.000120236676594, 5.83501714573e-05, 3.97727199015e-05, 3.10359755531e-05, 2.26156807912e-05, 2.29701363423e-05, 3.43200663337e-05, 2.66859660769e-05, 1.31766400955e-05, 7.36104448151e-06, 6.28686439086e-06, 8.28633619676e-06, 5.32685226062e-06, 4.96162374475e-06, 3.88089029002e-06, 2.87944635602e-06, 6.53358029012e-06, 5.11681537319e-06, 3.59995715371e-06, 2.17320962292e-06, 2.45100954999e-06, 2.60584192802e-06, 2.42053420152e-06, 2.27528471441e-06, 1.83200893389e-06, 1.84333725883e-06, 1.65197411661e-06, 1.22878611819e-06, 1.00187685348e-06, 9.72272573563e-07, 9.64863488662e-07],
        "median": [0.00243195099756, 0.00327682425268, 0.0022213649936, 0.00124491483439, 0.000357308832463, 0.000222265080083, 0.000175807712367, 6.06958856224e-05, 5.17177250003e-05, 3.94254675484e-05, 1.96008095372e-05, 1.28154979393e-05, 9.38890570978e-06, 7.33796196073e-06, 3.70086354451e-06, 3.07722507387e-06, 3.915655725e-06, 3.78183381144e-06, 2.86805857286e-06, 2.90642333312e-06, 3.35725326295e-06, 2.37889798882e-06, 2.08440656024e-06, 2.05306309908e-06, 1.23528411677e-06, 1.5558805444e-06, 1.74792944563e-06, 1.30081775751e-06, 7.85734073361e-07, 9.74026761469e-07, 9.26574557525e-07, 8.59795250108e-07, 8.59103579387e-07, 6.67806432375e-07, 7.76633953592e-07, 6.71837710797e-07, 3.67313873539e-07, 2.76529561916e-07, 2.86433106567e-07, 2.60594617885e-07],
