{
"highlevel": {
    "danceability": {
        "all": {
            "danceable": 0.988248944283,
            "not_danceable": 0.0117510473356
        },
        "probability": 0.988248944283,
        "value": "danceable"
    },
    "gender": {
        "all": {
            "female": 0.894249379635,
            "male": 0.105750605464
        },
        "probability": 0.894249379635,
        "value": "female"
    },
    "genre_dortmund": {
        "all": {
            "alternative": 0.0604404732585,
            "blues": 0.027249854058,
            "electronic": 0.0394849106669,
            "folkcountry": 0.150029852986,
            "funksoulrnb": 0.0342953018844,
            "jazz": 0.0855004712939,
            "pop": 0.131491214037,
            "raphiphop": 0.380027294159,
            "rock": 0.0914806053042
        },
        "probability": 0.380027294159,
        "value": "raphiphop"
    },
    "genre_electronic": {
        "all": {
            "ambient": 0.719769239426,
            "dnb": 0.0542809404433,
            "house": 0.148270025849,
            "techno": 0.0216776635498,
            "trance": 0.056002125144
        },
        "probability": 0.719769239426,
        "value": "ambient"
    },
    "genre_rosamerica": {
        "all": {
            "cla": 0.0166963543743,
            "dan": 0.0606527216733,
            "hip": 0.110197767615,
            "jaz": 0.0179297495633,
            "pop": 0.172011658549,
            "rhy": 0.562221109867,
            "roc": 0.046372924,
            "spe": 0.0139177078381
        },
        "probability": 0.562221109867,
        "value": "rhy"
    },
    "genre_tzanetakis": {
        "all": {
            "blu": 0.0632461607456,
            "cla": 0.0351411625743,
            "cou": 0.105430684984,
            "dis": 0.0632700026035,
            "hip": 0.158183157444,
            "jaz": 0.316387206316,
            "met": 0.0632683113217,
            "pop": 0.0790835618973,
            "reg": 0.0632666796446,
            "roc": 0.0527230575681
        },
        "probability": 0.316387206316,
        "value": "jaz"
    },
    "ismir04_rhythm": {
        "all": {
            "ChaChaCha": 0.0617908537388,
            "Jive": 0.0442446246743,
            "Quickstep": 0.0998311340809,
            "Rumba-American": 0.0143266366795,
            "Rumba-International": 0.132698118687,
            "Rumba-Misc": 0.0255956836045,
            "Samba": 0.0710926651955,
            "Tango": 0.0254008732736,
            "VienneseWaltz": 0.493435263634,
            "Waltz": 0.0315841399133
        },
        "probability": 0.493435263634,
        "value": "VienneseWaltz"
    },
    "mood_acoustic": {
        "all": {
            "acoustic": 0.470460295677,
            "not_acoustic": 0.529539704323
        },
        "probability": 0.529539704323,
        "value": "not_acoustic"
    },
    "mood_aggressive": {
        "all": {
            "aggressive": 0.0292609874159,
            "not_aggressive": 0.970739006996
        },
        "probability": 0.970739006996,
        "value": "not_aggressive"
    },
    "mood_electronic": {
        "all": {
            "electronic": 0.648350059986,
            "not_electronic": 0.351649969816
        },
        "probability": 0.648350059986,
        "value": "electronic"
    },
    "mood_happy": {
        "all": {
            "happy": 0.968086361885,
            "not_happy": 0.0319136157632
        },
        "probability": 0.968086361885,
        "value": "happy"
    },
    "mood_party": {
        "all": {
            "not_party": 0.8460932374,
            "party": 0.153906747699
        },
        "probability": 0.8460932374,
        "value": "not_party"
    },
    "mood_relaxed": {
        "all": {
            "not_relaxed": 0.0499398000538,
            "relaxed": 0.95006018877
        },
        "probability": 0.95006018877,
        "value": "relaxed"
    },
    "mood_sad": {
        "all": {
            "not_sad": 0.362265795469,
            "sad": 0.637734174728
        },
        "probability": 0.637734174728,
        "value": "sad"
    },
    "moods_mirex": {
        "all": {
            "Cluster1": 0.256149172783,
            "Cluster2": 0.362846195698,
            "Cluster3": 0.263396084309,
            "Cluster4": 0.0804250016809,
            "Cluster5": 0.0371835716069
        },
        "probability": 0.362846195698,
        "value": "Cluster2"
    },
    "timbre": {
        "all": {
            "bright": 0.98143196106,
            "dark": 0.0185680184513
        },
        "probability": 0.98143196106,
        "value": "bright"
    },
    "tonal_atonal": {
        "all": {
            "atonal": 0.00462039886042,
            "tonal": 0.995379626751
        },
        "probability": 0.995379626751,
        "value": "tonal"
    },
    "voice_instrumental": {
        "all": {
            "instrumental": 0.0782644823194,
            "voice": 0.921735525131
        },
        "probability": 0.921735525131,
        "value": "voice"
    }
},
"lowlevel": {
    "average_loudness": 0.969231247902,
    "barkbands_crest": {
        "dmean": 3.31594848633,
        "dmean2": 4.94534778595,
        "dvar": 9.23070716858,
        "dvar2": 19.0437488556,
        "max": 26.5575771332,
        "mean": 12.323182106,
        "median": 11.1342544556,
        "min": 3.27920246124,
        "var": 28.162902832
    },
    "barkbands_flatness_db": {
        "dmean": 0.0412287786603,
        "dmean2": 0.0576015561819,
        "dvar": 0.00191323657054,
        "dvar2": 0.0037347341422,
        "max": 0.535995662212,
        "mean": 0.202568724751,
        "median": 0.19674256444,
        "min": 0.0485492609441,
        "var": 0.00556299416348
    },
    "barkbands_kurtosis": {
        "dmean": 15.27572155,
        "dmean2": 24.496887207,
        "dvar": 2785.74121094,
        "dvar2": 7111.52441406,
        "max": 821.241821289,
        "mean": 16.467464447,
        "median": 4.26204490662,
        "min": -1.88397037983,
        "var": 2525.86401367
    },
    "barkbands_skewness": {
        "dmean": 1.17720866203,
        "dmean2": 1.7553498745,
        "dvar": 3.50714325905,
        "dvar2": 7.54298973083,
        "max": 24.3083190918,
        "mean": 2.46056365967,
        "median": 1.85039806366,
        "min": -2.01478099823,
        "var": 5.80784463882
    },
    "barkbands_spread": {
        "dmean": 8.18100261688,
        "dmean2": 12.6106348038,
        "dvar": 147.670089722,
        "dvar2": 355.264129639,
        "max": 100.342422485,
        "mean": 16.06158638,
        "median": 12.0098457336,
        "min": 0.15944032371,
        "var": 202.898254395
    },
    "dissonance": {
        "dmean": 0.0308639928699,
        "dmean2": 0.0487385429442,
        "dvar": 0.00089394726092,
        "dvar2": 0.00216345977969,
        "max": 0.5,
        "mean": 0.432676285505,
        "median": 0.442237138748,
        "min": 0.226645663381,
        "var": 0.00212446972728
    },
    "dynamic_complexity": 2.08286571503,
    "erbbands_crest": {
        "dmean": 3.27434563637,
        "dmean2": 5.13312673569,
        "dvar": 7.89010715485,
        "dvar2": 20.0701580048,
        "max": 27.93841362,
        "mean": 10.668794632,
        "median": 9.58456611633,
        "min": 3.08405065536,
        "var": 19.9048938751
    },
    "erbbands_flatness_db": {
        "dmean": 0.0291727297008,
        "dmean2": 0.0394831709564,
        "dvar": 0.000773875508457,
        "dvar2": 0.00148544088006,
        "max": 0.350601762533,
        "mean": 0.172582224011,
        "median": 0.173696666956,
        "min": 0.0598179623485,
        "var": 0.00246628466994
    },
    "erbbands_kurtosis": {
        "dmean": 1.76245284081,
        "dmean2": 2.68874955177,
        "dvar": 12.5302429199,
        "dvar2": 25.5376491547,
        "max": 91.9847946167,
        "mean": 1.65379178524,
        "median": 0.761083841324,
        "min": -1.82392156124,
        "var": 19.8669319153
    },
    "erbbands_skewness": {
        "dmean": 0.573321580887,
        "dmean2": 0.86683934927,
        "dvar": 0.387866288424,
        "dvar2": 0.860883593559,
        "max": 8.60463428497,
        "mean": 0.810617029667,
        "median": 0.809332072735,
        "min": -2.85589671135,
        "var": 0.863905668259
    },
    "erbbands_spread": {
        "dmean": 14.2386875153,
        "dmean2": 20.8591098785,
        "dvar": 329.869110107,
        "dvar2": 735.736877441,
        "max": 187.380493164,
        "mean": 38.2749252319,
        "median": 31.3808822632,
        "min": 3.59487247467,
        "var": 634.400634766
    },
    "hfc": {
        "dmean": 10.1178874969,
        "dmean2": 14.0348777771,
        "dvar": 196.916793823,
        "dvar2": 380.255554199,
        "max": 110.331756592,
        "mean": 21.594165802,
        "median": 17.5369548798,
        "min": 0.0813340842724,
        "var": 360.103210449
    },
    "melbands_crest": {
        "dmean": 3.58090424538,
        "dmean2": 5.55008840561,
        "dvar": 11.0184469223,
        "dvar2": 23.7880153656,
        "max": 36.3137741089,
        "mean": 15.5735559464,
        "median": 14.5762739182,
        "min": 3.79042172432,
        "var": 32.7923583984
    },
    "melbands_flatness_db": {
        "dmean": 0.0499542877078,
        "dmean2": 0.0677819252014,
        "dvar": 0.00301113422029,
        "dvar2": 0.00581383518875,
        "max": 0.627043604851,
        "mean": 0.264253616333,
        "median": 0.256985634565,
        "min": 0.0387468338013,
        "var": 0.00939530227333
    },
    "melbands_kurtosis": {
        "dmean": 24.8690662384,
        "dmean2": 40.2456054688,
        "dvar": 3436.84326172,
        "dvar2": 8662.76074219,
        "max": 608.250976562,
        "mean": 29.9309139252,
        "median": 10.6790361404,
        "min": -1.8070473671,
        "var": 3574.93579102
    },
    "melbands_skewness": {
        "dmean": 1.38478922844,
        "dmean2": 2.07248830795,
        "dvar": 3.7289917469,
        "dvar2": 8.47696685791,
        "max": 20.3960800171,
        "mean": 3.32161164284,
        "median": 2.59418416023,
        "min": -0.387531936169,
        "var": 7.05039548874
    },
    "melbands_spread": {
        "dmean": 8.0683889389,
        "dmean2": 12.6847314835,
        "dvar": 213.319992065,
        "dvar2": 487.048461914,
        "max": 168.627182007,
        "mean": 15.2891149521,
        "median": 11.607708931,
        "min": 0.237497672439,
        "var": 273.618438721
    },
    "pitch_salience": {
        "dmean": 0.0836740061641,
        "dmean2": 0.128899484873,
        "dvar": 0.00666914135218,
        "dvar2": 0.0135861197487,
        "max": 0.801794409752,
        "mean": 0.478036940098,
        "median": 0.49587136507,
        "min": 0.0456145741045,
        "var": 0.0221182946116
    },
    "silence_rate_20dB": {
        "dmean": 0,
        "dmean2": 0,
        "dvar": 0,
        "dvar2": 0,
        "max": 1,
        "mean": 1,
        "median": 1,
        "min": 1,
        "var": 0
    },
    "silence_rate_30dB": {
        "dmean": 0.061919502914,
        "dmean2": 0.123934932053,
        "dvar": 0.0580857172608,
        "dvar2": 0.124066539109,
        "max": 1,
        "mean": 0.908739387989,
        "median": 1,
        "min": 0,
        "var": 0.0829329118133
    },
    "silence_rate_60dB": {
        "dmean": 0.0154798757285,
        "dmean2": 0.0309837330133,
        "dvar": 0.0152402371168,
        "dvar2": 0.039318986237,
        "max": 1,
        "mean": 0.0116009283811,
        "median": 0,
        "min": 0,
        "var": 0.0114662442356
    },
    "spectral_centroid": {
        "dmean": 343.068908691,
        "dmean2": 522.06237793,
        "dvar": 223267.609375,
        "dvar2": 515044.53125,
        "max": 4370.18554688,
        "mean": 926.397644043,
        "median": 760.94152832,
        "min": 104.085144043,
        "var": 365040.625
    },
    "spectral_complexity": {
        "dmean": 4.80030965805,
        "dmean2": 6.90395021439,
        "dvar": 30.8345565796,
        "dvar2": 60.3640098572,
        "max": 47,
        "mean": 14.874710083,
        "median": 14,
        "min": 0,
        "var": 73.4630126953
    },
    "spectral_decrease": {
        "dmean": 4.75227102115e-09,
        "dmean2": 6.62272325869e-09,
        "dvar": 4.87532642977e-17,
        "dvar2": 9.51525975652e-17,
        "max": -1.71670282156e-11,
        "mean": -1.18755512091e-08,
        "median": -8.78705019858e-09,
        "min": -7.0387820017e-08,
        "var": 1.23522391182e-16
    },
    "spectral_energy": {
        "dmean": 0.0185291878879,
        "dmean2": 0.0257079042494,
        "dvar": 0.000702461111359,
        "dvar2": 0.00136185518932,
        "max": 0.26832818985,
        "mean": 0.0467797145247,
        "median": 0.0349592864513,
        "min": 8.30810749903e-05,
        "var": 0.00181246118154
    },
    "spectral_energyband_high": {
        "dmean": 0.000635592092294,
        "dmean2": 0.000920161721297,
        "dvar": 1.38616962886e-06,
        "dvar2": 2.75133311334e-06,
        "max": 0.0091768912971,
        "mean": 0.00078222155571,
        "median": 0.000226201140322,
        "min": 8.080856162e-08,
        "var": 2.00511158255e-06
    },
    "spectral_energyband_low": {
        "dmean": 0.0129897585139,
        "dmean2": 0.0189228281379,
        "dvar": 0.000725203368347,
        "dvar2": 0.00145939388312,
        "max": 0.254373192787,
        "mean": 0.0260289218277,
        "median": 0.0115715200081,
        "min": 8.47919466196e-07,
        "var": 0.00166487065144
    },
    "spectral_energyband_middle_high": {
        "dmean": 0.00239984248765,
        "dmean2": 0.00330827990547,
        "dvar": 1.64218545251e-05,
        "dvar2": 2.85679707304e-05,
        "max": 0.055722258985,
        "mean": 0.00438799755648,
        "median": 0.00260385032743,
        "min": 6.95676362739e-06,
        "var": 3.47029344994e-05
    },
    "spectral_energyband_middle_low": {
        "dmean": 0.00698355538771,
        "dmean2": 0.00962223019451,
        "dvar": 5.42152811249e-05,
        "dvar2": 0.000101158075267,
        "max": 0.0977225899696,
        "mean": 0.0176869183779,
        "median": 0.0151446908712,
        "min": 4.47982783953e-05,
        "var": 0.000193402855075
    },
    "spectral_entropy": {
        "dmean": 0.3325099051,
        "dmean2": 0.452300190926,
        "dvar": 0.116334557533,
        "dvar2": 0.23902747035,
        "max": 8.53174114227,
        "mean": 7.21821022034,
        "median": 7.24003362656,
        "min": 4.65154838562,
        "var": 0.354162484407
    },
    "spectral_flux": {
        "dmean": 0.0434777624905,
        "dmean2": 0.0696176737547,
        "dvar": 0.00197497615591,
        "dvar2": 0.00496813701466,
        "max": 0.406872093678,
        "mean": 0.103947475553,
        "median": 0.0907543376088,
        "min": 0.00719911791384,
        "var": 0.00415578531101
    },
    "spectral_kurtosis": {
        "dmean": 3.055082798,
        "dmean2": 4.77821874619,
        "dvar": 21.770898819,
        "dvar2": 50.3168907166,
        "max": 79.4493484497,
        "mean": 6.20151758194,
        "median": 4.87477827072,
        "min": -0.887750387192,
        "var": 36.4851455688
    },
    "spectral_rms": {
        "dmean": 0.00131059694104,
        "dmean2": 0.00173901848029,
        "dvar": 2.17530896407e-06,
        "dvar2": 3.39880079991e-06,
        "max": 0.0161797273904,
        "mean": 0.00619196845219,
        "median": 0.00584008730948,
        "min": 0.000284701091005,
        "var": 7.2983739301e-06
    },
    "spectral_rolloff": {
        "dmean": 617.330749512,
        "dmean2": 1075.0760498,
        "dvar": 1983411.125,
        "dvar2": 5029008.5,
        "max": 11735.5957031,
        "mean": 946.67779541,
        "median": 516.796875,
        "min": 64.599609375,
        "var": 1829841.125
    },
    "spectral_skewness": {
        "dmean": 0.400107741356,
        "dmean2": 0.586720526218,
        "dvar": 0.172474071383,
        "dvar2": 0.372189462185,
        "max": 5.96122789383,
        "mean": 1.90287435055,
        "median": 1.83103179932,
        "min": 0.154554665089,
        "var": 0.504418432713
    },
    "spectral_spread": {
        "dmean": 995947.6875,
        "dmean2": 1390446.875,
        "dvar": 1.23652472832e+12,
        "dvar2": 2.59527252378e+12,
        "max": 14124307,
        "mean": 4722260.5,
        "median": 4366196.5,
        "min": 1122940.375,
        "var": 3.16008300544e+12
    },
    "spectral_strongpeak": {
        "dmean": 0.518087267876,
        "dmean2": 0.873056232929,
        "dvar": 0.847608745098,
        "dvar2": 2.09173870087,
        "max": 10.5897245407,
        "mean": 0.906655371189,
        "median": 0.537674486637,
        "min": 0,
        "var": 0.956480562687
    },
    "zerocrossingrate": {
        "dmean": 0.0149258356541,
        "dmean2": 0.017514962703,
        "dvar": 0.000325868924847,
        "dvar2": 0.00043100581388,
        "max": 0.2626953125,
        "mean": 0.0440129078925,
        "median": 0.0361328125,
        "min": 0.00244140625,
        "var": 0.00110604451038
    },
    "barkbands": {
        "dmean": [0.00029132963391, 0.0116416411474, 0.00409657275304, 0.00233603781089, 0.00133036519401, 0.00216325721703, 0.00275043444708, 0.0012857146794, 0.000554345140699, 0.000202200331842, 0.000305518216919, 0.000562681409065, 0.000462078955024, 0.000652696413454, 0.000154869849212, 0.000220164467464, 0.000224022645853, 0.000182731368113, 0.000182403819053, 9.59467943176e-05, 9.06965142349e-05, 0.000101482626633, 0.000113072077511, 0.000132154280436, 0.000148118517245, 7.29504172341e-05, 2.83107954857e-08],
        "dmean2": [0.000413240806665, 0.0173832532018, 0.00663193454966, 0.00346571905538, 0.00200494704768, 0.00318724755198, 0.00395493768156, 0.00185594847426, 0.000687847670633, 0.00029583988362, 0.000438353104983, 0.000755338056479, 0.00064892123919, 0.00101503869519, 0.00022868157248, 0.000350116373738, 0.00037571892608, 0.000294239143841, 0.000301393185509, 0.000151119602378, 0.000136363305501, 0.000150617532199, 0.000170852159499, 0.000200614915229, 0.000228365403018, 0.000104710874439, 5.11772242362e-08],
        "dvar": [6.33983802345e-07, 0.000738172384445, 0.000141484779306, 2.798902824e-05, 5.337903076e-06, 8.95958964975e-06, 1.23805339172e-05, 4.21082313551e-06, 1.00432862382e-06, 1.10095285777e-07, 2.89063734726e-07, 1.29387524339e-06, 8.40939321733e-07, 3.62612740901e-06, 9.36040294164e-08, 1.83504752727e-07, 2.69080345561e-07, 1.91642413938e-07, 1.4043905594e-07, 3.61185286124e-08, 2.11162429764e-08, 4.11313614279e-08, 5.0802711371e-08, 7.8282276661e-08, 1.84571518957e-07, 4.7656975255e-08, 2.83076632203e-14],
        "dvar2": [9.70918449639e-07, 0.00179752521217, 0.000364281644579, 5.27996962774e-05, 1.20179583973e-05, 1.80012393685e-05, 2.47271927947e-05, 8.48177296575e-06, 1.41145426369e-06, 2.1670028616e-07, 5.74000864617e-07, 2.19440084948e-06, 1.57767124165e-06, 8.13808128441e-06, 1.83655160413e-07, 4.32813692441e-07, 7.51140987632e-07, 5.08206767336e-07, 3.85650139378e-07, 9.0843371936e-08, 4.57476012627e-08, 7.92743861666e-08, 9.99305242999e-08, 1.74153797161e-07, 4.50230032811e-07, 1.01645220241e-07, 7.95914237837e-14],
        "max": [0.0102125322446, 0.246354818344, 0.121823392808, 0.0792713463306, 0.0240558311343, 0.0463184118271, 0.0430756211281, 0.0291933305562, 0.0123879024759, 0.00385868502781, 0.00662931753322, 0.0187683720142, 0.0119585180655, 0.027526922524, 0.00416302727535, 0.00476735131815, 0.0053080660291, 0.00638920487836, 0.00379172014073, 0.00234440830536, 0.00156401377171, 0.00224761525169, 0.00282943900675, 0.00319066410884, 0.00424609193578, 0.00251182401553, 3.02695434584e-06],
        "mean": [0.000404112797696, 0.0184683632106, 0.00508605642244, 0.00364492996596, 0.00191133096814, 0.00400413386524, 0.00508654350415, 0.0018911579391, 0.00108531326987, 0.000331975053996, 0.00051630102098, 0.00089575786842, 0.000696812116075, 0.000769129488617, 0.000216621367144, 0.00028861197643, 0.000242977621383, 0.000180685907253, 0.000219320252654, 0.00011435415945, 0.000120848788356, 0.000116945731861, 0.00012389307085, 0.00014760850172, 0.000144911318785, 7.10375097697e-05, 1.84030337635e-08],
        "median": [2.50446610153e-05, 0.00850384961814, 0.0011715189321, 0.00125313131139, 0.000665349652991, 0.0023263709154, 0.00270423293114, 0.000749840051867, 0.000240084831603, 0.00015068911307, 0.000128843341372, 0.000149237937876, 0.000135123569635, 0.000123732781503, 6.44060346531e-05, 0.000107383762952, 7.96449530753e-05, 4.0047980292e-05, 9.60866382229e-05, 3.4001084714e-05, 5.01431859448e-05, 1.77998026629e-05, 2.11730075534e-05, 4.16918555857e-05, 2.55992763414e-05, 3.04333480017e-06, 7.20412618449e-10],
        "min": [4.15815909482e-10, 4.19953991582e-08, 1.80624923019e-07, 1.9333185719e-07, 7.96318147422e-07, 4.14304076912e-06, 1.63513880125e-06, 2.1555423757e-07, 5.35014805791e-07, 8.21932175654e-08, 1.76638479843e-07, 1.4954318317e-07, 2.60289596099e-07, 1.25696132613e-07, 1.0425613084e-07, 2.13595356513e-07, 1.94813807752e-07, 1.30483456928e-07, 1.04622976949e-07, 5.91056377175e-08, 2.27895302629e-08, 1.00266173142e-09, 1.22779733047e-08, 5.37508704213e-09, 9.73257252568e-10, 1.03198213863e-11, 1.01500717553e-11],
        "var": [1.42952751503e-06, 0.00117643619888, 0.000138739138492, 6.43306339043e-05, 9.1764050012e-06, 2.2227937734e-05, 3.74474693672e-05, 9.0613757493e-06, 3.57983208232e-06, 2.39273333591e-07, 7.93661683929e-07, 3.05715957438e-06, 1.66328413798e-06, 4.48096761829e-06, 1.69012608353e-07, 2.2360707419e-07, 2.05440159107e-07, 1.67628812164e-07, 1.29902318236e-07, 4.17769996375e-08, 3.24494244808e-08, 5.99850977778e-08, 7.19406969552e-08, 9.93768978219e-08, 1.71646902913e-07, 5.42256231029e-08, 1.69554074828e-14]
    },
    "erbbands": {
        "dmean": [0.372313678265, 2.53656554222, 4.51759815216, 5.79797458649, 6.54519796371, 3.12022280693, 11.4193239212, 18.1406230927, 19.6923084259, 60.5645370483, 20.1051750183, 12.0767002106, 6.59436321259, 7.4820394516, 13.3479127884, 19.6524600983, 21.5926437378, 24.8200016022, 19.6613273621, 9.63518238068, 11.4676380157, 13.0941085815, 9.56738471985, 9.80112171173, 8.331990242, 4.43114805222, 3.93080210686, 3.80489015579, 3.75219416618, 2.95710778236, 3.39898204803, 2.4264330864, 2.5401058197, 1.35227525234, 1.18424355984, 0.543566942215, 0.0911945402622, 0.00755047053099, 0.000157018104801, 2.75435504591e-05],
        "dmean2": [0.573437273502, 3.85741043091, 7.29464435577, 8.36064624786, 10.1076574326, 4.41323328018, 17.4240570068, 26.4640693665, 28.1798439026, 86.5352783203, 27.175327301, 15.1881885529, 8.9447145462, 10.0249052048, 18.5542697906, 26.5373802185, 29.1833496094, 36.6350746155, 30.6495838165, 14.5547008514, 18.0785522461, 21.7079086304, 15.5313892365, 15.8146238327, 13.7760248184, 7.07965755463, 6.09408140182, 5.58829259872, 5.60615587234, 4.33665657043, 5.17353534698, 3.70601272583, 3.85996699333, 2.03051137924, 1.8664098978, 0.826798498631, 0.129802271724, 0.0110335433856, 0.00022531391005, 3.76598036382e-05],
        "dvar": [0.950021445751, 35.3709106445, 160.219772339, 147.09135437, 207.290786743, 21.7352657318, 233.070053101, 687.053405762, 711.70892334, 6708.12451172, 1333.70410156, 451.410644531, 117.561286926, 155.938644409, 558.591796875, 1452.30761719, 1904.55102539, 3446.70703125, 3916.06567383, 301.742462158, 444.096832275, 896.71295166, 534.98828125, 353.250549316, 401.573272705, 75.5896759033, 44.4316825867, 41.1780891418, 60.3358154297, 36.7514457703, 50.0917396545, 28.6033706665, 31.5978469849, 9.40322780609, 15.7690143585, 3.619754076, 0.0598948635161, 0.000475428270875, 1.76148660103e-07, 1.60505275737e-09],
        "dvar2": [2.27351164818, 84.9092254639, 395.114013672, 248.546142578, 481.880096436, 42.3264160156, 532.404052734, 1289.0246582, 1436.52246094, 12990.2734375, 2620.97509766, 652.862365723, 179.938171387, 257.766204834, 1033.20751953, 2524.12207031, 3438.09594727, 7317.01074219, 8593, 645.90838623, 1018.29833984, 2479.30297852, 1423.1138916, 933.769958496, 1138.28991699, 191.255447388, 102.73462677, 89.0984725952, 120.734329224, 74.5211868286, 99.251991272, 60.3639335632, 70.8825378418, 19.9556903839, 39.6666221619, 8.60841846466, 0.127539142966, 0.00102209346369, 3.52361468003e-07, 3.01986524676e-09],
        "max": [10.0146789551, 57.7025642395, 134.103988647, 178.340682983, 139.982620239, 60.9689979553, 193.860626221, 374.239776611, 339.543579102, 867.433410645, 569.384399414, 243.252304077, 235.429260254, 254.636276245, 294.079193115, 679.208496094, 592.813415527, 606.807250977, 942.74786377, 194.500289917, 223.378936768, 320.483703613, 333.177093506, 206.089981079, 287.489807129, 99.6678695679, 76.3564910889, 54.1560020447, 73.2462005615, 81.7614212036, 89.1554489136, 80.7514877319, 59.5532188416, 33.1490592957, 40.2573471069, 22.6770420074, 2.91400527954, 0.299889832735, 0.00547724450007, 0.000357807759428],
        "mean": [0.504340648651, 4.16526126862, 6.6221165657, 9.87299442291, 8.6703748703, 5.25143098831, 20.4166889191, 33.5303840637, 36.8446273804, 104.889274597, 36.2168312073, 23.3573760986, 11.7783145905, 15.0819044113, 22.7760848999, 31.8525753021, 34.5664863586, 32.7156066895, 24.24659729, 13.2455873489, 15.8094682693, 14.2538700104, 9.70100879669, 11.603512764, 9.46221160889, 5.39738416672, 5.15612030029, 4.72836065292, 4.21593952179, 3.35085248947, 3.65557360649, 2.72866010666, 2.78456401825, 1.46881961823, 1.09519708157, 0.495438992977, 0.0900779366493, 0.00718978233635, 0.000174140674062, 6.31922957837e-05],
        "median": [0.135704085231, 2.04385113716, 3.08819246292, 3.12506270409, 3.34791946411, 2.43870377541, 13.2199163437, 18.5921630859, 22.5079059601, 46.4625282288, 15.0719614029, 6.32534742355, 5.54116487503, 5.42680644989, 6.6120891571, 7.81212329865, 7.87972784042, 6.84082651138, 4.56542873383, 4.61398220062, 6.38623666763, 4.84419536591, 2.31004929543, 4.35768032074, 3.6412551403, 1.76303565502, 2.13703298569, 1.63628172874, 0.610030591488, 0.660059154034, 0.592699944973, 0.650388240814, 0.7132204175, 0.389567553997, 0.127953410149, 0.0275250207633, 0.00306979753077, 0.00013295604731, 2.80326657958e-05, 4.33155728388e-05],
        "min": [2.34388176068e-06, 3.21856168739e-05, 0.000279002269963, 0.000923170533497, 0.00161390181165, 0.00381584255956, 0.0187081489712, 0.0258002374321, 0.023022448644, 0.0388015769422, 0.0165843814611, 0.0136483311653, 0.00367764756083, 0.00416970439255, 0.00676852045581, 0.00843364372849, 0.0127867208794, 0.00679178116843, 0.0155715160072, 0.00764392176643, 0.0125909578055, 0.0139676434919, 0.00737179163843, 0.00436500739306, 0.00475854147226, 0.00248202681541, 0.00124331051484, 0.000651977257803, 0.000181331997737, 0.000322392123053, 0.0003443826281, 0.000249590200838, 6.64906619932e-05, 3.25362670992e-05, 1.22943838505e-05, 3.54510757461e-06, 1.49870811583e-06, 2.130689154e-07, 1.11089022425e-07, 1.63234275874e-07],
        "var": [1.3653563261, 53.1055908203, 177.273986816, 434.467315674, 260.257659912, 53.8605651855, 537.402099609, 1805.64477539, 1876.75231934, 19102.7480469, 3353.51904297, 1462.54870605, 347.261779785, 666.363525391, 1385.29711914, 3359.75024414, 3955.00854492, 5052.23535156, 5024.03076172, 469.237518311, 575.557067871, 708.708984375, 463.876922607, 354.662475586, 322.774230957, 87.4223480225, 63.9223937988, 58.9031562805, 83.1913757324, 51.6035270691, 69.416267395, 37.4084014893, 38.7031517029, 11.7550287247, 13.5265655518, 3.39405965805, 0.0718738138676, 0.000530784018338, 2.15775571633e-07, 3.53134943509e-09]
    },
    "gfcc": {
        "mean": [-10.7123222351, 109.642318726, -102.452667236, 33.6985435486, -62.9493141174, 15.6763896942, -44.5332489014, 13.1128568649, -17.0480327606, 10.5762367249, -1.94737493992, -3.68106889725, -7.33337879181],
        "cov": [[5667.63720703, -1440.36486816, -146.03692627, -74.7257537842, -243.188873291, 422.47454834, -255.123519897, 270.410858154, -321.458099365, 389.682769775, -325.529815674, 173.997817993, -402.199401855], [-1440.36486816, 1886.35778809, -131.399291992, -342.193481445, 280.734222412, -80.7740783691, 373.345550537, -142.154815674, 273.191619873, -133.930877686, 269.430236816, -214.919754028, 245.61706543], [-146.03692627, -131.399291992, 1100.85327148, 343.948059082, 312.51461792, 257.681121826, 212.784393311, 192.029266357, 17.252910614, 65.706237793, -107.689315796, 76.2044677734, -69.8901824951], [-74.7257537842, -342.193481445, 343.948059082, 698.085144043, 224.108139038, 93.6119155884, 21.4781475067, 54.2926712036, 67.4011077881, -2.31315994263, 49.2997665405, 11.2878170013, 37.1615982056], [-243.188873291, 280.734222412, 312.51461792, 224.108139038, 519.599609375, 127.174972534, 166.182525635, 83.5846328735, 141.289169312, 78.5973510742, 68.9288635254, -8.4294128418, 22.9247989655], [422.47454834, -80.7740783691, 257.681121826, 93.6119155884, 127.174972534, 340.178649902, 144.362014771, 136.512588501, 47.1116065979, 112.179046631, 18.773525238, -9.47435665131, -30.7889270782], [-255.123519897, 373.345550537, 212.784393311, 21.4781475067, 166.182525635, 144.362014771, 384.767791748, 88.5704345703, 108.319320679, 45.8210067749, 62.640171051, 18.0125102997, 30.6655292511], [270.410858154, -142.154815674, 192.029266357, 54.2926712036, 83.5846328735, 136.512588501, 88.5704345703, 238.716156006, 42.350025177, 97.2559432983, 0.845488667488, -8.82742977142, -33.0990562439], [-321.458099365, 273.191619873, 17.252910614, 67.4011077881, 141.289169312, 47.1116065979, 108.319320679, 42.350025177, 199.65423584, 43.1566085815, 104.229621887, -18.974981308, 68.5671844482], [389.682769775, -133.930877686, 65.706237793, -2.31315994263, 78.5973510742, 112.179046631, 45.8210067749, 97.2559432983, 43.1566085815, 185.67616272, 35.506980896, 35.357711792, -34.1411552429], [-325.529815674, 269.430236816, -107.689315796, 49.2997665405, 68.9288635254, 18.773525238, 62.640171051, 0.845488667488, 104.229621887, 35.506980896, 209.09197998, -29.1876506805, 80.071975708], [173.997817993, -214.919754028, 76.2044677734, 11.2878170013, -8.4294128418, -9.47435665131, 18.0125102997, -8.82742977142, -18.974981308, 35.357711792, -29.1876506805, 203.684936523, -7.18359088898], [-402.199401855, 245.61706543, -69.8901824951, 37.1615982056, 22.9247989655, -30.7889270782, 30.6655292511, -33.0990562439, 68.5671844482, -34.1411552429, 80.071975708, -7.18359088898, 143.840698242]],
        "icov": [[0.000393132766476, -0.000302524073049, 0.000425543868914, -0.000410025357269, 0.000210398357012, -0.000645971915219, 0.000386540195905, -0.000415172602516, 0.000535934057552, -0.000801934394985, 0.000713371729944, -0.000548700336367, 0.000708455918357], [-0.000302524073049, 0.00343864038587, -0.00111294980161, 0.00300133228302, -0.00182155589573, 0.00140081648715, -0.00258530955762, 0.00238035339862, -0.00203317496926, 0.00267476798035, -0.00275877141394, 0.00330209848471, -0.00304000615142], [0.000425543868914, -0.00111294980161, 0.0024854845833, -0.00174084922764, -5.47173222003e-05, -0.00157276785467, 0.000378781842301, -0.0016594104236, 0.00132764107548, -0.000975330825895, 0.00246098241769, -0.00184896227438, 0.00163053511642], [-0.000410025357269, 0.00300133228302, -0.00174084922764, 0.004757986404, -0.00221328041516, 0.00106562010478, -0.00151252001524, 0.00197322759777, -0.00213666632771, 0.00337819685228, -0.00336632877588, 0.00270270928741, -0.00315992650576], [0.000210398357012, -0.00182155589573, -5.47173222003e-05, -0.00221328041516, 0.00426329160109, -0.000689820211846, 0.000792492704932, -0.000885081244633, -0.000443948229076, -0.00244765286334, 0.00133352924604, -0.00128220638726, 0.00186849804595], [-0.000645971915219, 0.00140081648715, -0.00157276785467, 0.00106562010478, -0.000689820211846, 0.00651885988191, -0.00254532974213, 0.000303370004985, -0.00103897927329, -0.000433354871348, -0.00191224017181, 0.00272274087183, -0.001527083572], [0.000386540195905, -0.00258530955762, 0.000378781842301, -0.00151252001524, 0.000792492704932, -0.00254532974213, 0.00624314462766, -0.00249143433757, 0.000307405280182, -0.00115041458048, 0.00133563077543, -0.00336564099416, 0.00216361321509], [-0.000415172602516, 0.00238035339862, -0.0016594104236, 0.00197322759777, -0.000885081244633, 0.000303370004985, -0.00249143433757, 0.0086156334728, -0.00249000638723, -0.00062774453545, -0.0015463597374, 0.00354281952605, -0.00174616859294], [0.000535934057552, -0.00203317496926, 0.00132764107548, -0.00213666632771, -0.000443948229076, -0.00103897927329, 0.000307405280182, -0.00249000638723, 0.0110677871853, -0.00344021082856, -6.51971495245e-05, -0.0015910823131, -0.000758327892981], [-0.000801934394985, 0.00267476798035, -0.000975330825895, 0.00337819685228, -0.00244765286334, -0.000433354871348, -0.00115041458048, -0.00062774453545, -0.00344021082856, 0.0130117181689, -0.00520858401433, 0.000308490300085, -0.000115011753223], [0.000713371729944, -0.00275877141394, 0.00246098241769, -0.00336632877588, 0.00133352924604, -0.00191224017181, 0.00133563077543, -0.0015463597374, -6.51971495245e-05, -0.00520858401433, 0.0115896081552, -0.00192316202447, -0.000244344002567], [-0.000548700336367, 0.00330209848471, -0.00184896227438, 0.00270270928741, -0.00128220638726, 0.00272274087183, -0.00336564099416, 0.00354281952605, -0.0015910823131, 0.000308490300085, -0.00192316202447, 0.00930789858103, -0.00408242223784], [0.000708455918357, -0.00304000615142, 0.00163053511642, -0.00315992650576, 0.00186849804595, -0.001527083572, 0.00216361321509, -0.00174616859294, -0.000758327892981, -0.000115011753223, -0.000244344002567, -0.00408242223784, 0.0145113002509]]
    },
    "melbands": {
        "dmean": [0.00332410191186, 0.00232461793348, 0.00103057164233, 0.000329471338773, 0.000337755860528, 0.000406504928833, 0.000363326165825, 0.000592360680457, 0.000144071687828, 6.74112816341e-05, 3.37558230967e-05, 3.01474392472e-05, 4.70415070595e-05, 5.50990262127e-05, 6.09363960393e-05, 4.40781186626e-05, 5.00983260281e-05, 4.18596609961e-05, 1.2676672668e-05, 1.49171319208e-05, 1.32357918119e-05, 1.52949505718e-05, 9.86583381746e-06, 8.10861365608e-06, 8.21500725579e-06, 7.1443428169e-06, 4.42833834313e-06, 2.83188387584e-06, 2.55420172834e-06, 2.3541858809e-06, 2.22806465899e-06, 2.41561156145e-06, 1.76170749455e-06, 1.70530790911e-06, 2.02841624741e-06, 1.77342212737e-06, 1.45426349718e-06, 1.96990504264e-06, 1.41692908073e-06, 1.1018199757e-06],
        "dmean2": [0.00495009869337, 0.00359783950262, 0.00153041328304, 0.000498705077916, 0.000510016514454, 0.000589314440731, 0.000519068154972, 0.000842813809868, 0.000192361912923, 8.43509697006e-05, 4.69391961815e-05, 4.06329054385e-05, 6.67502536089e-05, 7.63365096645e-05, 8.12651560409e-05, 6.18125413894e-05, 7.49260943849e-05, 6.63703394821e-05, 1.91321159946e-05, 2.36143405346e-05, 2.09939134947e-05, 2.53975613305e-05, 1.67390098795e-05, 1.29256404762e-05, 1.34475494633e-05, 1.17768377095e-05, 7.25001655155e-06, 4.59177499579e-06, 4.059978437e-06, 3.54234316546e-06, 3.3250191791e-06, 3.7283691654e-06, 2.57128453995e-06, 2.6119555514e-06, 3.13065061164e-06, 2.76594118986e-06, 2.26155952987e-06, 3.03276578961e-06, 2.17154297388e-06, 1.68186920746e-06],
        "dvar": [6.40877042315e-05, 2.98596514767e-05, 4.11675137002e-06, 3.87665551216e-07, 2.01241675768e-07, 3.26115213056e-07, 2.00227887603e-07, 5.85562816013e-07, 7.38758387797e-08, 1.46116168054e-08, 3.23771676136e-09, 2.41455544447e-09, 6.28729734942e-09, 1.57101709419e-08, 1.66226215015e-08, 7.5496213725e-09, 1.56475561397e-08, 2.21511751164e-08, 6.11386496985e-10, 9.48318090721e-10, 5.78233017023e-10, 1.26145982549e-09, 6.83980039273e-10, 3.0925770278e-10, 2.51128479123e-10, 1.98361049808e-10, 1.54792886842e-10, 3.00094983585e-11, 2.09388322653e-11, 1.30596297665e-11, 1.66778760941e-11, 2.70955844567e-11, 1.33344299144e-11, 1.33777017242e-11, 1.89094018221e-11, 1.33234846766e-11, 1.044571981e-11, 1.75697720262e-11, 1.24604718904e-11, 6.44469070124e-12],
        "dvar2": [0.000157371643581, 5.97543657932e-05, 8.06026037026e-06, 8.72634643656e-07, 4.42478096829e-07, 6.18644037331e-07, 4.13038776514e-07, 1.13787973532e-06, 1.42086932442e-07, 2.06369499267e-08, 5.11932762848e-09, 4.00157595948e-09, 1.24892443054e-08, 3.06903231717e-08, 2.59754902032e-08, 1.44550069692e-08, 3.42548744925e-08, 4.97781904585e-08, 1.29570687513e-09, 2.27559060484e-09, 1.34859901024e-09, 3.49879170081e-09, 1.89033055875e-09, 7.9331197167e-10, 6.62034316257e-10, 5.48665723965e-10, 4.36296443418e-10, 7.51267728583e-11, 5.03482394665e-11, 2.86689127299e-11, 3.7787332291e-11, 5.94576193835e-11, 2.60937296076e-11, 2.96835125924e-11, 3.82013795597e-11, 2.70161618771e-11, 2.33316942155e-11, 4.13180670233e-11, 2.79109547974e-11, 1.42162453684e-11],
        "max": [0.0782515406609, 0.0542690232396, 0.026390902698, 0.00512201478705, 0.00581025518477, 0.00854343734682, 0.0049175163731, 0.00776496436447, 0.00373205984943, 0.00131313991733, 0.00120635726489, 0.000954853603616, 0.000820403045509, 0.00147392658982, 0.00289417710155, 0.000914732634556, 0.00149216502905, 0.00224937824532, 0.000295159697998, 0.000385275052395, 0.000295769248623, 0.000397279829485, 0.000404493097449, 0.000199774236535, 0.000169184801052, 0.000153487402713, 0.00019107942353, 5.91297466599e-05, 4.72059618914e-05, 4.282509326e-05, 3.61759994121e-05, 5.00424393977e-05, 5.56864179089e-05, 4.7041419748e-05, 5.98536425969e-05, 3.99508098781e-05, 5.1679853641e-05, 3.94630915252e-05, 4.38096685684e-05, 2.30372534133e-05],
        "mean": [0.00492059672251, 0.00432451162487, 0.00171704427339, 0.000455468951259, 0.000621570390649, 0.000758856534958, 0.000683271849994, 0.00100976158865, 0.000263120484306, 0.000128697967739, 5.67226998101e-05, 5.95984201937e-05, 7.84993608249e-05, 8.28111878945e-05, 9.73727874225e-05, 6.61665180814e-05, 6.19967322564e-05, 4.80503986182e-05, 1.71434076037e-05, 1.85864955711e-05, 1.79018752533e-05, 1.6179315935e-05, 9.49925379246e-06, 8.25313509267e-06, 9.50802041189e-06, 8.25548613648e-06, 4.76632158097e-06, 3.30806028614e-06, 3.10387531499e-06, 3.12465863317e-06, 2.58942759501e-06, 2.53151165452e-06, 1.98141515284e-06, 1.83059557912e-06, 2.11468977795e-06, 1.89320610389e-06, 1.55931377321e-06, 2.03960735234e-06, 1.58255818405e-06, 1.12846282718e-06],
        "median": [0.00195636157878, 0.00239176326431, 0.000643319799565, 0.000173059772351, 0.000405166763812, 0.000435561465565, 0.000442831107648, 0.000463146803668, 7.65607110225e-05, 2.97209480777e-05, 2.46956551564e-05, 2.13954645005e-05, 2.14264109673e-05, 1.65573692357e-05, 1.84910495591e-05, 1.24729403979e-05, 1.02206813608e-05, 7.07031585989e-06, 5.03277715325e-06, 6.46525177217e-06, 6.7696610131e-06, 5.24252391187e-06, 2.06730646823e-06, 1.87254227058e-06, 3.46494948644e-06, 3.36243442689e-06, 1.36132462103e-06, 9.82010078587e-07, 1.16548812912e-06, 1.33104686029e-06, 6.84522262873e-07, 2.88617144406e-07, 3.44863337887e-07, 3.78800223189e-07, 2.87145894617e-07, 3.60525717724e-07, 3.72640243995e-07, 4.90890329274e-07, 4.2338166395e-07, 2.53781564652e-07],
        "min": [1.06412461065e-08, 7.12149699211e-08, 1.30684711053e-07, 1.86425779702e-07, 6.32012756796e-07, 7.14436566795e-07, 2.6093405836e-07, 3.50160433982e-07, 1.62790570357e-07, 6.19127789037e-08, 1.33161597304e-08, 1.57782356069e-08, 3.15814574492e-08, 1.19036771551e-08, 3.97926527285e-08, 1.55585375694e-08, 9.87453141477e-09, 1.87944859675e-08, 8.16854850427e-09, 9.08395136889e-09, 1.36574289655e-08, 1.26989636584e-08, 3.09083914019e-09, 4.67667549131e-09, 2.916427988e-09, 4.18666878943e-09, 1.4288277228e-09, 1.21983567691e-09, 8.36785862823e-10, 5.34246813455e-10, 3.03871899865e-10, 4.16155165883e-11, 1.21613955018e-10, 2.73323204347e-11, 1.89298562936e-10, 5.63959018374e-11, 1.59379679593e-11, 2.20524935118e-11, 3.27061945235e-12, 3.05318812767e-13],
