{
"highlevel": {
    "danceability": {
        "all": {
            "danceable": 0.999972760677,
            "not_danceable": 2.7241272619e-05
        },
        "probability": 0.999972760677,
        "value": "danceable"
    },
    "gender": {
        "all": {
            "female": 0.945366978645,
            "male": 0.0546330288053
        },
        "probability": 0.945366978645,
        "value": "female"
    },
    "genre_dortmund": {
        "all": {
            "alternative": 0.00241728359833,
            "blues": 0.0122934561223,
            "electronic": 0.64124417305,
            "folkcountry": 0.00298642250709,
            "funksoulrnb": 0.00242566224188,
            "jazz": 0.0933323279023,
            "pop": 0.00787101779133,
            "raphiphop": 0.233599662781,
            "rock": 0.0038299986627
        },
        "probability": 0.64124417305,
        "value": "electronic"
    },
    "genre_electronic": {
        "all": {
            "ambient": 0.094659127295,
            "dnb": 0.0726521387696,
            "house": 0.735181808472,
            "techno": 0.0805213227868,
            "trance": 0.0169856157154
        },
        "probability": 0.735181808472,
        "value": "house"
    },
    "genre_rosamerica": {
        "all": {
            "cla": 0.000180680770427,
            "dan": 0.0571551024914,
            "hip": 0.931728899479,
            "jaz": 0.000859381107148,
            "pop": 0.00480641005561,
            "rhy": 0.00327594182454,
            "roc": 0.00042266168748,
            "spe": 0.00157090998255
        },
        "probability": 0.931728899479,
        "value": "hip"
    },
    "genre_tzanetakis": {
        "all": {
            "blu": 0.0443253256381,
            "cla": 0.0295476578176,
            "cou": 0.0531842038035,
            "dis": 0.0443185083568,
            "hip": 0.132952481508,
            "jaz": 0.265886932611,
            "met": 0.0531674735248,
            "pop": 0.0664597079158,
            "reg": 0.0443074963987,
            "roc": 0.26585021615
        },
        "probability": 0.265886932611,
        "value": "jaz"
    },
    "ismir04_rhythm": {
        "all": {
            "ChaChaCha": 0.352621108294,
            "Jive": 0.0390215292573,
            "Quickstep": 0.137545332313,
            "Rumba-American": 0.0178100317717,
            "Rumba-International": 0.0389942824841,
            "Rumba-Misc": 0.0197330284864,
            "Samba": 0.32750955224,
            "Tango": 0.0458414591849,
            "VienneseWaltz": 0.0112576298416,
            "Waltz": 0.00966604147106
        },
        "probability": 0.352621108294,
        "value": "ChaChaCha"
    },
    "mood_acoustic": {
        "all": {
            "acoustic": 0.00258423388004,
            "not_acoustic": 0.997415781021
        },
        "probability": 0.997415781021,
        "value": "not_acoustic"
    },
    "mood_aggressive": {
        "all": {
            "aggressive": 0.312628895044,
            "not_aggressive": 0.687371075153
        },
        "probability": 0.687371075153,
        "value": "not_aggressive"
    },
    "mood_electronic": {
        "all": {
            "electronic": 0.992430567741,
            "not_electronic": 0.00756941456348
        },
        "probability": 0.992430567741,
        "value": "electronic"
    },
    "mood_happy": {
        "all": {
            "happy": 0.353583872318,
            "not_happy": 0.646416127682
        },
        "probability": 0.646416127682,
        "value": "not_happy"
    },
    "mood_party": {
        "all": {
            "not_party": 0.0501961000264,
            "party": 0.949803888798
        },
        "probability": 0.949803888798,
        "value": "party"
    },
    "mood_relaxed": {
        "all": {
            "not_relaxed": 0.303296625614,
            "relaxed": 0.696703374386
        },
        "probability": 0.696703374386,
        "value": "relaxed"
    },
    "mood_sad": {
        "all": {
            "not_sad": 0.67984098196,
            "sad": 0.320158988237
        },
        "probability": 0.67984098196,
        "value": "not_sad"
    },
    "moods_mirex": {
        "all": {
            "Cluster1": 0.29220020771,
            "Cluster2": 0.170896068215,
            "Cluster3": 0.0447873361409,
            "Cluster4": 0.0736390128732,
            "Cluster5": 0.418477356434
        },
        "probability": 0.418477356434,
        "value": "Cluster5"
    },
    "timbre": {
        "all": {
            "bright": 0.0347783602774,
            "dark": 0.965221643448
        },
        "probability": 0.965221643448,
        "value": "dark"
    },
    "tonal_atonal": {
        "all": {
            "atonal": 0.997076094151,
            "tonal": 0.00292389793321
        },
        "probability": 0.997076094151,
        "value": "atonal"
    },
    "voice_instrumental": {
        "all": {
            "instrumental": 0.740275204182,
            "voice": 0.259724766016
        },
        "probability": 0.740275204182,
        "value": "instrumental"
    }
},
"lowlevel": {
    "average_loudness": 0.979929983616,
    "barkbands_crest": {
        "dmean": 2.9026658535,
        "dmean2": 4.20693254471,
        "dvar": 12.1006011963,
        "dvar2": 25.0500869751,
        "max": 26.098947525,
        "mean": 16.5052452087,
        "median": 17.2761611938,
        "min": 2.44493842125,
        "var": 28.6742458344
    },
    "barkbands_flatness_db": {
        "dmean": 0.0512905754149,
        "dmean2": 0.0696016997099,
        "dvar": 0.00351515947841,
        "dvar2": 0.00760477501899,
        "max": 0.55381834507,
        "mean": 0.252589672804,
        "median": 0.241745129228,
        "min": 0.0425006113946,
        "var": 0.012290738523
    },
    "barkbands_kurtosis": {
        "dmean": 22.7409248352,
        "dmean2": 32.0572128296,
        "dvar": 1342.04821777,
        "dvar2": 2867.29956055,
        "max": 424.360626221,
        "mean": 37.3111419678,
        "median": 13.4522132874,
        "min": -1.91857218742,
        "var": 3150.56005859
    },
    "barkbands_skewness": {
        "dmean": 1.47916376591,
        "dmean2": 2.05225610733,
        "dvar": 2.91319203377,
        "dvar2": 6.45056962967,
        "max": 16.3026218414,
        "mean": 3.91954350471,
        "median": 3.27475190163,
        "min": -2.72990894318,
        "var": 9.50242042542
    },
    "barkbands_spread": {
        "dmean": 9.34822654724,
        "dmean2": 13.4668169022,
        "dvar": 204.456878662,
        "dvar2": 393.38684082,
        "max": 109.898887634,
        "mean": 18.4529666901,
        "median": 8.78581237793,
        "min": 0.212683588266,
        "var": 512.738037109
    },
    "dissonance": {
        "dmean": 0.0193965025246,
        "dmean2": 0.032599825412,
        "dvar": 0.000711626547854,
        "dvar2": 0.00196816725656,
        "max": 0.500000178814,
        "mean": 0.473250746727,
        "median": 0.486386567354,
        "min": 0.211025968194,
        "var": 0.00125440012198
    },
    "dynamic_complexity": 3.67273116112,
    "erbbands_crest": {
        "dmean": 2.36374950409,
        "dmean2": 3.76080036163,
        "dvar": 7.06765031815,
        "dvar2": 17.5255851746,
        "max": 24.5695590973,
        "mean": 7.45384263992,
        "median": 6.35773277283,
        "min": 2.2950425148,
        "var": 15.3041782379
    },
    "erbbands_flatness_db": {
        "dmean": 0.0237186215818,
        "dmean2": 0.0342805981636,
        "dvar": 0.000632045208476,
        "dvar2": 0.00140590278897,
        "max": 0.317979186773,
        "mean": 0.155607059598,
        "median": 0.146235749125,
        "min": 0.0691880360246,
        "var": 0.00241201114841
    },
    "erbbands_kurtosis": {
        "dmean": 2.12748575211,
        "dmean2": 3.23439383507,
        "dvar": 14.2856788635,
        "dvar2": 35.6479759216,
        "max": 47.580871582,
        "mean": 2.132853508,
        "median": 0.353229045868,
        "min": -1.88084590435,
        "var": 28.6745758057
    },
    "erbbands_skewness": {
        "dmean": 0.622385501862,
        "dmean2": 0.901826918125,
        "dvar": 0.558561503887,
        "dvar2": 1.15946662426,
        "max": 5.68002700806,
        "mean": 0.206666707993,
        "median": 0.0510277561843,
        "min": -3.4622323513,
        "var": 1.96022522449
    },
    "erbbands_spread": {
        "dmean": 14.8486843109,
        "dmean2": 21.6270484924,
        "dvar": 237.572540283,
        "dvar2": 578.004821777,
        "max": 155.415512085,
        "mean": 49.900680542,
        "median": 43.8147735596,
        "min": 5.16556406021,
        "var": 906.815063477
    },
    "hfc": {
        "dmean": 12.9239606857,
        "dmean2": 17.9832668304,
        "dvar": 334.893493652,
        "dvar2": 588.97668457,
        "max": 132.672973633,
        "mean": 19.5778980255,
        "median": 9.54313373566,
        "min": 0.0804278329015,
        "var": 593.041992188
    },
    "melbands_crest": {
        "dmean": 3.60123133659,
        "dmean2": 5.3047542572,
        "dvar": 20.6683731079,
        "dvar2": 46.2270126343,
        "max": 36.6397438049,
        "mean": 24.2728347778,
        "median": 25.563369751,
        "min": 2.88352394104,
        "var": 59.8766746521
    },
    "melbands_flatness_db": {
        "dmean": 0.0617043413222,
        "dmean2": 0.0825025290251,
        "dvar": 0.00539722945541,
        "dvar2": 0.0113643426448,
        "max": 0.674977958202,
        "mean": 0.326665312052,
        "median": 0.321929872036,
        "min": 0.0253701731563,
        "var": 0.0211374647915
    },
    "melbands_kurtosis": {
        "dmean": 47.2252883911,
        "dmean2": 66.0935058594,
        "dvar": 5732.65478516,
        "dvar2": 11103.5244141,
        "max": 1102.65795898,
        "mean": 90.6325378418,
        "median": 40.9423179626,
        "min": -1.71461606026,
        "var": 17014.8398438
    },
    "melbands_skewness": {
        "dmean": 1.95799100399,
        "dmean2": 2.76219320297,
        "dvar": 5.64677810669,
        "dvar2": 12.3148059845,
        "max": 26.4325218201,
        "mean": 6.26518106461,
        "median": 5.14346456528,
        "min": -1.23030757904,
        "var": 20.3806800842
    },
    "melbands_spread": {
        "dmean": 9.56127071381,
        "dmean2": 14.3367986679,
        "dvar": 301.083557129,
        "dvar2": 600.657470703,
        "max": 156.376571655,
        "mean": 16.4264526367,
        "median": 5.15383052826,
        "min": 0.175804257393,
        "var": 706.371887207
    },
    "pitch_salience": {
        "dmean": 0.102036751807,
        "dmean2": 0.153597220778,
        "dvar": 0.0173352267593,
        "dvar2": 0.0416673868895,
        "max": 0.948874056339,
        "mean": 0.401384145021,
        "median": 0.3998452425,
        "min": 0.033150639385,
        "var": 0.0338399857283
    },
    "silence_rate_20dB": {
        "dmean": 0,
        "dmean2": 0,
        "dvar": 0,
        "dvar2": 0,
        "max": 1,
        "mean": 1,
        "median": 1,
        "min": 1,
        "var": 0
    },
    "silence_rate_30dB": {
        "dmean": 0.102167181671,
        "dmean2": 0.204492643476,
        "dvar": 0.0917284786701,
        "dvar2": 0.175071284175,
        "max": 1,
        "mean": 0.810518145561,
        "median": 1,
        "min": 0,
        "var": 0.153578549623
    },
    "silence_rate_60dB": {
        "dmean": 0.0758513957262,
        "dmean2": 0.151820287108,
        "dvar": 0.0700972750783,
        "dvar2": 0.159756332636,
        "max": 1,
        "mean": 0.0757927298546,
        "median": 0,
        "min": 0,
        "var": 0.0700484663248
    },
    "spectral_centroid": {
        "dmean": 490.071350098,
        "dmean2": 696.440002441,
        "dvar": 382077.375,
        "dvar2": 672807.5,
        "max": 4638.50488281,
        "mean": 1552.09265137,
        "median": 1316.61303711,
        "min": 111.575088501,
        "var": 1482117.375
    },
    "spectral_complexity": {
        "dmean": 6.15170288086,
        "dmean2": 8.35243988037,
        "dvar": 67.0233840942,
        "dvar2": 102.393737793,
        "max": 61,
        "mean": 12.7617940903,
        "median": 9,
        "min": 0,
        "var": 162.014358521
    },
    "spectral_decrease": {
        "dmean": 6.6722387615e-09,
        "dmean2": 8.80956019245e-09,
        "dvar": 9.84048467407e-17,
        "dvar2": 2.0736601364e-16,
        "max": -1.63624686716e-11,
        "mean": -1.62028808148e-08,
        "median": -1.2694685303e-08,
        "min": -8.26314945357e-08,
        "var": 2.51830068529e-16
    },
    "spectral_energy": {
        "dmean": 0.0259096305817,
        "dmean2": 0.0342440456152,
        "dvar": 0.00144404533785,
        "dvar2": 0.00301379035227,
        "max": 0.313889354467,
        "mean": 0.0629291683435,
        "median": 0.0488322786987,
        "min": 7.11611646693e-05,
        "var": 0.00369930127636
    },
    "spectral_energyband_high": {
        "dmean": 0.00132176768966,
        "dmean2": 0.00176630122587,
        "dvar": 4.37674589193e-06,
        "dvar2": 8.01358237368e-06,
        "max": 0.0153458183631,
        "mean": 0.00153469992802,
        "median": 0.000231304322369,
        "min": 4.06894770322e-07,
        "var": 7.11722395863e-06
    },
    "spectral_energyband_low": {
        "dmean": 0.0231487601995,
        "dmean2": 0.0302478540689,
        "dvar": 0.00135491311084,
        "dvar2": 0.00295670120977,
        "max": 0.309796631336,
        "mean": 0.0533259026706,
        "median": 0.039404630661,
        "min": 1.74216438609e-06,
        "var": 0.00316354865208
    },
    "spectral_energyband_middle_high": {
        "dmean": 0.00163410336245,
        "dmean2": 0.00256565539166,
        "dvar": 1.08528256533e-05,
        "dvar2": 2.6224188332e-05,
        "max": 0.0242927074432,
        "mean": 0.0021734284237,
        "median": 0.000586676527746,
        "min": 8.6379776576e-07,
        "var": 1.45681469803e-05
    },
    "spectral_energyband_middle_low": {
        "dmean": 0.00638810917735,
        "dmean2": 0.0114035289735,
        "dvar": 0.000262108369498,
        "dvar2": 0.0007541012601,
        "max": 0.11473070085,
        "mean": 0.00740780076012,
        "median": 0.00317807612009,
        "min": 2.26161828323e-05,
        "var": 0.000168886312167
    },
    "spectral_entropy": {
        "dmean": 0.336773663759,
        "dmean2": 0.483422845602,
        "dvar": 0.191994085908,
        "dvar2": 0.405372112989,
        "max": 8.64759159088,
        "mean": 7.37811088562,
        "median": 7.59882068634,
        "min": 5.08717012405,
        "var": 0.673579335213
    },
    "spectral_flux": {
        "dmean": 0.0540096722543,
        "dmean2": 0.078352086246,
        "dvar": 0.00485685048625,
        "dvar2": 0.00842866953462,
        "max": 0.48817256093,
        "mean": 0.104881376028,
        "median": 0.0708226338029,
        "min": 0.00451101502404,
        "var": 0.00994115415961
    },
    "spectral_kurtosis": {
        "dmean": 3.32198476791,
        "dmean2": 5.16542625427,
        "dvar": 36.0593147278,
        "dvar2": 89.82396698,
        "max": 90.8984069824,
        "mean": 5.68448877335,
        "median": 2.4668712616,
        "min": -0.739481687546,
        "var": 83.9241409302
    },
    "spectral_rms": {
        "dmean": 0.00163312593941,
        "dmean2": 0.00201210775413,
        "dvar": 4.0711283873e-06,
        "dvar2": 7.58673422752e-06,
        "max": 0.0174995288253,
        "mean": 0.00682688225061,
        "median": 0.00690226396546,
        "min": 0.000263487250777,
        "var": 1.47879327415e-05
    },
    "spectral_rolloff": {
        "dmean": 717.147033691,
        "dmean2": 1176.75463867,
        "dvar": 2288605,
        "dvar2": 4325350,
        "max": 11197.265625,
        "mean": 1143.04418945,
        "median": 150.732421875,
        "min": 64.599609375,
        "var": 4756172
    },
    "spectral_skewness": {
        "dmean": 0.438842028379,
        "dmean2": 0.637522816658,
        "dvar": 0.31365904212,
        "dvar2": 0.680289924145,
        "max": 8.04055118561,
        "mean": 1.53010725975,
        "median": 1.14972054958,
        "min": 0.247730627656,
        "var": 1.26677107811
    },
    "spectral_spread": {
        "dmean": 761257.0625,
        "dmean2": 1090808,
        "dvar": 937023438848,
        "dvar2": 1.78533761024e+12,
        "max": 19835666,
        "mean": 4713387.5,
        "median": 4482046,
        "min": 999328.375,
        "var": 3.20462834893e+12
    },
    "spectral_strongpeak": {
        "dmean": 0.2140301615,
        "dmean2": 0.31149405241,
        "dvar": 0.139324069023,
        "dvar2": 0.300221145153,
        "max": 4.26592922211,
        "mean": 0.487665653229,
        "median": 0.362741917372,
        "min": 0,
        "var": 0.217781573534
    },
    "zerocrossingrate": {
        "dmean": 0.0165599901229,
        "dmean2": 0.0164759941399,
        "dvar": 0.000578377046622,
        "dvar2": 0.000569144263864,
        "max": 0.30029296875,
        "mean": 0.0451711155474,
        "median": 0.0224609375,
        "min": 0.001953125,
        "var": 0.00318049313501
    },
    "barkbands": {
        "dmean": [0.00178345420863, 0.0192740522325, 0.00681717274711, 0.002672230592, 0.00225872732699, 0.000848976837005, 0.000503901566844, 0.000290878699161, 0.000317730940878, 0.000238200867898, 0.000156521608005, 0.000196929875528, 0.000224991090363, 0.000202289054869, 0.000233796905377, 0.000215320746065, 0.000141357420944, 0.000168026075698, 0.000197587869479, 0.000321745610563, 0.000278225837974, 0.000319716753438, 0.000213316743611, 0.000148207822349, 0.000119139869639, 4.94680825796e-05, 2.74124349886e-08],
        "dmean2": [0.00232269009575, 0.0236474312842, 0.0121792200953, 0.00482009211555, 0.00403810618445, 0.00149558193516, 0.000862055108882, 0.000503858318552, 0.000519006280228, 0.000405691738706, 0.000284120877041, 0.000330156210111, 0.000328631926095, 0.00032271319651, 0.000388446234865, 0.000366613618098, 0.000223412265768, 0.000272381032119, 0.000295415957225, 0.00046512458357, 0.000406862003729, 0.000422264507506, 0.000289656571113, 0.000201773800654, 0.000171045452589, 7.14088455425e-05, 4.73601140527e-08],
        "dvar": [7.26587813915e-06, 0.000985632534139, 0.00037234876072, 6.13771917415e-05, 3.62738974218e-05, 3.57964813702e-06, 9.42989061059e-07, 3.50719773223e-07, 4.59531236174e-07, 2.0941077139e-07, 1.3831952117e-07, 1.46757614061e-07, 2.34062355275e-07, 2.37365185285e-07, 3.71681068145e-07, 2.94455389849e-07, 1.16904374181e-07, 1.55793912882e-07, 1.41027669542e-07, 2.73373700566e-07, 2.15607016685e-07, 2.84841974008e-07, 1.2023761542e-07, 6.56739587157e-08, 4.78656971836e-08, 1.09319557851e-08, 2.02634827998e-14],
        "dvar2": [1.63031127158e-05, 0.0020752151031, 0.00106488598976, 0.000178784437594, 0.000104829334305, 1.01208479464e-05, 2.64813593276e-06, 9.98524456008e-07, 1.0718631529e-06, 5.72324097448e-07, 4.06587503221e-07, 3.77445104505e-07, 4.40304717131e-07, 5.77582511596e-07, 9.14758402359e-07, 8.04814362709e-07, 2.80455424218e-07, 3.88751516311e-07, 2.73959216202e-07, 5.84294696182e-07, 4.45949126515e-07, 5.61222918805e-07, 2.03331509852e-07, 1.33601730568e-07, 1.04107741095e-07, 2.12658832766e-08, 4.30167308566e-14],
        "max": [0.0306377597153, 0.277050822973, 0.129547148943, 0.0614596381783, 0.0458776317537, 0.0159862712026, 0.00927510950714, 0.00703712133691, 0.00778608303517, 0.00326048815623, 0.00348592130467, 0.00311219575815, 0.00628499127924, 0.00393988750875, 0.00554151460528, 0.0041708140634, 0.00292635546066, 0.00378412241116, 0.00516430754215, 0.00410223286599, 0.00342336110771, 0.00419455440715, 0.00269037717953, 0.00182061921805, 0.00155377353076, 0.000748302321881, 3.14908106702e-06],
        "mean": [0.00372732663527, 0.0413076467812, 0.00682053761557, 0.00271955528297, 0.00230940780602, 0.000906048109755, 0.000671263085678, 0.000296185957268, 0.00042869526078, 0.000252753176028, 0.000121764576761, 0.000192557126866, 0.000280489359284, 0.000190167673281, 0.000229383134865, 0.000225120180403, 0.000156495443662, 0.00017521319387, 0.000287556351395, 0.000343103834894, 0.000324581342284, 0.000368262815755, 0.000259258435108, 0.000161649877555, 0.000120829688967, 5.3370698879e-05, 1.93318427932e-08],
        "median": [0.0020386769902, 0.0262890476733, 0.00182908354327, 0.000675788032822, 0.000599026447162, 0.000255786115304, 0.000195331464056, 5.2531624533e-05, 6.77573189023e-05, 5.14645362273e-05, 2.0646599296e-05, 2.15192194446e-05, 3.40035767294e-05, 1.75548757397e-05, 2.17232081923e-05, 2.65806447715e-05, 1.68564001797e-05, 2.82896489807e-05, 4.50140069006e-05, 6.33464878774e-05, 4.31226872024e-05, 4.07747684221e-05, 2.67095292656e-05, 1.80537808774e-05, 1.00166480479e-05, 1.56838837029e-06, 5.98503191451e-10],
        "min": [1.73563918793e-08, 5.36403376827e-07, 9.23309073642e-09, 1.05965156649e-08, 3.23588160711e-08, 2.08416025771e-07, 3.24364577864e-07, 1.18171010755e-08, 1.31244519253e-07, 7.15359433912e-08, 1.79554078272e-08, 2.19457660933e-08, 1.99208088247e-07, 1.24441159599e-08, 1.96518357143e-08, 8.23257373384e-09, 5.77573544547e-09, 2.63023558489e-08, 4.12922958049e-08, 5.81581858228e-08, 1.09872459575e-07, 6.32421404134e-08, 2.51790925887e-08, 1.26196081363e-10, 3.63664688641e-11, 1.28551102055e-11, 1.22744019809e-11],
        "var": [2.00944414246e-05, 0.00226574251428, 0.000231018086197, 3.66729218513e-05, 2.28102890105e-05, 2.6890661502e-06, 1.02703108951e-06, 2.93095411052e-07, 8.60262048263e-07, 2.18597406842e-07, 9.00600554132e-08, 1.58088042213e-07, 5.2901248182e-07, 2.59600369645e-07, 3.46124323869e-07, 2.97785277326e-07, 1.43378187545e-07, 1.67709004018e-07, 3.55199290425e-07, 3.63128037861e-07, 3.14329781759e-07, 4.38600295638e-07, 2.05203818382e-07, 9.16595084277e-08, 5.93531694904e-08, 1.51374681678e-08, 1.54556018184e-14]
    },
    "erbbands": {
        "dmean": [0.850843131542, 3.72948265076, 7.88874435425, 8.62888526917, 8.05827331543, 7.11389112473, 6.5779337883, 7.34207057953, 8.11189174652, 5.98716831207, 6.37863492966, 7.04353475571, 8.08919048309, 6.54731035233, 7.11732339859, 7.72716665268, 11.1336374283, 8.54702281952, 13.9892320633, 9.81851100922, 11.6453561783, 7.7573633194, 7.71064567566, 8.94594287872, 10.5773620605, 18.0917339325, 11.778842926, 11.6275749207, 11.3211488724, 9.25712585449, 5.7592253685, 3.36143279076, 2.46391749382, 1.38828527927, 0.81137907505, 0.290043771267, 0.0937990918756, 0.00390956550837, 0.000100618788565, 3.54629191861e-05],
        "dmean2": [0.998915195465, 4.91455888748, 13.3635625839, 15.3339204788, 14.4339494705, 12.7419290543, 11.8485746384, 12.7217712402, 13.9377031326, 10.0942993164, 11.1118974686, 11.2303571701, 13.2995767593, 11.5541849136, 12.7379789352, 12.8674249649, 16.4665145874, 12.9451208115, 22.5842590332, 15.4981241226, 19.2838630676, 12.1089773178, 12.1548109055, 13.5344009399, 15.3296985626, 26.0241241455, 16.4377422333, 17.077255249, 15.3852481842, 12.4694719315, 7.76974964142, 4.32055091858, 3.66918325424, 2.11008906364, 1.16203320026, 0.432681709528, 0.135961636901, 0.00610828306526, 0.000146022532135, 4.70144805149e-05],
        "dvar": [1.71066129208, 47.9601287842, 439.871459961, 571.112304688, 493.066070557, 364.778564453, 310.621551514, 245.394790649, 237.926589966, 165.205718994, 155.803207397, 228.199569702, 222.942703247, 195.138015747, 285.058135986, 228.515457153, 622.328918457, 333.48626709, 1302.83789062, 551.699951172, 838.846069336, 329.619476318, 336.886535645, 289.000823975, 440.885925293, 850.489624023, 356.622955322, 387.029388428, 367.633911133, 230.956848145, 89.4643936157, 30.4456958771, 21.2825832367, 7.01875734329, 2.36811709404, 0.377486348152, 0.0406506471336, 7.04050835338e-05, 3.56789513489e-08, 1.98703653531e-09],
        "dvar2": [3.63788700104, 101.660598755, 1221.38659668, 1645.58288574, 1429.62353516, 1052.50524902, 893.003601074, 684.442932129, 666.217834473, 475.854217529, 444.57019043, 527.292236328, 588.928405762, 557.122192383, 847.660339355, 571.50970459, 1126.68188477, 761.793762207, 3421.28393555, 1207.86669922, 2219.47949219, 757.29083252, 797.530639648, 616.507263184, 762.739440918, 1822.31970215, 725.548156738, 823.850097656, 731.88684082, 431.815490723, 155.402450562, 61.0339317322, 48.4428329468, 16.4108905792, 4.93753242493, 0.857274949551, 0.0701355189085, 0.000141954034916, 6.2301062087e-08, 3.91446608461e-09],
        "max": [14.0444307327, 60.2463378906, 157.120895386, 165.531234741, 188.854873657, 155.183029175, 126.142410278, 145.303192139, 145.513793945, 200.833496094, 97.4845352173, 224.511108398, 122.713005066, 115.768127441, 147.872543335, 116.788299561, 349.071289062, 127.354415894, 303.710632324, 191.786712646, 234.882965088, 150.739364624, 203.922027588, 160.109451294, 350.171478271, 190.434768677, 171.593444824, 130.409164429, 164.691696167, 124.653701782, 65.5237960815, 46.5157775879, 30.2551555634, 17.8219947815, 10.2931318283, 4.41429185867, 1.34201788902, 0.0736418887973, 0.00155466957949, 0.000338707206538],
        "mean": [1.8514906168, 6.5321855545, 8.73217964172, 8.81788253784, 8.33608436584, 7.23005104065, 6.26043796539, 8.22871112823, 10.7464904785, 7.29696321487, 6.6591758728, 9.24043941498, 8.90253734589, 7.44120740891, 6.36529111862, 8.03370380402, 14.1116104126, 8.89403247833, 12.4822854996, 11.0041437149, 12.659286499, 8.81733417511, 8.36713886261, 11.1220464706, 15.8066282272, 19.1533927917, 13.4973258972, 13.3642206192, 12.6933546066, 11.1480255127, 6.84080076218, 3.87326049805, 2.35651922226, 1.34175050259, 0.863486707211, 0.288774162531, 0.0993640869856, 0.00420931819826, 0.000134351837914, 7.89213008829e-05],
        "median": [1.17367231846, 3.5475730896, 3.05302715302, 2.45054292679, 2.32336568832, 1.69057095051, 1.23990988731, 2.63599038124, 3.28146457672, 2.12907481194, 1.49496638775, 1.57123947144, 1.9257414341, 1.76931726933, 1.1634632349, 1.26789295673, 1.85676622391, 1.22083318233, 1.24355387688, 1.22700405121, 1.55633747578, 1.01874828339, 1.37590205669, 1.88877105713, 2.27253890038, 3.02659773827, 2.4988360405, 1.44231283665, 1.40797054768, 1.34317207336, 0.67510330677, 0.467096120119, 0.193790197372, 0.115824490786, 0.0612363107502, 0.0118381688371, 0.00201785308309, 0.00010017605382, 3.93328773498e-05, 6.30280774203e-05],
        "min": [6.73863678458e-06, 0.0001162310582, 3.11570984195e-05, 2.62534922513e-05, 7.23301491234e-05, 0.000159172152053, 0.00047610126785, 0.00274935876951, 0.00468132831156, 0.00466180266812, 0.00397698907182, 0.00378503347747, 0.0033038938418, 0.00224901014008, 0.00139345380012, 0.00517604034394, 0.00907489471138, 0.00198186398484, 0.00137127493508, 0.000904748158064, 0.000537299318239, 0.000662532576825, 0.00155344582163, 0.00235024816357, 0.00263253669254, 0.00318632135168, 0.00394847337157, 0.00413556816056, 0.00246061268263, 0.000790052581578, 0.000830045144539, 0.000144204488606, 7.30162219043e-06, 1.39339590532e-05, 3.9545616346e-06, 1.40218594424e-06, 6.37517814539e-07, 7.78229534149e-08, 6.07603212188e-08, 9.58048218536e-08],
        "var": [4.50413370132, 79.849319458, 307.820953369, 352.333007812, 305.157440186, 230.320068359, 192.843597412, 207.312057495, 253.072402954, 143.371398926, 143.067474365, 418.250762939, 252.416091919, 207.26411438, 201.114578247, 246.328033447, 1497.17553711, 413.891235352, 1100.140625, 722.529602051, 905.545043945, 432.544525146, 397.260925293, 449.490081787, 1255.99035645, 1141.36193848, 535.315368652, 549.486938477, 537.122558594, 376.050933838, 147.537704468, 47.6880645752, 23.4600429535, 7.5408205986, 3.14743041992, 0.436095774174, 0.0588262304664, 9.70550972852e-05, 5.46897780396e-08, 4.96465668576e-09]
    },
    "gfcc": {
        "mean": [-56.2789955139, 95.7942199707, -82.2027893066, 66.2516479492, -50.7995109558, 26.3544235229, -17.8345832825, 12.5463247299, -12.8979711533, 9.67885780334, -3.7355670929, -0.993435978889, -2.89364218712],
        "cov": [[10634.8105469, -2629.48339844, -1175.25976562, -75.9537124634, -590.275085449, 503.720733643, -658.827331543, 479.022979736, -566.378417969, 459.110931396, -687.321960449, 338.349822998, -340.068511963], [-2629.48339844, 3999.82324219, 960.665161133, -454.724945068, 640.527954102, -611.718383789, 476.195831299, -424.406433105, 279.08380127, -534.039916992, 500.868804932, -435.413452148, 254.651824951], [-1175.25976562, 960.665161133, 1890.11413574, 184.997924805, -14.6166572571, -104.280776978, 127.738357544, -310.869781494, -22.9135456085, -115.283912659, -110.391967773, -116.221038818, -39.2268371582], [-75.9537124634, -454.724945068, 184.997924805, 561.730773926, 146.443313599, 218.892776489, -36.6309623718, -30.3823680878, 36.8710021973, 12.194767952, -36.8229675293, 25.3084030151, -8.99880218506], [-590.275085449, 640.527954102, -14.6166572571, 146.443313599, 565.158569336, 66.1499099731, 206.111022949, -38.2817611694, 118.089660645, -106.40953064, 177.735916138, -76.1504592896, 81.8404006958], [503.720733643, -611.718383789, -104.280776978, 218.892776489, 66.1499099731, 354.473083496, -7.02814626694, 47.7816123962, 3.25938725471, 74.9379425049, -55.9885787964, 57.606502533, -7.70184087753], [-658.827331543, 476.195831299, 127.738357544, -36.6309623718, 206.111022949, -7.02814626694, 273.117492676, 24.5704402924, 74.44896698, -49.2784461975, 142.52746582, -49.9053611755, 54.4668388367], [479.022979736, -424.406433105, -310.869781494, -30.3823680878, -38.2817611694, 47.7816123962, 24.5704402924, 234.924346924, 0.400865584612, 96.9422607422, -1.09174907207, 72.2373352051, 8.12932777405], [-566.378417969, 279.08380127, -22.9135456085, 36.8710021973, 118.089660645, 3.25938725471, 74.44896698, 0.400865584612, 180.267059326, -34.5295181274, 76.4449462891, -21.0902519226, 57.7635269165], [459.110931396, -534.039916992, -115.283912659, 12.194767952, -106.40953064, 74.9379425049, -49.2784461975, 96.9422607422, -34.5295181274, 149.246170044, -48.6932373047, 66.0225906372, -47.6104469299], [-687.321960449, 500.868804932, -110.391967773, -36.8229675293, 177.735916138, -55.9885787964, 142.52746582, -1.09174907207, 76.4449462891, -48.6932373047, 200.839126587, -54.0037956238, 73.8514633179], [338.349822998, -435.413452148, -116.221038818, 25.3084030151, -76.1504592896, 57.606502533, -49.9053611755, 72.2373352051, -21.0902519226, 66.0225906372, -54.0037956238, 103.392814636, -16.6395931244], [-340.068511963, 254.651824951, -39.2268371582, -8.99880218506, 81.8404006958, -7.70184087753, 54.4668388367, 8.12932777405, 57.7635269165, -47.6104469299, 73.8514633179, -16.6395931244, 83.2672729492]],
        "icov": [[0.000200968614081, -0.000240017834585, 0.000191344704945, -7.4647286965e-05, -9.70404289546e-06, -0.000320166000165, 0.000151807224029, -0.000364462233847, 0.000485088152345, -0.00034966939711, 0.00075905455742, -0.00016734599194, 0.000309974100674], [-0.000240017834585, 0.00229189125821, -0.00125939387362, 0.00176565896254, -0.00114906020463, 0.00134272000287, 0.00060185365146, 0.000612217816524, -0.001626950223, 0.00316712260246, -0.00348657905124, 0.00251206499524, -0.00105794088449], [0.000191344704945, -0.00125939387362, 0.00190296501387, -0.00169753329828, 0.000913859927095, 0.000109720633191, -0.00238399719819, 0.0013941192301, 0.0012508694781, -0.00273310835473, 0.00430832058191, -0.000720031966921, -0.000514214567374], [-7.4647286965e-05, 0.00176565896254, -0.00169753329828, 0.00467059155926, -0.00201640068553, -0.00118808401749, 0.00280631659552, -0.000452996726381, -0.00185611622874, 0.00334716471843, -0.00376663240604, 0.00112963025458, 0.000848774041515], [-9.70404289546e-06, -0.00114906020463, 0.000913859927095, -0.00201640068553, 0.00451610004529, -0.00133695709519, -0.00233726459555, 0.000197492685402, 0.000123847843497, 0.000236440886511, -0.000144162506331, -0.000570227683056, 0.000697462121025], [-0.000320166000165, 0.00134272000287, 0.000109720633191, -0.00118808401749, -0.00133695709519, 0.00673562893644, -0.00248190178536, 0.00252405623905, -0.000749958737288, -0.00219630426727, 0.00183837313671, 0.00092588114785, -0.00435756426305], [0.000151807224029, 0.00060185365146, -0.00238399719819, 0.00280631659552, -0.00233726459555, -0.00248190178536, 0.011444712989, -0.0052953842096, -0.00130759354215, 0.0042664129287, -0.00819167867303, 0.000906292290892, 0.00385098997504], [-0.000364462233847, 0.000612217816524, 0.0013941192301, -0.000452996726381, 0.000197492685402, 0.00252405623905, -0.0052953842096, 0.0113978711888, -0.000335831253324, -0.0062034134753, 0.0027156046126, -0.00206587044522, -0.00649794703349], [0.000485088152345, -0.001626950223, 0.0012508694781, -0.00185611622874, 0.000123847843497, -0.000749958737288, -0.00130759354215, -0.000335831253324, 0.00962100829929, -0.00321319606155, 0.00317025440745, -0.00136774859857, -0.00355408759788], [-0.00034966939711, 0.00316712260246, -0.00273310835473, 0.00334716471843, 0.000236440886511, -0.00219630426727, 0.0042664129287, -0.0062034134753, -0.00321319606155, 0.022770004347, -0.011179709807, -0.000994824804366, 0.0103047667071], [0.00075905455742, -0.00348657905124, 0.00430832058191, -0.00376663240604, -0.000144162506331, 0.00183837313671, -0.00819167867303, 0.0027156046126, 0.00317025440745, -0.011179709807, 0.023895798251, 0.000449956598459, -0.00890496000648], [-0.00016734599194, 0.00251206499524, -0.000720031966921, 0.00112963025458, -0.000570227683056, 0.00092588114785, 0.000906292290892, -0.00206587044522, -0.00136774859857, -0.000994824804366, 0.000449956598459, 0.0205668676645, -0.00423724856228], [0.000309974100674, -0.00105794088449, -0.000514214567374, 0.000848774041515, 0.000697462121025, -0.00435756426305, 0.00385098997504, -0.00649794703349, -0.00355408759788, 0.0103047667071, -0.00890496000648, -0.00423724856228, 0.0287960227579]]
    },
    "melbands": {
        "dmean": [0.00615487713367, 0.00407476071268, 0.00150116346776, 0.000538244494237, 0.000249775563134, 0.000164937460795, 0.0001197679303, 6.4234212914e-05, 5.0004953664e-05, 4.57992973679e-05, 4.16181210312e-05, 2.68385101663e-05, 2.27796881518e-05, 2.27748842008e-05, 2.1497171474e-05, 2.23083789024e-05, 1.52214925038e-05, 2.31370140682e-05, 1.66503268701e-05, 1.39649400808e-05, 1.3085478713e-05, 8.24434482638e-06, 7.66735138313e-06, 7.20049865777e-06, 7.27149472368e-06, 9.37635923037e-06, 6.31479815638e-06, 1.44635841934e-05, 7.65314507589e-06, 6.73888507663e-06, 6.25938082521e-06, 6.76049512549e-06, 5.95026403971e-06, 4.96888787893e-06, 3.46624756276e-06, 2.72849320027e-06, 1.74469732883e-06, 1.66554571024e-06, 1.85457304269e-06, 9.6556459539e-07],
        "dmean2": [0.00730050820857, 0.0061023645103, 0.00265093683265, 0.000963627768215, 0.00044859724585, 0.000286940805381, 0.000205240794457, 0.000108867287054, 8.69208961376e-05, 7.28337618057e-05, 6.82521058479e-05, 4.73843429063e-05, 4.09816566389e-05, 3.87159998354e-05, 3.45039370586e-05, 3.33757488988e-05, 2.31636968238e-05, 3.77059259336e-05, 2.74735430139e-05, 2.27821910812e-05, 2.17213473661e-05, 1.30692287712e-05, 1.2491022062e-05, 1.12774305308e-05, 1.10387545647e-05, 1.42950439113e-05, 8.87890655576e-06, 2.13777493627e-05, 1.10026539915e-05, 9.76902629191e-06, 9.26798293222e-06, 9.18981913856e-06, 8.20745481178e-06, 6.76633180774e-06, 4.63184824184e-06, 3.57307021659e-06, 2.29880174629e-06, 2.49611480285e-06, 2.97300175589e-06, 1.4614789734e-06],
        "dvar": [9.20680759009e-05, 8.25334136607e-05, 1.69445138454e-05, 2.06745676223e-06, 4.48117162932e-07, 1.25515441596e-07, 5.0456772982e-08, 1.87007938024e-08, 9.6842329711e-09, 9.65516200324e-09, 5.9753739734e-09, 3.26324411937e-09, 3.0199067691e-09, 2.02361416513e-09, 1.93415194971e-09, 2.23464668991e-09, 1.11754439036e-09, 3.63042262919e-09, 1.82386650227e-09, 1.20858223429e-09, 1.05848552145e-09, 4.03951816441e-10, 3.22129378727e-10, 2.60167304367e-10, 1.8825735415e-10, 3.75458886204e-10, 1.16774964698e-10, 6.17595086183e-10, 1.6113842205e-10, 1.28117835785e-10, 1.09539412263e-10, 1.40442518726e-10, 1.03006679575e-10, 6.63365265496e-11, 3.30042972119e-11, 1.96323669127e-11, 8.7340933097e-12, 9.87832819016e-12, 1.4962336925e-11, 3.32473024806e-12],
        "dvar2": [0.000194312917301, 0.000209558667848, 4.87071811222e-05, 5.9760664044e-06, 1.28933095311e-06, 3.51225537543e-07, 1.40842004726e-07, 5.36102930937e-08, 2.73666298511e-08, 2.13192805631e-08, 1.57363526654e-08, 9.18860276755e-09, 8.96742413659e-09, 5.37221067631e-09, 4.39718128575e-09, 4.25858548425e-09, 2.5179263119e-09, 9.6436645336e-09, 4.32994795574e-09, 3.04883340796e-09, 2.85313661585e-09, 9.72820601852e-10, 7.48057726874e-10, 6.00078486901e-10, 4.08217210035e-10, 8.07869326991e-10, 2.2632473673e-10, 1.39121947296e-09, 3.44799827579e-10, 2.54697374302e-10, 2.38286307352e-10, 2.86991347354e-10, 2.08052547412e-10, 1.20632170919e-10, 6.05428554512e-11, 3.63369889733e-11, 1.83399267994e-11, 2.20476779195e-11, 3.72218540712e-11, 7.64226182337e-12],
        "max": [0.0932360067964, 0.0759109482169, 0.0277468021959, 0.0109619833529, 0.00494841486216, 0.00332878599875, 0.00197860714979, 0.00213807588443, 0.000998119823635, 0.0013849925017, 0.000631354050711, 0.000459186267108, 0.000496988068335, 0.000385907507734, 0.000432110304246, 0.000544443028048, 0.000232315796893, 0.000463100994239, 0.000338338519214, 0.000284736626782, 0.000266205985099, 0.000170195155079, 0.000182262156159, 0.000161515214131, 0.000129276042571, 0.000293202145258, 9.80842669378e-05, 0.000155118948896, 0.000116792070912, 8.03742805147e-05, 6.7532659159e-05, 9.53112030402e-05, 8.51857839734e-05, 6.78655269439e-05, 4.1207033064e-05, 3.09534952976e-05, 2.86734866677e-05, 2.20435595111e-05, 2.83846256934e-05, 1.20683025671e-05],
        "mean": [0.0134386429563, 0.005891345907, 0.00154859782197, 0.000556345039513, 0.000239330955083, 0.0001826636435, 0.000160226234584, 7.4613482866e-05, 5.29003264091e-05, 6.21369108558e-05, 4.43135249952e-05, 3.05473986373e-05, 1.86210218089e-05, 2.25493931794e-05, 2.51586316153e-05, 2.64965437964e-05, 1.5530777091e-05, 2.02499959414e-05, 1.65505534824e-05, 1.54693134391e-05, 1.38196846819e-05, 9.05019260244e-06, 8.04678529676e-06, 8.0345043898e-06, 8.33519698062e-06, 1.35692544063e-05, 7.64504784456e-06, 1.43893894347e-05, 8.53398705658e-06, 8.06468415249e-06, 7.11763959771e-06, 7.45252827983e-06, 6.78098831486e-06, 6.03981698077e-06, 4.08376536143e-06, 3.10545988214e-06, 2.00726321964e-06, 1.61502396168e-06, 1.61817445132e-06, 9.5445898296e-07],
        "median": [0.00861556921154, 0.00283466977999, 0.000424243335146, 0.000147459941218, 4.59039110865e-05, 5.71615164517e-05, 4.88466102979e-05, 2.07310695259e-05, 1.04507016658e-05, 9.40415975492e-06, 9.0303728939e-06, 5.83965220358e-06, 3.1682898225e-06, 2.54069686889e-06, 3.75533863917e-06, 3.18677757605e-06, 1.60181923547e-06, 1.58307227593e-06, 1.50866230797e-06, 1.68033375303e-06, 1.79734740868e-06, 9.55763312049e-07, 9.94654442366e-07, 1.3135700101e-06, 1.42351223076e-06, 1.77816059477e-06, 1.30160424305e-06, 2.21840150516e-06, 1.46877221141e-06, 9.66838001659e-07, 7.15675525953e-07, 7.42558825095e-07, 7.63651428315e-07, 6.98961059697e-07, 3.83365915013e-07, 3.45923950817e-07, 2.55457223375e-07, 1.30161510015e-07, 1.08178333846e-07, 8.27611117415e-08],
        "min": [8.94318361588e-08, 9.31433419282e-08, 6.21899287623e-09, 7.43416128657e-09, 8.48526582331e-09, 5.20312255503e-08, 7.11281487042e-08, 3.19968975759e-08, 5.54549872689e-09, 1.91759816914e-08, 1.16352030233e-08, 8.46720027425e-09, 5.34469712932e-09, 2.398404364e-09, 2.0854287186e-08, 1.28820651923e-08, 1.3016520084e-09, 2.08480765984e-09, 1.41319778102e-09, 5.72292879752e-10, 5.35678446045e-10, 3.81011971973e-10, 1.18647014435e-09, 1.11731501828e-09, 1.39156064449e-09, 1.73171355033e-09, 1.46787992872e-09, 2.11201434119e-09, 1.59253632503e-09, 2.1084665125e-09, 2.0864432404e-09, 1.15911991116e-09, 6.53678777773e-10, 3.06800362893e-10, 4.73225458819e-10, 2.70426486759e-10, 1.73747778318e-12, 1.17353262524e-12, 4.45515017022e-13, 1.76642636065e-13],
