{
"highlevel": {
    "danceability": {
        "all": {
            "danceable": 0.986438632011,
            "not_danceable": 0.0135613800958
        },
        "probability": 0.986438632011,
        "value": "danceable"
    },
    "gender": {
        "all": {
            "female": 0.166947007179,
            "male": 0.833052992821
        },
        "probability": 0.833052992821,
        "value": "male"
    },
    "genre_dortmund": {
        "all": {
            "alternative": 0.0349841751158,
            "blues": 0.0692340061069,
            "electronic": 0.0550976544619,
            "folkcountry": 0.0196890085936,
            "funksoulrnb": 0.0242471229285,
            "jazz": 0.0456567183137,
            "pop": 0.0542332343757,
            "raphiphop": 0.0715364962816,
            "rock": 0.625321567059
        },
        "probability": 0.625321567059,
        "value": "rock"
    },
    "genre_electronic": {
        "all": {
            "ambient": 0.065056540072,
            "dnb": 0.520655930042,
            "house": 0.0912810266018,
            "techno": 0.0131185958162,
            "trance": 0.30988791585
        },
        "probability": 0.520655930042,
        "value": "dnb"
    },
    "genre_rosamerica": {
        "all": {
            "cla": 0.00121286767535,
            "dan": 0.67055618763,
            "hip": 0.0416887067258,
            "jaz": 0.00153509329539,
            "pop": 0.0192929338664,
            "rhy": 0.00969174318016,
            "roc": 0.253868192434,
            "spe": 0.00215427880175
        },
        "probability": 0.67055618763,
        "value": "dan"
    },
    "genre_tzanetakis": {
        "all": {
            "blu": 0.0626541376114,
            "cla": 0.0348133966327,
            "cou": 0.0783501937985,
            "dis": 0.104547761381,
            "hip": 0.15693578124,
            "jaz": 0.313987255096,
            "met": 0.044816005975,
            "pop": 0.0627349764109,
            "reg": 0.0627352520823,
            "roc": 0.0784252434969
        },
        "probability": 0.313987255096,
        "value": "jaz"
    },
    "ismir04_rhythm": {
        "all": {
            "ChaChaCha": 0.0574447587132,
            "Jive": 0.104525089264,
            "Quickstep": 0.0583693608642,
            "Rumba-American": 0.00709863426164,
            "Rumba-International": 0.00464193057269,
            "Rumba-Misc": 0.0044746263884,
            "Samba": 0.751402258873,
            "Tango": 0.00305844354443,
            "VienneseWaltz": 0.0059546767734,
            "Waltz": 0.00303022866137
        },
        "probability": 0.751402258873,
        "value": "Samba"
    },
    "mood_acoustic": {
        "all": {
            "acoustic": 0.00330431386828,
            "not_acoustic": 0.996695697308
        },
        "probability": 0.996695697308,
        "value": "not_acoustic"
    },
    "mood_aggressive": {
        "all": {
            "aggressive": 0.86635184288,
            "not_aggressive": 0.133648172021
        },
        "probability": 0.86635184288,
        "value": "aggressive"
    },
    "mood_electronic": {
        "all": {
            "electronic": 0.740382432938,
            "not_electronic": 0.259617567062
        },
        "probability": 0.740382432938,
        "value": "electronic"
    },
    "mood_happy": {
        "all": {
            "happy": 0.346374303102,
            "not_happy": 0.6536257267
        },
        "probability": 0.6536257267,
        "value": "not_happy"
    },
    "mood_party": {
        "all": {
            "not_party": 0.13727325201,
            "party": 0.86272674799
        },
        "probability": 0.86272674799,
        "value": "party"
    },
    "mood_relaxed": {
        "all": {
            "not_relaxed": 0.921199798584,
            "relaxed": 0.0788001865149
        },
        "probability": 0.921199798584,
        "value": "not_relaxed"
    },
    "mood_sad": {
        "all": {
            "not_sad": 0.98384565115,
            "sad": 0.0161543413997
        },
        "probability": 0.98384565115,
        "value": "not_sad"
    },
    "moods_mirex": {
        "all": {
            "Cluster1": 0.203933984041,
            "Cluster2": 0.128264382482,
            "Cluster3": 0.0228465069085,
            "Cluster4": 0.119676694274,
            "Cluster5": 0.525278449059
        },
        "probability": 0.525278449059,
        "value": "Cluster5"
    },
    "timbre": {
        "all": {
            "bright": 0.25432112813,
            "dark": 0.745678901672
        },
        "probability": 0.745678901672,
        "value": "dark"
    },
    "tonal_atonal": {
        "all": {
            "atonal": 0.952486932278,
            "tonal": 0.0475130528212
        },
        "probability": 0.952486932278,
        "value": "atonal"
    },
    "voice_instrumental": {
        "all": {
            "instrumental": 0.00304669491015,
            "voice": 0.996953308582
        },
        "probability": 0.996953308582,
        "value": "voice"
    }
},
"lowlevel": {
    "average_loudness": 0.956510424614,
    "barkbands_crest": {
        "dmean": 3.12387442589,
        "dmean2": 4.89011001587,
        "dvar": 8.93873500824,
        "dvar2": 18.7478141785,
        "max": 25.1556777954,
        "mean": 11.1616716385,
        "median": 10.1509304047,
        "min": 2.69410562515,
        "var": 26.9085998535
    },
    "barkbands_flatness_db": {
        "dmean": 0.0272843800485,
        "dmean2": 0.0405907928944,
        "dvar": 0.00115545850713,
        "dvar2": 0.00222848914564,
        "max": 0.540139973164,
        "mean": 0.15675753355,
        "median": 0.122459359467,
        "min": 0.0540494434536,
        "var": 0.00900879036635
    },
    "barkbands_kurtosis": {
        "dmean": 8.84538459778,
        "dmean2": 13.0447778702,
        "dvar": 605.984924316,
        "dvar2": 1292.90625,
        "max": 498.459442139,
        "mean": 12.9616804123,
        "median": 1.60328722,
        "min": -1.73182845116,
        "var": 1211.08300781
    },
    "barkbands_skewness": {
        "dmean": 0.830482900143,
        "dmean2": 1.18185997009,
        "dvar": 1.19862937927,
        "dvar2": 2.11484766006,
        "max": 18.558681488,
        "mean": 2.1964673996,
        "median": 1.52272391319,
        "min": -1.73367357254,
        "var": 4.44239807129
    },
    "barkbands_spread": {
        "dmean": 6.7718372345,
        "dmean2": 9.92044639587,
        "dvar": 59.3664627075,
        "dvar2": 115.751274109,
        "max": 90.849281311,
        "mean": 26.9153862,
        "median": 26.6087207794,
        "min": 0.398610293865,
        "var": 300.615539551
    },
    "dissonance": {
        "dmean": 0.0134638054296,
        "dmean2": 0.0228683426976,
        "dvar": 0.000207708464586,
        "dvar2": 0.000553216435947,
        "max": 0.5,
        "mean": 0.47641479969,
        "median": 0.482086986303,
        "min": 0.32481482625,
        "var": 0.000399007170927
    },
    "dynamic_complexity": 3.80314612389,
    "erbbands_crest": {
        "dmean": 2.31142997742,
        "dmean2": 3.83138895035,
        "dvar": 6.2483291626,
        "dvar2": 16.3230285645,
        "max": 23.866689682,
        "mean": 7.28047132492,
        "median": 5.78130817413,
        "min": 2.37804317474,
        "var": 17.0189971924
    },
    "erbbands_flatness_db": {
        "dmean": 0.0134822558612,
        "dmean2": 0.0191690512002,
        "dvar": 0.000280189764453,
        "dvar2": 0.000459592934931,
        "max": 0.372016936541,
        "mean": 0.136328920722,
        "median": 0.123117700219,
        "min": 0.0608904697001,
        "var": 0.00215515377931
    },
    "erbbands_kurtosis": {
        "dmean": 1.00282764435,
        "dmean2": 1.51431620121,
        "dvar": 6.19731616974,
        "dvar2": 13.2837343216,
        "max": 44.8618278503,
        "mean": 0.827833473682,
        "median": -0.412126302719,
        "min": -1.71809267998,
        "var": 26.8499011993
    },
    "erbbands_skewness": {
        "dmean": 0.352569162846,
        "dmean2": 0.523475050926,
        "dvar": 0.171202301979,
        "dvar2": 0.389080613852,
        "max": 5.90065479279,
        "mean": 0.249365925789,
        "median": 0.102362759411,
        "min": -1.64386892319,
        "var": 1.12924301624
    },
    "erbbands_spread": {
        "dmean": 9.04984855652,
        "dmean2": 13.3355293274,
        "dvar": 85.8165817261,
        "dvar2": 164.877609253,
        "max": 147.534439087,
        "mean": 48.5959663391,
        "median": 46.5747108459,
        "min": 3.01400566101,
        "var": 415.072845459
    },
    "hfc": {
        "dmean": 4.91328287125,
        "dmean2": 7.13945913315,
        "dvar": 50.7476043701,
        "dvar2": 114.165122986,
        "max": 91.7788925171,
        "mean": 24.5554180145,
        "median": 24.8665847778,
        "min": 0.012128113769,
        "var": 286.741577148
    },
    "melbands_crest": {
        "dmean": 4.27631378174,
        "dmean2": 6.49797487259,
        "dvar": 15.3074264526,
        "dvar2": 30.6539993286,
        "max": 36.4242286682,
        "mean": 17.604183197,
        "median": 16.7955284119,
        "min": 3.90745186806,
        "var": 55.0654296875
    },
    "melbands_flatness_db": {
        "dmean": 0.034476146102,
        "dmean2": 0.0499897897243,
        "dvar": 0.00180486647878,
        "dvar2": 0.00341306184418,
        "max": 0.694652438164,
        "mean": 0.208519130945,
        "median": 0.168292865157,
        "min": 0.0237565562129,
        "var": 0.0152832744643
    },
    "melbands_kurtosis": {
        "dmean": 21.5467815399,
        "dmean2": 31.695318222,
        "dvar": 2540.80688477,
        "dvar2": 5066.42138672,
        "max": 739.782165527,
        "mean": 36.9092445374,
        "median": 11.2862596512,
        "min": -1.56402361393,
        "var": 5832.20361328
    },
    "melbands_skewness": {
        "dmean": 1.21549916267,
        "dmean2": 1.77288758755,
        "dvar": 2.47813153267,
        "dvar2": 4.22536659241,
        "max": 23.698474884,
        "mean": 3.92669296265,
        "median": 2.98834633827,
        "min": -0.232810601592,
        "var": 8.99906253815
    },
    "melbands_spread": {
        "dmean": 7.80442619324,
        "dmean2": 11.7098941803,
        "dvar": 114.443641663,
        "dvar2": 209.589004517,
        "max": 188.096618652,
        "mean": 24.2697563171,
        "median": 22.1824588776,
        "min": 0.304863601923,
        "var": 430.981445312
    },
    "pitch_salience": {
        "dmean": 0.0939464345574,
        "dmean2": 0.146110311151,
        "dvar": 0.00814711954445,
        "dvar2": 0.0183972716331,
        "max": 0.908076941967,
        "mean": 0.508209645748,
        "median": 0.525882959366,
        "min": 0.0884765014052,
        "var": 0.0221156664193
    },
    "silence_rate_20dB": {
        "dmean": 0,
        "dmean2": 0,
        "dvar": 0,
        "dvar2": 0,
        "max": 1,
        "mean": 1,
        "median": 1,
        "min": 1,
        "var": 0
    },
    "silence_rate_30dB": {
        "dmean": 0.0743034034967,
        "dmean2": 0.148721918464,
        "dvar": 0.0687829628587,
        "dvar2": 0.12660510838,
        "max": 1,
        "mean": 0.896365046501,
        "median": 1,
        "min": 0,
        "var": 0.0928949564695
    },
    "silence_rate_60dB": {
        "dmean": 0.0208978336304,
        "dmean2": 0.0418280400336,
        "dvar": 0.0204611718655,
        "dvar2": 0.0493736565113,
        "max": 1,
        "mean": 0.0881670564413,
        "median": 0,
        "min": 0,
        "var": 0.0803936496377
    },
    "spectral_centroid": {
        "dmean": 284.891845703,
        "dmean2": 428.432769775,
        "dvar": 98304.2734375,
        "dvar2": 194687.421875,
        "max": 4324.40771484,
        "mean": 1565.86364746,
        "median": 1570.1348877,
        "min": 123.878204346,
        "var": 587198.5
    },
    "spectral_complexity": {
        "dmean": 3.99303412437,
        "dmean2": 6.24089860916,
        "dvar": 19.3413219452,
        "dvar2": 41.041217804,
        "max": 57,
        "mean": 23.9644241333,
        "median": 27,
        "min": 0,
        "var": 199.399902344
    },
    "spectral_decrease": {
        "dmean": 4.81413531261e-09,
        "dmean2": 6.85507517417e-09,
        "dvar": 5.3232228939e-17,
        "dvar2": 8.50983230988e-17,
        "max": -1.40907467985e-11,
        "mean": -1.13431593007e-08,
        "median": -7.59337925871e-09,
        "min": -5.67655895622e-08,
        "var": 1.34375503744e-16
    },
    "spectral_energy": {
        "dmean": 0.0183805711567,
        "dmean2": 0.0261423420161,
        "dvar": 0.000765223056078,
        "dvar2": 0.00122766883578,
        "max": 0.215639963746,
        "mean": 0.0450389198959,
        "median": 0.0314389280975,
        "min": 5.66640555917e-05,
        "var": 0.00196024170145
    },
    "spectral_energyband_high": {
        "dmean": 0.0003896158305,
        "dmean2": 0.000555817619897,
        "dvar": 3.72693222062e-07,
        "dvar2": 8.22788479127e-07,
        "max": 0.00965394638479,
        "mean": 0.00138543907087,
        "median": 0.00116186717059,
        "min": 3.66995962509e-08,
        "var": 1.61702951118e-06
    },
    "spectral_energyband_low": {
        "dmean": 0.0152324037626,
        "dmean2": 0.0218872092664,
        "dvar": 0.000779440451879,
        "dvar2": 0.00120234908536,
        "max": 0.210064649582,
        "mean": 0.0273946356028,
        "median": 0.0111730694771,
        "min": 3.48635421688e-06,
        "var": 0.00177456613164
    },
    "spectral_energyband_middle_high": {
        "dmean": 0.00143194955308,
        "dmean2": 0.00227894564159,
        "dvar": 4.6388163355e-06,
        "dvar2": 1.28309948195e-05,
        "max": 0.0275770425797,
        "mean": 0.00508869439363,
        "median": 0.00442206580192,
        "min": 8.83693189735e-07,
        "var": 1.93988653336e-05
    },
    "spectral_energyband_middle_low": {
        "dmean": 0.00651757279411,
        "dmean2": 0.0106487218291,
        "dvar": 0.000156633570441,
        "dvar2": 0.000396117131459,
        "max": 0.111022509634,
        "mean": 0.0127576328814,
        "median": 0.00859254039824,
        "min": 2.75639263236e-06,
        "var": 0.00021971957176
    },
    "spectral_entropy": {
        "dmean": 0.144640356302,
        "dmean2": 0.214314863086,
        "dvar": 0.0518840923905,
        "dvar2": 0.100910529494,
        "max": 8.55511188507,
        "mean": 7.74036741257,
        "median": 7.93810033798,
        "min": 4.54623317719,
        "var": 0.392002344131
    },
    "spectral_flux": {
        "dmean": 0.0398125238717,
        "dmean2": 0.0628669932485,
        "dvar": 0.00270274793729,
        "dvar2": 0.00624169781804,
        "max": 0.397917896509,
        "mean": 0.106748349965,
        "median": 0.094103179872,
        "min": 0.00222979928367,
        "var": 0.00543579598889
    },
    "spectral_kurtosis": {
        "dmean": 1.71018159389,
        "dmean2": 2.80412864685,
        "dvar": 30.3338851929,
        "dvar2": 66.0566635132,
        "max": 127.377105713,
        "mean": 3.9242374897,
        "median": 2.01875019073,
        "min": -0.494292020798,
        "var": 79.7638626099
    },
    "spectral_rms": {
        "dmean": 0.00119072606321,
        "dmean2": 0.00163483875804,
        "dvar": 2.22029439101e-06,
        "dvar2": 3.51183848579e-06,
        "max": 0.0145044978708,
        "mean": 0.00587507756427,
        "median": 0.00553824240342,
        "min": 0.00023512126063,
        "var": 9.42384122027e-06
    },
    "spectral_rolloff": {
        "dmean": 564.364562988,
        "dmean2": 876.674499512,
        "dvar": 690101.5,
        "dvar2": 1304542.5,
        "max": 11412.5976562,
        "mean": 1487.27587891,
        "median": 1119.7265625,
        "min": 43.06640625,
        "var": 2310031.75
    },
    "spectral_skewness": {
        "dmean": 0.20939733088,
        "dmean2": 0.332539796829,
        "dvar": 0.165204167366,
        "dvar2": 0.341939002275,
        "max": 9.56474208832,
        "mean": 1.34436380863,
        "median": 1.16869199276,
        "min": 0.1640316993,
        "var": 0.638351678848
    },
    "spectral_spread": {
        "dmean": 422721.125,
        "dmean2": 603681.1875,
        "dvar": 311598776320,
        "dvar2": 428812042240,
        "max": 16668643,
        "mean": 4824862.5,
        "median": 4950268,
        "min": 885612.0625,
        "var": 1.56930801664e+12
    },
    "spectral_strongpeak": {
        "dmean": 0.381325632334,
        "dmean2": 0.663311600685,
        "dvar": 0.388815313578,
        "dvar2": 1.11241042614,
        "max": 5.12475967407,
        "mean": 0.570387363434,
        "median": 0.368652641773,
        "min": 0,
        "var": 0.420387297869
    },
    "zerocrossingrate": {
        "dmean": 0.011974228546,
        "dmean2": 0.0125073371455,
        "dvar": 0.000181531155249,
        "dvar2": 0.000160776689881,
        "max": 0.31787109375,
        "mean": 0.0640143156052,
        "median": 0.064453125,
        "min": 0.00146484375,
        "var": 0.0016066825483
    },
    "barkbands": {
        "dmean": [0.00176199618727, 0.0123902428895, 0.00389070925303, 0.00322547461838, 0.0024691845756, 0.000898404046893, 0.000927593326196, 0.000667306478135, 0.00100759475026, 0.000558519852348, 0.000312306394335, 0.000265747978119, 0.000300139246974, 0.000310883420752, 0.000259856693447, 0.000244991970249, 0.000155616464326, 0.000222212314839, 0.000159321352839, 0.000132856497657, 0.000123689576867, 0.000111782363092, 0.000118665222544, 9.78918396868e-05, 3.96856776206e-05, 1.2207094187e-05, 7.01258651148e-09],
        "dmean2": [0.00239539891481, 0.0182686038315, 0.00679692160338, 0.00517938798293, 0.00445683347061, 0.00151131383609, 0.00155477155931, 0.00104909541551, 0.00152245291974, 0.000902339059394, 0.00052153429715, 0.000431770866271, 0.000483925774461, 0.000517448876053, 0.000425439357059, 0.000407251616707, 0.000255856575677, 0.000368480250472, 0.000261897046585, 0.000216077431105, 0.000200305570615, 0.000175749679329, 0.000185029479326, 0.000144692559843, 5.72335411562e-05, 1.74459219124e-05, 1.01377279904e-08],
        "dvar": [1.66366808116e-05, 0.000719799194485, 6.90823508194e-05, 4.99545531056e-05, 3.74104674847e-05, 2.49061213253e-06, 5.0105891205e-06, 2.19092862608e-06, 4.85108375869e-06, 1.38845075526e-06, 9.97223310151e-07, 1.82410943239e-07, 2.24551570227e-07, 3.03212004837e-07, 1.71261973492e-07, 1.37836281056e-07, 7.16226011832e-08, 8.49953067927e-08, 5.15031359782e-08, 3.37373435855e-08, 3.9673949459e-08, 3.88907892557e-08, 2.58035210976e-08, 2.46862175146e-08, 6.29318464007e-09, 1.23744925418e-09, 1.02905346665e-14],
        "dvar2": [2.79944488284e-05, 0.00119793682825, 0.000201872506295, 0.000111028479296, 0.000109992382932, 6.64014078211e-06, 1.41660020745e-05, 4.47914999313e-06, 1.16216879178e-05, 4.03304284191e-06, 3.0234816677e-06, 4.65983930553e-07, 5.82514758207e-07, 8.84177325133e-07, 4.49999134844e-07, 3.68384775129e-07, 1.78398707362e-07, 2.35043572161e-07, 1.336140798e-07, 8.41621172754e-08, 9.8455679165e-08, 9.51632728174e-08, 6.23229112762e-08, 4.73302677051e-08, 1.29012311945e-08, 2.83426104808e-09, 1.07643445684e-14],
        "max": [0.0343846045434, 0.183859884739, 0.0844516605139, 0.0706347599626, 0.0606362596154, 0.0212805811316, 0.0396265760064, 0.0262633599341, 0.0323465466499, 0.0170429553837, 0.0207716748118, 0.00609139539301, 0.00751506071538, 0.00729180127382, 0.00417094631121, 0.00745465280488, 0.00329284742475, 0.00271052983589, 0.00259624863975, 0.00320113566704, 0.00297255790792, 0.00341260572895, 0.00185676442925, 0.0023524814751, 0.00149143883027, 0.000797762477305, 3.59457726518e-06],
        "mean": [0.00262748566456, 0.0183059349656, 0.00499002356082, 0.00395343126729, 0.00309349643067, 0.00134518626146, 0.00129487854429, 0.00117084279191, 0.001666344353, 0.000919429876376, 0.000496751745231, 0.000494690495543, 0.000506785756443, 0.00052368134493, 0.000482953619212, 0.000476797984447, 0.000279749161564, 0.000451830070233, 0.000372934126062, 0.000320745341014, 0.000291438977001, 0.000256642815657, 0.000312733871397, 0.000282649503788, 0.000100272947748, 2.1249470592e-05, 6.10355765929e-09],
        "median": [7.65557924751e-05, 0.00445507047698, 0.00222168373875, 0.00134129438084, 0.00134106585756, 0.00071118096821, 0.000532866921276, 0.00039348663995, 0.000510076410137, 0.000404341612011, 0.000250262091868, 0.000259659980657, 0.000277065555565, 0.000245026894845, 0.000252518424531, 0.000338162324624, 0.000174489832716, 0.000358356890501, 0.000281093874946, 0.000252235098742, 0.000234771330724, 0.000195148037164, 0.000242362351855, 0.000179507362191, 6.72248133924e-05, 1.06704283098e-05, 4.46262304887e-10],
        "min": [4.6472766968e-08, 1.27471741962e-06, 4.16836456907e-07, 2.8470267921e-07, 1.43981679912e-08, 1.9436319576e-07, 5.22163512429e-09, 1.8166485205e-08, 1.38626305102e-07, 3.61097072243e-08, 5.13610700636e-08, 5.49511369741e-08, 1.61115387698e-08, 3.15493764447e-08, 2.16509103979e-08, 3.46583277633e-08, 1.5506335771e-08, 1.46462015849e-08, 1.34845974387e-08, 1.43116620777e-08, 9.45231093397e-09, 5.66123237178e-09, 3.16403880873e-09, 9.25818866016e-10, 4.09479741781e-11, 7.53471330467e-12, 8.45622790541e-12],
        "var": [3.31810952048e-05, 0.00129209738225, 7.00741948094e-05, 6.22445732006e-05, 2.99122002616e-05, 3.3633991734e-06, 5.86009355175e-06, 7.5796224337e-06, 1.09854154289e-05, 2.18657078221e-06, 1.17353363294e-06, 4.50729913837e-07, 4.74185299026e-07, 5.95634560341e-07, 4.15625521555e-07, 2.73395272643e-07, 1.23046291378e-07, 1.80586098963e-07, 1.370492555e-07, 1.09029734574e-07, 8.90941151965e-08, 8.05863749065e-08, 9.11055053621e-08, 1.05212386359e-07, 1.83093309403e-08, 1.63597024816e-09, 1.02322765874e-14]
    },
    "erbbands": {
        "dmean": [0.617670238018, 2.34007096291, 4.61538648605, 6.9736571312, 11.709774971, 6.48344659805, 5.14605665207, 8.23083496094, 12.6768484116, 11.368894577, 18.3920345306, 25.6942424774, 11.275935173, 20.9340076447, 10.2552871704, 10.0392951965, 13.5042066574, 13.8480920792, 14.1419782639, 11.8530864716, 13.320309639, 8.90127372742, 9.5755033493, 9.55375003815, 8.07344055176, 5.75812292099, 4.62231254578, 5.29333543777, 4.4183716774, 2.82439398766, 3.53771781921, 3.00320529938, 1.3092956543, 0.590346753597, 0.186945080757, 0.0677947849035, 0.0240118429065, 0.00154829630628, 3.55755546479e-05, 2.08181427297e-05],
        "dmean2": [0.855408430099, 3.63923478127, 8.07054519653, 11.5822820663, 20.1278800964, 11.4434909821, 8.79344749451, 13.7723817825, 21.3260726929, 18.833158493, 28.2865867615, 38.7547035217, 18.2218761444, 34.7963294983, 16.6349716187, 16.2288703918, 22.1177768707, 22.7652111053, 23.3160934448, 19.9176044464, 22.2074947357, 14.6836919785, 15.9910907745, 15.5925941467, 13.0878152847, 9.08256149292, 7.52188396454, 8.49041366577, 6.91905069351, 4.56432676315, 5.47066879272, 4.43827009201, 1.88736951351, 0.861631572247, 0.268567949533, 0.0987681001425, 0.0351919159293, 0.00229581072927, 4.99039306305e-05, 2.95247282338e-05],
        "dvar": [1.90070486069, 27.4078063965, 91.3459091187, 166.323471069, 926.785827637, 194.380569458, 108.034614563, 239.98916626, 1107.02990723, 614.760681152, 1700.7310791, 3359.39941406, 442.817199707, 3374.71777344, 369.354919434, 249.284347534, 480.939544678, 627.842651367, 475.30380249, 409.385559082, 433.613433838, 239.717346191, 177.652526855, 188.947219849, 115.996810913, 56.754234314, 46.3758850098, 90.5056991577, 61.7665214539, 26.6936073303, 21.8651828766, 16.6741752625, 6.59902667999, 1.44873297215, 0.181906506419, 0.0311574582011, 0.00441417517141, 4.47732854809e-05, 1.39877451844e-08, 9.30018340117e-10],
        "dvar2": [3.18216323853, 62.6637115479, 258.148162842, 404.100769043, 2566.54882812, 569.893493652, 293.373962402, 642.393798828, 3146.71948242, 1645.62023926, 3487.3605957, 7987.82861328, 1145.20947266, 10709.1650391, 960.039489746, 653.231201172, 1292.04333496, 1718.83984375, 1239.3046875, 1124.97912598, 1145.34912109, 600.766662598, 475.919525146, 503.019378662, 301.902862549, 138.589157104, 126.096931458, 217.791976929, 150.694534302, 70.2571716309, 51.8506774902, 36.7329940796, 12.2238540649, 2.94114375114, 0.379355311394, 0.0661918893456, 0.010479496792, 0.000109650150989, 3.33606422487e-08, 1.51350409983e-09],
        "max": [9.71696662903, 38.5283508301, 84.0939102173, 111.802894592, 277.06918335, 136.870651245, 142.356170654, 232.780838013, 700.587463379, 472.301971436, 734.550598145, 674.190063477, 418.122192383, 961.926818848, 334.814788818, 248.672973633, 270.287322998, 377.701477051, 288.682250977, 242.131912231, 388.228088379, 190.076934814, 133.231063843, 185.421691895, 186.61277771, 143.288345337, 118.678031921, 148.425064087, 143.037536621, 80.830696106, 53.8212776184, 52.4775924683, 47.6374931335, 19.9706172943, 6.71894073486, 3.26835274696, 1.4800260067, 0.165856674314, 0.0028546184767, 0.000240828521783],
        "mean": [0.801641583443, 2.98126029968, 6.09544277191, 9.14832210541, 14.2684259415, 8.73717212677, 7.50833368301, 11.8103542328, 17.2721424103, 17.8335342407, 35.5426330566, 42.5349159241, 22.288192749, 32.220954895, 20.383682251, 19.7411594391, 23.8064956665, 25.9171524048, 26.8493118286, 23.3336906433, 26.8512783051, 17.4047145844, 20.8933200836, 20.7866840363, 20.7057514191, 14.3147668839, 11.141248703, 11.6919527054, 9.98151111603, 6.30272197723, 9.3945684433, 8.4151506424, 3.43184041977, 1.55628407001, 0.456640869379, 0.139037355781, 0.0348668769002, 0.00203268136829, 7.47231897549e-05, 5.73915640416e-05],
        "median": [0.0620686076581, 1.10618805885, 3.47060680389, 4.40439271927, 5.32603931427, 4.07094717026, 4.18551301956, 5.90636205673, 7.6324224472, 8.78788948059, 11.6296482086, 12.3595256805, 13.4775600433, 14.649684906, 13.169178009, 11.9122037888, 14.5288248062, 12.96945858, 14.6371183395, 13.3386802673, 19.7079143524, 11.7588291168, 17.0113792419, 15.8158369064, 16.4799499512, 11.5447797775, 9.03497600555, 8.95086860657, 7.50452756882, 4.72269105911, 6.99817085266, 5.40437889099, 2.20869159698, 1.05992329121, 0.279304295778, 0.0727043151855, 0.0151880113408, 0.000848211988341, 5.32498233952e-05, 4.72308747703e-05],
        "min": [5.99853992753e-05, 0.000330773676978, 0.00108412979171, 0.00360524281859, 0.000490293372422, 0.000150883730385, 0.00104601215571, 0.0013644794235, 0.000188183359569, 0.000243582544499, 0.00112453568727, 0.00367449084297, 0.002295877086, 0.00147616618779, 0.00248593557626, 0.00253681279719, 0.00104234460741, 0.00153004785534, 0.00294682593085, 0.00142042641528, 0.00126748834737, 0.000709860818461, 0.000863691035192, 0.000794236140791, 0.000452657055575, 0.000684444152284, 0.000443309050752, 0.000318115053233, 0.000228903649258, 0.000155424815603, 8.52628945722e-05, 4.78475885757e-05, 1.44657324199e-05, 4.65145285489e-06, 4.48430938604e-07, 1.45381861216e-07, 7.11949965648e-08, 1.14797007456e-08, 3.80117448628e-08, 6.80533531749e-08],
        "var": [3.33777880669, 32.0404663086, 86.1453170776, 196.362838745, 826.42980957, 197.344314575, 138.22996521, 310.300689697, 1178.72680664, 914.045227051, 6200.71484375, 7253.0234375, 974.272033691, 3677.62841797, 774.381347656, 620.749511719, 945.569030762, 1453.58850098, 1162.13183594, 942.183654785, 799.278015137, 414.232177734, 377.51361084, 419.539550781, 396.717956543, 204.04069519, 125.888885498, 167.112701416, 123.005607605, 46.7403373718, 83.8805923462, 82.1092300415, 21.1801128387, 4.2265920639, 0.486945688725, 0.0579950921237, 0.00489793810993, 4.23912388214e-05, 1.47973224784e-08, 2.47166331846e-09]
    },
    "gfcc": {
        "mean": [2.78020000458, 90.207901001, -113.281959534, 54.8940505981, -60.5224227905, 26.9558868408, -33.0313682556, 13.8312492371, -18.2808246613, -0.520890712738, -13.3802700043, -5.92231464386, -10.2925605774],
        "cov": [[12349.2910156, -2457.13574219, -1267.96765137, -537.693054199, -1255.71569824, 492.598449707, -1201.04455566, 586.58770752, -575.105773926, 207.056259155, -362.863922119, 103.999977112, -437.946105957], [-2457.13574219, 1658.04736328, 342.704498291, -124.923820496, 523.067199707, -266.311523438, 377.963378906, -365.66986084, 200.175048828, -191.535263062, 118.523246765, -123.608345032, 132.931625366], [-1267.96765137, 342.704498291, 803.362121582, 216.45892334, 336.746002197, -11.7286510468, 225.830810547, -69.8149871826, 94.6239776611, 14.5907964706, 32.6397705078, 0.084567733109, 36.7384109497], [-537.693054199, -124.923820496, 216.45892334, 308.697540283, 90.2185440063, 37.8530426025, 82.9563369751, 55.3207893372, 67.9862365723, 17.6697406769, 38.7900466919, 8.42169094086, 24.8311023712], [-1255.71569824, 523.067199707, 336.746002197, 90.2185440063, 386.343688965, -10.2448072433, 252.063644409, -79.6989898682, 127.635292053, -25.1282749176, 59.3516578674, -23.9673175812, 68.1734619141], [492.598449707, -266.311523438, -11.7286510468, 37.8530426025, -10.2448072433, 218.687820435, 37.0768547058, 127.345420837, 10.4911766052, 52.3933639526, 24.6881084442, 16.3340682983, 13.5159683228], [-1201.04455566, 377.963378906, 225.830810547, 82.9563369751, 252.063644409, 37.0768547058, 289.844360352, -19.114276886, 131.172424316, -13.4754257202, 60.7168045044, -27.9536418915, 63.570930481], [586.58770752, -365.66986084, -69.8149871826, 55.3207893372, -79.6989898682, 127.345420837, -19.114276886, 213.78717041, 38.1066360474, 69.2567138672, 6.48488759995, 3.31434130669, -14.4995355606], [-575.105773926, 200.175048828, 94.6239776611, 67.9862365723, 127.635292053, 10.4911766052, 131.172424316, 38.1066360474, 155.757873535, 27.2544116974, 55.0670166016, -23.0074214935, 42.2990036011], [207.056259155, -191.535263062, 14.5907964706, 17.6697406769, -25.1282749176, 52.3933639526, -13.4754257202, 69.2567138672, 27.2544116974, 102.141677856, 7.38409948349, 29.3542404175, -10.6137495041], [-362.863922119, 118.523246765, 32.6397705078, 38.7900466919, 59.3516578674, 24.6881084442, 60.7168045044, 6.48488759995, 55.0670166016, 7.38409948349, 97.260597229, 10.6615762711, 46.6528320312], [103.999977112, -123.608345032, 0.084567733109, 8.42169094086, -23.9673175812, 16.3340682983, -27.9536418915, 3.31434130669, -23.0074214935, 29.3542404175, 10.6615762711, 78.2539901733, 17.7231063843], [-437.946105957, 132.931625366, 36.7384109497, 24.8311023712, 68.1734619141, 13.5159683228, 63.570930481, -14.4995355606, 42.2990036011, -10.6137495041, 46.6528320312, 17.7231063843, 83.4241638184]],
        "icov": [[0.000233366372413, -0.000186228950042, 4.10133325204e-05, 0.000110428562039, 6.69392175041e-05, -0.000778444751631, 0.000929733272642, -0.000390119181247, -4.47219099442e-05, 0.000106652871182, 0.000378754048143, -0.000339432153851, 0.000662586244289], [-0.000186228950042, 0.00583215244114, -0.000719266128726, 0.00407371111214, -0.00301338313147, 0.00361213553697, -0.00246766861528, 0.00496781757101, -0.00442930078134, 0.00441369321197, -0.00426667369902, 0.00439449213445, -0.00228569610044], [4.10133325204e-05, -0.000719266128726, 0.00261452561244, -0.00188673450612, -0.00156068417709, -0.0002295186423, -0.00021424292936, -7.08750958438e-05, 0.00143531931099, -0.00190381798893, 0.00107146392111, -0.000687791674864, 0.000812068756204], [0.000110428562039, 0.00407371111214, -0.00188673450612, 0.00787383969873, -0.0019283456495, 0.00192019075621, -0.000810078636277, 0.00136950297747, -0.00436594849452, 0.00466259429231, -0.00362609652802, 0.00175608217251, -0.000842598732561], [6.69392175041e-05, -0.00301338313147, -0.00156068417709, -0.0019283456495, 0.0104213096201, -0.00241444958374, -0.00319738918915, 0.000233016486163, -0.000723459816072, -0.00131574727129, 0.00206569046713, -0.0021573563572, 0.00026883778628], [-0.000778444751631, 0.00361213553697, -0.0002295186423, 0.00192019075621, -0.00241444958374, 0.0135787222534, -0.00707380659878, -0.00243573472835, 0.00339543353766, -0.000986318918876, -0.00506707560271, 0.00381724443287, -0.00539700873196], [0.000929733272642, -0.00246766861528, -0.00021424292936, -0.000810078636277, -0.00319738918915, -0.00707380659878, 0.0152863077819, -0.0018535007257, -0.00423232326284, 0.00139846571255, 0.00264702690765, -0.00162053841632, 0.00212447787635], [-0.000390119181247, 0.00496781757101, -7.08750958438e-05, 0.00136950297747, 0.000233016486163, -0.00243573472835, -0.0018535007257, 0.0165545083582, -0.00925798714161, 0.000907013076358, -0.00255505554378, 0.00486606638879, -0.000641867285594], [-4.47219099442e-05, -0.00442930078134, 0.00143531931099, -0.00436594849452, -0.000723459816072, 0.00339543353766, -0.00423232326284, -0.00925798714161, 0.023422408849, -0.0115526355803, -0.00146343116648, 0.00385138834827, -0.00419799238443], [0.000106652871182, 0.00441369321197, -0.00190381798893, 0.00466259429231, -0.00131574727129, -0.000986318918876, 0.00139846571255, 0.000907013076358, -0.0115526355803, 0.022610899061, -0.00299135386012, -0.00600598007441, 0.00498758861795], [0.000378754048143, -0.00426667369902, 0.00107146392111, -0.00362609652802, 0.00206569046713, -0.00506707560271, 0.00264702690765, -0.00255505554378, -0.00146343116648, -0.00299135386012, 0.0198671109974, -0.00532010616735, -0.00355232879519], [-0.000339432153851, 0.00439449213445, -0.000687791674864, 0.00175608217251, -0.0021573563572, 0.00381724443287, -0.00162053841632, 0.00486606638879, 0.00385138834827, -0.00600598007441, -0.00532010616735, 0.0242688450962, -0.0106765069067], [0.000662586244289, -0.00228569610044, 0.000812068756204, -0.000842598732561, 0.00026883778628, -0.00539700873196, 0.00212447787635, -0.000641867285594, -0.00419799238443, 0.00498758861795, -0.00355232879519, -0.0106765069067, 0.0249426327646]]
    },
    "melbands": {
        "dmean": [0.00418196758255, 0.00250560278073, 0.00140685308725, 0.000648220651783, 0.000181150782737, 0.000184761185665, 0.000193126339582, 0.000116757459182, 0.000173701977474, 0.000144146790262, 5.62909699511e-05, 8.8774933829e-05, 3.9945163735e-05, 3.19897917507e-05, 2.69164556812e-05, 2.82332075585e-05, 2.79497344309e-05, 2.54192073044e-05, 1.81370614882e-05, 1.50376690726e-05, 1.68560891325e-05, 1.01121613625e-05, 8.59238662088e-06, 1.14760405268e-05, 7.9718138295e-06, 6.97764517099e-06, 6.60958994558e-06, 3.48322964783e-06, 2.99879820886e-06, 3.71465762328e-06, 3.16521504828e-06, 2.78562629319e-06, 2.10040911952e-06, 1.63536890341e-06, 2.08025880966e-06, 3.09136203214e-06, 1.66474842445e-06, 9.91438582787e-07, 8.82345489117e-07, 5.04452543737e-07],
        "dmean2": [0.00585086457431, 0.00419714814052, 0.00234367162921, 0.00113330956083, 0.000312434363877, 0.000309221359203, 0.000323766376823, 0.000193743559066, 0.000263130350504, 0.000219689958612, 9.06613859115e-05, 0.000146612117533, 6.5182117396e-05, 5.23317539773e-05, 4.40643743786e-05, 4.63276664959e-05, 4.64659133286e-05, 4.2498257244e-05, 3.02329553961e-05, 2.50415650953e-05, 2.85175046884e-05, 1.67701418832e-05, 1.44199166243e-05, 1.89226557268e-05, 1.30523321786e-05, 1.15223856483e-05, 1.09294487629e-05, 5.53757445232e-06, 5.0079115681e-06, 6.06031926509e-06, 5.07418371853e-06, 4.37386597696e-06, 3.4178954138e-06, 2.66844813268e-06, 3.29329395754e-06, 4.78794345327e-06, 2.5356957849e-06, 1.49517245518e-06, 1.33126400215e-06, 7.68854761191e-07],
        "dvar": [8.11031131889e-05, 2.63686924882e-05, 7.9298606579e-06, 2.4730397854e-06, 1.37536758871e-07, 1.14334227419e-07, 2.2777797426e-07, 5.38285753748e-08, 1.38575614983e-07, 1.01724396018e-07, 1.10136140208e-08, 5.64890427768e-08, 9.33760624378e-09, 2.83751533381e-09, 1.74017222854e-09, 1.99404115442e-09, 2.50180942629e-09, 1.62827495931e-09, 9.01309527013e-10, 4.73096062326e-10, 8.4525730859e-10, 3.17204290612e-10, 1.98862301626e-10, 2.16212506232e-10, 1.42215669796e-10, 8.57752688321e-11, 8.59434606815e-11, 2.06451071516e-11, 1.93588183678e-11, 4.15716246149e-11, 3.22181066548e-11, 2.74524587091e-11, 1.19909472976e-11, 8.11151493196e-12, 7.55003785186e-12, 1.78189251548e-11, 5.62119751787e-12, 4.00507535123e-12, 2.85400587711e-12, 8.77160486173e-13],
        "dvar2": [0.000127460618387, 6.96720235283e-05, 1.94163712877e-05, 7.08253810444e-06, 3.82542054922e-07, 3.08289656914e-07, 6.47190404379e-07, 1.4241410895e-07, 2.96612938655e-07, 2.41494888087e-07, 2.81036616201e-08, 1.7775339245e-07, 2.59353782894e-08, 7.42563743827e-09, 4.60361881949e-09, 5.13273379354e-09, 6.99593805109e-09, 4.37679403831e-09, 2.46311149255e-09, 1.25329502332e-09, 2.28349050779e-09, 7.94892318634e-10, 5.2249948812e-10, 6.05474170801e-10, 3.77145481512e-10, 2.24804008742e-10, 2.18010456909e-10, 5.11638648115e-11, 5.32480622095e-11, 1.0851342741e-10, 7.81701717245e-11, 6.69722888258e-11, 3.15353403113e-11, 2.21215077506e-11, 1.87129582663e-11, 4.14031482709e-11, 1.26960967781e-11, 7.62095161283e-12, 5.95863506106e-12, 1.90011504794e-12],
        "max": [0.0658618584275, 0.0449188053608, 0.0274558980018, 0.015780325979, 0.00433940347284, 0.00475236866623, 0.00946162734181, 0.00423548929393, 0.00593828968704, 0.00363953970373, 0.00204190681688, 0.00374239636585, 0.00203093443997, 0.000712321023457, 0.000467890902655, 0.000763817166444, 0.00068142672535, 0.000513496168423, 0.000370907917386, 0.000320814724546, 0.000557699881028, 0.000244879134698, 0.000137670780532, 0.000157975387992, 0.000161921459949, 0.000118084040878, 0.000157210393809, 8.30503049656e-05, 7.89066762081e-05, 0.000116857874673, 8.50619762787e-05, 0.000109427957796, 4.10578868468e-05, 4.5159336878e-05, 3.15324723488e-05, 5.16848376719e-05, 3.29311442329e-05, 3.65428095392e-05, 3.20559702232e-05, 1.61045791174e-05],
        "mean": [0.00593045540154, 0.00343151646666, 0.0018637443427, 0.000839951797388, 0.000271568802418, 0.0002672317205, 0.000266989838565, 0.000186422810657, 0.000324217864545, 0.00023804626835, 0.000104308543087, 0.000132725443109, 7.08680527168e-05, 5.81862586841e-05, 4.86944663862e-05, 4.94343330502e-05, 4.8164238251e-05, 4.39570649178e-05, 3.30934781232e-05, 2.9406242902e-05, 3.15370452881e-05, 1.74177512235e-05, 1.58253806148e-05, 2.24697341764e-05, 1.58306174853e-05, 1.59111041285e-05, 1.45591111504e-05, 7.93243634689e-06, 6.23678988632e-06, 8.10079382063e-06, 6.13197562416e-06, 5.82813800065e-06, 4.45756359113e-06, 3.09792972075e-06, 4.59617785964e-06, 7.58501300879e-06, 4.17732144342e-06, 2.27717418966e-06, 2.00540421247e-06, 1.15212424134e-06],
        "median": [0.000949121196754, 0.00202970346436, 0.000940437777899, 0.000371933419956, 0.000160125593538, 0.00013895748998, 0.000117415591376, 8.96964629646e-05, 9.19371013879e-05, 7.41836556699e-05, 5.73483957851e-05, 5.73215038457e-05, 4.10944121541e-05, 3.06490073854e-05, 2.90709431283e-05, 2.61647674051e-05, 2.20350284508e-05, 2.16418593482e-05, 1.68165697687e-05, 1.88162957784e-05, 2.21541067731e-05, 1.08508702397e-05, 1.13522146421e-05, 1.70013499883e-05, 1.14928416224e-05, 1.20984013847e-05, 1.07101523099e-05, 6.09386324868e-06, 4.70366057925e-06, 6.21369372311e-06, 4.3981667659e-06, 4.25485814048e-06, 3.18514480568e-06, 2.2208196242e-06, 3.58026545655e-06, 4.75885553897e-06, 2.60305250777e-06, 1.45441663335e-06, 1.27080306811e-06, 7.22148911336e-07],
        "min": [5.57311011562e-07, 3.50144375716e-07, 4.86460180582e-07, 2.00435468223e-09, 3.10670813519e-08, 3.2502217806e-08, 2.07723682699e-09, 2.60901744653e-09, 1.69088547608e-08, 2.17035136529e-08, 9.88359794007e-09, 4.69349892285e-09, 7.34961069782e-09, 4.85732432054e-09, 3.63588270602e-09, 1.75126624313e-09, 2.74082578855e-09, 5.2487818536e-09, 2.23463447746e-09, 2.29729524293e-09, 1.01384112217e-09, 7.17463921607e-10, 7.09429737178e-10, 7.220660736e-10, 6.28589014173e-10, 3.3242908426e-10, 4.08054923184e-10, 4.35784575092e-10, 3.09951730948e-10, 1.43811046405e-10, 1.84945378456e-10, 1.19714599345e-10, 1.01954784892e-10, 6.95329488432e-11, 4.48526459029e-11, 2.49040493089e-11, 1.8828476972e-11, 2.44393697987e-12, 8.59299990105e-13, 4.18084376798e-13],
