{
"highlevel": {
    "danceability": {
        "all": {
            "danceable": 0.999948084354,
            "not_danceable": 5.19039531355e-05
        },
        "probability": 0.999948084354,
        "value": "danceable"
    },
    "gender": {
        "all": {
            "female": 0.893543124199,
            "male": 0.106456853449
        },
        "probability": 0.893543124199,
        "value": "female"
    },
    "genre_dortmund": {
        "all": {
            "alternative": 0.0352197475731,
            "blues": 0.0429415181279,
            "electronic": 0.0458942875266,
            "folkcountry": 0.0371283441782,
            "funksoulrnb": 0.0627972185612,
            "jazz": 0.0434881336987,
            "pop": 0.251796901226,
            "raphiphop": 0.310696423054,
            "rock": 0.170037433505
        },
        "probability": 0.310696423054,
        "value": "raphiphop"
    },
    "genre_electronic": {
        "all": {
            "ambient": 0.272181630135,
            "dnb": 0.362761616707,
            "house": 0.138772979379,
            "techno": 0.0171361695975,
            "trance": 0.209147587419
        },
        "probability": 0.362761616707,
        "value": "dnb"
    },
    "genre_rosamerica": {
        "all": {
            "cla": 0.00136241666041,
            "dan": 0.137138441205,
            "hip": 0.018717199564,
            "jaz": 0.00189999968279,
            "pop": 0.713236629963,
            "rhy": 0.0646519884467,
            "roc": 0.0621401742101,
            "spe": 0.000853164063301
        },
        "probability": 0.713236629963,
        "value": "pop"
    },
    "genre_tzanetakis": {
        "all": {
            "blu": 0.0626613423228,
            "cla": 0.0348169617355,
            "cou": 0.104475811124,
            "dis": 0.0784321576357,
            "hip": 0.15692435205,
            "jaz": 0.313974827528,
            "met": 0.0448166541755,
            "pop": 0.0627359300852,
            "reg": 0.0627360641956,
            "roc": 0.0784258767962
        },
        "probability": 0.313974827528,
        "value": "jaz"
    },
    "ismir04_rhythm": {
        "all": {
            "ChaChaCha": 0.0873253047466,
            "Jive": 0.034644946456,
            "Quickstep": 0.0518069975078,
            "Rumba-American": 0.00617841165513,
            "Rumba-International": 0.048246961087,
            "Rumba-Misc": 0.0188330169767,
            "Samba": 0.58480066061,
            "Tango": 0.0060016354546,
            "VienneseWaltz": 0.142180517316,
            "Waltz": 0.0199815258384
        },
        "probability": 0.58480066061,
        "value": "Samba"
    },
    "mood_acoustic": {
        "all": {
            "acoustic": 1.43280940392e-05,
            "not_acoustic": 0.999985694885
        },
        "probability": 0.999985694885,
        "value": "not_acoustic"
    },
    "mood_aggressive": {
        "all": {
            "aggressive": 0.561734139919,
            "not_aggressive": 0.438265860081
        },
        "probability": 0.561734139919,
        "value": "aggressive"
    },
    "mood_electronic": {
        "all": {
            "electronic": 0.394555926323,
            "not_electronic": 0.605444073677
        },
        "probability": 0.605444073677,
        "value": "not_electronic"
    },
    "mood_happy": {
        "all": {
            "happy": 0.898407578468,
            "not_happy": 0.101592451334
        },
        "probability": 0.898407578468,
        "value": "happy"
    },
    "mood_party": {
        "all": {
            "not_party": 0.524049222469,
            "party": 0.475950777531
        },
        "probability": 0.524049222469,
        "value": "not_party"
    },
    "mood_relaxed": {
        "all": {
            "not_relaxed": 0.949863255024,
            "relaxed": 0.0501367300749
        },
        "probability": 0.949863255024,
        "value": "not_relaxed"
    },
    "mood_sad": {
        "all": {
            "not_sad": 0.624990284443,
            "sad": 0.375009715557
        },
        "probability": 0.624990284443,
        "value": "not_sad"
    },
    "moods_mirex": {
        "all": {
            "Cluster1": 0.202491179109,
            "Cluster2": 0.412678688765,
            "Cluster3": 0.0764067322016,
            "Cluster4": 0.231749996543,
            "Cluster5": 0.0766733959317
        },
        "probability": 0.412678688765,
        "value": "Cluster2"
    },
    "timbre": {
        "all": {
            "bright": 0.820725977421,
            "dark": 0.179273992777
        },
        "probability": 0.820725977421,
        "value": "bright"
    },
    "tonal_atonal": {
        "all": {
            "atonal": 0.51720136404,
            "tonal": 0.48279863596
        },
        "probability": 0.51720136404,
        "value": "atonal"
    },
    "voice_instrumental": {
        "all": {
            "instrumental": 0.00170553172939,
            "voice": 0.998294472694
        },
        "probability": 0.998294472694,
        "value": "voice"
    }
},
"lowlevel": {
    "average_loudness": 0.976953864098,
    "barkbands_crest": {
        "dmean": 2.87055444717,
        "dmean2": 4.12647438049,
        "dvar": 6.85351085663,
        "dvar2": 15.4186763763,
        "max": 26.3849620819,
        "mean": 11.9150218964,
        "median": 10.7256202698,
        "min": 2.96628570557,
        "var": 29.8736438751
    },
    "barkbands_flatness_db": {
        "dmean": 0.0278569571674,
        "dmean2": 0.0379572100937,
        "dvar": 0.00117470428813,
        "dvar2": 0.00225668819621,
        "max": 0.512113153934,
        "mean": 0.152278035879,
        "median": 0.131804674864,
        "min": 0.0384678132832,
        "var": 0.0051014595665
    },
    "barkbands_kurtosis": {
        "dmean": 7.4285826683,
        "dmean2": 10.7845249176,
        "dvar": 625.13848877,
        "dvar2": 1389.40979004,
        "max": 330.680725098,
        "mean": 9.07175159454,
        "median": 0.670719623566,
        "min": -1.89525079727,
        "var": 1024.32556152
    },
    "barkbands_skewness": {
        "dmean": 0.727898478508,
        "dmean2": 1.02624022961,
        "dvar": 1.41974174976,
        "dvar2": 2.78975915909,
        "max": 16.5694694519,
        "mean": 1.69863855839,
        "median": 1.0959649086,
        "min": -3.52983522415,
        "var": 4.73541927338
    },
    "barkbands_spread": {
        "dmean": 7.07284927368,
        "dmean2": 10.4553279877,
        "dvar": 84.0739822388,
        "dvar2": 185.359542847,
        "max": 118.977638245,
        "mean": 27.6913299561,
        "median": 27.0492401123,
        "min": 0.323032021523,
        "var": 243.455184937
    },
    "dissonance": {
        "dmean": 0.022405449301,
        "dmean2": 0.0377780348063,
        "dvar": 0.000411674845964,
        "dvar2": 0.00120606704149,
        "max": 0.499826461077,
        "mean": 0.461568623781,
        "median": 0.467816948891,
        "min": 0.303013205528,
        "var": 0.000793411512859
    },
    "dynamic_complexity": 1.93105363846,
    "erbbands_crest": {
        "dmean": 3.20210075378,
        "dmean2": 5.15807437897,
        "dvar": 9.93848705292,
        "dvar2": 23.6958789825,
        "max": 30.3725757599,
        "mean": 10.1191997528,
        "median": 9.06830310822,
        "min": 2.98849606514,
        "var": 22.2754707336
    },
    "erbbands_flatness_db": {
        "dmean": 0.0205287653953,
        "dmean2": 0.0303083639592,
        "dvar": 0.000433338369476,
        "dvar2": 0.00101215799805,
        "max": 0.33952409029,
        "mean": 0.154759585857,
        "median": 0.146594151855,
        "min": 0.0656586140394,
        "var": 0.00199158675969
    },
    "erbbands_kurtosis": {
        "dmean": 1.44846057892,
        "dmean2": 2.32340407372,
        "dvar": 20.7760429382,
        "dvar2": 57.4229354858,
        "max": 77.4633255005,
        "mean": 0.922532379627,
        "median": -0.0892059803009,
        "min": -1.82857012749,
        "var": 17.0749664307
    },
    "erbbands_skewness": {
        "dmean": 0.470817774534,
        "dmean2": 0.693068563938,
        "dvar": 0.343101412058,
        "dvar2": 0.766085684299,
        "max": 7.94997835159,
        "mean": 0.397125929594,
        "median": 0.341243594885,
        "min": -2.86602091789,
        "var": 0.749111294746
    },
    "erbbands_spread": {
        "dmean": 9.26095294952,
        "dmean2": 13.7618627548,
        "dvar": 123.421897888,
        "dvar2": 273.108886719,
        "max": 187.530273438,
        "mean": 39.7464981079,
        "median": 38.3120422363,
        "min": 3.9326941967,
        "var": 416.209533691
    },
    "hfc": {
        "dmean": 11.6615047455,
        "dmean2": 16.894285202,
        "dvar": 273.337371826,
        "dvar2": 592.299743652,
        "max": 183.279632568,
        "mean": 35.2181854248,
        "median": 32.2488479614,
        "min": 0.29129421711,
        "var": 579.925292969
    },
    "melbands_crest": {
        "dmean": 3.80686068535,
        "dmean2": 5.78897047043,
        "dvar": 13.8550481796,
        "dvar2": 32.9996261597,
        "max": 35.7366523743,
        "mean": 17.5317821503,
        "median": 16.1141986847,
        "min": 3.70512604713,
        "var": 59.8942375183
    },
    "melbands_flatness_db": {
        "dmean": 0.0330519117415,
        "dmean2": 0.0442922413349,
        "dvar": 0.00182851194404,
        "dvar2": 0.00352575490251,
        "max": 0.637636959553,
        "mean": 0.198528170586,
        "median": 0.177181199193,
        "min": 0.0295595005155,
        "var": 0.00829234905541
    },
    "melbands_kurtosis": {
        "dmean": 13.4686880112,
        "dmean2": 19.5546569824,
        "dvar": 1433.20507812,
        "dvar2": 3031.33886719,
        "max": 561.642822266,
        "mean": 22.5988788605,
        "median": 5.16301822662,
        "min": -1.81023442745,
        "var": 2971.80761719
    },
    "melbands_skewness": {
        "dmean": 0.911639809608,
        "dmean2": 1.28487479687,
        "dvar": 1.7763478756,
        "dvar2": 3.16578507423,
        "max": 19.1571807861,
        "mean": 2.86796045303,
        "median": 2.04323911667,
        "min": -0.973124325275,
        "var": 7.81231021881
    },
    "melbands_spread": {
        "dmean": 7.94687461853,
        "dmean2": 11.938747406,
        "dvar": 101.220397949,
        "dvar2": 208.622451782,
        "max": 209.055603027,
        "mean": 28.1109104156,
        "median": 26.5840549469,
        "min": 0.307134270668,
        "var": 351.369720459
    },
    "pitch_salience": {
        "dmean": 0.0856861770153,
        "dmean2": 0.12789671123,
        "dvar": 0.00877418275923,
        "dvar2": 0.0204253289849,
        "max": 0.849747657776,
        "mean": 0.47148963809,
        "median": 0.490134477615,
        "min": 0.032843708992,
        "var": 0.0255142711103
    },
    "silence_rate_20dB": {
        "dmean": 0,
        "dmean2": 0,
        "dvar": 0,
        "dvar2": 0,
        "max": 1,
        "mean": 1,
        "median": 1,
        "min": 1,
        "var": 0
    },
    "silence_rate_30dB": {
        "dmean": 0,
        "dmean2": 0,
        "dvar": 0,
        "dvar2": 0,
        "max": 1,
        "mean": 1,
        "median": 1,
        "min": 1,
        "var": 0
    },
    "silence_rate_60dB": {
        "dmean": 0.00928792543709,
        "dmean2": 0.018590239808,
        "dvar": 0.00920158345252,
        "dvar2": 0.018244408071,
        "max": 1,
        "mean": 0.0185614842921,
        "median": 0,
        "min": 0,
        "var": 0.0182169694453
    },
    "spectral_centroid": {
        "dmean": 319.150604248,
        "dmean2": 471.444122314,
        "dvar": 118332.1875,
        "dvar2": 236722.359375,
        "max": 5750.03076172,
        "mean": 1643.23913574,
        "median": 1650.26330566,
        "min": 110.199287415,
        "var": 367450.28125
    },
    "spectral_complexity": {
        "dmean": 5.26161003113,
        "dmean2": 7.51278066635,
        "dvar": 36.106338501,
        "dvar2": 72.8291168213,
        "max": 63,
        "mean": 20.4508895874,
        "median": 19,
        "min": 0,
        "var": 112.476425171
    },
    "spectral_decrease": {
        "dmean": 2.18507123506e-09,
        "dmean2": 3.02717939604e-09,
        "dvar": 5.20515022337e-18,
        "dvar2": 9.76517236083e-18,
        "max": -3.56551038694e-11,
        "mean": -1.01710693201e-08,
        "median": -9.74975389312e-09,
        "min": -2.52449030569e-08,
        "var": 2.99745637094e-17
    },
    "spectral_energy": {
        "dmean": 0.00883224792778,
        "dmean2": 0.0122816162184,
        "dvar": 7.94734223746e-05,
        "dvar2": 0.000150612308062,
        "max": 0.0982663035393,
        "mean": 0.0415823496878,
        "median": 0.0404634140432,
        "min": 0.000165337260114,
        "var": 0.000442205346189
    },
    "spectral_energyband_high": {
        "dmean": 0.000896673940588,
        "dmean2": 0.00130466057453,
        "dvar": 2.45890441875e-06,
        "dvar2": 5.14929615747e-06,
        "max": 0.016783580184,
        "mean": 0.00181060505565,
        "median": 0.0012802449055,
        "min": 1.5272175915e-06,
        "var": 4.4905618779e-06
    },
    "spectral_energyband_low": {
        "dmean": 0.00576623948291,
        "dmean2": 0.00745471101254,
        "dvar": 0.000102156307548,
        "dvar2": 0.000191014594748,
        "max": 0.0876301676035,
        "mean": 0.0190287623554,
        "median": 0.00951068755239,
        "min": 3.64833965705e-07,
        "var": 0.000452511972981
    },
    "spectral_energyband_middle_high": {
        "dmean": 0.00307942810468,
        "dmean2": 0.00451334100217,
        "dvar": 1.47335649672e-05,
        "dvar2": 3.26537956425e-05,
        "max": 0.0523046441376,
        "mean": 0.00857836008072,
        "median": 0.0061954674311,
        "min": 1.51187159645e-05,
        "var": 6.06287467235e-05
    },
    "spectral_energyband_middle_low": {
        "dmean": 0.00600020214915,
        "dmean2": 0.00928632542491,
        "dvar": 6.78670476191e-05,
        "dvar2": 0.000169543884112,
        "max": 0.0627340748906,
        "mean": 0.0127521641552,
        "median": 0.0105950860307,
        "min": 3.13052769343e-05,
        "var": 0.00011201234156
    },
    "spectral_entropy": {
        "dmean": 0.231621429324,
        "dmean2": 0.33114695549,
        "dvar": 0.0837350934744,
        "dvar2": 0.198951512575,
        "max": 8.85170936584,
        "mean": 7.63813495636,
        "median": 7.67284154892,
        "min": 4.72892618179,
        "var": 0.217125743628
    },
    "spectral_flux": {
        "dmean": 0.0315776839852,
        "dmean2": 0.042942404747,
        "dvar": 0.0010610652389,
        "dvar2": 0.0016132669989,
        "max": 0.312771201134,
        "mean": 0.10608009249,
        "median": 0.0960237383842,
        "min": 0.0112947057933,
        "var": 0.00308246188797
    },
    "spectral_kurtosis": {
        "dmean": 1.19613611698,
        "dmean2": 1.92817556858,
        "dvar": 3.05320954323,
        "dvar2": 7.93239307404,
        "max": 26.4517555237,
        "mean": 3.69486951828,
        "median": 3.42919969559,
        "min": -1.5726776123,
        "var": 5.39575433731
    },
    "spectral_rms": {
        "dmean": 0.000713892804924,
        "dmean2": 0.000973380112555,
        "dvar": 4.91874573072e-07,
        "dvar2": 9.02114209111e-07,
        "max": 0.00979130063206,
        "mean": 0.00611466635019,
        "median": 0.00628303270787,
        "min": 0.000401627476094,
        "var": 3.17900776281e-06
    },
    "spectral_rolloff": {
        "dmean": 708.264038086,
        "dmean2": 1171.06652832,
        "dvar": 1838282.25,
        "dvar2": 4272685,
        "max": 12144.7265625,
        "mean": 1888.890625,
        "median": 1485.79101562,
        "min": 64.599609375,
        "var": 3533717
    },
    "spectral_skewness": {
        "dmean": 0.197930365801,
        "dmean2": 0.309885650873,
        "dvar": 0.0627536028624,
        "dvar2": 0.143531784415,
        "max": 4.22825098038,
        "mean": 1.53497028351,
        "median": 1.5210095644,
        "min": -0.00169821002055,
        "var": 0.15557526052
    },
    "spectral_spread": {
        "dmean": 795031.0625,
        "dmean2": 1160733.5,
        "dvar": 1.22560905216e+12,
        "dvar2": 2.45245909402e+12,
        "max": 20054056,
        "mean": 5651550.5,
        "median": 5342486.5,
        "min": 2038398.875,
        "var": 4.43703990682e+12
    },
    "spectral_strongpeak": {
        "dmean": 0.731692314148,
        "dmean2": 1.23418712616,
        "dvar": 1.73223948479,
        "dvar2": 3.94907927513,
        "max": 12.6933393478,
        "mean": 1.26874792576,
        "median": 0.560541033745,
        "min": 0,
        "var": 2.54978775978
    },
    "zerocrossingrate": {
        "dmean": 0.0143721727654,
        "dmean2": 0.0159317366779,
        "dvar": 0.000303551089019,
        "dvar2": 0.000309700611979,
        "max": 0.40673828125,
        "mean": 0.0754743814468,
        "median": 0.06982421875,
        "min": 0.00244140625,
        "var": 0.00224675843492
    },
    "barkbands": {
        "dmean": [0.000449652696261, 0.00536149786785, 0.00240812683478, 0.00135569239501, 0.00135078595486, 0.00181876437273, 0.00162903033197, 0.00066652771784, 0.00202816887759, 0.000689972308464, 0.000705958635081, 0.000719326722901, 0.000607121735811, 0.000831218669191, 0.000747198995668, 0.000521948037203, 0.000306031957734, 0.000220031448407, 0.000235104453168, 0.000200287307962, 0.000206988552236, 0.000134119327413, 0.000121227356431, 0.000180389077286, 0.000269939628197, 9.8085096397e-05, 1.80266937377e-07],
        "dmean2": [0.000489738653414, 0.00675336364657, 0.00424032378942, 0.00253670359962, 0.0022174953483, 0.00286275707185, 0.00251664523967, 0.00109694025014, 0.00309292785823, 0.00104952265974, 0.00106458901428, 0.00105053943116, 0.000956719915848, 0.00124961719848, 0.00123082660139, 0.0008181805606, 0.000472982064821, 0.000338685378665, 0.000365821644664, 0.000313406257192, 0.000321182596963, 0.000211703387322, 0.00018314528279, 0.000265000620857, 0.000393970083678, 0.000153877903358, 3.00700321532e-07],
        "dvar": [4.50746199476e-07, 8.76054909895e-05, 6.86939238221e-05, 1.91383023775e-05, 1.11515355457e-05, 8.70783151186e-06, 9.68926542555e-06, 3.21064408126e-06, 1.53235596372e-05, 2.50369680543e-06, 5.07590584675e-06, 2.17731121666e-06, 1.26239092424e-06, 2.82929840978e-06, 2.256559128e-06, 1.58900320457e-06, 3.82168309443e-07, 9.64238822121e-08, 9.38994020316e-08, 7.28124334159e-08, 7.47304653714e-08, 9.45307760958e-08, 6.78494700423e-08, 1.45875446833e-07, 4.04439049362e-07, 4.78604995635e-08, 3.78363193641e-13],
        "dvar2": [4.80757023524e-07, 0.000154063862283, 0.000185316879652, 5.58260580874e-05, 3.0747596611e-05, 2.06312506634e-05, 1.94545518752e-05, 7.11557777322e-06, 3.36523808073e-05, 6.1550481405e-06, 1.146672912e-05, 4.57394753539e-06, 2.99757448374e-06, 5.94154334976e-06, 5.73054921915e-06, 3.86988176615e-06, 8.55156486068e-07, 2.21488448915e-07, 2.13091823298e-07, 1.64909508271e-07, 1.73926537173e-07, 2.25305853974e-07, 1.48540152622e-07, 3.05106567566e-07, 9.01793669073e-07, 1.16125072225e-07, 9.0454743305e-13],
        "max": [0.00791354477406, 0.0825380533934, 0.0577069856226, 0.0307687446475, 0.0333945192397, 0.0367059633136, 0.0437861829996, 0.026377895847, 0.0608780756593, 0.022680439055, 0.0458746403456, 0.0229507386684, 0.0125428382307, 0.0264642518014, 0.0160160902888, 0.0281240493059, 0.00968768820167, 0.00500165950507, 0.00352569529787, 0.00303540518507, 0.00285807065666, 0.00375748123042, 0.00469670072198, 0.00546400714666, 0.0120464861393, 0.00232838722877, 9.14720749279e-06],
        "mean": [0.00118846155237, 0.0153699535877, 0.00196708459407, 0.00103311799467, 0.00163024000358, 0.00316190090962, 0.00256773922592, 0.000788299250416, 0.00334223895334, 0.00105595763307, 0.000954831310082, 0.0013553451281, 0.000938144396059, 0.00123937241733, 0.000930476235226, 0.000752349442337, 0.000517715059686, 0.000385809660656, 0.000436960253865, 0.000347082765074, 0.00039657735033, 0.000169121893123, 0.00018268112035, 0.000274354650173, 0.000460788753117, 0.000135568523547, 1.5015420729e-07],
        "median": [0.000291662203381, 0.00737360073254, 0.000283135072095, 0.000177964684553, 0.000500101363286, 0.00149657204747, 0.000926758453716, 0.000180898656254, 0.00160219683312, 0.000288607610855, 0.00018406365416, 0.000326918263454, 0.000311775540467, 0.000320620747516, 0.000321140134474, 0.000289733667159, 0.000212254090002, 0.000251591322012, 0.000263161578914, 0.000242497611907, 0.000259299587924, 7.77243185439e-05, 7.65745717217e-05, 0.000124329410028, 0.000242482987233, 4.84649244754e-05, 4.3057699628e-09],
        "min": [3.42180242474e-11, 2.44907187863e-08, 5.45266196639e-08, 1.59464619287e-07, 1.26494160213e-06, 2.21493974095e-06, 1.900890652e-06, 4.48495967476e-07, 2.47615821536e-06, 2.89013712518e-07, 4.32719986065e-07, 1.31292028982e-06, 9.02551164472e-07, 3.26393291061e-07, 1.41384919061e-06, 2.28398860713e-07, 2.80537477693e-07, 1.08274129218e-07, 5.56836027954e-07, 6.02766988322e-07, 3.60988281045e-07, 2.49033234923e-07, 3.1264238487e-07, 6.17539852588e-10, 2.25773231222e-08, 2.5484550234e-11, 6.38389211285e-12],
        "var": [2.54428982771e-06, 0.000346128683304, 4.58688300569e-05, 1.09160710053e-05, 9.97371080302e-06, 1.78439931915e-05, 2.13759485632e-05, 5.41332701687e-06, 3.19121172652e-05, 4.86034969072e-06, 8.63891182235e-06, 7.41810799809e-06, 2.71971202892e-06, 6.15326052866e-06, 2.69116685558e-06, 2.250507805e-06, 8.23307004794e-07, 2.11674134221e-07, 2.64405827011e-07, 1.3459536774e-07, 1.62762660239e-07, 1.02433595828e-07, 1.00833290162e-07, 2.37326077013e-07, 6.71339250857e-07, 7.25219280184e-08, 3.40317400996e-13]
    },
    "erbbands": {
        "dmean": [0.232286885381, 1.17922246456, 2.52916431427, 3.83565187454, 4.34049415588, 5.07267951965, 6.39025020599, 19.1126499176, 22.5740146637, 19.6949157715, 15.85983181, 36.3140678406, 39.6612625122, 21.3669433594, 28.4834098816, 21.9305210114, 22.8565540314, 43.3984146118, 29.287820816, 30.655872345, 30.4449653625, 16.0839538574, 11.4978666306, 12.1750917435, 9.34806060791, 9.28549098969, 11.4696855545, 5.63586139679, 4.33477067947, 3.93422102928, 3.48552656174, 3.50601744652, 3.2172908783, 2.87115478516, 2.1010184288, 0.674302041531, 0.148760408163, 0.00958048086613, 0.000215535153984, 2.2557871489e-05],
        "dmean2": [0.242907315493, 1.55273807049, 4.14708900452, 7.01503515244, 7.83209180832, 7.97041654587, 10.1873559952, 30.3137493134, 34.1392631531, 29.3536472321, 25.2684249878, 55.327091217, 61.2725601196, 31.8893909454, 42.2880744934, 32.7145500183, 35.3700904846, 64.2618637085, 47.0158958435, 49.6822242737, 47.221862793, 24.7359218597, 17.4229106903, 18.6819438934, 14.4679088593, 14.6485948563, 18.0856342316, 9.03302574158, 6.78115320206, 6.13022565842, 5.28599119186, 5.14538621902, 4.75281047821, 4.24671983719, 3.19429922104, 1.04331982136, 0.238497570157, 0.0157770700753, 0.000338879937772, 3.25448272633e-05],
        "dvar": [0.113117657602, 5.91216897964, 64.5302734375, 172.348999023, 163.301330566, 142.400161743, 118.670433044, 1059.26806641, 1855.27636719, 1703.55383301, 1192.02954102, 5192.17822266, 6432.8046875, 3255.11181641, 4542.64453125, 1764.16577148, 1716.63989258, 8216.41503906, 3530.11987305, 3525.36889648, 6701.12451172, 779.152587891, 247.157653809, 236.286010742, 151.688934326, 158.146194458, 243.890548706, 105.202896118, 84.6881942749, 65.5451202393, 54.9767074585, 61.084728241, 51.113571167, 38.790927887, 34.938419342, 2.28295755386, 0.110253535211, 0.000780780683272, 2.86317998643e-07, 1.49184509191e-09],
        "dvar2": [0.13753066957, 11.0543041229, 161.834991455, 492.527069092, 474.834564209, 361.806365967, 295.376831055, 2535.88110352, 3570.32714844, 3280.69335938, 2683.98217773, 11396.1435547, 14851.5341797, 7387.40429688, 10409.5341797, 3737.56689453, 4100.609375, 16661.2773438, 9149.46289062, 8648.04296875, 16660.6933594, 1771.70117188, 541.236694336, 521.784667969, 363.503570557, 348.862548828, 590.709350586, 264.524108887, 190.797546387, 143.641983032, 119.5467453, 141.406692505, 105.405693054, 76.1582565308, 86.525390625, 5.34299373627, 0.274784207344, 0.00208720751107, 7.26383177607e-07, 3.43538064662e-09],
        "max": [4.1552977562, 20.0869979858, 59.6214790344, 89.780380249, 92.8807830811, 177.577941895, 124.844718933, 372.296356201, 752.415161133, 797.223388672, 565.897277832, 1324.8828125, 1202.52539062, 924.707214355, 1141.19775391, 757.926452637, 579.292724609, 1498.84765625, 515.491699219, 881.039611816, 1892.73706055, 360.453491211, 268.863067627, 169.825485229, 185.276397705, 157.282485962, 166.824310303, 102.362503052, 112.06880188, 103.253547668, 122.623374939, 115.850082397, 131.107803345, 102.362342834, 114.266418457, 18.5554275513, 4.75838708878, 0.641363620758, 0.0106298327446, 0.000466420751764],
        "mean": [0.668180346489, 2.53793644905, 2.45694422722, 3.13297176361, 3.74890303612, 6.49240446091, 9.57540893555, 33.4396858215, 35.3592071533, 33.7527236938, 20.9333496094, 57.4669723511, 67.437713623, 35.1295967102, 47.3805122375, 44.2952194214, 41.5761413574, 70.3664398193, 40.1633644104, 44.719833374, 45.6103401184, 29.2219104767, 22.1833019257, 24.6126899719, 18.0809764862, 17.2162704468, 21.1742553711, 9.05518722534, 5.97552156448, 5.40171861649, 5.41107940674, 5.51706790924, 4.66521406174, 5.03980016708, 3.24101305008, 0.957007110119, 0.197504237294, 0.0116099165753, 0.000311626674375, 7.27153528715e-05],
        "median": [0.313113689423, 1.21440279484, 0.545571565628, 0.664637088776, 0.755176901817, 1.68896603584, 4.27123641968, 15.3459968567, 15.7156887054, 11.7542963028, 7.39700889587, 28.2993297577, 29.0308609009, 11.1732931137, 14.4262466431, 13.2964801788, 15.3418483734, 18.4898166656, 15.2712497711, 19.6814041138, 16.7677268982, 13.6895627975, 14.317741394, 17.015663147, 12.3955345154, 12.6469993591, 14.2026996613, 5.51163339615, 2.96455740929, 2.19359350204, 2.43963074684, 2.55166101456, 2.03399586678, 2.52679252625, 1.63272666931, 0.38183555007, 0.0671008750796, 0.0032628797926, 0.000130177548272, 6.4164691139e-05],
        "min": [4.88415025757e-07, 1.26881450342e-05, 0.000137267139507, 0.000523196940776, 0.00348879699595, 0.00434647127986, 0.00858657062054, 0.0164699386805, 0.0313000530005, 0.0435345210135, 0.0376925170422, 0.0614564679563, 0.0146082602441, 0.0301929153502, 0.0805398672819, 0.0692813843489, 0.0394925028086, 0.0152759710327, 0.0416026264429, 0.0566770099103, 0.0137296207249, 0.0180876534432, 0.0106853228062, 0.0346290953457, 0.020917462185, 0.0263903234154, 0.0156946144998, 0.0120742470026, 0.00637831632048, 0.0103530399501, 0.0097715575248, 0.00483049172908, 0.00144028768409, 0.000413403351558, 0.000383530423278, 2.15681175177e-05, 3.88880107494e-06, 1.10337396109e-06, 2.54245549058e-07, 2.58797200559e-07],
        "var": [0.687479913235, 13.3839473724, 53.2334213257, 100.894386292, 98.1246566772, 181.025253296, 189.215103149, 2103.12573242, 4159.21826172, 4293.40576172, 2114.44189453, 9180.70019531, 12860.5234375, 6072.97021484, 9586.24023438, 7058.58007812, 4575.58544922, 20773.7890625, 4503.14404297, 5181.58837891, 9097.95019531, 2094.42260742, 708.965637207, 696.259399414, 345.525970459, 304.638458252, 484.160095215, 132.106735229, 104.580871582, 90.3878326416, 83.9910430908, 88.1893310547, 82.5164871216, 71.3650360107, 45.6356201172, 3.74842786789, 0.154046654701, 0.000755702378228, 3.43561680438e-07, 2.70332023433e-09]
    },
    "gfcc": {
        "mean": [31.7595806122, 61.9664115906, -120.281959534, 24.9099025726, -62.3070755005, 21.1137809753, -40.3065071106, 26.9496269226, -24.7038192749, 19.9099121094, -9.6413602829, 4.15619325638, -0.767658054829],
        "cov": [[3394.73364258, -304.58706665, 110.74710083, 41.2253303528, -87.0037689209, 160.971405029, -176.401153564, 219.639144897, -64.3794708252, 108.556755066, -88.7391738892, 224.860168457, -47.5804862976], [-304.58706665, 1560.25830078, 393.956756592, 468.934783936, 598.321838379, 137.101531982, 458.735717773, 56.5586853027, 149.377410889, -16.6929550171, 176.757125854, -86.6751251221, 128.447784424], [110.74710083, 393.956756592, 1109.36218262, 463.953033447, 329.4453125, 220.06010437, 138.510055542, 122.222488403, 148.443557739, 0.160596594214, 31.9586677551, 100.863418579, -23.5836448669], [41.2253303528, 468.934783936, 463.953033447, 556.84197998, 366.441650391, 112.73790741, 189.809280396, 127.749900818, 189.545257568, 1.71618855, 50.3606109619, 64.4326171875, 50.9553985596], [-87.0037689209, 598.321838379, 329.4453125, 366.441650391, 553.987976074, 244.603424072, 342.338104248, 119.20942688, 143.472381592, 55.0134620667, 98.8440322876, 8.38556098938, 35.3446121216], [160.971405029, 137.101531982, 220.06010437, 112.73790741, 244.603424072, 340.546813965, 229.072219849, 83.7280883789, 62.1330299377, 57.4053955078, 75.8433151245, 24.9574737549, -27.4122085571], [-176.401153564, 458.735717773, 138.510055542, 189.809280396, 342.338104248, 229.072219849, 427.24206543, 119.772613525, 117.021965027, 61.5880012512, 81.714263916, -13.2142419815, 23.4079589844], [219.639144897, 56.5586853027, 122.222488403, 127.749900818, 119.20942688, 83.7280883789, 119.772613525, 248.368972778, 111.163627625, 35.6476669312, 36.7695198059, 56.6061210632, 76.3736419678], [-64.3794708252, 149.377410889, 148.443557739, 189.545257568, 143.472381592, 62.1330299377, 117.021965027, 111.163627625, 194.86277771, 40.9358673096, 36.4019317627, 50.08253479, 27.1997146606], [108.556755066, -16.6929550171, 0.160596594214, 1.71618855, 55.0134620667, 57.4053955078, 61.5880012512, 35.6476669312, 40.9358673096, 148.769195557, 77.1369934082, 26.9222354889, 19.0360641479], [-88.7391738892, 176.757125854, 31.9586677551, 50.3606109619, 98.8440322876, 75.8433151245, 81.714263916, 36.7695198059, 36.4019317627, 77.1369934082, 181.37713623, 43.6643981934, 45.9346923828], [224.860168457, -86.6751251221, 100.863418579, 64.4326171875, 8.38556098938, 24.9574737549, -13.2142419815, 56.6061210632, 50.08253479, 26.9222354889, 43.6643981934, 143.222045898, 19.5769004822], [-47.5804862976, 128.447784424, -23.5836448669, 50.9553985596, 35.3446121216, -27.4122085571, 23.4079589844, 76.3736419678, 27.1997146606, 19.0360641479, 45.9346923828, 19.5769004822, 157.885650635]],
        "icov": [[0.000606710906141, -0.000556942482945, 0.0003162646899, -0.00038282998139, 0.000408442982007, -0.000922790786717, 0.000957617827225, -0.00113222026266, 0.00107828248292, -0.00124660332222, 0.00129949639086, -0.0013031597482, 0.000708847073838], [-0.000556942482945, 0.00264753191732, -0.000804526556749, 8.58769126353e-05, -0.00170040072408, 0.00218441011384, -0.00251099024899, 0.00212380802259, -0.00127461925149, 0.00272261723876, -0.00311102950945, 0.00279659312218, -0.00191510829609], [0.0003162646899, -0.000804526556749, 0.00193051085807, -0.00145462923683, 0.000399814423872, -0.00164810777642, 0.00140995276161, -0.0010697908001, 0.000840148655698, -0.000955185096245, 0.00136432982981, -0.00156721728854, 0.00120827869978], [-0.00038282998139, 8.58769126353e-05, -0.00145462923683, 0.00594605924562, -0.00310008763336, 0.00163022452034, -0.00020262216276, 0.000792776059825, -0.00354461511597, 0.00208803475834, -0.000550872471649, -0.00026051767054, -0.0011464698473], [0.000408442982007, -0.00170040072408, 0.000399814423872, -0.00310008763336, 0.00740223005414, -0.00310032418929, -0.00102374446578, -0.00111551291775, 0.00122229044791, -0.0022907871753, 0.00125825661235, -0.000598670565523, 0.000836490711663], [-0.000922790786717, 0.00218441011384, -0.00164810777642, 0.00163022452034, -0.00310032418929, 0.00864371377975, -0.00462836539373, 0.00126623746473, -0.00101794418879, 0.00237884232774, -0.00422813976184, 0.00210280856118, 0.000298859755276], [0.000957617827225, -0.00251099024899, 0.00140995276161, -0.00020262216276, -0.00102374446578, -0.00462836539373, 0.00897438917309, -0.00362335168757, 0.000519995810464, -0.00339377718046, 0.00310150883161, -0.00157032872085, 0.0020671535749], [-0.00113222026266, 0.00212380802259, -0.0010697908001, 0.000792776059825, -0.00111551291775, 0.00126623746473, -0.00362335168757, 0.00986825209111, -0.00488075148314, 0.0030382995028, -0.00230655353516, 0.00163413968403, -0.00530852470547], [0.00107828248292, -0.00127461925149, 0.000840148655698, -0.00354461511597, 0.00122229044791, -0.00101794418879, 0.000519995810464, -0.00488075148314, 0.0122520886362, -0.00445548864082, 0.0028855279088, -0.00405421806499, 0.00255454704165], [-0.00124660332222, 0.00272261723876, -0.000955185096245, 0.00208803475834, -0.0022907871753, 0.00237884232774, -0.00339377718046, 0.0030382995028, -0.00445548864082, 0.0133350305259, -0.00741545669734, 0.00320143811405, -0.00252768909559], [0.00129949639086, -0.00311102950945, 0.00136432982981, -0.000550872471649, 0.00125825661235, -0.00422813976184, 0.00310150883161, -0.00230655353516, 0.0028855279088, -0.00741545669734, 0.0133131910115, -0.00648618815467, 0.000272245524684], [-0.0013031597482, 0.00279659312218, -0.00156721728854, -0.00026051767054, -0.000598670565523, 0.00210280856118, -0.00157032872085, 0.00163413968403, -0.00405421806499, 0.00320143811405, -0.00648618815467, 0.0139415441081, -0.00240561482497], [0.000708847073838, -0.00191510829609, 0.00120827869978, -0.0011464698473, 0.000836490711663, 0.000298859755276, 0.0020671535749, -0.00530852470547, 0.00255454704165, -0.00252768909559, 0.000272245524684, -0.00240561482497, 0.0108656287193]]
    },
    "melbands": {
        "dmean": [0.00167179957498, 0.00125462154392, 0.00068121869117, 0.000313699420076, 0.000227856377023, 0.000401730969315, 0.000342240906321, 0.000190715218196, 0.0001461582724, 0.000265342911007, 0.000202105075005, 8.88334834599e-05, 0.000106158746348, 8.67650305736e-05, 5.36197694601e-05, 7.01642784406e-05, 7.90722187958e-05, 4.61057825305e-05, 6.13469019299e-05, 3.10228606395e-05, 3.7416768464e-05, 1.70588118635e-05, 1.32164186653e-05, 1.33449166242e-05, 1.05641556729e-05, 8.93060314411e-06, 6.62897264192e-06, 6.6662428253e-06, 9.07060893951e-06, 4.71760995424e-06, 3.3111580251e-06, 2.61519085143e-06, 2.45555543188e-06, 2.19532489609e-06, 2.04897355616e-06, 2.26858423957e-06, 2.25986309488e-06, 2.26566180572e-06, 2.46116997005e-06, 2.70473583441e-06],
        "dmean2": [0.00189369171858, 0.00175746553577, 0.00123105372768, 0.000534830556717, 0.000354883086402, 0.000633825198747, 0.000523572787642, 0.000287768431008, 0.00023262767354, 0.000405928731197, 0.000312277436024, 0.00013254606165, 0.000158223861945, 0.000127105304273, 8.45522881718e-05, 0.000106343686639, 0.000117918854812, 7.26101352484e-05, 9.90925982478e-05, 4.95821259392e-05, 5.87707618251e-05, 2.66971965175e-05, 2.03241379495e-05, 2.0999184926e-05, 1.65446726896e-05, 1.3752135601e-05, 1.03425891211e-05, 1.07460073195e-05, 1.46152606249e-05, 7.40192035664e-06, 5.44515432921e-06, 4.14340638599e-06, 3.8705861698e-06, 3.46193746736e-06, 3.1890306218e-06, 3.5542805108e-06, 3.34803030455e-06, 3.50942036675e-06, 3.62659284292e-06, 4.05197260989e-06],
        "dvar": [6.42915620119e-06, 1.00543747976e-05, 4.80718699691e-06, 7.14948043878e-07, 1.50234043872e-07, 4.42391865363e-07, 3.94118131908e-07, 1.60240858804e-07, 8.46283754186e-08, 2.69736318614e-07, 1.66846504612e-07, 5.83302579571e-08, 9.50698222368e-08, 3.91716703518e-08, 1.47420067265e-08, 1.67759530711e-08, 2.60894044146e-08, 9.42353040045e-09, 1.62239395252e-08, 4.13451051173e-09, 9.59014645474e-09, 1.02536878988e-09, 7.88312692901e-10, 3.83263837334e-10, 2.08537256907e-10, 1.38634853597e-10, 1.18132906235e-10, 8.89076728905e-11, 1.60451360531e-10, 4.90339990833e-11, 5.03364468163e-11, 3.16775078391e-11, 2.76079489131e-11, 1.96983436507e-11, 1.64578975448e-11, 3.52537304904e-11, 2.52328487965e-11, 2.5090729841e-11, 3.13873996238e-11, 3.37821506879e-11],
        "dvar2": [9.35454772844e-06, 2.17068300117e-05, 1.36083126563e-05, 2.00568229047e-06, 3.76005999669e-07, 1.04626531083e-06, 7.81177732279e-07, 2.92533457014e-07, 1.99383237032e-07, 5.85763075378e-07, 3.80472272354e-07, 1.3728285353e-07, 2.18692647991e-07, 7.96511656631e-08, 3.51834295031e-08, 3.38538228561e-08, 5.3897860397e-08, 2.30378223165e-08, 4.07517006806e-08, 9.31233223866e-09, 2.38475941217e-08, 2.2587094417e-09, 1.93438887131e-09, 9.05732211454e-10, 4.76576778041e-10, 3.19652554426e-10, 3.01039304595e-10, 2.03007027855e-10, 4.02745975459e-10, 1.19749557492e-10, 1.31256755465e-10, 7.25332918727e-11, 6.46632331014e-11, 4.26272975251e-11, 3.50058350362e-11, 8.97846658132e-11, 5.7891802463e-11, 5.65826378807e-11, 5.90587301286e-11, 7.24340171177e-11],
        "max": [0.0281649809331, 0.0249385200441, 0.0150358173996, 0.00796283967793, 0.00382905872539, 0.0073401988484, 0.0105408728123, 0.00724209891632, 0.00463115191087, 0.00763682834804, 0.00617174943909, 0.00351668312214, 0.00603785505518, 0.0034435915295, 0.00291675142944, 0.00184554920997, 0.0025697320234, 0.00117526005488, 0.00171566056088, 0.000922272971366, 0.00216837483458, 0.000441456097178, 0.000679767748807, 0.000390476547182, 0.000157729635248, 0.000157618997036, 0.000182970019523, 0.000119618271128, 0.000121026125271, 7.04489066266e-05, 6.88845029799e-05, 6.76434356137e-05, 7.21121759852e-05, 5.30501783942e-05, 5.79548068345e-05, 0.000111125904368, 7.30392857804e-05, 8.2439299149e-05, 0.000100366676634, 9.56006188062e-05],
        "mean": [0.00500562228262, 0.00196490134113, 0.000575838028453, 0.000343421503203, 0.000341992796166, 0.000714970228728, 0.000546197989024, 0.000320297840517, 0.000181786323083, 0.000427052844316, 0.000340804166626, 0.000139970405144, 0.000158791794092, 0.000152938737301, 9.97395254672e-05, 0.000116558447189, 0.000123088611872, 5.69085095776e-05, 7.65223594499e-05, 4.4766584324e-05, 5.32609810762e-05, 2.89353210974e-05, 2.18987424887e-05, 2.24100185733e-05, 1.96307410079e-05, 1.63017557497e-05, 1.08904896479e-05, 1.10277233034e-05, 1.50349169417e-05, 8.05899162515e-06, 4.34154708273e-06, 3.34876085617e-06, 3.10896075462e-06, 2.9605121199e-06, 3.02274384012e-06, 3.40752626471e-06, 3.3166816138e-06, 3.03041269945e-06, 3.63061622011e-06, 4.54445307696e-06],
        "median": [0.00241102417931, 0.000755616289098, 0.000120653254271, 9.07099311007e-05, 0.00013975231559, 0.000352525326889, 0.000271383556537, 0.000103487116576, 5.17706248502e-05, 0.000201461763936, 0.000138146191603, 3.28937312588e-05, 4.2418603698e-05, 3.4401728044e-05, 2.14719602809e-05, 3.3853968489e-05, 3.0500759749e-05, 1.69206814462e-05, 2.65738326561e-05, 1.85697954294e-05, 1.61819189088e-05, 1.15757820822e-05, 1.04692653622e-05, 1.36400285555e-05, 1.20975701066e-05, 9.64921946434e-06, 6.59480747345e-06, 7.37409436624e-06, 1.00725037555e-05, 4.16651846535e-06, 2.18953027797e-06, 1.52225413785e-06, 1.33841660954e-06, 1.13460237117e-06, 1.27634461933e-06, 1.53072255671e-06, 1.467920697e-06, 1.20910306123e-06, 1.55524332968e-06, 2.21944287659e-06],
        "min": [4.39665504004e-09, 3.40352741546e-08, 8.85585436095e-08, 2.58496328343e-07, 2.43444844727e-07, 3.77614327363e-07, 3.61820525541e-07, 2.68923287194e-07, 1.49515145154e-07, 3.42235409789e-07, 4.01014936813e-08, 8.06822555433e-08, 1.77694928993e-07, 1.91153716855e-07, 1.07863066034e-07, 6.0687582959e-08, 2.25799574594e-08, 4.2607457118e-08, 1.30461813797e-07, 2.01955003831e-08, 9.04875907537e-09, 1.67317733002e-08, 1.05566586583e-08, 6.39885300302e-09, 3.3351096107e-08, 9.18745080014e-09, 2.32452475046e-08, 1.62813673654e-08, 1.07459730003e-08, 7.18875003969e-09, 6.02167915531e-09, 3.05835601289e-09, 6.48454456798e-10, 2.76050649006e-09, 4.73080685737e-09, 9.99194615936e-10, 7.9171183498e-12, 5.24980623209e-12, 1.28622199697e-12, 2.92422726658e-12],
