{
"highlevel": {
    "danceability": {
        "all": {
            "danceable": 0.78704482317,
            "not_danceable": 0.212955147028
        },
        "probability": 0.78704482317,
        "value": "danceable"
    },
    "gender": {
        "all": {
            "female": 0.187322065234,
            "male": 0.812677919865
        },
        "probability": 0.812677919865,
        "value": "male"
    },
    "genre_dortmund": {
        "all": {
            "alternative": 0.258074581623,
            "blues": 0.0263956524432,
            "electronic": 0.157312572002,
            "folkcountry": 0.0232184678316,
            "funksoulrnb": 0.00466574914753,
            "jazz": 0.00563410343602,
            "pop": 0.0485561750829,
            "raphiphop": 0.0894530937076,
            "rock": 0.386689603329
        },
        "probability": 0.386689603329,
        "value": "rock"
    },
    "genre_electronic": {
        "all": {
            "ambient": 0.0547964312136,
            "dnb": 0.0178582351655,
            "house": 0.0130538977683,
            "techno": 0.00736699718982,
            "trance": 0.906924426556
        },
        "probability": 0.906924426556,
        "value": "trance"
    },
    "genre_rosamerica": {
        "all": {
            "cla": 0.000110046530608,
            "dan": 0.699261546135,
            "hip": 0.0021848406177,
            "jaz": 5.62034038012e-05,
            "pop": 0.0317508764565,
            "rhy": 0.000906108762138,
            "roc": 0.265676110983,
            "spe": 5.42707421118e-05
        },
        "probability": 0.699261546135,
        "value": "dan"
    },
    "genre_tzanetakis": {
        "all": {
            "blu": 0.0626541376114,
            "cla": 0.0348133966327,
            "cou": 0.0783501937985,
            "dis": 0.104547761381,
            "hip": 0.15693578124,
            "jaz": 0.313987255096,
            "met": 0.044816005975,
            "pop": 0.0627349764109,
            "reg": 0.0627352520823,
            "roc": 0.0784252434969
        },
        "probability": 0.313987255096,
        "value": "jaz"
    },
    "ismir04_rhythm": {
        "all": {
            "ChaChaCha": 0.300835222006,
            "Jive": 0.279316902161,
            "Quickstep": 0.0188148636371,
            "Rumba-American": 0.0393211655319,
            "Rumba-International": 0.0891726315022,
            "Rumba-Misc": 0.011184095405,
            "Samba": 0.1552362293,
            "Tango": 0.0399645268917,
            "VienneseWaltz": 0.0542568713427,
            "Waltz": 0.0118974931538
        },
        "probability": 0.300835222006,
        "value": "ChaChaCha"
    },
    "mood_acoustic": {
        "all": {
            "acoustic": 5.6321446209e-06,
            "not_acoustic": 0.999994397163
        },
        "probability": 0.999994397163,
        "value": "not_acoustic"
    },
    "mood_aggressive": {
        "all": {
            "aggressive": 0.960526168346,
            "not_aggressive": 0.0394738391042
        },
        "probability": 0.960526168346,
        "value": "aggressive"
    },
    "mood_electronic": {
        "all": {
            "electronic": 0.733054459095,
            "not_electronic": 0.266945570707
        },
        "probability": 0.733054459095,
        "value": "electronic"
    },
    "mood_happy": {
        "all": {
            "happy": 0.839196681976,
            "not_happy": 0.160803332925
        },
        "probability": 0.839196681976,
        "value": "happy"
    },
    "mood_party": {
        "all": {
            "not_party": 0.240814462304,
            "party": 0.759185552597
        },
        "probability": 0.759185552597,
        "value": "party"
    },
    "mood_relaxed": {
        "all": {
            "not_relaxed": 0.980118751526,
            "relaxed": 0.01988125965
        },
        "probability": 0.980118751526,
        "value": "not_relaxed"
    },
    "mood_sad": {
        "all": {
            "not_sad": 0.968508124352,
            "sad": 0.0314918458462
        },
        "probability": 0.968508124352,
        "value": "not_sad"
    },
    "moods_mirex": {
        "all": {
            "Cluster1": 0.220576748252,
            "Cluster2": 0.0677833035588,
            "Cluster3": 0.262488216162,
            "Cluster4": 0.0685435011983,
            "Cluster5": 0.380608230829
        },
        "probability": 0.380608230829,
        "value": "Cluster5"
    },
    "timbre": {
        "all": {
            "bright": 0.896309733391,
            "dark": 0.103690266609
        },
        "probability": 0.896309733391,
        "value": "bright"
    },
    "tonal_atonal": {
        "all": {
            "atonal": 0.207284629345,
            "tonal": 0.792715370655
        },
        "probability": 0.792715370655,
        "value": "tonal"
    },
    "voice_instrumental": {
        "all": {
            "instrumental": 0.000492702703923,
            "voice": 0.999507308006
        },
        "probability": 0.999507308006,
        "value": "voice"
    }
},
"lowlevel": {
    "average_loudness": 0.984694123268,
    "barkbands_crest": {
        "dmean": 3.7885594368,
        "dmean2": 6.39749717712,
        "dvar": 11.3121891022,
        "dvar2": 29.963104248,
        "max": 24.6266498566,
        "mean": 12.7172670364,
        "median": 12.5173807144,
        "min": 3.5038151741,
        "var": 22.2531738281
    },
    "barkbands_flatness_db": {
        "dmean": 0.0316367819905,
        "dmean2": 0.0513533465564,
        "dvar": 0.00117342802696,
        "dvar2": 0.00280902488157,
        "max": 0.499371021986,
        "mean": 0.155857235193,
        "median": 0.12959100306,
        "min": 0.0452165938914,
        "var": 0.00610567210242
    },
    "barkbands_kurtosis": {
        "dmean": 6.78574037552,
        "dmean2": 11.1529397964,
        "dvar": 287.766906738,
        "dvar2": 740.266845703,
        "max": 222.148040771,
        "mean": 6.67470645905,
        "median": 1.57354640961,
        "min": -1.88487243652,
        "var": 305.61541748
    },
    "barkbands_skewness": {
        "dmean": 0.917579591274,
        "dmean2": 1.41466665268,
        "dvar": 1.33408224583,
        "dvar2": 3.01746463776,
        "max": 12.1257705688,
        "mean": 1.98375153542,
        "median": 1.58630156517,
        "min": -1.40293979645,
        "var": 2.74263358116
    },
    "barkbands_spread": {
        "dmean": 7.48896884918,
        "dmean2": 12.0189628601,
        "dvar": 65.9345855713,
        "dvar2": 140.59286499,
        "max": 95.1583938599,
        "mean": 25.9364299774,
        "median": 25.9312648773,
        "min": 0.462531745434,
        "var": 190.724731445
    },
    "dissonance": {
        "dmean": 0.0146421156824,
        "dmean2": 0.0247666668147,
        "dvar": 0.000178089816472,
        "dvar2": 0.0005162928137,
        "max": 0.499992489815,
        "mean": 0.477044224739,
        "median": 0.480949550867,
        "min": 0.398314774036,
        "var": 0.000274013786111
    },
    "dynamic_complexity": 1.40507268906,
    "erbbands_crest": {
        "dmean": 2.96649718285,
        "dmean2": 4.95814228058,
        "dvar": 8.06056880951,
        "dvar2": 20.8800506592,
        "max": 24.6063022614,
        "mean": 8.36409664154,
        "median": 7.25717735291,
        "min": 2.66617012024,
        "var": 15.0027761459
    },
    "erbbands_flatness_db": {
        "dmean": 0.0192068964243,
        "dmean2": 0.0279757902026,
        "dvar": 0.000376627751393,
        "dvar2": 0.000720696756616,
        "max": 0.382930189371,
        "mean": 0.143425613642,
        "median": 0.125642821193,
        "min": 0.0659366622567,
        "var": 0.00323367724195
    },
    "erbbands_kurtosis": {
        "dmean": 0.88628745079,
        "dmean2": 1.41090762615,
        "dvar": 1.84122002125,
        "dvar2": 3.88058543205,
        "max": 28.4939651489,
        "mean": 0.477173000574,
        "median": 0.201100587845,
        "min": -1.62319970131,
        "var": 3.46670746803
    },
    "erbbands_skewness": {
        "dmean": 0.357081472874,
        "dmean2": 0.569363415241,
        "dvar": 0.100607611239,
        "dvar2": 0.243342578411,
        "max": 1.81391835213,
        "mean": -0.22665129602,
        "median": -0.220282614231,
        "min": -4.21384239197,
        "var": 0.323507338762
    },
    "erbbands_spread": {
        "dmean": 8.60679626465,
        "dmean2": 12.6174020767,
        "dvar": 54.9937286377,
        "dvar2": 111.938446045,
        "max": 96.1077651978,
        "mean": 36.7972068787,
        "median": 36.0522422791,
        "min": 3.53796696663,
        "var": 174.439697266
    },
    "hfc": {
        "dmean": 11.726023674,
        "dmean2": 18.4177799225,
        "dvar": 382.447967529,
        "dvar2": 707.203796387,
        "max": 285.423614502,
        "mean": 36.2321281433,
        "median": 32.0067481995,
        "min": 1.40223431587,
        "var": 921.208435059
    },
    "melbands_crest": {
        "dmean": 4.40527391434,
        "dmean2": 7.36271238327,
        "dvar": 15.8131799698,
        "dvar2": 39.8467712402,
        "max": 34.2015991211,
        "mean": 18.8033313751,
        "median": 18.6093425751,
        "min": 5.00657749176,
        "var": 33.6555747986
    },
    "melbands_flatness_db": {
        "dmean": 0.0400138087571,
        "dmean2": 0.0641143247485,
        "dvar": 0.00178389134817,
        "dvar2": 0.0041825287044,
        "max": 0.626081645489,
        "mean": 0.229897886515,
        "median": 0.203328073025,
        "min": 0.0366955734789,
        "var": 0.00900249555707
    },
    "melbands_kurtosis": {
        "dmean": 15.9470310211,
        "dmean2": 25.3916778564,
        "dvar": 866.336669922,
        "dvar2": 2134.16796875,
        "max": 302.249755859,
        "mean": 20.8255767822,
        "median": 10.0060520172,
        "min": -1.77245938778,
        "var": 1092.43518066
    },
    "melbands_skewness": {
        "dmean": 1.27826726437,
        "dmean2": 1.92411088943,
        "dvar": 1.97434520721,
        "dvar2": 4.30296945572,
        "max": 14.285487175,
        "mean": 3.53008842468,
        "median": 3.00143384933,
        "min": 0.0212917737663,
        "var": 4.58192062378
    },
    "melbands_spread": {
        "dmean": 9.21329784393,
        "dmean2": 14.6039619446,
        "dvar": 175.579330444,
        "dvar2": 323.458007812,
        "max": 172.958480835,
        "mean": 23.1917514801,
        "median": 20.2743015289,
        "min": 0.466569393873,
        "var": 375.991912842
    },
    "pitch_salience": {
        "dmean": 0.0960464179516,
        "dmean2": 0.161697879434,
        "dvar": 0.00826967786998,
        "dvar2": 0.0234122909606,
        "max": 0.815232753754,
        "mean": 0.455236971378,
        "median": 0.454936563969,
        "min": 0.0467101372778,
        "var": 0.0146768912673
    },
    "silence_rate_20dB": {
        "dmean": 0,
        "dmean2": 0,
        "dvar": 0,
        "dvar2": 0,
        "max": 1,
        "mean": 1,
        "median": 1,
        "min": 1,
        "var": 0
    },
    "silence_rate_30dB": {
        "dmean": 0.130030959845,
        "dmean2": 0.259488761425,
        "dvar": 0.113122023642,
        "dvar2": 0.227785781026,
        "max": 1,
        "mean": 0.880123734474,
        "median": 1,
        "min": 0,
        "var": 0.105507478118
    },
    "silence_rate_60dB": {
        "dmean": 0.00154798757285,
        "dmean2": 0.00309837330133,
        "dvar": 0.00154559093062,
        "dvar2": 0.00308877089992,
        "max": 1,
        "mean": 0.00154679035768,
        "median": 0,
        "min": 0,
        "var": 0.00154439744074
    },
    "spectral_centroid": {
        "dmean": 279.387664795,
        "dmean2": 442.52154541,
        "dvar": 79791.3984375,
        "dvar2": 176945.5625,
        "max": 4054.05957031,
        "mean": 1593.7019043,
        "median": 1608.15930176,
        "min": 166.177780151,
        "var": 315023.40625
    },
    "spectral_complexity": {
        "dmean": 5.49225997925,
        "dmean2": 8.72889232635,
        "dvar": 26.8875961304,
        "dvar2": 64.4656143188,
        "max": 59,
        "mean": 29.4098987579,
        "median": 30,
        "min": 4,
        "var": 106.503189087
    },
    "spectral_decrease": {
        "dmean": 6.33845864684e-09,
        "dmean2": 9.7916936781e-09,
        "dvar": 5.62771403308e-17,
        "dvar2": 1.25498148471e-16,
        "max": -4.55904647367e-10,
        "mean": -1.64653357615e-08,
        "median": -1.45634366788e-08,
        "min": -5.75683820614e-08,
        "var": 9.28311118674e-17
    },
    "spectral_energy": {
        "dmean": 0.0239999014884,
        "dmean2": 0.036982268095,
        "dvar": 0.000782811024692,
        "dvar2": 0.00174302223604,
        "max": 0.21969203651,
        "mean": 0.0654303357005,
        "median": 0.0585216619074,
        "min": 0.0018478767015,
        "var": 0.00132468086667
    },
    "spectral_energyband_high": {
        "dmean": 0.000954255112447,
        "dmean2": 0.0014328926336,
        "dvar": 6.70737153996e-06,
        "dvar2": 1.11800000013e-05,
        "max": 0.0383749082685,
        "mean": 0.00174977642018,
        "median": 0.000971811299678,
        "min": 4.52787077165e-07,
        "var": 1.44436553455e-05
    },
    "spectral_energyband_low": {
        "dmean": 0.0242774058133,
        "dmean2": 0.0381593033671,
        "dvar": 0.000940927944612,
        "dvar2": 0.00215280847624,
        "max": 0.211137190461,
        "mean": 0.0454953759909,
        "median": 0.0353628955781,
        "min": 0.000187277735677,
        "var": 0.00139944150578
    },
    "spectral_energyband_middle_high": {
        "dmean": 0.00370818958618,
        "dmean2": 0.00604744208977,
        "dvar": 1.80576444109e-05,
        "dvar2": 4.6461373131e-05,
        "max": 0.049023848027,
        "mean": 0.0103014269844,
        "median": 0.00900596752763,
        "min": 0.000326987385051,
        "var": 4.48529426649e-05
    },
    "spectral_energyband_middle_low": {
        "dmean": 0.00474599841982,
        "dmean2": 0.0081645688042,
        "dvar": 5.13826416864e-05,
        "dvar2": 0.000142005912494,
        "max": 0.0617320463061,
        "mean": 0.00972517672926,
        "median": 0.00804024096578,
        "min": 9.1697955213e-05,
        "var": 5.46228729945e-05
    },
    "spectral_entropy": {
        "dmean": 0.14640827477,
        "dmean2": 0.217948108912,
        "dvar": 0.0213408581913,
        "dvar2": 0.0500042624772,
        "max": 8.63691711426,
        "mean": 7.72968387604,
        "median": 7.8022646904,
        "min": 6.04000711441,
        "var": 0.137719109654
    },
    "spectral_flux": {
        "dmean": 0.0428332351148,
        "dmean2": 0.064918987453,
        "dvar": 0.00194828375243,
        "dvar2": 0.00449460465461,
        "max": 0.383998811245,
        "mean": 0.133802875876,
        "median": 0.119454741478,
        "min": 0.0255984161049,
        "var": 0.00386247388087
    },
    "spectral_kurtosis": {
        "dmean": 2.23611712456,
        "dmean2": 3.64573931694,
        "dvar": 10.9499092102,
        "dvar2": 30.7131977081,
        "max": 41.445640564,
        "mean": 5.08468341827,
        "median": 4.10948848724,
        "min": -0.960628271103,
        "var": 15.5730838776
    },
    "spectral_rms": {
        "dmean": 0.00138514116406,
        "dmean2": 0.00208865618333,
        "dvar": 1.94537619791e-06,
        "dvar2": 4.07265724789e-06,
        "max": 0.0146401394159,
        "mean": 0.00769634405151,
        "median": 0.00755607755855,
        "min": 0.00134268635884,
        "var": 4.60067940367e-06
    },
    "spectral_rolloff": {
        "dmean": 555.164550781,
        "dmean2": 927.629272461,
        "dvar": 729664.125,
        "dvar2": 1340129.375,
        "max": 8656.34765625,
        "mean": 1213.20275879,
        "median": 1033.59375,
        "min": 64.599609375,
        "var": 1491199.75
    },
    "spectral_skewness": {
        "dmean": 0.277355909348,
        "dmean2": 0.436428070068,
        "dvar": 0.0892638191581,
        "dvar2": 0.247794389725,
        "max": 3.93207812309,
        "mean": 1.50008380413,
        "median": 1.48280656338,
        "min": 0.0643990859389,
        "var": 0.163276553154
    },
    "spectral_spread": {
        "dmean": 528396.0625,
        "dmean2": 787446.5,
        "dvar": 316626075648,
        "dvar2": 635350286336,
        "max": 9245225,
        "mean": 4204290,
        "median": 4327329,
        "min": 1239162.25,
        "var": 1.80941252198e+12
    },
    "spectral_strongpeak": {
        "dmean": 0.362724363804,
        "dmean2": 0.639428913593,
        "dvar": 0.717921495438,
        "dvar2": 1.93871235847,
        "max": 10.0317325592,
        "mean": 0.551899254322,
        "median": 0.394567340612,
        "min": 0,
        "var": 0.532207369804
    },
    "zerocrossingrate": {
        "dmean": 0.012094409205,
        "dmean2": 0.0144929895177,
        "dvar": 0.000199341084226,
        "dvar2": 0.000235452433117,
        "max": 0.2587890625,
        "mean": 0.0540829077363,
        "median": 0.0517578125,
        "min": 0.00390625,
        "var": 0.00109122786671
    },
    "barkbands": {
        "dmean": [0.00195963564329, 0.0216841939837, 0.0052805216983, 0.00220570224337, 0.00135553628206, 0.000875288329553, 0.000705604499672, 0.00026649114443, 0.000754597131163, 0.00189549510833, 0.000685304868966, 0.000555591192096, 0.00122781144455, 0.000501693459228, 0.000530418590643, 0.00048644511844, 0.000621365790721, 0.000351289927494, 0.000356335222023, 0.000276581384242, 0.000191434621229, 0.000196073931875, 0.000227305790759, 0.000156346795848, 0.000132897417643, 8.5320090875e-05, 1.70102353536e-07],
        "dmean2": [0.00271273986436, 0.0363171696663, 0.00913300551474, 0.00387434428558, 0.00229556299746, 0.00146948522888, 0.00110300676897, 0.000467196485261, 0.00121262099128, 0.00307351583615, 0.00112229131628, 0.000899024656974, 0.00208742078394, 0.000855172460433, 0.00089299393585, 0.000815492123365, 0.00104623485822, 0.000601001433097, 0.000604241038673, 0.000451393047115, 0.000300898187561, 0.000285626738332, 0.000333748670528, 0.000244913477218, 0.000210781159694, 0.000142017408507, 2.8843015798e-07],
        "dvar": [8.92974185263e-06, 0.000862458080519, 5.5182408687e-05, 1.83813390322e-05, 4.72722013001e-06, 2.48135256697e-06, 1.42292287819e-06, 1.5214904181e-07, 1.44954037751e-06, 1.15786406241e-05, 1.12029044885e-06, 1.10693656552e-06, 4.16046896135e-06, 7.20430250567e-07, 6.48186585295e-07, 4.45767966539e-07, 5.14133375873e-07, 6.84784481564e-07, 2.57157267924e-07, 3.78911011012e-07, 1.94769413042e-07, 3.75341102199e-07, 9.0035860012e-07, 2.89186687041e-07, 8.69792060598e-08, 1.75051670936e-08, 2.62786537322e-13],
        "dvar2": [1.59655864991e-05, 0.00221289810725, 0.000152744352818, 5.24527458765e-05, 1.33600651679e-05, 6.90521937941e-06, 3.230023367e-06, 4.11277653711e-07, 3.67264146917e-06, 2.94226083497e-05, 2.93821722153e-06, 2.63227502728e-06, 1.17109248094e-05, 2.07324910662e-06, 1.43238207784e-06, 1.17115803278e-06, 1.37063148031e-06, 1.90216667306e-06, 7.02097565863e-07, 9.5695145319e-07, 4.27644692991e-07, 6.48254058433e-07, 1.43803413266e-06, 5.94669984366e-07, 1.92263371446e-07, 4.67461624964e-08, 6.10171852281e-13],
        "max": [0.0262197032571, 0.196567103267, 0.0597004070878, 0.03892762959, 0.0202706344426, 0.0231350399554, 0.0156831741333, 0.0038267003838, 0.0163241978735, 0.0377567410469, 0.0142258629203, 0.018592260778, 0.0295197181404, 0.0129074901342, 0.0121296625584, 0.00758651271462, 0.00954588409513, 0.0161961782724, 0.00587594648823, 0.0110047012568, 0.00834089703858, 0.00970749277622, 0.0224817618728, 0.00850648060441, 0.00425101397559, 0.0010951111326, 6.90510751156e-06],
        "mean": [0.00301453610882, 0.0328204371035, 0.00828220602125, 0.00256039225496, 0.00230494420975, 0.00131128868088, 0.00105494388845, 0.000326546956785, 0.00114378030412, 0.00261464994401, 0.00096649711486, 0.000831143406685, 0.00166183803231, 0.000744083081372, 0.000849186617415, 0.000802567985374, 0.00101134076249, 0.000550179509446, 0.000632405863144, 0.000404930353398, 0.000328722817358, 0.000299974781228, 0.000354313495336, 0.000221430513193, 0.000211859311094, 0.000125974707771, 1.43197652847e-07],
        "median": [0.000867369933985, 0.0251398347318, 0.00554474070668, 0.00149453035556, 0.00164410180878, 0.000800173263997, 0.000422260956839, 0.00018744233239, 0.000570508593228, 0.00110446335748, 0.000475881446619, 0.000376707466785, 0.000914225471206, 0.000430555432104, 0.000526510702912, 0.000542503781617, 0.00077930331463, 0.000396465271479, 0.00051318941405, 0.000268046103884, 0.000227537035244, 0.000125134727568, 0.000102862664789, 7.87584940554e-05, 0.000107873675006, 8.50351570989e-05, 7.84100961937e-09],
        "min": [4.26128326581e-06, 0.000149772924487, 2.16459866351e-05, 6.08368736721e-06, 6.37350058241e-06, 8.90481430815e-07, 1.03062302514e-06, 9.66451011664e-07, 2.55500617641e-06, 8.09725224826e-06, 1.12693205665e-05, 1.63999557117e-05, 8.91825675353e-06, 9.4500992418e-06, 5.2211739785e-06, 4.76396462545e-06, 6.23265714239e-06, 1.63065317338e-06, 1.67913879068e-06, 6.21309993676e-07, 2.7994187235e-07, 4.02181434822e-08, 5.01735542002e-09, 5.05244240542e-12, 6.13559203444e-12, 6.71637918892e-12, 8.33176149601e-12],
        "var": [1.80494789674e-05, 0.00101791415364, 6.90229353495e-05, 1.35793570735e-05, 5.39850407222e-06, 2.84370003101e-06, 3.1217302876e-06, 1.69364668068e-07, 2.44190027843e-06, 1.66919617186e-05, 1.76490925696e-06, 2.06710546991e-06, 5.15384908795e-06, 1.00060594832e-06, 1.22976575767e-06, 6.90997183028e-07, 7.89608918694e-07, 5.77684318159e-07, 3.31393351871e-07, 3.8342471953e-07, 2.6790235097e-07, 7.24977837763e-07, 2.09743188861e-06, 4.5131722004e-07, 1.33326224727e-07, 2.11947064344e-08, 2.75548626884e-13]
    },
    "erbbands": {
        "dmean": [0.93287307024, 3.95628404617, 5.86786794662, 6.69285678864, 5.33979940414, 4.88171100616, 5.09983825684, 7.93941402435, 11.003282547, 6.90035963058, 6.28123807907, 17.7156219482, 44.746131897, 44.8804397583, 29.4905815125, 28.4704151154, 56.4072303772, 20.6940116882, 29.5204315186, 24.0852489471, 23.9178180695, 28.1426563263, 21.5374145508, 21.464635849, 14.6527242661, 13.2610826492, 8.73867321014, 7.57475852966, 7.31365442276, 6.74852132797, 6.65050983429, 3.9323220253, 2.39286017418, 1.64748346806, 0.911136388779, 0.397001743317, 0.187848672271, 0.0155358212069, 0.000283606670564, 3.40857513947e-05],
        "dmean2": [1.54372680187, 6.65121269226, 9.94688510895, 11.5067605972, 9.41310787201, 8.3579082489, 8.53816318512, 13.4140005112, 17.211812973, 11.7234544754, 10.6304626465, 28.2293815613, 72.6193771362, 73.4282913208, 48.644329071, 46.1725387573, 94.8299484253, 35.1699485779, 50.0977554321, 39.2692298889, 40.4242668152, 47.3082199097, 36.9125175476, 36.8170814514, 24.8179702759, 21.7445068359, 14.0894651413, 11.7852039337, 10.470334053, 10.1802883148, 10.0159158707, 5.92558670044, 3.70973849297, 2.64466643333, 1.44839882851, 0.657902359962, 0.313926368952, 0.0267507527024, 0.000483636191348, 5.29012068e-05],
        "dvar": [1.95061087608, 24.7468223572, 61.7877082825, 115.465065002, 86.8388977051, 75.4510421753, 47.3162651062, 283.661529541, 382.450744629, 110.578804016, 103.934654236, 914.769714355, 7729.05029297, 8688.39550781, 1825.34094238, 2436.30761719, 8899.21875, 1052.26525879, 1873.00158691, 1917.39196777, 962.601989746, 1209.66271973, 2072.16015625, 1201.15222168, 408.675354004, 896.190185547, 334.571899414, 412.640472412, 558.579284668, 645.238830566, 844.526428223, 197.456466675, 65.9785003662, 17.9043521881, 3.01507163048, 0.351095914841, 0.100204110146, 0.000760153401643, 2.42853133159e-07, 1.24460752815e-09],
        "dvar2": [4.7785949707, 66.7426452637, 174.491241455, 324.080352783, 244.824478149, 212.644744873, 128.199111938, 800.201049805, 901.351074219, 293.180847168, 266.44430542, 2328.03515625, 18568.3574219, 21706.734375, 4906.95800781, 5917.09472656, 24733.4980469, 3058.58935547, 4331.39355469, 4025.98095703, 2523.36987305, 3216.47460938, 5775.02880859, 3258.40600586, 1095.07373047, 2262.86938477, 793.747619629, 837.802185059, 999.755126953, 1301.1036377, 1490.71887207, 368.036224365, 138.145263672, 38.2867431641, 7.16305875778, 0.919921398163, 0.272400051355, 0.00204930757172, 6.44928775273e-07, 2.79846745777e-09],
        "max": [9.24618530273, 31.6465644836, 65.1183853149, 102.353019714, 82.791305542, 93.7955932617, 68.6419448853, 275.725189209, 217.317962646, 123.833000183, 108.630851746, 421.005218506, 1135.55285645, 1125.77807617, 412.727966309, 937.497802734, 1446.93139648, 488.104736328, 730.281799316, 1035.6060791, 328.449554443, 453.101287842, 893.515136719, 423.882263184, 222.735290527, 589.042907715, 276.377838135, 403.106414795, 358.032073975, 446.533905029, 753.794311523, 242.406982422, 145.356338501, 75.903793335, 24.7890834808, 6.31743144989, 3.00285863876, 0.199590325356, 0.0036405029241, 0.000313686090522],
        "mean": [1.22705280781, 6.14537382126, 10.2742328644, 9.61436843872, 7.43045949936, 7.75834798813, 8.35633945465, 11.6530704498, 16.8030529022, 9.64873218536, 9.31040000916, 27.2009868622, 63.6725273132, 64.7622299194, 44.1023521423, 46.357749939, 78.6515884399, 35.1021080017, 49.4556045532, 41.4844970703, 42.5358161926, 49.2611351013, 37.3706665039, 36.0203819275, 26.1337966919, 19.8453578949, 15.0939807892, 12.2761745453, 10.6665248871, 9.7775850296, 10.2132120132, 5.79575252533, 3.30084061623, 2.43699455261, 1.4288572073, 0.594786763191, 0.256254553795, 0.0166721493006, 0.000381290970836, 9.67319574556e-05],
        "median": [0.707131564617, 4.61627721786, 6.99725914001, 6.70274353027, 4.82839393616, 5.17200660706, 5.78338766098, 7.10924243927, 7.02435731888, 5.77737665176, 5.41896533966, 13.9758443832, 22.5541687012, 27.0485534668, 24.4926128387, 26.4060993195, 44.5509262085, 23.8348808289, 31.6784343719, 25.8729248047, 32.4701271057, 39.9547424316, 29.4243412018, 27.5650119781, 20.4744968414, 13.5749912262, 11.072095871, 6.99254131317, 4.31280231476, 3.15205216408, 2.81415438652, 2.00430393219, 1.16968798637, 1.20949399471, 0.756267607212, 0.364559471607, 0.160514116287, 0.00926962587982, 0.000250835553743, 8.83991451701e-05],
        "min": [0.00299277435988, 0.0367670729756, 0.0448705479503, 0.0374124310911, 0.0565240345895, 0.0321919359267, 0.0087527167052, 0.00731001840904, 0.0127219827846, 0.0206530950963, 0.0362202487886, 0.0888836830854, 0.271852523088, 0.441186308861, 0.68085372448, 0.993415892124, 0.539994180202, 0.583101689816, 0.354072958231, 0.383442729712, 0.299736827612, 0.352562457323, 0.145790606737, 0.107998892665, 0.0406481809914, 0.0312074180692, 0.0147213414311, 0.00645859632641, 0.00150242296513, 0.000629857124295, 0.000115737129818, 2.53077050729e-05, 8.00836642156e-06, 5.82293296247e-06, 4.04994761993e-06, 1.26912379983e-06, 7.30716749331e-07, 2.29836345511e-07, 9.65813114817e-07, 2.16104149331e-06],
        "var": [2.2510778904, 31.2700023651, 93.4788970947, 101.165489197, 76.5847702026, 79.1010284424, 65.1265716553, 274.63885498, 748.817016602, 145.40234375, 149.568389893, 1477.38122559, 12398.2167969, 12619.8330078, 2686.54541016, 4480.90722656, 11224.7460938, 1617.28356934, 3375.16162109, 3485.6484375, 1462.29248047, 1756.23339844, 1860.06494141, 1334.31835938, 604.45324707, 890.714538574, 438.208587646, 576.491027832, 995.892211914, 1187.2121582, 1821.44213867, 388.890014648, 92.5665283203, 25.9707145691, 4.50430393219, 0.4899995327, 0.107141330838, 0.000671894173138, 2.3772672364e-07, 2.55464938093e-09]
    },
    "gfcc": {
        "mean": [46.4198455811, 97.5249328613, -117.018859863, 41.3748474121, -28.0023174286, 25.4507694244, -23.3229961395, 17.2694282532, -25.7619876862, 5.48223829269, -14.8704338074, 6.29229736328, -8.39342594147],
        "cov": [[5406.39892578, -3579.1105957, 1131.30224609, 87.3704528809, -1384.89733887, 833.540527344, -1166.08825684, 891.390686035, -514.004760742, 572.949951172, -364.190246582, 484.958007812, -378.929718018], [-3579.1105957, 2679.82788086, -838.467590332, -70.7568054199, 947.261779785, -671.848693848, 811.144165039, -635.700805664, 346.112609863, -406.277709961, 267.819915771, -344.096496582, 268.397155762], [1131.30224609, -838.467590332, 564.660888672, 52.4901695251, -238.216796875, 291.35144043, -249.266906738, 235.242523193, -116.125518799, 142.894470215, -74.0817260742, 117.113464355, -86.1130065918], [87.3704528809, -70.7568054199, 52.4901695251, 247.074829102, -45.9498329163, 8.51877593994, -54.4011421204, -46.8275947571, 53.4791069031, -17.9821605682, 17.21459198, -51.1617164612, 29.7859897614], [-1384.89733887, 947.261779785, -238.216796875, -45.9498329163, 496.355987549, -185.790603638, 336.346343994, -208.702209473, 120.501411438, -114.4478302, 98.6897583008, -108.102203369, 79.241569519], [833.540527344, -671.848693848, 291.35144043, 8.51877593994, -185.790603638, 333.717590332, -125.264266968, 188.961196899, -88.0872116089, 79.2253265381, -43.591594696, 88.1576919556, -64.6204528809], [-1166.08825684, 811.144165039, -249.266906738, -54.4011421204, 336.346343994, -125.264266968, 393.886108398, -156.938110352, 109.963867188, -147.41015625, 80.8010406494, -87.3456268311, 74.7585296631], [891.390686035, -635.700805664, 235.242523193, -46.8275947571, -208.702209473, 188.961196899, -156.938110352, 270.461578369, -77.4133453369, 96.6614608765, -68.5255584717, 100.733123779, -66.751335144], [-514.004760742, 346.112609863, -116.125518799, 53.4791069031, 120.501411438, -88.0872116089, 109.963867188, -77.4133453369, 133.955200195, -50.5762748718, 48.6343460083, -62.3037986755, 45.7569122314], [572.949951172, -406.277709961, 142.894470215, -17.9821605682, -114.4478302, 79.2253265381, -147.41015625, 96.6614608765, -50.5762748718, 156.451095581, -16.1857013702, 67.4487457275, -50.9519042969], [-364.190246582, 267.819915771, -74.0817260742, 17.21459198, 98.6897583008, -43.591594696, 80.8010406494, -68.5255584717, 48.6343460083, -16.1857013702, 95.0212097168, -25.3482875824, 37.2613220215], [484.958007812, -344.096496582, 117.113464355, -51.1617164612, -108.102203369, 88.1576919556, -87.3456268311, 100.733123779, -62.3037986755, 67.4487457275, -25.3482875824, 113.307327271, -31.8967647552], [-378.929718018, 268.397155762, -86.1130065918, 29.7859897614, 79.241569519, -64.6204528809, 74.7585296631, -66.751335144, 45.7569122314, -50.9519042969, 37.2613220215, -31.8967647552, 85.6002655029]],
        "icov": [[0.00267759547569, 0.000850371783599, 0.000113725429401, -0.00175593164749, 0.00238558719866, -0.000223560738959, 0.000865783076733, -0.00214761332609, 0.00221948302351, -0.00170191854704, 0.000750051927753, -0.0018259389326, 0.00189779046923], [0.000850371783599, 0.00805500335991, -0.00085661013145, 0.00350933149457, -0.00335741671734, 0.0060375793837, -0.00337746576406, 0.00270936521702, -0.00124645093456, 0.00449264235795, -0.00570940878242, 0.00483608944342, -0.00321866525337], [0.000113725429401, -0.00085661013145, 0.00491165276617, -0.00245708390139, -0.000783549970947, -0.00312865199521, 0.00172891188413, -0.00212155096233, 0.00144097278826, -0.0016565908445, 0.00156210223213, -0.00195352756418, 0.00102031172719], [-0.00175593164749, 0.00350933149457, -0.00245708390139, 0.011018848978, -0.00216527911834, 0.00220947735943, -0.000338646757882, 0.0057891253382, -0.00647837202996, 0.00489051453769, -0.00451911566779, 0.00746924942359, -0.00547560071573], [0.00238558719866, -0.00335741671734, -0.000783549970947, -0.00216527911834, 0.0108505701646, -0.00221480289474, -0.00175492442213, -0.00161298178136, 0.00202657142654, -0.00553402677178, 0.00252211652696, -0.00254783383571, 0.00318640749902], [-0.000223560738959, 0.0060375793837, -0.00312865199521, 0.00220947735943, -0.00221480289474, 0.0121607845649, -0.00500033609569, 5.1162809541e-05, 0.000316850491799, 0.00440436648205, -0.00633453112096, 0.00373413367197, -0.00159796955995], [0.000865783076733, -0.00337746576406, 0.00172891188413, -0.000338646757882, -0.00175492442213, -0.00500033609569, 0.0117630055174, -0.00232096505351, -0.000989537220448, 0.00221217889339, 0.00123692804482, -0.00356956571341, 0.00202352274209], [-0.00214761332609, 0.00270936521702, -0.00212155096233, 0.0057891253382, -0.00161298178136, 5.1162809541e-05, -0.00232096505351, 0.013608164154, -0.00542845437303, 0.00229051546194, -0.000336942059221, 0.00148847361561, -0.00301382387988], [0.00221948302351, -0.00124645093456, 0.00144097278826, -0.00647837202996, 0.00202657142654, 0.000316850491799, -0.000989537220448, -0.00542845437303, 0.0176360774785, -0.00373272737488, -0.000808413198683, 0.000121558172395, 0.00117951806169], [-0.00170191854704, 0.00449264235795, -0.0016565908445, 0.00489051453769, -0.00553402677178, 0.00440436648205, 0.00221217889339, 0.00229051546194, -0.00373272737488, 0.0183414723724, -0.00866769254208, 0.00100604561158, 0.000373835820938], [0.000750051927753, -0.00570940878242, 0.00156210223213, -0.00451911566779, 0.00252211652696, -0.00633453112096, 0.00123692804482, -0.000336942059221, -0.000808413198683, -0.00866769254208, 0.0223321579397, -0.00613843696192, -0.00082939339336], [-0.0018259389326, 0.00483608944342, -0.00195352756418, 0.00746924942359, -0.00254783383571, 0.00373413367197, -0.00356956571341, 0.00148847361561, 0.000121558172395, 0.00100604561158, -0.00613843696192, 0.0236150100827, -0.00634954776615], [0.00189779046923, -0.00321866525337, 0.00102031172719, -0.00547560071573, 0.00318640749902, -0.00159796955995, 0.00202352274209, -0.00301382387988, 0.00117951806169, 0.000373835820938, -0.00082939339336, -0.00634954776615, 0.022420598194]]
    },
    "melbands": {
        "dmean": [0.00696974201128, 0.0032238108106, 0.00111521477811, 0.000344684201991, 0.000187182842637, 0.000173947177245, 0.000163934819284, 7.01526514604e-05, 6.65659827064e-05, 0.000112558962428, 0.000229793324252, 0.000196402004804, 9.55171635724e-05, 6.31575312582e-05, 0.000144378165714, 7.55678920541e-05, 4.39954928879e-05, 5.22323825862e-05, 3.16868718073e-05, 3.85525272577e-05, 2.76009213849e-05, 2.58798136201e-05, 3.87979307561e-05, 1.51365220518e-05, 1.91087274288e-05, 1.24887355923e-05, 9.46210639086e-06, 9.30092210183e-06, 6.0777233557e-06, 5.37641926712e-06, 4.29036072092e-06, 4.39823861598e-06, 3.65043229067e-06, 4.1123084884e-06, 4.17669571107e-06, 3.20485719385e-06, 2.30175987781e-06, 1.76965249921e-06, 1.59519197496e-06, 1.48643960074e-06],
        "dmean2": [0.0116649316624, 0.00524349045008, 0.00192787754349, 0.00058870005887, 0.000314913166221, 0.000292453129077, 0.000256808008999, 0.000120641547255, 0.000111821500468, 0.000178983958904, 0.000372621027054, 0.000320517719956, 0.000157566493726, 0.000104575658042, 0.000240409077378, 0.000128401981783, 7.50185135985e-05, 8.83836837602e-05, 5.25371360709e-05, 6.36375480099e-05, 4.74706685054e-05, 4.32046072092e-05, 6.62954917061e-05, 2.59483658738e-05, 3.28251589963e-05, 2.15020027099e-05, 1.56728656293e-05, 1.53314576892e-05, 9.93379762804e-06, 8.71206248121e-06, 6.86534303895e-06, 6.46192484055e-06, 5.5048244576e-06, 6.23932965027e-06, 6.19657976131e-06, 5.02144212078e-06, 3.60227886631e-06, 2.73514433502e-06, 2.57633723777e-06, 2.3858624445e-06],
        "dvar": [9.8940297903e-05, 1.50008891069e-05, 3.33341063197e-06, 3.27788768573e-07, 6.96201851724e-08, 1.22284774307e-07, 8.3036368892e-08, 1.11032081307e-08, 1.40898190892e-08, 3.08145473582e-08, 1.98558225861e-07, 1.79304620929e-07, 2.07620409753e-08, 1.14475158242e-08, 5.4860372245e-08, 1.46487169062e-08, 5.46250733535e-09, 6.08409278513e-09, 2.40396458295e-09, 3.82910458896e-09, 1.2996015375e-09, 1.06804687316e-09, 3.04723024591e-09, 1.43179867962e-09, 8.96095753156e-10, 2.64071847722e-10, 2.4289834033e-10, 5.26159615877e-10, 1.81170800584e-10, 1.67121080863e-10, 1.29243671321e-10, 1.88096829778e-10, 1.47779927184e-10, 2.76384221065e-10, 3.17173592945e-10, 2.10832504233e-10, 6.26903529088e-11, 3.45578635152e-11, 2.66384726777e-11, 1.1284512387e-11],
        "dvar2": [0.00024751102319, 3.85429266316e-05, 9.39431538427e-06, 9.1916325573e-07, 1.92985069702e-07, 3.43027608096e-07, 1.93580717678e-07, 2.99933304859e-08, 3.60750362915e-08, 7.71383952269e-08, 4.8335914471e-07, 4.51755511222e-07, 5.52896537442e-08, 2.66195527843e-08, 1.54112115069e-07, 3.99419768371e-08, 1.59856110571e-08, 1.47949767992e-08, 5.53556489535e-09, 9.11246900159e-09, 3.39155481477e-09, 2.75460698695e-09, 8.48216341609e-09, 3.95099375439e-09, 2.44308973052e-09, 7.1364369969e-10, 6.1673710583e-10, 1.35054434303e-09, 4.48115128338e-10, 4.01702976438e-10, 2.51982240629e-10, 3.27852522908e-10, 2.83900652986e-10, 6.04436722895e-10, 5.56586277067e-10, 4.14491913014e-10, 1.35213978902e-10, 7.25999538265e-11, 5.89207641011e-11, 2.55632025964e-11],
        "max": [0.0665204972029, 0.0326230488718, 0.0165714602917, 0.00503804069012, 0.00241009052843, 0.00542414188385, 0.00348122790456, 0.00129222287796, 0.00157076644246, 0.00226785219274, 0.00554316584021, 0.00483136437833, 0.00157739256974, 0.0021588569507, 0.00279673701152, 0.00181076792069, 0.00111533084419, 0.00118878169451, 0.000816196843516, 0.00105207238812, 0.000395421200665, 0.000477615772979, 0.00094739976339, 0.000676066265441, 0.000325253262417, 0.000148429797264, 0.000220940491999, 0.000449148763437, 0.000210354308365, 0.000260083412286, 0.000195039800019, 0.000198194160475, 0.000189893646166, 0.000305243185721, 0.000441476993728, 0.000339748803526, 0.000107785301225, 0.000106009574665, 7.54357170081e-05, 6.28956840956e-05],
        "mean": [0.0099316900596, 0.00645860098302, 0.00163557101041, 0.000548657088075, 0.0003113016719, 0.000258664396824, 0.000249175180215, 9.48704837356e-05, 9.64213468251e-05, 0.000172231957549, 0.000319195212796, 0.000269467127509, 0.000138063391205, 9.8458804132e-05, 0.000202503200853, 0.000107165993541, 6.52676608297e-05, 8.21653011371e-05, 5.22364352946e-05, 6.11418945482e-05, 4.65738448838e-05, 4.50529623777e-05, 5.83380679018e-05, 2.33066839428e-05, 3.0188848541e-05, 2.12767499761e-05, 1.49787683767e-05, 1.2737275938e-05, 9.57390693657e-06, 8.72707914823e-06, 6.49059393254e-06, 6.20184755462e-06, 5.30954866917e-06, 5.56529721507e-06, 6.24416043138e-06, 4.59596049041e-06, 3.22830692312e-06, 2.38295729105e-06, 1.96813402908e-06, 2.12383838516e-06],
        "median": [0.00694010779262, 0.00488278595731, 0.00119852088392, 0.000365058367606, 0.00022751740471, 0.000153615284944, 0.000100913057395, 5.89963092352e-05, 4.50850457128e-05, 8.85214540176e-05, 0.000111349610961, 0.000101862366137, 7.25544450688e-05, 5.31614859938e-05, 0.000115126604214, 6.38028941466e-05, 3.77532815037e-05, 5.2405961469e-05, 3.3773110772e-05, 3.64230581908e-05, 3.56621421815e-05, 3.5231703805e-05, 4.32755259681e-05, 1.58844522957e-05, 2.23003153224e-05, 1.69091617863e-05, 1.06056686491e-05, 8.2077440311e-06, 6.66095229462e-06, 5.90818899582e-06, 3.41941699844e-06, 2.57327701547e-06, 1.7826785097e-06, 1.61298692092e-06, 1.62865308084e-06, 1.34596757562e-06, 1.15846557946e-06, 7.8141317772e-07, 6.26912253665e-07, 1.12737188829e-06],
        "min": [3.41948689311e-05, 3.62055288861e-05, 9.1658475867e-06, 1.64257266988e-06, 3.85394145042e-07, 1.45143204122e-07, 1.9951605168e-07, 2.3099651969e-07, 2.03909706897e-07, 4.78721915442e-07, 1.16964906738e-06, 9.4690841479e-07, 1.72198531345e-06, 2.22562789531e-06, 1.34089964376e-06, 9.88827196124e-07, 8.88741169547e-07, 3.87549647485e-07, 5.04134732182e-07, 3.2173770137e-07, 2.7982233064e-07, 3.49088310259e-07, 1.41943090171e-07, 6.63451800165e-08, 7.47299466752e-08, 3.40790791142e-08, 1.56250425931e-08, 1.31754873678e-08, 8.98569574304e-09, 6.63187771366e-09, 1.67132430118e-09, 4.23251267367e-10, 2.02239114344e-10, 1.91771612479e-10, 5.22515919421e-11, 1.70711115057e-13, 6.92762023419e-14, 5.36569418996e-14, 6.17095621564e-14, 4.19180647495e-14],
