{
"highlevel": {
    "danceability": {
        "all": {
            "danceable": 0.707494735718,
            "not_danceable": 0.292505294085
        },
        "probability": 0.707494735718,
        "value": "danceable"
    },
    "gender": {
        "all": {
            "female": 0.716852903366,
            "male": 0.283147126436
        },
        "probability": 0.716852903366,
        "value": "female"
    },
    "genre_dortmund": {
        "all": {
            "alternative": 0.124072626233,
            "blues": 0.0511480756104,
            "electronic": 0.00182965281419,
            "folkcountry": 0.377525806427,
            "funksoulrnb": 0.0153346350417,
            "jazz": 0.0309369564056,
            "pop": 0.236374258995,
            "raphiphop": 0.001051188563,
            "rock": 0.161726802588
        },
        "probability": 0.377525806427,
        "value": "folkcountry"
    },
    "genre_electronic": {
        "all": {
            "ambient": 0.595856249332,
            "dnb": 0.217551618814,
            "house": 0.123264752328,
            "techno": 0.00942338537425,
            "trance": 0.0539040230215
        },
        "probability": 0.595856249332,
        "value": "ambient"
    },
    "genre_rosamerica": {
        "all": {
            "cla": 0.0124152321368,
            "dan": 0.00301996734925,
            "hip": 0.0021523500327,
            "jaz": 0.0265875943005,
            "pop": 0.735194563866,
            "rhy": 0.173206269741,
            "roc": 0.0417889915407,
            "spe": 0.0056350347586
        },
        "probability": 0.735194563866,
        "value": "pop"
    },
    "genre_tzanetakis": {
        "all": {
            "blu": 0.0626613423228,
            "cla": 0.0348169617355,
            "cou": 0.104475811124,
            "dis": 0.0784321576357,
            "hip": 0.15692435205,
            "jaz": 0.313974827528,
            "met": 0.0448166541755,
            "pop": 0.0627359300852,
            "reg": 0.0627360641956,
            "roc": 0.0784258767962
        },
        "probability": 0.313974827528,
        "value": "jaz"
    },
    "ismir04_rhythm": {
        "all": {
            "ChaChaCha": 0.0867466405034,
            "Jive": 0.0440110377967,
            "Quickstep": 0.343167155981,
            "Rumba-American": 0.0246293880045,
            "Rumba-International": 0.0906106904149,
            "Rumba-Misc": 0.0157335065305,
            "Samba": 0.0291605070233,
            "Tango": 0.0524740293622,
            "VienneseWaltz": 0.204788982868,
            "Waltz": 0.108678087592
        },
        "probability": 0.343167155981,
        "value": "Quickstep"
    },
    "mood_acoustic": {
        "all": {
            "acoustic": 0.90685904026,
            "not_acoustic": 0.0931409671903
        },
        "probability": 0.90685904026,
        "value": "acoustic"
    },
    "mood_aggressive": {
        "all": {
            "aggressive": 0.0170250423253,
            "not_aggressive": 0.982974946499
        },
        "probability": 0.982974946499,
        "value": "not_aggressive"
    },
    "mood_electronic": {
        "all": {
            "electronic": 0.0149974599481,
            "not_electronic": 0.9850025177
        },
        "probability": 0.9850025177,
        "value": "not_electronic"
    },
    "mood_happy": {
        "all": {
            "happy": 0.879807710648,
            "not_happy": 0.120192274451
        },
        "probability": 0.879807710648,
        "value": "happy"
    },
    "mood_party": {
        "all": {
            "not_party": 0.935167729855,
            "party": 0.0648322924972
        },
        "probability": 0.935167729855,
        "value": "not_party"
    },
    "mood_relaxed": {
        "all": {
            "not_relaxed": 0.741732537746,
            "relaxed": 0.258267492056
        },
        "probability": 0.741732537746,
        "value": "not_relaxed"
    },
    "mood_sad": {
        "all": {
            "not_sad": 0.114204853773,
            "sad": 0.885795176029
        },
        "probability": 0.885795176029,
        "value": "sad"
    },
    "moods_mirex": {
        "all": {
            "Cluster1": 0.14651709795,
            "Cluster2": 0.498416334391,
            "Cluster3": 0.170357361436,
            "Cluster4": 0.173564240336,
            "Cluster5": 0.0111449547112
        },
        "probability": 0.498416334391,
        "value": "Cluster2"
    },
    "timbre": {
        "all": {
            "bright": 0.974929690361,
            "dark": 0.0250702798367
        },
        "probability": 0.974929690361,
        "value": "bright"
    },
    "tonal_atonal": {
        "all": {
            "atonal": 0.0240769460797,
            "tonal": 0.975923061371
        },
        "probability": 0.975923061371,
        "value": "tonal"
    },
    "voice_instrumental": {
        "all": {
            "instrumental": 2.90056486847e-05,
            "voice": 0.999970972538
        },
        "probability": 0.999970972538,
        "value": "voice"
    }
},
"lowlevel": {
    "average_loudness": 0.977929711342,
    "barkbands_crest": {
        "dmean": 2.41015768051,
        "dmean2": 3.72764420509,
        "dvar": 5.55375385284,
        "dvar2": 13.0183038712,
        "max": 26.0474147797,
        "mean": 10.6936206818,
        "median": 9.82531356812,
        "min": 3.59488344193,
        "var": 17.8645553589
    },
    "barkbands_flatness_db": {
        "dmean": 0.0192075725645,
        "dmean2": 0.0284119546413,
        "dvar": 0.000384629995096,
        "dvar2": 0.000740850984585,
        "max": 0.319338649511,
        "mean": 0.162299484015,
        "median": 0.158379882574,
        "min": 0.0655866414309,
        "var": 0.00157908641268
    },
    "barkbands_kurtosis": {
        "dmean": 2.69272494316,
        "dmean2": 4.30674123764,
        "dvar": 34.6270866394,
        "dvar2": 92.4898300171,
        "max": 111.518257141,
        "mean": 4.85202455521,
        "median": 2.47659540176,
        "min": -1.93112111092,
        "var": 59.7718200684
    },
    "barkbands_skewness": {
        "dmean": 0.489705055952,
        "dmean2": 0.716721832752,
        "dvar": 0.354433685541,
        "dvar2": 0.701020240784,
        "max": 9.38794708252,
        "mean": 1.39585208893,
        "median": 1.22264039516,
        "min": -3.90228867531,
        "var": 1.74736011028
    },
    "barkbands_spread": {
        "dmean": 5.0252289772,
        "dmean2": 7.54652309418,
        "dvar": 66.6572265625,
        "dvar2": 146.235748291,
        "max": 100.745361328,
        "mean": 18.0877094269,
        "median": 14.2038459778,
        "min": 1.11480748653,
        "var": 166.380966187
    },
    "dissonance": {
        "dmean": 0.0219295527786,
        "dmean2": 0.0361726172268,
        "dvar": 0.000459302274976,
        "dvar2": 0.00119126739446,
        "max": 0.499998539686,
        "mean": 0.446496993303,
        "median": 0.454959630966,
        "min": 0.275418668985,
        "var": 0.00115469330922
    },
    "dynamic_complexity": 2.45682883263,
    "erbbands_crest": {
        "dmean": 2.78191113472,
        "dmean2": 4.49544811249,
        "dvar": 6.90717220306,
        "dvar2": 16.8896064758,
        "max": 28.1923713684,
        "mean": 11.273352623,
        "median": 10.5131664276,
        "min": 2.66570782661,
        "var": 20.3512859344
    },
    "erbbands_flatness_db": {
        "dmean": 0.0181555077434,
        "dmean2": 0.0262993257493,
        "dvar": 0.000325377885019,
        "dvar2": 0.000668602588121,
        "max": 0.301334559917,
        "mean": 0.179239571095,
        "median": 0.181842043996,
        "min": 0.0644392967224,
        "var": 0.00155872199684
    },
    "erbbands_kurtosis": {
        "dmean": 1.20419466496,
        "dmean2": 1.86929357052,
        "dvar": 3.20376181602,
        "dvar2": 6.47880983353,
        "max": 26.3656101227,
        "mean": 1.40626609325,
        "median": 0.570867538452,
        "min": -1.76710247993,
        "var": 8.49011230469
    },
    "erbbands_skewness": {
        "dmean": 0.405447602272,
        "dmean2": 0.607565999031,
        "dvar": 0.168662011623,
        "dvar2": 0.326842069626,
        "max": 3.52373886108,
        "mean": 0.546393871307,
        "median": 0.610350191593,
        "min": -4.28525876999,
        "var": 0.800165116787
    },
    "erbbands_spread": {
        "dmean": 7.45800495148,
        "dmean2": 11.6198835373,
        "dvar": 117.199493408,
        "dvar2": 266.254608154,
        "max": 120.211585999,
        "mean": 33.0421485901,
        "median": 28.0098018646,
        "min": 5.03506708145,
        "var": 407.81439209
    },
    "hfc": {
        "dmean": 6.35418701172,
        "dmean2": 8.7785654068,
        "dvar": 114.996444702,
        "dvar2": 172.534896851,
        "max": 252.053512573,
        "mean": 25.2041816711,
        "median": 22.8467655182,
        "min": 0.297640264034,
        "var": 480.972442627
    },
    "melbands_crest": {
        "dmean": 2.70216345787,
        "dmean2": 4.10790634155,
        "dvar": 7.23729562759,
        "dvar2": 15.4804639816,
        "max": 31.7583827972,
        "mean": 13.7405452728,
        "median": 12.4941682816,
        "min": 4.0751619339,
        "var": 30.4858818054
    },
    "melbands_flatness_db": {
        "dmean": 0.0209771841764,
        "dmean2": 0.0292980689555,
        "dvar": 0.000616325240117,
        "dvar2": 0.00107208255213,
        "max": 0.433388918638,
        "mean": 0.197219654918,
        "median": 0.187979474664,
        "min": 0.0575749203563,
        "var": 0.00342422374524
    },
    "melbands_kurtosis": {
        "dmean": 5.59421110153,
        "dmean2": 8.77315807343,
        "dvar": 108.556137085,
        "dvar2": 265.670562744,
        "max": 165.746337891,
        "mean": 12.2526168823,
        "median": 4.8571305275,
        "min": -1.87456274033,
        "var": 387.185211182
    },
    "melbands_skewness": {
        "dmean": 0.588045239449,
        "dmean2": 0.881519556046,
        "dvar": 0.503345310688,
        "dvar2": 0.994776904583,
        "max": 10.3319673538,
        "mean": 2.15160131454,
        "median": 1.70704388618,
        "min": -1.79284894466,
        "var": 3.41005516052
    },
    "melbands_spread": {
        "dmean": 6.92141628265,
        "dmean2": 9.85495185852,
        "dvar": 225.644042969,
        "dvar2": 343.563171387,
        "max": 277.674621582,
        "mean": 23.8258304596,
        "median": 18.2368583679,
        "min": 1.12642610073,
        "var": 739.296691895
    },
    "pitch_salience": {
        "dmean": 0.0582284554839,
        "dmean2": 0.0902367904782,
        "dvar": 0.00303477840498,
        "dvar2": 0.00711080990732,
        "max": 0.801321685314,
        "mean": 0.52203977108,
        "median": 0.521286904812,
        "min": 0.149517595768,
        "var": 0.00929780863225
    },
    "silence_rate_20dB": {
        "dmean": 0,
        "dmean2": 0,
        "dvar": 0,
        "dvar2": 0,
        "max": 1,
        "mean": 1,
        "median": 1,
        "min": 1,
        "var": 0
    },
    "silence_rate_30dB": {
        "dmean": 0,
        "dmean2": 0,
        "dvar": 0,
        "dvar2": 0,
        "max": 1,
        "mean": 1,
        "median": 1,
        "min": 1,
        "var": 0
    },
    "silence_rate_60dB": {
        "dmean": 0.0139318881556,
        "dmean2": 0.0278853606433,
        "dvar": 0.0137378899381,
        "dvar2": 0.0302062351257,
        "max": 1,
        "mean": 0.0224284604192,
        "median": 0,
        "min": 0,
        "var": 0.0219254177064
    },
    "spectral_centroid": {
        "dmean": 197.296661377,
        "dmean2": 273.392303467,
        "dvar": 103894.414062,
        "dvar2": 144888.125,
        "max": 5964.79638672,
        "mean": 1165.55065918,
        "median": 1049.51745605,
        "min": 217.310668945,
        "var": 463485.96875
    },
    "spectral_complexity": {
        "dmean": 2.60835909843,
        "dmean2": 4.07513570786,
        "dvar": 8.06025791168,
        "dvar2": 15.7117061615,
        "max": 44,
        "mean": 15.9025526047,
        "median": 16,
        "min": 2,
        "var": 44.1684494019
    },
    "spectral_decrease": {
        "dmean": 1.42892897514e-09,
        "dmean2": 1.92774174401e-09,
        "dvar": 2.59527710393e-18,
        "dvar2": 4.73763311783e-18,
        "max": -2.30309160631e-10,
        "mean": -6.46582787311e-09,
        "median": -6.33914787329e-09,
        "min": -2.03055119385e-08,
        "var": 1.26858834109e-17
    },
    "spectral_energy": {
        "dmean": 0.00575503660366,
        "dmean2": 0.00783588550985,
        "dvar": 4.06962353736e-05,
        "dvar2": 7.50330727897e-05,
        "max": 0.0796031802893,
        "mean": 0.0266896467656,
        "median": 0.026221645996,
        "min": 0.000922354520299,
        "var": 0.000205298798392
    },
    "spectral_energyband_high": {
        "dmean": 0.000383071164833,
        "dmean2": 0.0004914906458,
        "dvar": 1.73368994183e-06,
        "dvar2": 2.31254125538e-06,
        "max": 0.028978664428,
        "mean": 0.000814593746327,
        "median": 0.000354816234903,
        "min": 1.18847810882e-06,
        "var": 5.28276450495e-06
    },
    "spectral_energyband_low": {
        "dmean": 0.000865168403834,
        "dmean2": 0.00139711122029,
        "dvar": 1.29124316572e-06,
        "dvar2": 3.15535339723e-06,
        "max": 0.017763433978,
        "mean": 0.0027130653616,
        "median": 0.00205917353742,
        "min": 4.29059036833e-05,
        "var": 5.88639386478e-06
    },
    "spectral_energyband_middle_high": {
        "dmean": 0.00224126316607,
        "dmean2": 0.00331120938063,
        "dvar": 9.07615776669e-06,
        "dvar2": 1.79658363777e-05,
        "max": 0.0561175309122,
        "mean": 0.00784809608012,
        "median": 0.0052080755122,
        "min": 5.08392731717e-05,
        "var": 6.40596699668e-05
    },
    "spectral_energyband_middle_low": {
        "dmean": 0.00477581843734,
        "dmean2": 0.00637574633583,
        "dvar": 3.4837572457e-05,
        "dvar2": 6.60479345242e-05,
        "max": 0.0688317790627,
        "mean": 0.015839215368,
        "median": 0.0131891462952,
        "min": 0.000160814000992,
        "var": 0.000149193496327
    },
    "spectral_entropy": {
        "dmean": 0.176227599382,
        "dmean2": 0.249210298061,
        "dvar": 0.0448579415679,
        "dvar2": 0.0866768062115,
        "max": 8.74757862091,
        "mean": 7.31871604919,
        "median": 7.31326723099,
        "min": 5.85050201416,
        "var": 0.159097597003
    },
    "spectral_flux": {
        "dmean": 0.0178986024112,
        "dmean2": 0.0284435115755,
        "dvar": 0.000309497176204,
        "dvar2": 0.000726625847165,
        "max": 0.219241768122,
        "mean": 0.07040951401,
        "median": 0.0672107934952,
        "min": 0.00895090401173,
        "var": 0.00110094924457
    },
    "spectral_kurtosis": {
        "dmean": 1.5934728384,
        "dmean2": 2.61261248589,
        "dvar": 4.11182785034,
        "dvar2": 10.4526033401,
        "max": 34.037273407,
        "mean": 5.10346460342,
        "median": 4.5891289711,
        "min": -1.14887940884,
        "var": 9.0542974472
    },
    "spectral_rms": {
        "dmean": 0.000559516018257,
        "dmean2": 0.000757719564717,
        "dvar": 3.46889805769e-07,
        "dvar2": 5.96600102654e-07,
        "max": 0.00881258398294,
        "mean": 0.00488344812766,
        "median": 0.00505787460133,
        "min": 0.000948608503677,
        "var": 2.19059757001e-06
    },
    "spectral_rolloff": {
        "dmean": 376.297027588,
        "dmean2": 609.385681152,
        "dvar": 849654.8125,
        "dvar2": 1764269.25,
        "max": 10874.2675781,
        "mean": 1470.4864502,
        "median": 1313.52539062,
        "min": 129.19921875,
        "var": 2149695.5
    },
    "spectral_skewness": {
        "dmean": 0.211225837469,
        "dmean2": 0.323861300945,
        "dvar": 0.0573360472918,
        "dvar2": 0.126316174865,
        "max": 4.8420009613,
        "mean": 1.80591988564,
        "median": 1.78216278553,
        "min": -0.143618538976,
        "var": 0.241754800081
    },
    "spectral_spread": {
        "dmean": 678625.3125,
        "dmean2": 1023181.0625,
        "dvar": 877801570304,
        "dvar2": 1.97171478528e+12,
        "max": 12783972,
        "mean": 4731378.5,
        "median": 4475858.5,
        "min": 1764996.625,
        "var": 1.99275747738e+12
    },
    "spectral_strongpeak": {
        "dmean": 0.776569068432,
        "dmean2": 1.27418708801,
        "dvar": 1.52587592602,
        "dvar2": 3.88334512711,
        "max": 16.1458892822,
        "mean": 1.84129083157,
        "median": 1.48964643478,
        "min": 0.0283027458936,
        "var": 2.692892313
    },
    "zerocrossingrate": {
        "dmean": 0.0107493679971,
        "dmean2": 0.0116654206067,
        "dvar": 0.000286781985778,
        "dvar2": 0.00024997946457,
        "max": 0.39990234375,
        "mean": 0.0589959323406,
        "median": 0.052734375,
        "min": 0.00439453125,
        "var": 0.00167580670677
    },
    "barkbands": {
        "dmean": [1.92124862224e-05, 0.000503889052197, 0.000445743615273, 0.000269439362455, 0.00203720945865, 0.00139832333662, 0.000760842871387, 0.00128066004254, 0.00122421828564, 0.00100057886448, 0.000406641484005, 0.00039197402657, 0.000428205588832, 0.000688140629791, 0.000565404247027, 0.000247114803642, 0.000168992584804, 0.000274561461993, 6.6532913479e-05, 9.81573030003e-05, 5.37158375664e-05, 6.16557663307e-05, 8.4643586888e-05, 0.000110483553726, 8.7015410827e-05, 2.15904437937e-05, 1.97308236416e-09],
        "dmean2": [3.10808281938e-05, 0.000815917970613, 0.000750502513256, 0.000427140825195, 0.00284210080281, 0.00185403425712, 0.00117881887127, 0.00176627573092, 0.00179337360896, 0.00145623704884, 0.000643375853542, 0.000621051702183, 0.00066563958535, 0.00109227886423, 0.000939002435189, 0.000406535807997, 0.000260402244749, 0.000441421987489, 0.000103430567833, 0.000153680201038, 7.59940448916e-05, 8.25501774671e-05, 0.000123152247397, 0.000159506351338, 0.000117109018902, 3.5370241676e-05, 2.77377898428e-09],
        "dvar": [1.67138802798e-09, 6.07371077876e-07, 4.6002563181e-07, 2.28276164194e-07, 1.66251775227e-05, 7.53736139814e-06, 4.42854206995e-06, 6.38530627839e-06, 9.47149419517e-06, 3.86006195185e-06, 9.99774556476e-07, 5.63764160688e-07, 8.39295466903e-07, 2.3324716949e-06, 1.31627962219e-06, 3.2353469237e-07, 2.71645006933e-07, 2.1029046593e-07, 1.15632436959e-08, 5.11201783127e-08, 4.77701043167e-08, 8.75243841847e-08, 7.28749469658e-08, 3.60378351161e-07, 1.21964234268e-07, 2.45093678686e-09, 9.20243487193e-16],
        "dvar2": [4.03479027966e-09, 1.59466844707e-06, 1.1682824379e-06, 5.7629102912e-07, 3.249733345e-05, 1.42480075738e-05, 1.04451328298e-05, 1.16241280921e-05, 2.08657729672e-05, 7.82229290053e-06, 2.42974329012e-06, 1.38361929203e-06, 2.08217579711e-06, 5.98826545684e-06, 3.23376434608e-06, 8.12574285192e-07, 7.2001131457e-07, 5.57157534331e-07, 2.28633521004e-08, 1.06797124033e-07, 6.8747773696e-08, 1.34381423322e-07, 1.25817578578e-07, 7.00884697835e-07, 1.38562967322e-07, 5.93341642485e-09, 9.2111339003e-16],
        "max": [0.000597941805609, 0.0108448136598, 0.00921666249633, 0.0089105758816, 0.0545194000006, 0.0494927465916, 0.0379022285342, 0.0371632166207, 0.0477449968457, 0.0323763787746, 0.0177237745374, 0.0104693174362, 0.0149489380419, 0.0213091727346, 0.0154636632651, 0.00965371355414, 0.0149319507182, 0.00513118039817, 0.00240305950865, 0.00397925358266, 0.00520848017186, 0.00783811882138, 0.0059419083409, 0.0170143805444, 0.0115303145722, 0.000760704977438, 1.06893890006e-06],
        "mean": [2.10981361306e-05, 0.00124178722035, 0.00125515146647, 0.000461913237814, 0.00479260133579, 0.00356357032433, 0.0013141449308, 0.00269936141558, 0.00225570704788, 0.00213725445792, 0.000756525609177, 0.00067511247471, 0.000773921899963, 0.00131913367659, 0.000954661983997, 0.000470271712402, 0.000348225643393, 0.000553079706151, 0.00014797251788, 0.000221119844355, 0.0001026775426, 0.00011794641614, 0.00015918846475, 0.000181238807272, 0.000142648568726, 2.33443315665e-05, 1.83292581113e-09],
        "median": [6.26529617875e-06, 0.000866295886226, 0.000625594751909, 0.000229162862524, 0.00203604600392, 0.00151889561675, 0.000313494878355, 0.000652594433632, 0.000350280723069, 0.000337030971423, 8.87333517312e-05, 0.000182061572559, 0.000209850375541, 0.00024079461582, 0.000198874055059, 0.000109727297968, 8.24701564852e-05, 0.000268658070127, 8.92223397386e-05, 9.93131252471e-05, 3.99439268222e-05, 4.30709951615e-05, 7.32056214474e-05, 4.67143945571e-05, 5.00719179399e-05, 7.17938746675e-06, 3.87800042079e-10],
        "min": [2.65435247115e-08, 3.51275116373e-06, 2.15588033825e-06, 5.47588001609e-07, 4.11501423514e-05, 1.82615440281e-05, 6.41708675175e-06, 2.9237827448e-07, 1.92581956071e-06, 1.77387721578e-06, 6.76571744407e-07, 1.45106889704e-06, 2.78807101495e-06, 3.55503175342e-06, 1.59779392561e-06, 1.15019429359e-06, 9.90596390693e-07, 2.86895811996e-07, 6.46119531211e-07, 3.44125453466e-07, 1.87736759472e-07, 3.46141035834e-08, 8.15945995214e-08, 3.86388663287e-08, 1.98708018928e-08, 1.44441437977e-11, 1.50671072841e-11],
        "var": [2.06008587966e-09, 1.87462410395e-06, 2.23612300942e-06, 4.62248948452e-07, 6.01409956289e-05, 3.09518654831e-05, 9.4138622444e-06, 2.78931092907e-05, 2.25262447202e-05, 1.35211457746e-05, 3.04242962557e-06, 1.5161203919e-06, 2.44273292083e-06, 7.21368769518e-06, 2.93326888823e-06, 8.81108121575e-07, 9.99499548016e-07, 6.10722452166e-07, 3.91384880061e-08, 1.5566652678e-07, 1.02306145777e-07, 2.05551074828e-07, 1.74930804064e-07, 7.47109481836e-07, 3.60949911737e-07, 2.89581469914e-09, 9.21024663329e-16]
    },
    "erbbands": {
        "dmean": [0.00913721136749, 0.134549126029, 0.46568363905, 0.635470986366, 2.27657794952, 7.71340847015, 14.3492679596, 10.4832410812, 9.4366607666, 16.7119178772, 29.6295948029, 24.7796859741, 34.2145805359, 24.5341491699, 14.3739585876, 16.0856552124, 16.4927883148, 28.4140300751, 31.5957584381, 24.041809082, 14.070646286, 7.73046112061, 14.8351154327, 5.52272176743, 3.65093398094, 4.56709957123, 2.46846008301, 2.08462977409, 2.12424182892, 2.53946709633, 2.39472675323, 2.28386306763, 2.01486611366, 1.21725857258, 0.513782501221, 0.141671657562, 0.0336149074137, 0.00207402696833, 4.5900051191e-05, 8.99008318811e-06],
        "dmean2": [0.0151056265458, 0.2177862674, 0.770723283291, 1.02735459805, 3.49751543999, 11.0914916992, 18.7710704803, 14.2403821945, 13.8569316864, 24.3305950165, 41.8070220947, 35.5387039185, 50.9636535645, 35.381855011, 22.0748214722, 24.8998317719, 25.7061271667, 44.7108688354, 51.3394432068, 37.7997016907, 23.0783920288, 11.7136964798, 23.844127655, 8.53443145752, 5.43345975876, 6.99631547928, 3.61795759201, 2.94448900223, 2.99500799179, 3.430331707, 3.49565243721, 3.22908449173, 2.96456646919, 1.67779827118, 0.745762884617, 0.236784264445, 0.053546115756, 0.00351154548116, 7.2760914918e-05, 1.24754724311e-05],
        "dvar": [0.000223376846407, 0.0425260700285, 0.47982981801, 1.25127601624, 15.4095125198, 328.995147705, 854.735961914, 530.95135498, 556.336914062, 2045.9777832, 3558.36230469, 2984.69628906, 5634.41064453, 3566.13500977, 1014.93572998, 1021.62384033, 1317.86523438, 3334.63476562, 3970.01708984, 4020.79638672, 1271.12316895, 332.53503418, 652.07434082, 69.505317688, 55.3028717041, 122.741737366, 69.6993560791, 93.0626220703, 97.9760513306, 93.3617782593, 45.0987358093, 151.695983887, 99.3463287354, 27.8162307739, 4.01544713974, 0.125627681613, 0.00515772541985, 1.81409704965e-05, 9.06135966261e-09, 1.62186597485e-10],
        "dvar2": [0.000632361625321, 0.10985828191, 1.19443953037, 3.11152696609, 37.243434906, 679.278198242, 1469.40991211, 1076.54418945, 1308.67626953, 4579.41552734, 6335.28662109, 6221.44677734, 13377.1601562, 6155.01025391, 2428.08569336, 2462.47680664, 3536.01049805, 8161.23095703, 10159.1367188, 9735.046875, 3504.3347168, 800.658691406, 1697.13867188, 164.284973145, 95.6952362061, 249.917678833, 127.321357727, 130.030349731, 150.40296936, 142.321228027, 71.8960189819, 290.463226318, 211.996826172, 38.9153785706, 4.92929172516, 0.287789404392, 0.0116675915197, 4.48548271379e-05, 1.94479312654e-08, 2.61064281304e-10],
        "max": [0.148337259889, 3.10375285149, 9.91884899139, 23.0460147858, 71.761390686, 289.360595703, 500.889709473, 402.637939453, 335.259277344, 892.977416992, 994.151916504, 872.710144043, 1189.85705566, 1381.53527832, 623.928161621, 491.317169189, 655.865966797, 820.094604492, 749.080688477, 1084.70654297, 672.671569824, 400.586578369, 318.576751709, 122.834388733, 166.548675537, 231.960342407, 170.701156616, 263.008148193, 258.596343994, 277.738098145, 131.148269653, 340.265991211, 243.026138306, 157.018859863, 71.4224319458, 7.53591918945, 1.40963590145, 0.0464780405164, 0.00194876303431, 0.000340949249221],
        "mean": [0.0146440220997, 0.358588069677, 1.53338849545, 1.36615931988, 4.61379432678, 16.5458469391, 35.7698326111, 24.9802913666, 19.5086841583, 29.1698570251, 66.836555481, 50.8934707642, 65.3347854614, 59.6387939453, 28.4047336578, 29.8786010742, 31.4993495941, 57.6172599792, 63.002658844, 43.1364746094, 27.705904007, 18.2425117493, 31.1525764465, 13.6765489578, 8.44926071167, 10.4476299286, 5.18656730652, 3.83437561989, 4.02368927002, 4.66185426712, 4.53092765808, 3.69976592064, 3.03649187088, 1.94434785843, 0.816976368427, 0.16975235939, 0.0355975739658, 0.00205431133509, 6.78453361616e-05, 3.74373812519e-05],
        "median": [0.00906200800091, 0.263010710478, 0.855710268021, 0.878698348999, 2.81468176842, 6.00335884094, 12.0915384293, 8.7207736969, 5.60681629181, 7.44260597229, 20.6292648315, 14.2545661926, 14.1656599045, 8.2188129425, 8.1527299881, 9.34108638763, 10.1007499695, 15.8980541229, 14.6972866058, 9.06946086884, 6.25126838684, 5.36742830276, 14.0531749725, 8.09713459015, 4.80932950974, 4.56871891022, 2.10541558266, 1.47765111923, 1.4788697958, 1.7910733223, 2.05102133751, 1.07213497162, 0.735391020775, 0.646604597569, 0.254035025835, 0.0597926937044, 0.00881362240762, 0.000490909616929, 3.32019808411e-05, 3.5897061025e-05],
        "min": [6.70876688673e-05, 0.00171307218261, 0.00626688729972, 0.0122192455456, 0.0762969478965, 0.14486092329, 0.0961127281189, 0.147427231073, 0.236041486263, 0.0966974198818, 0.078350789845, 0.0491593256593, 0.0972331091762, 0.0684612393379, 0.0753466710448, 0.108436830342, 0.154215469956, 0.250123113394, 0.155779123306, 0.121423639357, 0.0984490290284, 0.0680439174175, 0.0263399016112, 0.0468613691628, 0.0220691598952, 0.0193379987031, 0.0108151985332, 0.00894578266889, 0.00305515248328, 0.00408285390586, 0.00139609735925, 0.000722458586097, 0.000441739946837, 0.000331248011207, 1.81963678187e-05, 1.63031847933e-06, 6.01254043886e-07, 1.07568482122e-07, 5.04320382788e-07, 1.03163802123e-06],
        "var": [0.000301059917547, 0.149266913533, 2.93132996559, 2.52491855621, 31.4662342072, 933.906005859, 3442.70996094, 2067.89257812, 1289.51989746, 4890.80761719, 17013.7890625, 8357.43457031, 13301.7324219, 14685.7402344, 2718.7980957, 3106.57080078, 3492.87207031, 10571.9394531, 12012.203125, 9896.35839844, 3285.59008789, 1460.30603027, 2092.66674805, 250.102767944, 189.064102173, 376.337768555, 172.671234131, 199.669967651, 230.27305603, 240.219909668, 125.845901489, 300.244262695, 188.256668091, 71.1676483154, 11.8212270737, 0.203153014183, 0.00639050360769, 1.82539406524e-05, 1.45118246309e-08, 6.18976925271e-10]
    },
    "gfcc": {
        "mean": [2.7049639225, 89.5128250122, -121.257698059, 25.7157020569, -68.5920791626, 17.0280303955, -54.2215042114, 10.609213829, -27.9110927582, 0.185780748725, -14.247964859, -4.14152288437, -8.84857177734],
        "cov": [[2902.89208984, -966.830505371, -623.399230957, -271.166534424, -278.227905273, -6.11438894272, -38.5620765686, 306.060699463, -58.8101158142, 41.2048530579, -150.354263306, 57.5543174744, -75.4913101196], [-966.830505371, 1013.14398193, -5.46739196777, -252.046325684, 127.811546326, 3.59278202057, 183.866638184, -80.5965652466, 50.1959953308, -72.7936325073, 124.982414246, -80.731048584, 17.0047111511], [-623.399230957, -5.46739196777, 779.270019531, 359.316925049, 84.7611465454, -18.7327346802, -127.280036926, -44.8637657166, 37.5148773193, 27.3846607208, 4.16622829437, 98.309715271, -28.6405277252], [-271.166534424, -252.046325684, 359.316925049, 656.69543457, 137.826431274, -70.2850570679, -214.445678711, -23.6786060333, 117.803817749, 0.00448294263333, -12.666352272, 61.9915275574, 100.606155396], [-278.227905273, 127.811546326, 84.7611465454, 137.826431274, 251.199768066, 44.151550293, 9.862200737, -22.0490684509, 17.6642932892, 8.71366596222, -23.0761756897, 35.301486969, 42.0820808411], [-6.11438894272, 3.59278202057, -18.7327346802, -70.2850570679, 44.151550293, 240.92539978, 168.772964478, -12.1541090012, -48.6789779663, 27.8043193817, -14.5759391785, -44.0470504761, -0.823997974396], [-38.5620765686, 183.866638184, -127.280036926, -214.445678711, 9.862200737, 168.772964478, 307.448272705, 4.48540735245, -82.2127456665, 17.9009456635, 14.6022605896, -71.5814590454, -51.9271736145], [306.060699463, -80.5965652466, -44.8637657166, -23.6786060333, -22.0490684509, -12.1541090012, 4.48540735245, 135.653427124, 41.7606658936, -1.50302505493, -28.9310245514, -1.29428648949, 6.46817350388], [-58.8101158142, 50.1959953308, 37.5148773193, 117.803817749, 17.6642932892, -48.6789779663, -82.2127456665, 41.7606658936, 148.90977478, -2.46225476265, -4.45796775818, 0.619900047779, 52.0476799011], [41.2048530579, -72.7936325073, 27.3846607208, 0.00448294263333, 8.71366596222, 27.8043193817, 17.9009456635, -1.50302505493, -2.46225476265, 94.1480560303, 11.5651731491, 4.21591758728, -18.4032821655], [-150.354263306, 124.982414246, 4.16622829437, -12.666352272, -23.0761756897, -14.5759391785, 14.6022605896, -28.9310245514, -4.45796775818, 11.5651731491, 112.367042542, 3.22232031822, -16.2719707489], [57.5543174744, -80.731048584, 98.309715271, 61.9915275574, 35.301486969, -44.0470504761, -71.5814590454, -1.29428648949, 0.619900047779, 4.21591758728, 3.22232031822, 109.68888855, 8.0755853653], [-75.4913101196, 17.0047111511, -28.6405277252, 100.606155396, 42.0820808411, -0.823997974396, -51.9271736145, 6.46817350388, 52.0476799011, -18.4032821655, -16.2719707489, 8.0755853653, 121.049682617]],
        "icov": [[0.00101449643262, 0.000492322898936, 0.000906653760467, -5.72913450014e-05, 0.000585434143431, -0.00049326691078, 0.000349086185452, -0.00166395283304, 0.000181312396307, -0.00015870880452, 0.000541956862435, -0.00120623945259, 0.00090866786195], [0.000492322898936, 0.00603445153683, -0.00224127876572, 0.00498888082802, -0.00518475379795, 0.0038139927201, -0.00393999228254, 0.00282255234197, -0.00529234483838, 0.00502048013732, -0.00606560939923, 0.00429215654731, -0.00329275173135], [0.000906653760467, -0.00224127876572, 0.00424791127443, -0.00361956260167, 0.00308795366436, -0.00303545733914, 0.00248711183667, -0.00267037539743, 0.00218910374679, -0.00255137099884, 0.0035069452133, -0.00485491147265, 0.00447520101443], [-5.72913450014e-05, 0.00498888082802, -0.00361956260167, 0.00763072818518, -0.00597962597385, 0.00356913614087, -0.00207222835161, 0.00341615173966, -0.00541530176997, 0.00423622038215, -0.00577502418309, 0.00508804107085, -0.00504664424807], [0.000585434143431, -0.00518475379795, 0.00308795366436, -0.00597962597385, 0.0111484704539, -0.00472144084051, 0.00236221519299, -0.00309455418028, 0.00438711000606, -0.00520744593814, 0.00769293913618, -0.00775716546923, 0.00293826591223], [-0.00049326691078, 0.0038139927201, -0.00303545733914, 0.00356913614087, -0.00472144084051, 0.0113233858719, -0.00760699389502, 0.0040068347007, -0.00271471310407, 0.00161680439487, -0.00311470008455, 0.00537975085899, -0.00565134407952], [0.000349086185452, -0.00393999228254, 0.00248711183667, -0.00207222835161, 0.00236221519299, -0.00760699389502, 0.0117102609947, -0.00489590642974, 0.00588149949908, -0.00337997660972, 0.00254202494398, -0.000706047343556, 0.0048399977386], [-0.00166395283304, 0.00282255234197, -0.00267037539743, 0.00341615173966, -0.00309455418028, 0.0040068347007, -0.00489590642974, 0.014729551971, -0.00762749649584, 0.00317021366209, -0.00177990517113, 0.00321943010204, -0.00338191748597], [0.000181312396307, -0.00529234483838, 0.00218910374679, -0.00541530176997, 0.00438711000606, -0.00271471310407, 0.00588149949908, -0.00762749649584, 0.0162907522172, -0.00568851968274, 0.00455439323559, -0.00166141998488, 0.00011585898028], [-0.00015870880452, 0.00502048013732, -0.00255137099884, 0.00423622038215, -0.00520744593814, 0.00161680439487, -0.00337997660972, 0.00317021366209, -0.00568851968274, 0.0163757372648, -0.0069797844626, 0.00350647629239, -0.000963333877735], [0.000541956862435, -0.00606560939923, 0.0035069452133, -0.00577502418309, 0.00769293913618, -0.00311470008455, 0.00254202494398, -0.00177990517113, 0.00455439323559, -0.0069797844626, 0.0178382359445, -0.00737958168611, 0.00518029741943], [-0.00120623945259, 0.00429215654731, -0.00485491147265, 0.00508804107085, -0.00775716546923, 0.00537975085899, -0.000706047343556, 0.00321943010204, -0.00166141998488, 0.00350647629239, -0.00737958168611, 0.0191142912954, -0.00549390073866], [0.00090866786195, -0.00329275173135, 0.00447520101443, -0.00504664424807, 0.00293826591223, -0.00565134407952, 0.0048399977386, -0.00338191748597, 0.00011585898028, -0.000963333877735, 0.00518029741943, -0.00549390073866, 0.0166070908308]]
    },
    "melbands": {
        "dmean": [0.000113098329166, 0.0002126286563, 0.000135778129334, 0.000333577714628, 0.000497077475302, 0.000238815118792, 0.000148039398482, 0.000202734488994, 0.00023957475787, 0.000163005446666, 0.000173493754119, 0.000105437989987, 5.47550043848e-05, 4.84698321088e-05, 3.14420467475e-05, 4.84623124066e-05, 5.74319419684e-05, 5.88518014411e-05, 3.57858734787e-05, 2.35073894146e-05, 1.8120284949e-05, 8.05684976513e-06, 1.46251122715e-05, 1.37276065288e-05, 4.2193732952e-06, 2.38159395849e-06, 3.8417210817e-06, 2.96173925562e-06, 1.817526595e-06, 1.2961425e-06, 1.31001183945e-06, 1.2579732811e-06, 1.46158026837e-06, 1.54145345732e-06, 1.46289983149e-06, 1.38741586397e-06, 1.56441774379e-06, 1.57612453222e-06, 1.26214058582e-06, 1.01618240933e-06],
        "dmean2": [0.000186359873624, 0.000345147913322, 0.000215702515561, 0.00049194029998, 0.000653586117551, 0.000321613653796, 0.00021819556423, 0.000290506548481, 0.000339050020557, 0.000235942512518, 0.000258822052274, 0.00015455626999, 8.49930220284e-05, 7.6565083873e-05, 4.7277972044e-05, 7.58998576202e-05, 9.05086126295e-05, 9.46776563069e-05, 5.85400302953e-05, 3.73333896277e-05, 3.02714670397e-05, 1.26084805743e-05, 2.39795717789e-05, 2.17957076529e-05, 6.78643073115e-06, 3.6023100165e-06, 5.96259951635e-06, 4.58764952782e-06, 2.82531277662e-06, 1.90112780274e-06, 1.85935084573e-06, 1.807377771e-06, 1.92781385522e-06, 2.19031676352e-06, 2.18977743316e-06, 2.03105173568e-06, 2.18057789425e-06, 2.38192797042e-06, 1.81522727871e-06, 1.42252451951e-06],
        "dvar": [3.18735082772e-08, 8.81075195025e-08, 4.43014585016e-08, 4.81174481592e-07, 9.6663882232e-07, 2.55069465993e-07, 1.2912626346e-07, 2.20576438892e-07, 2.20632912828e-07, 1.42862418784e-07, 1.42175437645e-07, 6.79870169051e-08, 1.79900911945e-08, 8.78242367719e-09, 4.66356064877e-09, 1.08628546158e-08, 1.33011477388e-08, 1.720558096e-08, 6.40888409009e-09, 3.12062531371e-09, 2.83515610988e-09, 5.55203161223e-10, 1.15038256698e-09, 5.4927401516e-10, 4.411611354e-11, 1.94371723578e-11, 6.82499889937e-11, 5.21862240921e-11, 4.0733527662e-11, 3.27837305913e-11, 3.87662679735e-11, 3.09304075408e-11, 4.85758135105e-11, 3.29705776569e-11, 1.3574672636e-11, 2.4854991329e-11, 9.55718490459e-11, 7.39375990988e-11, 2.90504738321e-11, 2.04470728543e-11],
        "dvar2": [8.9038906026e-08, 2.13393704485e-07, 1.10625826721e-07, 1.03855745692e-06, 1.69888653545e-06, 5.04465276663e-07, 3.04376641225e-07, 4.79798643482e-07, 4.12760726931e-07, 3.04284156982e-07, 3.37157132435e-07, 1.16758627655e-07, 4.24984776259e-08, 2.19383640143e-08, 1.09775086798e-08, 2.73397215977e-08, 3.33411165343e-08, 4.39755325488e-08, 1.6118180568e-08, 7.52434914375e-09, 8.01154964591e-09, 1.51216317246e-09, 3.35179084487e-09, 1.35189937023e-09, 1.10327712244e-10, 3.43890645127e-11, 1.35159591852e-10, 1.09516465341e-10, 9.38821867469e-11, 5.5481900324e-11, 5.60826420026e-11, 4.59187930735e-11, 8.89090467915e-11, 6.20983542365e-11, 2.34490708101e-11, 4.20179377403e-11, 1.92033278168e-10, 1.6800406899e-10, 5.29522606318e-11, 3.06642211623e-11],
        "max": [0.00194425415248, 0.00504079833627, 0.00395199144259, 0.0104401838034, 0.0168069154024, 0.00918690767139, 0.00495900260285, 0.00826306734234, 0.00743312621489, 0.00522809987888, 0.00594869116321, 0.00585719011724, 0.00277667981572, 0.00125435530208, 0.00183961028233, 0.00170994142536, 0.00139844673686, 0.00181363767479, 0.00116438767873, 0.000864124507643, 0.00110086088534, 0.000583637796808, 0.000466727797175, 0.000363679224392, 0.00010716271936, 0.00011187754717, 0.00014617490524, 0.000144316232763, 0.000158497714438, 0.000141186901601, 0.000184063974302, 0.000165106510394, 0.000187841927982, 0.000160471259733, 6.78609067108e-05, 0.000121129392937, 0.000297738530207, 0.000223829832976, 0.000143281329656, 0.00014135557285],
        "mean": [0.000235690415138, 0.000706404855009, 0.00030984566547, 0.000678873853758, 0.00121669680811, 0.00058672769228, 0.000295232544886, 0.000358075281838, 0.000527080381289, 0.000317151745548, 0.000326140812831, 0.000248530152021, 0.000103783248051, 8.23601149023e-05, 5.497897655e-05, 8.66957998369e-05, 0.000111927714897, 0.000113714551844, 6.01890242251e-05, 4.20404830948e-05, 3.18049278576e-05, 1.62161413755e-05, 2.81279244518e-05, 2.6567679015e-05, 9.22473373066e-06, 5.01943532072e-06, 7.92606169853e-06, 6.4074833972e-06, 3.57455292033e-06, 2.20315928345e-06, 2.22154744733e-06, 2.17735873775e-06, 2.45463434112e-06, 2.63679385171e-06, 2.68810549642e-06, 2.29363126891e-06, 2.27625696425e-06, 2.20104811888e-06, 1.92914376385e-06, 1.54657118401e-06],
        "median": [0.000160006835358, 0.000469938706374, 0.000214440806303, 0.000296796235489, 0.000427473685704, 0.000213519611862, 7.74974105298e-05, 9.04406915652e-05, 0.0001467433176, 6.33912859485e-05, 6.56195697957e-05, 2.82103846985e-05, 2.09482423088e-05, 2.12202103285e-05, 1.84858763532e-05, 2.24768955377e-05, 2.4285964173e-05, 1.7373215087e-05, 1.26255754367e-05, 7.81303606345e-06, 5.83503697271e-06, 4.50065817859e-06, 8.13836959423e-06, 1.38026489367e-05, 5.11805865244e-06, 2.91186006507e-06, 3.65488563148e-06, 2.51950609709e-06, 1.30803800857e-06, 8.1642792793e-07, 8.34248169213e-07, 7.88064653534e-07, 7.40601251437e-07, 1.03766979009e-06, 1.11874715003e-06, 9.30271141897e-07, 4.91610990139e-07, 4.48566851219e-07, 5.70069971673e-07, 5.08282880674e-07],
        "min": [7.21734295439e-07, 3.82431926482e-06, 2.42032092501e-06, 4.86717954118e-06, 4.27537452197e-06, 3.15544275509e-06, 1.79974983894e-06, 5.92631579366e-07, 4.83702251586e-07, 2.41068647711e-07, 4.24642081498e-07, 1.39021310019e-07, 1.46763525777e-07, 1.94297712142e-07, 1.85766424465e-07, 2.0152984348e-07, 4.4453247483e-07, 6.65324009219e-08, 1.0127918415e-07, 5.23047027912e-08, 9.61597734772e-08, 7.01971032413e-08, 2.45590783265e-08, 1.27762138646e-08, 1.74988663559e-08, 9.99374893951e-09, 1.55579300554e-08, 8.8979463797e-09, 5.61479351902e-09, 5.43249623064e-09, 1.27717414422e-09, 8.56955395534e-10, 8.72178551603e-10, 1.06072128858e-09, 6.45457631787e-10, 1.54917190187e-10, 2.96706575975e-10, 2.38036312883e-10, 3.9210917846e-10, 2.06746050835e-10],
