{
"highlevel": {
    "danceability": {
        "all": {
            "danceable": 0.01806698367,
            "not_danceable": 0.981932997704
        },
        "probability": 0.981932997704,
        "value": "not_danceable"
    },
    "gender": {
        "all": {
            "female": 0.0593000687659,
            "male": 0.940699934959
        },
        "probability": 0.940699934959,
        "value": "male"
    },
    "genre_dortmund": {
        "all": {
            "alternative": 0.101819232106,
            "blues": 0.0123762562871,
            "electronic": 0.00332682929002,
            "folkcountry": 0.0111355483532,
            "funksoulrnb": 0.00321341305971,
            "jazz": 0.00760452775285,
            "pop": 0.0127044357359,
            "raphiphop": 0.00105330382939,
            "rock": 0.846766471863
        },
        "probability": 0.846766471863,
        "value": "rock"
    },
    "genre_electronic": {
        "all": {
            "ambient": 0.345033764839,
            "dnb": 0.470793277025,
            "house": 0.0325647965074,
            "techno": 0.00554242683575,
            "trance": 0.146065741777
        },
        "probability": 0.470793277025,
        "value": "dnb"
    },
    "genre_rosamerica": {
        "all": {
            "cla": 0.000641949067358,
            "dan": 0.00163036701269,
            "hip": 0.000845781003591,
            "jaz": 0.00114360509906,
            "pop": 0.011277416721,
            "rhy": 0.00169649149757,
            "roc": 0.982474625111,
            "spe": 0.000289741030429
        },
        "probability": 0.982474625111,
        "value": "roc"
    },
    "genre_tzanetakis": {
        "all": {
            "blu": 0.0626541376114,
            "cla": 0.0348133966327,
            "cou": 0.0783501937985,
            "dis": 0.104547761381,
            "hip": 0.15693578124,
            "jaz": 0.313987255096,
            "met": 0.044816005975,
            "pop": 0.0627349764109,
            "reg": 0.0627352520823,
            "roc": 0.0784252434969
        },
        "probability": 0.313987255096,
        "value": "jaz"
    },
    "ismir04_rhythm": {
        "all": {
            "ChaChaCha": 0.0606910586357,
            "Jive": 0.303055733442,
            "Quickstep": 0.257746487856,
            "Rumba-American": 0.0115695213899,
            "Rumba-International": 0.0119380336255,
            "Rumba-Misc": 0.00853941123933,
            "Samba": 0.190668493509,
            "Tango": 0.0433553978801,
            "VienneseWaltz": 0.104630924761,
            "Waltz": 0.00780494743958
        },
        "probability": 0.303055733442,
        "value": "Jive"
    },
    "mood_acoustic": {
        "all": {
            "acoustic": 0.0258338879794,
            "not_acoustic": 0.974166095257
        },
        "probability": 0.974166095257,
        "value": "not_acoustic"
    },
    "mood_aggressive": {
        "all": {
            "aggressive": 0.951430380344,
            "not_aggressive": 0.0485696233809
        },
        "probability": 0.951430380344,
        "value": "aggressive"
    },
    "mood_electronic": {
        "all": {
            "electronic": 0.378710508347,
            "not_electronic": 0.621289491653
        },
        "probability": 0.621289491653,
        "value": "not_electronic"
    },
    "mood_happy": {
        "all": {
            "happy": 0.390127629042,
            "not_happy": 0.609872341156
        },
        "probability": 0.609872341156,
        "value": "not_happy"
    },
    "mood_party": {
        "all": {
            "not_party": 0.458126336336,
            "party": 0.541873693466
        },
        "probability": 0.541873693466,
        "value": "party"
    },
    "mood_relaxed": {
        "all": {
            "not_relaxed": 0.968722999096,
            "relaxed": 0.0312769897282
        },
        "probability": 0.968722999096,
        "value": "not_relaxed"
    },
    "mood_sad": {
        "all": {
            "not_sad": 0.77421683073,
            "sad": 0.225783199072
        },
        "probability": 0.77421683073,
        "value": "not_sad"
    },
    "moods_mirex": {
        "all": {
            "Cluster1": 0.562980353832,
            "Cluster2": 0.0516272932291,
            "Cluster3": 0.0335129350424,
            "Cluster4": 0.0185966305435,
            "Cluster5": 0.333282828331
        },
        "probability": 0.562980353832,
        "value": "Cluster1"
    },
    "timbre": {
        "all": {
            "bright": 0.318605929613,
            "dark": 0.681394100189
        },
        "probability": 0.681394100189,
        "value": "dark"
    },
    "tonal_atonal": {
        "all": {
            "atonal": 0.00339440233074,
            "tonal": 0.996605575085
        },
        "probability": 0.996605575085,
        "value": "tonal"
    },
    "voice_instrumental": {
        "all": {
            "instrumental": 8.63694003783e-05,
            "voice": 0.99991363287
        },
        "probability": 0.99991363287,
        "value": "voice"
    }
},
"lowlevel": {
    "average_loudness": 0.981003761292,
    "barkbands_crest": {
        "dmean": 2.1777369976,
        "dmean2": 3.64871883392,
        "dvar": 4.05233049393,
        "dvar2": 11.5007257462,
        "max": 18.5056438446,
        "mean": 7.65052270889,
        "median": 7.16736030579,
        "min": 2.7699508667,
        "var": 6.763692379
    },
    "barkbands_flatness_db": {
        "dmean": 0.0165359992534,
        "dmean2": 0.0261594150215,
        "dvar": 0.000230734338402,
        "dvar2": 0.000580898136832,
        "max": 0.243285655975,
        "mean": 0.109558731318,
        "median": 0.105347156525,
        "min": 0.0546607598662,
        "var": 0.000647802022286
    },
    "barkbands_kurtosis": {
        "dmean": 1.4887868166,
        "dmean2": 2.42971992493,
        "dvar": 7.72085905075,
        "dvar2": 17.4664344788,
        "max": 40.8118438721,
        "mean": 1.06794071198,
        "median": 0.108074426651,
        "min": -1.82608437538,
        "var": 12.7333536148
    },
    "barkbands_skewness": {
        "dmean": 0.438974916935,
        "dmean2": 0.691013097763,
        "dvar": 0.230079963803,
        "dvar2": 0.534722864628,
        "max": 5.66831111908,
        "mean": 1.12792944908,
        "median": 0.99824744463,
        "min": -0.38609790802,
        "var": 0.583062410355
    },
    "barkbands_spread": {
        "dmean": 6.18981122971,
        "dmean2": 9.51855754852,
        "dvar": 44.4063301086,
        "dvar2": 102.103637695,
        "max": 98.4913101196,
        "mean": 31.4260025024,
        "median": 30.2576885223,
        "min": 4.34854602814,
        "var": 124.684577942
    },
    "dissonance": {
        "dmean": 0.0127057600766,
        "dmean2": 0.0211800411344,
        "dvar": 0.000200000969926,
        "dvar2": 0.000530415389221,
        "max": 0.5,
        "mean": 0.478717982769,
        "median": 0.48438167572,
        "min": 0.339592605829,
        "var": 0.000377309828764
    },
    "dynamic_complexity": 1.68855059147,
    "erbbands_crest": {
        "dmean": 2.64589262009,
        "dmean2": 4.30886936188,
        "dvar": 6.62161827087,
        "dvar2": 17.1904792786,
        "max": 24.4819202423,
        "mean": 7.72404670715,
        "median": 6.57171487808,
        "min": 2.39232254028,
        "var": 15.4306364059
    },
    "erbbands_flatness_db": {
        "dmean": 0.014335680753,
        "dmean2": 0.0208949223161,
        "dvar": 0.00017277902225,
        "dvar2": 0.000346945656929,
        "max": 0.22125209868,
        "mean": 0.131234064698,
        "median": 0.128953024745,
        "min": 0.0540894307196,
        "var": 0.000754959299229
    },
    "erbbands_kurtosis": {
        "dmean": 0.688392460346,
        "dmean2": 1.07881033421,
        "dvar": 0.850755631924,
        "dvar2": 2.0111618042,
        "max": 11.0092983246,
        "mean": 0.229675546288,
        "median": -0.0949668884277,
        "min": -1.54087948799,
        "var": 2.13400554657
    },
    "erbbands_skewness": {
        "dmean": 0.303789466619,
        "dmean2": 0.467805624008,
        "dvar": 0.09112495929,
        "dvar2": 0.215266287327,
        "max": 2.49211335182,
        "mean": -0.0747176706791,
        "median": -0.14011476934,
        "min": -3.10537600517,
        "var": 0.358485221863
    },
    "erbbands_spread": {
        "dmean": 8.33643054962,
        "dmean2": 12.6667881012,
        "dvar": 72.5645294189,
        "dvar2": 162.960601807,
        "max": 130.745269775,
        "mean": 41.4717979431,
        "median": 38.3610267639,
        "min": 7.78963470459,
        "var": 276.426605225
    },
    "hfc": {
        "dmean": 7.04822635651,
        "dmean2": 10.2900457382,
        "dvar": 59.6126937866,
        "dvar2": 126.450546265,
        "max": 105.993530273,
        "mean": 29.8980236053,
        "median": 27.4193077087,
        "min": 2.45707678795,
        "var": 229.232833862
    },
    "melbands_crest": {
        "dmean": 2.6110496521,
        "dmean2": 4.28910017014,
        "dvar": 5.42489099503,
        "dvar2": 14.3203582764,
        "max": 26.3443908691,
        "mean": 12.1717309952,
        "median": 11.4642343521,
        "min": 4.83475923538,
        "var": 15.7650766373
    },
    "melbands_flatness_db": {
        "dmean": 0.0226453989744,
        "dmean2": 0.0353023782372,
        "dvar": 0.000463346717879,
        "dvar2": 0.00111486727837,
        "max": 0.333352863789,
        "mean": 0.154278799891,
        "median": 0.147724330425,
        "min": 0.0597868524492,
        "var": 0.00150631624274
    },
    "melbands_kurtosis": {
        "dmean": 5.16076183319,
        "dmean2": 8.40591144562,
        "dvar": 94.2244796753,
        "dvar2": 203.869018555,
        "max": 155.367858887,
        "mean": 8.90947246552,
        "median": 5.02201938629,
        "min": -1.3143825531,
        "var": 179.075454712
    },
    "melbands_skewness": {
        "dmean": 0.686587929726,
        "dmean2": 1.07602214813,
        "dvar": 0.58059155941,
        "dvar2": 1.30983042717,
        "max": 10.1918420792,
        "mean": 2.42880725861,
        "median": 2.21263360977,
        "min": -0.0675220787525,
        "var": 1.72537112236
    },
    "melbands_spread": {
        "dmean": 7.79150152206,
        "dmean2": 12.174996376,
        "dvar": 59.7331886292,
        "dvar2": 149.883285522,
        "max": 93.8080215454,
        "mean": 30.5373458862,
        "median": 30.2709598541,
        "min": 2.70541334152,
        "var": 140.163711548
    },
    "pitch_salience": {
        "dmean": 0.0613242350519,
        "dmean2": 0.0993509665132,
        "dvar": 0.00299447099678,
        "dvar2": 0.00744883529842,
        "max": 0.80592995882,
        "mean": 0.60075622797,
        "median": 0.60877519846,
        "min": 0.305759727955,
        "var": 0.00812586024404
    },
    "silence_rate_20dB": {
        "dmean": 0,
        "dmean2": 0,
        "dvar": 0,
        "dvar2": 0,
        "max": 1,
        "mean": 1,
        "median": 1,
        "min": 1,
        "var": 0
    },
    "silence_rate_30dB": {
        "dmean": 0,
        "dmean2": 0,
        "dvar": 0,
        "dvar2": 0,
        "max": 1,
        "mean": 1,
        "median": 1,
        "min": 1,
        "var": 0
    },
    "silence_rate_60dB": {
        "dmean": 0,
        "dmean2": 0,
        "dvar": 0,
        "dvar2": 0,
        "max": 0,
        "mean": 0,
        "median": 0,
        "min": 0,
        "var": 0
    },
    "spectral_centroid": {
        "dmean": 254.212554932,
        "dmean2": 397.129638672,
        "dvar": 59553.2617188,
        "dvar2": 141401.515625,
        "max": 3965.51245117,
        "mean": 1681.93041992,
        "median": 1702.18103027,
        "min": 313.792144775,
        "var": 191580.90625
    },
    "spectral_complexity": {
        "dmean": 4.79102182388,
        "dmean2": 7.15956640244,
        "dvar": 18.4282741547,
        "dvar2": 34.7800788879,
        "max": 54,
        "mean": 30.5730857849,
        "median": 31,
        "min": 4,
        "var": 95.6629257202
    },
    "spectral_decrease": {
        "dmean": 3.04644753868e-09,
        "dmean2": 5.01161157018e-09,
        "dvar": 1.74629358208e-17,
        "dvar2": 4.58321024343e-17,
        "max": -8.23866530553e-10,
        "mean": -8.24472579097e-09,
        "median": -7.01423008564e-09,
        "min": -3.37720535981e-08,
        "var": 1.94416726144e-17
    },
    "spectral_energy": {
        "dmean": 0.0119324242696,
        "dmean2": 0.0195440240204,
        "dvar": 0.000261519075138,
        "dvar2": 0.000683968013618,
        "max": 0.13089209795,
        "mean": 0.0338293612003,
        "median": 0.0290586426854,
        "min": 0.0038675647229,
        "var": 0.00030576568679
    },
    "spectral_energyband_high": {
        "dmean": 0.000419458083343,
        "dmean2": 0.000620445644017,
        "dvar": 2.83260987999e-07,
        "dvar2": 5.63724086078e-07,
        "max": 0.00773240439594,
        "mean": 0.00139511050656,
        "median": 0.00121077161748,
        "min": 4.24140380346e-05,
        "var": 1.01452155832e-06
    },
    "spectral_energyband_low": {
        "dmean": 0.00734183425084,
        "dmean2": 0.0127848917618,
        "dvar": 0.000193275758647,
        "dvar2": 0.000521789072081,
        "max": 0.111960455775,
        "mean": 0.0118407011032,
        "median": 0.00889920443296,
        "min": 0.000311659707222,
        "var": 0.000152369306306
    },
    "spectral_energyband_middle_high": {
        "dmean": 0.00284407916479,
        "dmean2": 0.00414832355455,
        "dvar": 1.26278846437e-05,
        "dvar2": 2.71597582469e-05,
        "max": 0.0450870208442,
        "mean": 0.00896542146802,
        "median": 0.00713971816003,
        "min": 0.000219502064283,
        "var": 4.7105440899e-05
    },
    "spectral_energyband_middle_low": {
        "dmean": 0.00583168491721,
        "dmean2": 0.00935616157949,
        "dvar": 5.56812738068e-05,
        "dvar2": 0.000144281904795,
        "max": 0.0840129330754,
        "mean": 0.0132867097855,
        "median": 0.010921055451,
        "min": 0.000814970349893,
        "var": 8.47851042636e-05
    },
    "spectral_entropy": {
        "dmean": 0.0987620577216,
        "dmean2": 0.148136660457,
        "dvar": 0.00925435405225,
        "dvar2": 0.018674518913,
        "max": 8.52531719208,
        "mean": 7.89589834213,
        "median": 7.90097761154,
        "min": 7.08124685287,
        "var": 0.0361136309803
    },
    "spectral_flux": {
        "dmean": 0.0274505615234,
        "dmean2": 0.042857747525,
        "dvar": 0.000966294610407,
        "dvar2": 0.00180891237687,
        "max": 0.293381005526,
        "mean": 0.105219312012,
        "median": 0.0946910232306,
        "min": 0.0254529751837,
        "var": 0.00203220546246
    },
    "spectral_kurtosis": {
        "dmean": 0.887104153633,
        "dmean2": 1.49554514885,
        "dvar": 0.825454473495,
        "dvar2": 2.27410960197,
        "max": 13.7339630127,
        "mean": 2.85424184799,
        "median": 2.77260351181,
        "min": -0.779077529907,
        "var": 1.99617886543
    },
    "spectral_rms": {
        "dmean": 0.000940769328736,
        "dmean2": 0.00149348448031,
        "dvar": 1.21978996503e-06,
        "dvar2": 3.07561208501e-06,
        "max": 0.0113004250452,
        "mean": 0.00558126997203,
        "median": 0.00532446196303,
        "min": 0.00194248137996,
        "var": 1.85365070138e-06
    },
    "spectral_rolloff": {
        "dmean": 534.546936035,
        "dmean2": 878.575500488,
        "dvar": 593430.875,
        "dvar2": 1370695.375,
        "max": 7988.81835938,
        "mean": 1797.29699707,
        "median": 1701.12304688,
        "min": 129.19921875,
        "var": 1155754.75
    },
    "spectral_skewness": {
        "dmean": 0.15197263658,
        "dmean2": 0.243125483394,
        "dvar": 0.0203986968845,
        "dvar2": 0.0488417893648,
        "max": 2.82047438622,
        "mean": 1.22454786301,
        "median": 1.22183322906,
        "min": 0.214813023806,
        "var": 0.0784648805857
    },
    "spectral_spread": {
        "dmean": 442668.9375,
        "dmean2": 640534.3125,
        "dvar": 233263759360,
        "dvar2": 453335023616,
        "max": 11956763,
        "mean": 4660869.5,
        "median": 4509528,
        "min": 2388163.75,
        "var": 1.09432039014e+12
    },
    "spectral_strongpeak": {
        "dmean": 0.622909426689,
        "dmean2": 1.07768154144,
        "dvar": 1.17678391933,
        "dvar2": 2.91464996338,
        "max": 10.8894166946,
        "mean": 0.931435108185,
        "median": 0.374559134245,
        "min": 0.0349673368037,
        "var": 1.79556286335
    },
    "zerocrossingrate": {
        "dmean": 0.00975919980556,
        "dmean2": 0.0120077095926,
        "dvar": 9.40732716117e-05,
        "dvar2": 0.000125382473925,
        "max": 0.19970703125,
        "mean": 0.0737093240023,
        "median": 0.0712890625,
        "min": 0.0244140625,
        "var": 0.000554646598175
    },
    "barkbands": {
        "dmean": [0.000207262026379, 0.00471024075523, 0.00258748489432, 0.00189449288882, 0.00253638415597, 0.00107301853132, 0.000550314900465, 0.000989573774859, 0.00154070998542, 0.000751312880311, 0.000715587055311, 0.000634929921944, 0.000710795284249, 0.000702029967215, 0.000635451986454, 0.000405735831009, 0.000331406161422, 0.000233669416048, 0.000238265376538, 0.000175697437953, 0.000151574320626, 0.000133139285026, 0.000100465818832, 7.52595224185e-05, 3.72477516066e-05, 2.2774673198e-05, 1.91199749366e-08],
        "dmean2": [0.000354196323315, 0.00827125459909, 0.00456814328209, 0.00328263454139, 0.00433941185474, 0.00175211427268, 0.000900177692529, 0.00157180579845, 0.0023877741769, 0.00118262239266, 0.00107653951272, 0.00100861443207, 0.00110545847565, 0.00115440646186, 0.00104351597838, 0.000658715958707, 0.000530239020009, 0.000378610158805, 0.00038175994996, 0.000280324951746, 0.000243710979703, 0.00020983441209, 0.000148667444591, 0.000115348528198, 5.49036849407e-05, 3.30584553012e-05, 3.58710714465e-08],
        "dvar": [1.53126620717e-07, 8.01044952823e-05, 2.37421663769e-05, 1.00827919596e-05, 1.69568593265e-05, 3.71117266695e-06, 1.44693274251e-06, 4.35664560428e-06, 9.60066063271e-06, 3.76915045308e-06, 2.13832731788e-06, 1.59743660788e-06, 2.79954770122e-06, 1.19415346944e-06, 1.00418651527e-06, 8.11912343579e-07, 4.05890261845e-07, 7.34160181537e-08, 7.27031803649e-08, 4.55288784451e-08, 2.68257824843e-08, 2.98921989383e-08, 2.64439101727e-08, 2.93597590684e-08, 3.79706710518e-09, 1.20376142387e-09, 4.39741813248e-15],
        "dvar2": [4.04839028079e-07, 0.00021873517835, 6.71969974064e-05, 2.8671720429e-05, 4.73441396025e-05, 9.40326572163e-06, 3.68148744201e-06, 9.33023238758e-06, 2.22353555728e-05, 8.11958852864e-06, 3.91306184611e-06, 3.57259409611e-06, 6.22170364295e-06, 3.1478020901e-06, 2.43032809522e-06, 1.97231543098e-06, 9.07010814899e-07, 1.72670169718e-07, 1.76895525783e-07, 1.17860224691e-07, 6.87855248316e-08, 6.56524932197e-08, 5.30598001092e-08, 6.13814918893e-08, 7.78015341041e-09, 2.67203326132e-09, 1.24251635727e-14],
        "max": [0.0036399657838, 0.0752065181732, 0.0493353679776, 0.0326155945659, 0.0479707680643, 0.0232077650726, 0.0211057011038, 0.0255523715168, 0.0358483456075, 0.0305336937308, 0.0230470579118, 0.0185041557997, 0.0354274995625, 0.0145285315812, 0.0126825552434, 0.0128042241558, 0.0122188003734, 0.00305786775425, 0.00262009585276, 0.00281091919169, 0.00191070744768, 0.0025081417989, 0.0027192835696, 0.00330820376985, 0.000904577958863, 0.000506832671817, 1.20866604902e-06],
        "mean": [0.000229532670346, 0.00603814376518, 0.00411374634132, 0.00303356023505, 0.00417013699189, 0.00154142372776, 0.000749328406528, 0.00129020772874, 0.00206867372617, 0.00118806387763, 0.0011693284614, 0.00103726668749, 0.00110034120735, 0.00111621466931, 0.00106653489638, 0.000629994028714, 0.000604018743616, 0.000488495570607, 0.00054313801229, 0.000425068894401, 0.000391626119381, 0.000318711041473, 0.000226681309869, 0.000167955440702, 7.91612837929e-05, 4.19911521021e-05, 1.19389840236e-08],
        "median": [7.22417244106e-05, 0.00423136074096, 0.00327388010919, 0.00237268605269, 0.0033429004252, 0.000798317254521, 0.000429036037531, 0.000476339220768, 0.000603415130172, 0.000371293048374, 0.000405926577514, 0.000447735830676, 0.000491453974973, 0.000805634190328, 0.000719062401913, 0.000387143023545, 0.000409792584833, 0.000387104402762, 0.00041164108552, 0.000328713213094, 0.00034155396861, 0.000255013117567, 0.000167758960743, 0.000112523899588, 5.19322929904e-05, 2.17594133574e-05, 8.9535195924e-10],
        "min": [4.19621990488e-08, 0.000111404660856, 2.8942769859e-05, 2.12220220419e-05, 0.000123345671454, 1.14187514555e-05, 5.99079703534e-06, 5.29656790604e-06, 6.81416577208e-06, 2.10385928767e-06, 4.55964118373e-06, 4.97053815707e-06, 4.84040174342e-06, 4.52569202025e-06, 6.83080179442e-06, 3.18632760354e-06, 5.47315221411e-06, 9.56968142418e-06, 7.95896175987e-06, 7.05942875356e-06, 1.11176068458e-05, 5.02632838106e-06, 2.41058978645e-06, 5.20913602031e-07, 3.09593247039e-07, 1.63381114193e-10, 7.69915901866e-12],
        "var": [1.52291008249e-07, 6.09883099969e-05, 1.95244992938e-05, 8.56696078699e-06, 1.5816940504e-05, 5.08606080984e-06, 1.59233616159e-06, 6.74696684655e-06, 1.4852559616e-05, 8.48981017043e-06, 6.0228003349e-06, 3.74990509044e-06, 4.53623033536e-06, 1.47275261497e-06, 1.43283614307e-06, 9.88430542748e-07, 7.6589259379e-07, 1.61909468943e-07, 2.02473657396e-07, 1.20984708474e-07, 6.55629861512e-08, 7.74764714606e-08, 6.93819330877e-08, 6.83302658899e-08, 9.88762938192e-09, 2.33096320024e-09, 2.63890086574e-15]
    },
    "erbbands": {
        "dmean": [0.129601344466, 1.09962570667, 2.57256484032, 5.27535867691, 6.87256860733, 9.96642971039, 8.49484825134, 9.86182785034, 7.34319353104, 12.4397392273, 24.4754753113, 34.3307647705, 31.5099945068, 21.1003189087, 28.4828605652, 23.7795810699, 31.2255191803, 29.8431301117, 42.2719650269, 18.7608642578, 21.27693367, 17.3680725098, 12.3692035675, 13.2300920486, 10.092590332, 8.23292732239, 6.14061880112, 6.26733350754, 4.84839344025, 4.33655691147, 2.66605949402, 1.82894945145, 1.13079714775, 0.580262482166, 0.211761847138, 0.126140579581, 0.039070982486, 0.00367993838154, 6.71276793582e-05, 1.48487160914e-05],
        "dmean2": [0.230985939503, 1.95734214783, 4.53351926804, 9.2126789093, 11.5296802521, 17.745923996, 13.9960603714, 16.3048477173, 11.9502449036, 20.6328887939, 37.4901657104, 52.2218666077, 49.0904846191, 31.6441345215, 41.8422660828, 38.1486625671, 48.3909606934, 48.177570343, 68.4228820801, 30.3589611053, 34.6380767822, 27.214384079, 19.5929794312, 21.2880687714, 16.1779575348, 13.1867961884, 9.71311283112, 10.3325595856, 7.70907449722, 6.53615474701, 4.06216955185, 2.8440349102, 1.72021257877, 0.86785441637, 0.317846179008, 0.183017715812, 0.0570109672844, 0.00577349308878, 0.000102142621472, 2.3577869797e-05],
        "dvar": [0.0783525258303, 4.13057613373, 22.3423118591, 98.8568572998, 64.6519470215, 413.550354004, 181.171966553, 424.20980835, 174.482254028, 1159.39160156, 2895.61621094, 5018.17724609, 5163.71972656, 1913.7364502, 3159.92016602, 1982.0690918, 6287.49609375, 2948.07617188, 3615.99804688, 1196.01135254, 2346.71606445, 1026.77478027, 212.16645813, 234.33392334, 139.583312988, 109.649986267, 43.2499847412, 52.9772338867, 44.6857147217, 34.8543968201, 22.5995330811, 17.9607448578, 6.38643217087, 1.15558040142, 0.0968561246991, 0.0314725674689, 0.00423942506313, 3.61857091775e-05, 1.10838964673e-08, 3.6018488192e-10],
        "dvar2": [0.214735940099, 11.3225927353, 62.7994041443, 281.48248291, 171.909042358, 1177.15600586, 468.687164307, 1105.54003906, 406.350402832, 3085.0859375, 6179.41894531, 11784.5488281, 11186.5136719, 3872.58007812, 5792.76464844, 4660.51708984, 13795.4130859, 7566.31298828, 8801.0390625, 2734.03466797, 5698.18408203, 2438.04492188, 479.643493652, 591.629882812, 332.115570068, 297.679138184, 109.256561279, 136.1509552, 99.4383468628, 74.6347579956, 47.0106620789, 35.6851654053, 14.2131814957, 2.49523830414, 0.207787692547, 0.066712141037, 0.0103684561327, 9.16874414543e-05, 2.72622067143e-08, 9.31129728876e-10],
        "max": [2.25494456291, 17.2323055267, 54.2004051208, 92.8235702515, 65.6328887939, 264.556152344, 145.289657593, 272.845733643, 147.626449585, 552.934326172, 685.562866211, 938.147949219, 1168.98205566, 758.0234375, 817.881469727, 727.902282715, 1855.72546387, 907.860168457, 676.025268555, 553.600891113, 829.374389648, 684.461181641, 162.220932007, 140.523742676, 147.548446655, 130.14704895, 76.65209198, 94.7048339844, 101.083656311, 74.7731018066, 70.8351745605, 89.8394088745, 42.6648483276, 17.8734436035, 5.08092737198, 2.11500740051, 1.18059420586, 0.0960292369127, 0.00168607383966, 0.000168466533069],
        "mean": [0.137485712767, 1.48575150967, 4.56617498398, 7.9634103775, 13.0670909882, 13.2194900513, 12.3045625687, 13.3465986252, 10.3566417694, 16.7457351685, 32.9941101074, 45.0185432434, 45.5237922668, 39.0626029968, 51.5125923157, 41.312210083, 51.2733039856, 52.8413467407, 73.2514648438, 34.4937705994, 35.7268295288, 33.5798454285, 27.7658538818, 30.1385345459, 24.3659210205, 19.3353309631, 16.0455856323, 14.9734201431, 11.1728582382, 9.85726547241, 6.06038618088, 4.04936885834, 2.3869831562, 1.17967176437, 0.443054527044, 0.232841491699, 0.0687066614628, 0.00545153114945, 0.000128415573272, 4.79382761114e-05],
        "median": [0.0708766877651, 1.07989370823, 3.66835808754, 6.10930156708, 11.2329311371, 8.96336936951, 6.80044078827, 6.42091035843, 6.11363935471, 8.49158382416, 12.4042863846, 13.8926725388, 13.9667949677, 18.4227085114, 15.9936113358, 20.2838001251, 24.3117256165, 35.8502120972, 52.4445343018, 23.8136672974, 22.2538833618, 23.9085960388, 22.3087444305, 23.1537227631, 18.9203472137, 15.2551403046, 13.4804029465, 12.5048265457, 8.69731998444, 7.56318378448, 4.43832015991, 2.63983058929, 1.60660493374, 0.793775081635, 0.297669529915, 0.117005586624, 0.0367772392929, 0.00270828558132, 7.89361511124e-05, 4.44128381787e-05],
        "min": [0.00150797446258, 0.0316367559135, 0.090562723577, 0.171167954803, 0.154668718576, 0.175995454192, 0.168722033501, 0.123912855983, 0.165927439928, 0.235269710422, 0.289894670248, 0.272856891155, 0.17904740572, 0.222161218524, 0.286739557981, 0.292860239744, 0.415344148874, 0.378112286329, 0.459213256836, 0.300308734179, 0.225457444787, 0.336917907, 0.521875858307, 0.37245669961, 0.463347792625, 0.292638719082, 0.549860596657, 0.309766709805, 0.168089047074, 0.207718983293, 0.045370016247, 0.021478947252, 0.00964091997594, 0.00401027174667, 0.0007181171095, 8.71082156664e-05, 1.67378839251e-05, 3.19057016895e-06, 6.55762642054e-06, 8.57416489453e-06],
        "var": [0.0559174083173, 3.15562462807, 18.8446159363, 72.7261505127, 87.7091140747, 312.726196289, 243.116104126, 504.448516846, 226.785980225, 1100.03186035, 4481.35791016, 7194.43994141, 9820.890625, 5867.56152344, 11188.3027344, 4199.69970703, 9900.76757812, 4033.32568359, 5507.07910156, 1761.34375, 3196.55932617, 1891.39770508, 522.615539551, 590.920349121, 385.631896973, 254.129592896, 115.999458313, 113.456001282, 103.597076416, 87.6969833374, 54.9608154297, 45.3177337646, 12.7112121582, 2.63413834572, 0.237687587738, 0.0704828724265, 0.00663452642038, 4.72453866678e-05, 1.61524802422e-08, 4.89398466197e-10]
    },
    "gfcc": {
        "mean": [53.7133483887, 83.0943374634, -123.051856995, 47.7527732849, -55.1881446838, 26.2258396149, -36.4667816162, 8.21194839478, -27.6497936249, 3.8069729805, -22.0424900055, -3.16801333427, -14.995511055],
        "cov": [[879.591064453, -151.477050781, -151.405990601, -146.179626465, -126.088981628, -9.56887817383, -56.1035461426, -18.5146961212, -25.3666400909, -30.560382843, -46.4631767273, 45.2642364502, -15.4839487076], [-151.477050781, 461.349365234, -211.77053833, -9.39015579224, 54.2403488159, -80.0899047852, 103.649673462, -31.676158905, 37.2416191101, -50.1782035828, 60.9006919861, -60.574962616, 60.6552696228], [-151.405990601, -211.77053833, 422.922546387, 42.9854927063, 10.9846572876, 51.4908943176, -72.6707077026, 41.5486030579, -12.667096138, 64.2735137939, -43.6348152161, 53.8860855103, -45.6439819336], [-146.179626465, -9.39015579224, 42.9854927063, 230.142242432, -8.27432632446, -8.13143730164, -13.232837677, -7.38081026077, 26.3963184357, -16.5103931427, 49.7391929626, -44.8378105164, 27.1713161469], [-126.088981628, 54.2403488159, 10.9846572876, -8.27432632446, 210.49180603, -13.8208007812, 8.14864349365, 10.829202652, -5.96925020218, 48.7357521057, -24.4173126221, 29.3385925293, -10.3512516022], [-9.56887817383, -80.0899047852, 51.4908943176, -8.13143730164, -13.8208007812, 166.70362854, 59.9920845032, 5.20260190964, -5.4418387413, -22.0535430908, 3.44690990448, -6.53728723526, -8.13864803314], [-56.1035461426, 103.649673462, -72.6707077026, -13.232837677, 8.14864349365, 59.9920845032, 145.972412109, 23.7917995453, 7.33268117905, -28.8964805603, 20.9835414886, -33.8595123291, -3.68964505196], [-18.5146961212, -31.676158905, 41.5486030579, -7.38081026077, 10.829202652, 5.20260190964, 23.7917995453, 78.4101104736, 28.3135643005, 18.4615898132, -11.3401556015, -4.02978849411, -11.8636436462], [-25.3666400909, 37.2416191101, -12.667096138, 26.3963184357, -5.96925020218, -5.4418387413, 7.33268117905, 28.3135643005, 68.3356628418, 10.2540397644, 5.03344869614, -20.6800060272, 9.2080783844], [-30.560382843, -50.1782035828, 64.2735137939, -16.5103931427, 48.7357521057, -22.0535430908, -28.8964805603, 18.4615898132, 10.2540397644, 80.5915908813, -3.00623989105, 23.1904850006, -20.6182479858], [-46.4631767273, 60.9006919861, -43.6348152161, 49.7391929626, -24.4173126221, 3.44690990448, 20.9835414886, -11.3401556015, 5.03344869614, -3.00623989105, 72.1721801758, -10.682890892, 20.1896743774], [45.2642364502, -60.574962616, 53.8860855103, -44.8378105164, 29.3385925293, -6.53728723526, -33.8595123291, -4.02978849411, -20.6800060272, 23.1904850006, -10.682890892, 76.2234115601, 1.63610267639], [-15.4839487076, 60.6552696228, -45.6439819336, 27.1713161469, -10.3512516022, -8.13864803314, -3.68964505196, -11.8636436462, 9.2080783844, -20.6182479858, 20.1896743774, 1.63610267639, 59.9127616882]],
        "icov": [[0.00191978830844, 0.000330263283104, 0.00148453295697, 0.000267170980806, 0.00140960176941, -0.00039044074947, 0.000825006689411, -0.000394945294829, 9.33068658924e-05, 3.0977462302e-05, 0.00132896925788, -0.00181822793093, 0.000932842143811], [0.000330263283104, 0.0125771779567, -0.00377355166711, 0.00931261200458, -0.00823202356696, 0.0112064834684, -0.00859415531158, 0.00935665890574, -0.00996034406126, 0.0110278548673, -0.0131867993623, 0.0110358642414, -0.00885409954935], [0.00148453295697, -0.00377355166711, 0.00773355737329, -0.0061137159355, 0.00532328477129, -0.00664842734113, 0.0050496426411, -0.00611830223352, 0.00531199574471, -0.00734597910196, 0.0091113531962, -0.00881507340819, 0.00581032130867], [0.000267170980806, 0.00931261200458, -0.0061137159355, 0.0157928597182, -0.00864481646568, 0.00953875668347, -0.00413758540526, 0.00793420057744, -0.0100438408554, 0.012710429728, -0.017351647839, 0.0147439949214, -0.00869808532298], [0.00140960176941, -0.00823202356696, 0.00532328477129, -0.00864481646568, 0.0140332812443, -0.0079637169838, 0.0036848646123, -0.00650136359036, 0.0085939662531, -0.0138580016792, 0.0153590003029, -0.0124479560181, 0.00603100517765], [-0.00039044074947, 0.0112064834684, -0.00664842734113, 0.00953875668347, -0.0079637169838, 0.0190087128431, -0.0122755793855, 0.0103057064116, -0.00983212236315, 0.0128635726869, -0.0136045170948, 0.0109227141365, -0.00812211353332], [0.000825006689411, -0.00859415531158, 0.0050496426411, -0.00413758540526, 0.0036848646123, -0.0122755793855, 0.020026544109, -0.0124494452029, 0.00744266714901, -0.00268195569515, 0.00391682749614, -0.00436800066382, 0.00910712685436], [-0.000394945294829, 0.00935665890574, -0.00611830223352, 0.00793420057744, -0.00650136359036, 0.0103057064116, -0.0124494452029, 0.0272056553513, -0.0159152951092, 0.00584435369819, -0.0077306535095, 0.00890900474042, -0.00611786125228], [9.33068658924e-05, -0.00996034406126, 0.00531199574471, -0.0100438408554, 0.0085939662531, -0.00983212236315, 0.00744266714901, -0.0159152951092, 0.030538065359, -0.0157248508185, 0.0134084708989, -0.0044078710489, 0.00166284991428], [3.0977462302e-05, 0.0110278548673, -0.00734597910196, 0.012710429728, -0.0138580016792, 0.0128635726869, -0.00268195569515, 0.00584435369819, -0.0157248508185, 0.0360017232597, -0.0221797879785, 0.00864497665316, -0.00012761252583], [0.00132896925788, -0.0131867993623, 0.0091113531962, -0.017351647839, 0.0153590003029, -0.0136045170948, 0.00391682749614, -0.0077306535095, 0.0134084708989, -0.0221797879785, 0.0409226678312, -0.0176507402211, 0.00501831341535], [-0.00181822793093, 0.0110358642414, -0.00881507340819, 0.0147439949214, -0.0124479560181, 0.0109227141365, -0.00436800066382, 0.00890900474042, -0.0044078710489, 0.00864497665316, -0.0176507402211, 0.0361679159105, -0.0156037518755], [0.000932842143811, -0.00885409954935, 0.00581032130867, -0.00869808532298, 0.00603100517765, -0.00812211353332, 0.00910712685436, -0.00611786125228, 0.00166284991428, -0.00012761252583, 0.00501831341535, -0.0156037518755, 0.0319907180965]]
    },
    "melbands": {
        "dmean": [0.00124768493697, 0.00136251968797, 0.000901468505617, 0.000577627855819, 0.000327152345562, 0.000211087564821, 0.000112707450171, 0.000147458616993, 0.000212701037526, 0.000224058225285, 0.000157216010848, 8.57316190377e-05, 0.000100085286249, 7.13510016794e-05, 7.2888979048e-05, 6.88973013894e-05, 5.62611967325e-05, 7.61235423852e-05, 3.72455288016e-05, 2.65576090897e-05, 2.60049509961e-05, 2.01293132704e-05, 1.64793309523e-05, 1.10247910925e-05, 1.20031681945e-05, 9.33308365347e-06, 7.7359873103e-06, 5.24663573742e-06, 4.33102513853e-06, 4.41916427008e-06, 3.61393995263e-06, 3.07701452584e-06, 2.59652347268e-06, 2.50768766819e-06, 1.76863454726e-06, 1.27559064822e-06, 1.16771275316e-06, 9.03086345261e-07, 6.51120387829e-07, 4.76364164115e-07],
        "dmean2": [0.00218975055031, 0.00238316645846, 0.00156135880388, 0.000993599765934, 0.000559144304134, 0.000347563822288, 0.000181679642992, 0.000244197319262, 0.000328959722538, 0.000343792664353, 0.000244883412961, 0.000129426669446, 0.000148052335135, 0.000109971500933, 0.000115331822599, 0.000109097840323, 9.23884072108e-05, 0.000123830293887, 6.1893631937e-05, 4.27681370638e-05, 4.22835400968e-05, 3.19446371577e-05, 2.66609040409e-05, 1.79623821168e-05, 1.95947704924e-05, 1.5223678929e-05, 1.23185855045e-05, 8.45691829454e-06, 6.98144231137e-06, 7.25074505681e-06, 5.90144918533e-06, 4.98137933391e-06, 4.0455506678e-06, 3.81353265766e-06, 2.77887033917e-06, 1.94077051674e-06, 1.85027477073e-06, 1.4079689663e-06, 1.00969646155e-06, 7.21497201539e-07],
        "dvar": [6.24064705335e-06, 6.06855064689e-06, 2.35266975324e-06, 8.34485831547e-07, 3.07142443035e-07, 1.78512451043e-07, 3.99671193918e-08, 1.31889194677e-07, 2.07582871781e-07, 2.16885297277e-07, 1.31971347628e-07, 3.71155621792e-08, 4.04691569145e-08, 1.90479454432e-08, 2.54410696954e-08, 3.10310284135e-08, 1.0903690395e-08, 1.17515588371e-08, 4.27125934621e-09, 3.33869132341e-09, 3.59734686484e-09, 2.19758700126e-09, 3.96127103341e-10, 1.5950510357e-10, 1.99608829465e-10, 1.11812850645e-10, 9.20013995542e-11, 4.3841656e-11, 2.29851224859e-11, 2.25990216124e-11, 1.90328256627e-11, 1.88277154284e-11, 1.15518931226e-11, 1.19638387738e-11, 9.72247456155e-12, 7.07204086958e-12, 7.93055811993e-12, 4.31651589472e-12, 1.92710561051e-12, 6.76969927598e-13],
        "dvar2": [1.70589883055e-05, 1.69154427567e-05, 6.66279356665e-06, 2.31119588534e-06, 8.3657033656e-07, 4.60511643041e-07, 9.42448679098e-08, 3.38502985642e-07, 4.48869855063e-07, 5.07973481945e-07, 2.84663428829e-07, 7.50573789787e-08, 7.65210117493e-08, 3.94526473713e-08, 5.89180402244e-08, 6.63146551005e-08, 2.82542398367e-08, 2.89209562965e-08, 1.06984181514e-08, 8.26796764386e-09, 8.7989642239e-09, 5.27457011401e-09, 9.72547486988e-10, 3.87104653887e-10, 5.12043907275e-10, 2.91763835314e-10, 2.33151636886e-10, 1.19796547682e-10, 5.81282834367e-11, 6.03861752269e-11, 4.79682057963e-11, 4.42382797061e-11, 2.51909118565e-11, 2.60157815429e-11, 2.1585970858e-11, 1.28398385674e-11, 1.74454808238e-11, 1.01703923061e-11, 4.16396604697e-12, 1.5515591199e-12],
        "max": [0.0207501929253, 0.0267704259604, 0.0147378463298, 0.0103428792208, 0.0057061156258, 0.00558183714747, 0.00223017437384, 0.00540113262832, 0.00526017090306, 0.00539281964302, 0.00586063647643, 0.00339963077568, 0.00305625866167, 0.00252304715104, 0.00208649295382, 0.00417117215693, 0.00172229472082, 0.00130718294531, 0.000971232831944, 0.00104059814475, 0.00111635262147, 0.00100736541208, 0.000254226877587, 0.000143610042869, 0.000129060208565, 0.000110915214464, 0.000124025609693, 7.99609915703e-05, 5.69456351514e-05, 5.41230583622e-05, 6.7384185968e-05, 6.1337785155e-05, 4.48022437922e-05, 4.48843020422e-05, 4.41837146354e-05, 5.83332039241e-05, 6.05098503001e-05, 4.07765619457e-05, 2.50173343375e-05, 1.51770873345e-05],
        "mean": [0.00147246918641, 0.0023201406002, 0.00157650315668, 0.000947213848121, 0.0004727927153, 0.000292928743875, 0.000159367496963, 0.000198447101866, 0.000278073450318, 0.000293566728942, 0.000223432754865, 0.000151436805027, 0.00017219275469, 0.000122927071061, 0.000109171887743, 0.000110664885142, 9.22799445107e-05, 0.000124846977997, 6.16991528659e-05, 4.07527077186e-05, 4.03879785154e-05, 3.38870049745e-05, 3.16423720506e-05, 2.19895318878e-05, 2.50895300269e-05, 1.94262829609e-05, 1.66721110872e-05, 1.13083624456e-05, 1.00190382e-05, 9.79057858785e-06, 7.99030476628e-06, 6.40064445179e-06, 5.63667845199e-06, 5.30357556272e-06, 3.63574326911e-06, 2.76023979495e-06, 2.30789896705e-06, 1.74569140654e-06, 1.28407498323e-06, 9.0270259534e-07],
        "median": [0.000898488389794, 0.00180630746763, 0.00135898333974, 0.000780664151534, 0.000287336617475, 0.000145780810271, 9.60784163908e-05, 9.72549096332e-05, 9.83216013992e-05, 8.38072155602e-05, 6.32808660157e-05, 6.58491626382e-05, 5.40948094567e-05, 4.74473490613e-05, 4.97002038173e-05, 5.49876094738e-05, 6.1961945903e-05, 8.84713954292e-05, 4.21398799517e-05, 2.42532150878e-05, 2.4072251108e-05, 2.15228028537e-05, 2.32590045925e-05, 1.69790255313e-05, 1.83076826943e-05, 1.49610677909e-05, 1.23409190564e-05, 8.97000518307e-06, 7.9385627032e-06, 8.40275970404e-06, 6.57078180666e-06, 4.67777636004e-06, 4.44725355919e-06, 3.83160704587e-06, 2.56642533714e-06, 1.81042526037e-06, 1.42511817103e-06, 1.1269398783e-06, 8.87718613285e-07, 6.02344130129e-07],
        "min": [2.40258232225e-05, 3.27412963088e-05, 4.08171472372e-05, 2.13201583392e-05, 4.55749295725e-06, 1.88377850918e-06, 1.75242814748e-06, 2.29511806538e-06, 1.79788912646e-06, 1.43882789416e-06, 6.12871588146e-07, 7.84631140505e-07, 6.49208061532e-07, 5.20604146459e-07, 5.3509143072e-07, 8.06395746622e-07, 3.97492783577e-07, 8.87516364401e-07, 4.79564562283e-07, 2.28080338616e-07, 2.03685729616e-07, 3.03656406686e-07, 3.43645695011e-07, 4.13200524463e-07, 2.70760324383e-07, 3.61964822559e-07, 3.24668491203e-07, 1.01941132868e-07, 3.06949488049e-07, 2.28870192132e-07, 1.64004049452e-07, 8.41708924781e-08, 8.30241262406e-08, 8.81017641063e-08, 1.98776834992e-08, 1.33422730642e-08, 6.54262555244e-09, 5.91046411813e-09, 6.65913901798e-09, 1.73314385066e-09],
