{
"highlevel": {
    "danceability": {
        "all": {
            "danceable": 0.997970283031,
            "not_danceable": 0.00202973606065
        },
        "probability": 0.997970283031,
        "value": "danceable"
    },
    "gender": {
        "all": {
            "female": 0.864422976971,
            "male": 0.135577052832
        },
        "probability": 0.864422976971,
        "value": "female"
    },
    "genre_dortmund": {
        "all": {
            "alternative": 0.0191168207675,
            "blues": 0.0944904088974,
            "electronic": 0.0694907084107,
            "folkcountry": 0.0441667325795,
            "funksoulrnb": 0.0157489124686,
            "jazz": 0.0866316109896,
            "pop": 0.0455782786012,
            "raphiphop": 0.602457880974,
            "rock": 0.0223186518997
        },
        "probability": 0.602457880974,
        "value": "raphiphop"
    },
    "genre_electronic": {
        "all": {
            "ambient": 0.22649808228,
            "dnb": 0.105622135103,
            "house": 0.532807826996,
            "techno": 0.058741863817,
            "trance": 0.0763300582767
        },
        "probability": 0.532807826996,
        "value": "house"
    },
    "genre_rosamerica": {
        "all": {
            "cla": 0.00759830279276,
            "dan": 0.238735958934,
            "hip": 0.56107622385,
            "jaz": 0.00717980926856,
            "pop": 0.125378787518,
            "rhy": 0.0406050868332,
            "roc": 0.0159590616822,
            "spe": 0.00346674746834
        },
        "probability": 0.56107622385,
        "value": "hip"
    },
    "genre_tzanetakis": {
        "all": {
            "blu": 0.0622663982213,
            "cla": 0.0345780998468,
            "cou": 0.103735685349,
            "dis": 0.0518908686936,
            "hip": 0.155698984861,
            "jaz": 0.311586618423,
            "met": 0.0519040971994,
            "pop": 0.0622744634748,
            "reg": 0.0622723288834,
            "roc": 0.103792458773
        },
        "probability": 0.311586618423,
        "value": "jaz"
    },
    "ismir04_rhythm": {
        "all": {
            "ChaChaCha": 0.111559964716,
            "Jive": 0.0523389987648,
            "Quickstep": 0.00783889647573,
            "Rumba-American": 0.0028342937585,
            "Rumba-International": 0.0119032328948,
            "Rumba-Misc": 0.00184000749141,
            "Samba": 0.808862090111,
            "Tango": 0.00118230120279,
            "VienneseWaltz": 0.000823563779704,
            "Waltz": 0.000816632003989
        },
        "probability": 0.808862090111,
        "value": "Samba"
    },
    "mood_acoustic": {
        "all": {
            "acoustic": 0.021672680974,
            "not_acoustic": 0.978327333927
        },
        "probability": 0.978327333927,
        "value": "not_acoustic"
    },
    "mood_aggressive": {
        "all": {
            "aggressive": 0.351793706417,
            "not_aggressive": 0.648206293583
        },
        "probability": 0.648206293583,
        "value": "not_aggressive"
    },
    "mood_electronic": {
        "all": {
            "electronic": 0.641794145107,
            "not_electronic": 0.35820582509
        },
        "probability": 0.641794145107,
        "value": "electronic"
    },
    "mood_happy": {
        "all": {
            "happy": 0.296226084232,
            "not_happy": 0.703773915768
        },
        "probability": 0.703773915768,
        "value": "not_happy"
    },
    "mood_party": {
        "all": {
            "not_party": 0.143735647202,
            "party": 0.856264352798
        },
        "probability": 0.856264352798,
        "value": "party"
    },
    "mood_relaxed": {
        "all": {
            "not_relaxed": 0.88340562582,
            "relaxed": 0.11659437418
        },
        "probability": 0.88340562582,
        "value": "not_relaxed"
    },
    "mood_sad": {
        "all": {
            "not_sad": 0.888233542442,
            "sad": 0.111766479909
        },
        "probability": 0.888233542442,
        "value": "not_sad"
    },
    "moods_mirex": {
        "all": {
            "Cluster1": 0.0980162099004,
            "Cluster2": 0.469764381647,
            "Cluster3": 0.0549771562219,
            "Cluster4": 0.315999001265,
            "Cluster5": 0.0612432472408
        },
        "probability": 0.469764381647,
        "value": "Cluster2"
    },
    "timbre": {
        "all": {
            "bright": 0.999999940395,
            "dark": 5.56853514411e-08
        },
        "probability": 0.999999940395,
        "value": "bright"
    },
    "tonal_atonal": {
        "all": {
            "atonal": 0.663096308708,
            "tonal": 0.336903691292
        },
        "probability": 0.663096308708,
        "value": "atonal"
    },
    "voice_instrumental": {
        "all": {
            "instrumental": 0.867620646954,
            "voice": 0.132379338145
        },
        "probability": 0.867620646954,
        "value": "instrumental"
    }
},
"lowlevel": {
    "average_loudness": 0.97384506464,
    "barkbands_crest": {
        "dmean": 3.64383435249,
        "dmean2": 5.6644949913,
        "dvar": 11.5371398926,
        "dvar2": 25.0800094604,
        "max": 26.3624782562,
        "mean": 13.4277477264,
        "median": 12.3533506393,
        "min": 2.99778342247,
        "var": 36.0726547241
    },
    "barkbands_flatness_db": {
        "dmean": 0.0337684750557,
        "dmean2": 0.050663895905,
        "dvar": 0.00117011961993,
        "dvar2": 0.00252324156463,
        "max": 0.391079246998,
        "mean": 0.170930176973,
        "median": 0.161402463913,
        "min": 0.0404564663768,
        "var": 0.0034741978161
    },
    "barkbands_kurtosis": {
        "dmean": 8.57405281067,
        "dmean2": 13.2903776169,
        "dvar": 390.520568848,
        "dvar2": 898.310974121,
        "max": 324.971710205,
        "mean": 9.33335590363,
        "median": 1.21389627457,
        "min": -1.90442836285,
        "var": 631.488891602
    },
    "barkbands_skewness": {
        "dmean": 1.11963570118,
        "dmean2": 1.58547461033,
        "dvar": 1.89541387558,
        "dvar2": 4.14857721329,
        "max": 15.9648122787,
        "mean": 1.9312787056,
        "median": 1.33964061737,
        "min": -2.72691440582,
        "var": 5.31932592392
    },
    "barkbands_spread": {
        "dmean": 9.4014377594,
        "dmean2": 14.3975028992,
        "dvar": 100.052078247,
        "dvar2": 220.375488281,
        "max": 93.256652832,
        "mean": 27.4195213318,
        "median": 26.1278133392,
        "min": 0.729042470455,
        "var": 256.784484863
    },
    "dissonance": {
        "dmean": 0.0134350461885,
        "dmean2": 0.0223326571286,
        "dvar": 0.000180784292752,
        "dvar2": 0.000499825750012,
        "max": 0.499915093184,
        "mean": 0.47491016984,
        "median": 0.480391949415,
        "min": 0.396227657795,
        "var": 0.000391977024265
    },
    "dynamic_complexity": 2.84090089798,
    "erbbands_crest": {
        "dmean": 2.71259188652,
        "dmean2": 4.39890956879,
        "dvar": 5.74168634415,
        "dvar2": 13.8051156998,
        "max": 25.739692688,
        "mean": 9.01086521149,
        "median": 8.28539466858,
        "min": 2.8773868084,
        "var": 13.6882143021
    },
    "erbbands_flatness_db": {
        "dmean": 0.021599393338,
        "dmean2": 0.0283793564886,
        "dvar": 0.000392290152377,
        "dvar2": 0.000672288471833,
        "max": 0.305636823177,
        "mean": 0.153077214956,
        "median": 0.148296192288,
        "min": 0.0542719885707,
        "var": 0.00233255838975
    },
    "erbbands_kurtosis": {
        "dmean": 1.23929154873,
        "dmean2": 1.8352253437,
        "dvar": 2.79304933548,
        "dvar2": 5.45029306412,
        "max": 27.5896377563,
        "mean": 0.769658207893,
        "median": -0.0835180282593,
        "min": -1.79266691208,
        "var": 9.01123428345
    },
    "erbbands_skewness": {
        "dmean": 0.458632469177,
        "dmean2": 0.678804755211,
        "dvar": 0.175472006202,
        "dvar2": 0.395991444588,
        "max": 3.02554750443,
        "mean": -0.258156687021,
        "median": -0.206780895591,
        "min": -3.61990785599,
        "var": 0.786564648151
    },
    "erbbands_spread": {
        "dmean": 14.1531543732,
        "dmean2": 20.0838718414,
        "dvar": 291.329986572,
        "dvar2": 563.890930176,
        "max": 168.622238159,
        "mean": 43.6973457336,
        "median": 37.3730201721,
        "min": 4.52873373032,
        "var": 784.673583984
    },
    "hfc": {
        "dmean": 12.462389946,
        "dmean2": 18.6319313049,
        "dvar": 634.273681641,
        "dvar2": 1588.25476074,
        "max": 192.177780151,
        "mean": 20.2039146423,
        "median": 14.4343185425,
        "min": 0.0729759708047,
        "var": 660.225036621
    },
    "melbands_crest": {
        "dmean": 4.46079397202,
        "dmean2": 6.88960981369,
        "dvar": 14.7618112564,
        "dvar2": 32.7411651611,
        "max": 35.2917556763,
        "mean": 19.0252056122,
        "median": 19.1064929962,
        "min": 3.65110421181,
        "var": 53.2321205139
    },
    "melbands_flatness_db": {
        "dmean": 0.0444988496602,
        "dmean2": 0.0644426420331,
        "dvar": 0.00207516527735,
        "dvar2": 0.00410766294226,
        "max": 0.489301621914,
        "mean": 0.222802251577,
        "median": 0.20726339519,
        "min": 0.0520573817194,
        "var": 0.00710313534364
    },
    "melbands_kurtosis": {
        "dmean": 27.451833725,
        "dmean2": 42.4018974304,
        "dvar": 2935.28515625,
        "dvar2": 6736.97363281,
        "max": 597.173828125,
        "mean": 34.8877944946,
        "median": 7.82853412628,
        "min": -1.78705537319,
        "var": 4878.93798828
    },
    "melbands_skewness": {
        "dmean": 1.73852837086,
        "dmean2": 2.51567459106,
        "dvar": 4.68111991882,
        "dvar2": 9.84670162201,
        "max": 20.0311508179,
        "mean": 3.80891513824,
        "median": 2.6493768692,
        "min": -1.87417733669,
        "var": 12.766708374
    },
    "melbands_spread": {
        "dmean": 12.5514125824,
        "dmean2": 18.7576141357,
        "dvar": 204.883392334,
        "dvar2": 431.567138672,
        "max": 156.071166992,
        "mean": 28.7321777344,
        "median": 24.0046710968,
        "min": 0.539121329784,
        "var": 523.644165039
    },
    "pitch_salience": {
        "dmean": 0.104148603976,
        "dmean2": 0.154084935784,
        "dvar": 0.0104614663869,
        "dvar2": 0.021608222276,
        "max": 0.820212900639,
        "mean": 0.442821860313,
        "median": 0.461109131575,
        "min": 0.0431479290128,
        "var": 0.0330855287611
    },
    "silence_rate_20dB": {
        "dmean": 0,
        "dmean2": 0,
        "dvar": 0,
        "dvar2": 0,
        "max": 1,
        "mean": 1,
        "median": 1,
        "min": 1,
        "var": 0
    },
    "silence_rate_30dB": {
        "dmean": 0.0634674951434,
        "dmean2": 0.127033308148,
        "dvar": 0.0594395399094,
        "dvar2": 0.117092616856,
        "max": 1,
        "mean": 0.925754070282,
        "median": 1,
        "min": 0,
        "var": 0.0687346607447
    },
    "silence_rate_60dB": {
        "dmean": 0.0650154799223,
        "dmean2": 0.130131676793,
        "dvar": 0.0607882030308,
        "dvar2": 0.130239740014,
        "max": 1,
        "mean": 0.0765661224723,
        "median": 0,
        "min": 0,
        "var": 0.0707034394145
    },
    "spectral_centroid": {
        "dmean": 419.333892822,
        "dmean2": 597.271606445,
        "dvar": 169861.515625,
        "dvar2": 353289.25,
        "max": 3781.27783203,
        "mean": 1914.44763184,
        "median": 1971.37597656,
        "min": 187.404968262,
        "var": 605841.25
    },
    "spectral_complexity": {
        "dmean": 5.99845218658,
        "dmean2": 8.53524398804,
        "dvar": 56.2073707581,
        "dvar2": 112.013214111,
        "max": 55,
        "mean": 16.1600933075,
        "median": 15,
        "min": 0,
        "var": 118.123649597
    },
    "spectral_decrease": {
        "dmean": 4.10669498407e-09,
        "dmean2": 5.56948620556e-09,
        "dvar": 4.51488347047e-17,
        "dvar2": 7.16280574002e-17,
        "max": -2.32224482699e-11,
        "mean": -7.41059036358e-09,
        "median": -3.57166363152e-09,
        "min": -5.15108915522e-08,
        "var": 1.00799891956e-16
    },
    "spectral_energy": {
        "dmean": 0.0161202214658,
        "dmean2": 0.0220542401075,
        "dvar": 0.000693174719345,
        "dvar2": 0.00108938326593,
        "max": 0.200076922774,
        "mean": 0.0298018362373,
        "median": 0.0148573694751,
        "min": 0.000106154613604,
        "var": 0.00154946371913
    },
    "spectral_energyband_high": {
        "dmean": 0.000825463735964,
        "dmean2": 0.00128239346668,
        "dvar": 3.56921668754e-06,
        "dvar2": 9.09799928195e-06,
        "max": 0.0146670294926,
        "mean": 0.00102552014869,
        "median": 0.000431348831626,
        "min": 5.11064570219e-07,
        "var": 3.30199304699e-06
    },
    "spectral_energyband_low": {
        "dmean": 0.0126912752166,
        "dmean2": 0.018509786576,
        "dvar": 0.000719580624718,
        "dvar2": 0.00130957947113,
        "max": 0.186610519886,
        "mean": 0.0184859782457,
        "median": 0.00666377926245,
        "min": 5.30083070771e-07,
        "var": 0.00123006722424
    },
    "spectral_energyband_middle_high": {
        "dmean": 0.00238657020964,
        "dmean2": 0.00377245456912,
        "dvar": 1.29084728542e-05,
        "dvar2": 3.29381400661e-05,
        "max": 0.0253286715597,
        "mean": 0.00447950651869,
        "median": 0.00350824836642,
        "min": 2.27900491154e-05,
        "var": 1.90516057046e-05
    },
    "spectral_energyband_middle_low": {
        "dmean": 0.00748524488881,
        "dmean2": 0.0127923032269,
        "dvar": 0.000337888253853,
        "dvar2": 0.000934149313252,
        "max": 0.115967661142,
        "mean": 0.00691779283807,
        "median": 0.00200809165835,
        "min": 1.0399868188e-05,
        "var": 0.000225726980716
    },
    "spectral_entropy": {
        "dmean": 0.185387194157,
        "dmean2": 0.268496066332,
        "dvar": 0.0360398665071,
        "dvar2": 0.0790933743119,
        "max": 8.72924995422,
        "mean": 7.56919908524,
        "median": 7.55015897751,
        "min": 5.72815084457,
        "var": 0.133522331715
    },
    "spectral_flux": {
        "dmean": 0.0432830303907,
        "dmean2": 0.0585265941918,
        "dvar": 0.0030447205063,
        "dvar2": 0.00424544885755,
        "max": 0.457461357117,
        "mean": 0.103249460459,
        "median": 0.0694705992937,
        "min": 0.00653743557632,
        "var": 0.00849223509431
    },
    "spectral_kurtosis": {
        "dmean": 1.70855545998,
        "dmean2": 2.62887048721,
        "dvar": 2.69061970711,
        "dvar2": 6.66492319107,
        "max": 27.8123493195,
        "mean": 5.567964077,
        "median": 5.13545703888,
        "min": -0.739776611328,
        "var": 9.79277992249
    },
    "spectral_rms": {
        "dmean": 0.00133259547874,
        "dmean2": 0.00176775001455,
        "dvar": 2.86494628199e-06,
        "dvar2": 4.17912269768e-06,
        "max": 0.0139712924138,
        "mean": 0.00458608660847,
        "median": 0.00380722922273,
        "min": 0.000321815896314,
        "var": 8.04279898148e-06
    },
    "spectral_rolloff": {
        "dmean": 776.446655273,
        "dmean2": 1268.37475586,
        "dvar": 1413452,
        "dvar2": 2770568.5,
        "max": 14018.1152344,
        "mean": 1709.05273438,
        "median": 1399.65820312,
        "min": 64.599609375,
        "var": 2480456
    },
    "spectral_skewness": {
        "dmean": 0.252942740917,
        "dmean2": 0.39484333992,
        "dvar": 0.0524408370256,
        "dvar2": 0.127276927233,
        "max": 4.18738555908,
        "mean": 1.53712713718,
        "median": 1.50452637672,
        "min": 0.0478743910789,
        "var": 0.185342133045
    },
    "spectral_spread": {
        "dmean": 802086.25,
        "dmean2": 1058270.125,
        "dvar": 964182016000,
        "dvar2": 1.7541309399e+12,
        "max": 13972106,
        "mean": 4578404.5,
        "median": 4093066,
        "min": 1821268.375,
        "var": 3.41628367667e+12
    },
    "spectral_strongpeak": {
        "dmean": 0.435079097748,
        "dmean2": 0.710104823112,
        "dvar": 0.674380540848,
        "dvar2": 1.63772165775,
        "max": 6.97157335281,
        "mean": 0.683012187481,
        "median": 0.285709828138,
        "min": 0.0100990952924,
        "var": 0.975312650204
    },
    "zerocrossingrate": {
        "dmean": 0.0163464620709,
        "dmean2": 0.0182853955775,
        "dvar": 0.000352723116521,
        "dvar2": 0.000417830277001,
        "max": 0.36376953125,
        "mean": 0.0687336102128,
        "median": 0.0673828125,
        "min": 0.00439453125,
        "var": 0.00150961393956
    },
    "barkbands": {
        "dmean": [0.000187505793292, 0.0095271859318, 0.00654435670003, 0.00351554574445, 0.00361490203068, 0.000529870390892, 0.000242424066528, 0.000423661374953, 0.000241320871282, 0.000200832044357, 0.000400927732699, 0.000436936417827, 0.000264421803877, 0.000196258974029, 0.000246198498644, 0.000316417281283, 0.000511662801728, 0.000343612482538, 0.000310607050778, 0.000301644933643, 0.000154804467456, 6.89723965479e-05, 6.65657207719e-05, 0.00011908308079, 0.000181670606253, 0.000174398868694, 3.39728188692e-07],
        "dmean2": [0.000287335453322, 0.013863763772, 0.0112998792902, 0.00649012904614, 0.00624763779342, 0.000915566284675, 0.000396095128963, 0.000716150389053, 0.000391978188418, 0.000323836080497, 0.000562337227166, 0.000742481672205, 0.000441407610197, 0.000322859734297, 0.000395377515815, 0.000511108431965, 0.000810972764157, 0.000584218592849, 0.000500671099871, 0.000484581745695, 0.000238095599343, 0.000105942723167, 0.000100001772807, 0.000194381529582, 0.000296629645163, 0.000281142594758, 6.01980900683e-07],
        "dvar": [8.53733368444e-08, 0.00039529192145, 0.000429162755609, 0.000155775691383, 7.84540534369e-05, 1.41381201502e-06, 2.14253958575e-07, 1.3838968016e-06, 2.02740025657e-07, 1.80577345077e-07, 5.68059704165e-07, 9.6499115898e-07, 3.16969135383e-07, 1.84787850799e-07, 2.32872380934e-07, 3.21165487094e-07, 6.60651380713e-07, 4.15437142465e-07, 1.97392949985e-07, 2.1686439311e-07, 6.57273488969e-08, 1.56134998264e-08, 2.59946588699e-08, 1.49472398903e-07, 3.48948276496e-07, 3.09185736569e-07, 3.14330744593e-12],
        "dvar2": [1.96730852053e-07, 0.000791701371782, 0.00110632006545, 0.000449730345281, 0.000220018351683, 3.79369521397e-06, 5.66566370708e-07, 3.74275487047e-06, 5.04083118358e-07, 4.48577054613e-07, 9.74231738837e-07, 2.61889454123e-06, 8.4406985934e-07, 4.77891830997e-07, 5.88364684972e-07, 8.11710663129e-07, 1.58763918989e-06, 1.11057488539e-06, 5.29702617769e-07, 5.473052056e-07, 1.60402436222e-07, 3.53604505676e-08, 6.28277874171e-08, 3.92394355231e-07, 9.00363488654e-07, 8.02459624083e-07, 8.42800048501e-12],
        "max": [0.0040319217369, 0.152878314257, 0.128478944302, 0.0833745151758, 0.0659120604396, 0.0103085897863, 0.00698896776885, 0.0141007984057, 0.00426737079397, 0.0068460162729, 0.010970685631, 0.00774279655889, 0.00548356911168, 0.00665639154613, 0.00550506077707, 0.00446169124916, 0.010599645786, 0.00670254975557, 0.00403258390725, 0.00402135727927, 0.00275983265601, 0.000985919847153, 0.00151537533384, 0.00305668846704, 0.00458748918027, 0.00542975822464, 2.79993473669e-05],
        "mean": [0.000307506561512, 0.0124898236245, 0.00462388200685, 0.00221387925558, 0.00305426423438, 0.000465262623038, 0.000294880213914, 0.000491786166094, 0.000331836083205, 0.000252848141827, 0.000690896355081, 0.000428000610555, 0.000316692952765, 0.000241692425334, 0.00027460954152, 0.000381154590286, 0.000802855938673, 0.000422086479375, 0.000453173415735, 0.000434112153016, 0.000233934290009, 9.15175260161e-05, 7.38274029572e-05, 0.000107396001113, 0.000156033464009, 0.000167588601471, 2.38100142269e-07],
        "median": [9.8137112218e-05, 0.00527969328687, 9.33817937039e-05, 4.1877883632e-05, 0.000424654543167, 0.00011495918443, 0.000129175023176, 9.08296497073e-05, 8.51785734994e-05, 8.64190151333e-05, 0.000134117246489, 9.93595895125e-05, 9.14783595363e-05, 4.79789960082e-05, 5.87704962527e-05, 8.68605566211e-05, 0.00026756056468, 0.000166194979101, 0.000241532048676, 0.000226961521548, 0.000102340141893, 3.16435252898e-05, 1.24506741486e-05, 1.33569292302e-05, 2.27438831644e-05, 4.25001271651e-05, 3.17697756991e-10],
        "min": [2.77528400261e-09, 3.59092986457e-08, 1.6548774795e-08, 3.07875538397e-08, 5.74123760089e-07, 5.4391033899e-08, 1.83745868299e-07, 1.8594755602e-07, 9.09013593287e-08, 6.54835545788e-08, 2.84990903765e-07, 7.67950552927e-07, 9.14647500849e-07, 2.9772184007e-07, 1.83182436331e-07, 2.3712767927e-07, 8.70495398431e-07, 9.88721424733e-08, 7.2523283734e-07, 4.02916782605e-07, 2.99839825857e-07, 2.0989102012e-08, 1.57166830661e-08, 7.46573025623e-10, 4.09709158961e-12, 6.16540542578e-12, 7.06783459883e-12],
        "var": [2.38940998543e-07, 0.000548934272956, 0.000311852898449, 8.6793792434e-05, 5.2301951655e-05, 1.11032704808e-06, 2.3421405615e-07, 1.45817955399e-06, 3.60999990789e-07, 2.3614023803e-07, 2.04421803573e-06, 8.18156536297e-07, 3.54277091219e-07, 2.41678407065e-07, 3.02039751432e-07, 4.46853960057e-07, 1.44260593515e-06, 4.82562711568e-07, 3.15561891284e-07, 3.30515263158e-07, 1.16822874929e-07, 2.04796073433e-08, 2.61966093262e-08, 1.14836488763e-07, 2.75070362932e-07, 2.52940793644e-07, 2.10000376463e-12]
    },
    "erbbands": {
        "dmean": [0.252054542303, 2.27281904221, 7.1014995575, 9.3035736084, 14.2500419617, 11.2567062378, 5.49679756165, 4.3029127121, 2.52276754379, 6.72561693192, 7.68237161636, 5.7979259491, 5.47626399994, 14.454328537, 13.5792617798, 15.5720663071, 11.3519878387, 10.7917118073, 10.6735124588, 13.4157180786, 20.6644668579, 22.5636692047, 17.2503089905, 18.8596916199, 14.9201698303, 14.0023355484, 8.76641273499, 4.00419044495, 2.6045498848, 1.93153834343, 2.02608180046, 1.93500077724, 2.38652205467, 1.83384907246, 1.48515582085, 0.777222692966, 0.302527934313, 0.0320782363415, 0.000593833625317, 4.55315966974e-05],
        "dmean2": [0.387009203434, 3.27765321732, 11.7316036224, 16.363155365, 24.7360115051, 20.1663131714, 9.64831352234, 7.3056178093, 4.05335855484, 10.9750556946, 13.1708145142, 9.19798564911, 9.30013179779, 20.4282150269, 21.8040180206, 25.5549907684, 18.7997016907, 18.221540451, 16.9121055603, 21.2524147034, 32.5213623047, 36.0263900757, 27.9141616821, 31.4866352081, 24.4329223633, 22.3349838257, 13.5549201965, 6.06727409363, 4.04736042023, 2.87442445755, 3.12059640884, 3.02707362175, 3.96573829651, 3.00866174698, 2.45806312561, 1.24470388889, 0.481899738312, 0.0538355708122, 0.000981976161711, 6.7820023105e-05],
        "dvar": [0.242537274957, 25.2266960144, 445.623413086, 1004.66497803, 1419.01367188, 709.211303711, 137.14515686, 113.645355225, 19.1749897003, 220.510009766, 442.780029297, 117.887687683, 156.163955688, 826.557678223, 915.923583984, 937.705688477, 556.187194824, 562.730163574, 398.496795654, 532.219909668, 1224.21069336, 1163.95178223, 873.958618164, 940.431335449, 503.665496826, 500.664276123, 178.069869995, 46.192565918, 21.8849430084, 18.2775478363, 26.2755470276, 31.2912330627, 65.9170455933, 36.1883773804, 23.0647182465, 5.58835983276, 0.873381078243, 0.0125097855926, 4.18988520323e-06, 1.49641294911e-08],
        "dvar2": [0.580255627632, 48.0720710754, 1098.85888672, 2756.40014648, 3985.52319336, 2009.05981445, 374.397979736, 302.949951172, 47.0424346924, 579.788574219, 1185.54003906, 281.85144043, 432.770324707, 1504.921875, 2053.11376953, 2440.10424805, 1467.44702148, 1520.51000977, 982.541137695, 1337.20019531, 2904.1706543, 2877.84033203, 2219.40649414, 2581.58764648, 1311.43981934, 1246.5826416, 443.729797363, 110.197555542, 51.8901176453, 39.2302589417, 65.0863952637, 75.9797134399, 176.355697632, 94.8697662354, 59.6799545288, 14.3413228989, 2.24176931381, 0.0333491638303, 1.10179498733e-05, 3.63804808501e-08],
        "max": [4.10576963425, 35.9191741943, 140.730178833, 217.811004639, 238.805007935, 222.225509644, 83.2640838623, 119.521369934, 44.1491699219, 159.648971558, 235.143707275, 121.945236206, 147.454559326, 428.475097656, 465.46572876, 277.229400635, 225.313659668, 356.276733398, 220.982788086, 193.388839722, 329.740600586, 388.64630127, 355.73147583, 347.80090332, 212.580993652, 239.829650879, 140.395126343, 65.7068405151, 37.4199333191, 37.046585083, 38.4565505981, 41.0990180969, 66.2425994873, 47.3139572144, 35.5911521912, 20.5270767212, 8.18538665771, 1.01311159134, 0.0181541573256, 0.00113555160351],
        "mean": [0.342428296804, 2.83737468719, 5.72576808929, 6.39387178421, 10.3188247681, 9.81142234802, 5.0070772171, 3.87838816643, 3.16849374771, 8.01335048676, 9.29303359985, 8.74031734467, 6.91824817657, 24.9251842499, 18.02709198, 17.8344669342, 14.0282592773, 13.6551065445, 13.7714862823, 15.7174663544, 29.321346283, 35.8072013855, 25.6645030975, 25.7592811584, 22.1511898041, 20.5114650726, 13.0328531265, 6.1019654274, 3.50634121895, 2.28871583939, 2.1479010582, 1.92772078514, 2.04625916481, 1.53923082352, 1.26926076412, 0.748743772507, 0.299016535282, 0.0274582467973, 0.000532940030098, 6.21113504167e-05],
        "median": [0.197214990854, 0.803316235542, 0.450353115797, 0.22128482163, 0.580747544765, 1.76420891285, 1.25107824802, 0.887400329113, 1.58119285107, 2.67926859856, 2.06415271759, 2.25986385345, 2.66570329666, 5.44291067123, 4.24939155579, 4.87760543823, 4.65652370453, 3.49392652512, 3.35586166382, 3.63185024261, 7.66268110275, 13.7825956345, 11.2659416199, 12.454914093, 13.4509649277, 10.6669225693, 6.1801071167, 2.63229632378, 1.32424926758, 0.487460464239, 0.34297722578, 0.247121229768, 0.237965866923, 0.180975615978, 0.186597377062, 0.187595486641, 0.0777778178453, 0.00532490806654, 0.000117251249321, 2.63567544607e-05],
        "min": [1.982160029e-06, 2.25762232731e-05, 4.50155494036e-05, 0.000121642049635, 0.000753972504754, 0.00207989406772, 0.00159629434347, 0.00234364508651, 0.0014778416371, 0.00179803080391, 0.00459236418828, 0.00421521812677, 0.00504586286843, 0.00491404859349, 0.0288243312389, 0.0305527765304, 0.0533624887466, 0.0279587190598, 0.0147219486535, 0.0116654457524, 0.0310214068741, 0.0744083300233, 0.0147223873064, 0.0188825912774, 0.0288496483117, 0.0184066202492, 0.016012839973, 0.00277225207537, 0.00091044959845, 0.000526681833435, 0.000462425727164, 0.000353793089744, 0.000122658340842, 2.40499466599e-05, 1.75233822119e-06, 3.32418778726e-07, 1.37618087592e-07, 4.39601528512e-08, 7.22837327771e-08, 1.52837642986e-07],
        "var": [0.308059990406, 34.9881134033, 368.455108643, 644.783569336, 888.020812988, 476.494689941, 103.679641724, 89.6893157959, 22.0223197937, 261.870635986, 516.131103516, 257.334777832, 144.01411438, 2905.37768555, 1496.43591309, 1079.67333984, 631.054138184, 685.057495117, 612.104125977, 705.83001709, 2443.41479492, 2421.80908203, 1477.01635742, 1143.27905273, 723.954833984, 788.554260254, 338.221893311, 74.5357666016, 28.5393829346, 21.2802619934, 24.7070636749, 28.5797595978, 48.1709709167, 27.866733551, 17.9010906219, 4.72657775879, 0.745689988136, 0.00916303228587, 3.1826061786e-06, 1.56363384463e-08]
    },
    "gfcc": {
        "mean": [-23.3350639343, 59.5932731628, -113.523574829, 38.0274810791, -37.6036262512, 9.54020309448, -28.3601779938, 22.95662117, -35.6952819824, 12.3406143188, -18.7000141144, 11.5826101303, -10.9780893326],
        "cov": [[5798.71337891, -731.559387207, 514.788146973, 305.255310059, -130.565628052, 223.187698364, -322.27722168, 214.797836304, -122.923942566, 2.88961076736, -248.497390747, -39.9461097717, -166.964508057], [-731.559387207, 1191.14807129, 272.779785156, 84.3235244751, 220.011077881, 51.6612548828, 283.98815918, -0.84307050705, 158.79548645, 52.4690895081, 164.765655518, 4.1493768692, 98.2328643799], [514.788146973, 272.779785156, 1330.234375, 401.832366943, 197.470321655, 391.065368652, 77.1671676636, 119.950744629, 121.095840454, -34.6965332031, -8.04278659821, 4.51336717606, -24.1379623413], [305.255310059, 84.3235244751, 401.832366943, 768.995056152, 293.698699951, 134.980651855, -13.4764661789, 2.68624210358, 213.834320068, 69.1185913086, 22.6905288696, -7.15500211716, 129.879928589], [-130.565628052, 220.011077881, 197.470321655, 293.698699951, 508.246459961, 214.34954834, 147.08013916, 90.4727554321, 135.024856567, 143.170684814, 97.5571670532, 16.0996341705, 67.9305725098], [223.187698364, 51.6612548828, 391.065368652, 134.980651855, 214.34954834, 505.300079346, 164.509643555, 104.754570007, 115.111663818, 49.5986175537, 96.7511520386, -4.24010038376, 3.6964609623], [-322.27722168, 283.98815918, 77.1671676636, -13.4764661789, 147.08013916, 164.509643555, 521.758972168, 292.567779541, 99.2040786743, 73.5849990845, 151.860748291, 92.6687011719, 10.9850769043], [214.797836304, -0.84307050705, 119.950744629, 2.68624210358, 90.4727554321, 104.754570007, 292.567779541, 411.633331299, 108.502624512, 106.388763428, 103.019340515, 66.7649765015, 22.7273483276], [-122.923942566, 158.79548645, 121.095840454, 213.834320068, 135.024856567, 115.111663818, 99.2040786743, 108.502624512, 311.186737061, 158.572174072, 74.6657180786, 6.87461471558, 78.5083618164], [2.88961076736, 52.4690895081, -34.6965332031, 69.1185913086, 143.170684814, 49.5986175537, 73.5849990845, 106.388763428, 158.572174072, 242.691894531, 76.2939147949, 13.458697319, 44.9259872437], [-248.497390747, 164.765655518, -8.04278659821, 22.6905288696, 97.5571670532, 96.7511520386, 151.860748291, 103.019340515, 74.6657180786, 76.2939147949, 180.11857605, 50.4736328125, 29.8908042908], [-39.9461097717, 4.1493768692, 4.51336717606, -7.15500211716, 16.0996341705, -4.24010038376, 92.6687011719, 66.7649765015, 6.87461471558, 13.458697319, 50.4736328125, 131.239807129, 32.6599464417], [-166.964508057, 98.2328643799, -24.1379623413, 129.879928589, 67.9305725098, 3.6964609623, 10.9850769043, 22.7273483276, 78.5083618164, 44.9259872437, 29.8908042908, 32.6599464417, 145.960845947]],
        "icov": [[0.000278793449979, -0.000117549650895, 9.93385765469e-05, -0.000347106630215, 0.00024347192084, -0.000390710105421, 0.000454146560514, -0.000579042010941, 0.000359096040484, -0.000300990359392, 0.000550059659872, -0.00033569522202, 0.000537846179213], [-0.000117549650895, 0.00201461231336, -0.00100252847187, 0.000991722452454, -0.000822864007205, 0.0015126116341, -0.00189490360208, 0.0019381569, -0.000994673464447, 0.000608447066043, -0.00206478894688, 0.00176690309308, -0.00197787606157], [9.93385765469e-05, -0.00100252847187, 0.00182299141306, -0.00119567313232, 0.000413099915022, -0.00173057860229, 0.00122528709471, -0.00153597770259, 0.000299496168736, 0.000226686301176, 0.00170145812444, -0.00142014806625, 0.00189074804075], [-0.000347106630215, 0.000991722452454, -0.00119567313232, 0.00342355808243, -0.00185451901052, 0.00147113483399, -0.000958070217166, 0.00175031251274, -0.00219191820361, 0.00129631254822, -0.00139629526529, 0.00140002660919, -0.00293054198846], [0.00024347192084, -0.000822864007205, 0.000413099915022, -0.00185451901052, 0.00418579485267, -0.00181581650395, 0.000244296388701, -0.000775693915784, 0.00159057986457, -0.00241940654814, 0.000725374964532, -0.000637257006019, 0.000634315889329], [-0.000390710105421, 0.0015126116341, -0.00173057860229, 0.00147113483399, -0.00181581650395, 0.00498067168519, -0.00231891893782, 0.00214408664033, -0.00172850640956, 0.00121362891514, -0.00337634421885, 0.00262590870261, -0.00184053042904], [0.000454146560514, -0.00189490360208, 0.00122528709471, -0.000958070217166, 0.000244296388701, -0.00231891893782, 0.00642223516479, -0.00470802607015, 0.000603564199992, 0.000177704438102, 0.00101531355176, -0.00338091352023, 0.00321394763887], [-0.000579042010941, 0.0019381569, -0.00153597770259, 0.00175031251274, -0.000775693915784, 0.00214408664033, -0.00470802607015, 0.00731793697923, -0.00171288964339, -0.000398997421144, -0.00290023628622, 0.0016672257334, -0.00299167260528], [0.000359096040484, -0.000994673464447, 0.000299496168736, -0.00219191820361, 0.00159057986457, -0.00172850640956, 0.000603564199992, -0.00171288964339, 0.00772140780464, -0.00441848672926, 0.000973931513727, -2.56791900028e-05, -0.000381898222258], [-0.000300990359392, 0.000608447066043, 0.000226686301176, 0.00129631254822, -0.00241940654814, 0.00121362891514, 0.000177704438102, -0.000398997421144, -0.00441848672926, 0.00866316910833, -0.00232636649162, 0.000780960486736, -0.000714015506674], [0.000550059659872, -0.00206478894688, 0.00170145812444, -0.00139629526529, 0.000725374964532, -0.00337634421885, 0.00101531355176, -0.00290023628622, 0.000973931513727, -0.00232636649162, 0.0120956180617, -0.00439413962886, 0.00236416119151], [-0.00033569522202, 0.00176690309308, -0.00142014806625, 0.00140002660919, -0.000637257006019, 0.00262590870261, -0.00338091352023, 0.0016672257334, -2.56791900028e-05, 0.000780960486736, -0.00439413962886, 0.0121108973399, -0.00486546661705], [0.000537846179213, -0.00197787606157, 0.00189074804075, -0.00293054198846, 0.000634315889329, -0.00184053042904, 0.00321394763887, -0.00299167260528, -0.000381898222258, -0.000714015506674, 0.00236416119151, -0.00486546661705, 0.0127229439095]]
    },
    "melbands": {
        "dmean": [0.00247574341483, 0.00322954193689, 0.00172840373125, 0.000944911444094, 0.000236941166804, 9.34317431529e-05, 4.28724670201e-05, 8.227845683e-05, 5.61132692383e-05, 3.81737554562e-05, 2.64307509497e-05, 5.5300839449e-05, 4.41367446911e-05, 5.41178123967e-05, 2.35764691752e-05, 2.95254376397e-05, 2.01014954655e-05, 1.61968673638e-05, 2.03171603061e-05, 2.23602019105e-05, 2.80550430034e-05, 2.4779832529e-05, 2.10982725548e-05, 1.57720205607e-05, 1.62200376508e-05, 1.19384276331e-05, 1.16184291983e-05, 9.45081683312e-06, 6.37099628875e-06, 3.88238049709e-06, 2.04521984415e-06, 1.60183594744e-06, 1.14067245249e-06, 1.07306516384e-06, 1.14704914722e-06, 1.0946026805e-06, 1.28511226194e-06, 1.97244185074e-06, 1.12161171728e-06, 1.78686582331e-06],
        "dmean2": [0.00364263402298, 0.00473271170631, 0.00294265849516, 0.00165964302141, 0.000414735404775, 0.000158963230206, 6.88228246872e-05, 0.00013554598263, 9.57049633143e-05, 6.09575035924e-05, 4.54928958789e-05, 7.85041338531e-05, 6.77131611155e-05, 9.1106077889e-05, 3.89131600969e-05, 4.93251936859e-05, 3.4033695556e-05, 2.58829095401e-05, 3.25219734805e-05, 3.56854689016e-05, 4.45863624918e-05, 3.87891523133e-05, 3.46478700521e-05, 2.67783907475e-05, 2.6979138056e-05, 1.95786469703e-05, 1.87826535694e-05, 1.52872926265e-05, 9.77486706688e-06, 6.31898183201e-06, 3.09121401187e-06, 2.55984309661e-06, 1.73938951775e-06, 1.61794991982e-06, 1.85612373116e-06, 1.63166794209e-06, 2.06916524803e-06, 3.31531941811e-06, 1.77604601959e-06, 2.9981915759e-06],
        "dvar": [2.5058090614e-05, 6.72408277751e-05, 2.79792657238e-05, 5.62151626582e-06, 2.35764360923e-07, 5.03953927478e-08, 5.69153435492e-09, 3.85436322858e-08, 2.27515428719e-08, 5.32218402682e-09, 3.97602128999e-09, 1.18861374077e-08, 6.73617384095e-09, 1.46876013574e-08, 1.79606440831e-09, 4.45994841058e-09, 2.28834595717e-09, 9.69177960108e-10, 1.71553493633e-09, 1.5701111522e-09, 2.43648190512e-09, 1.48981427195e-09, 1.31442023932e-09, 8.68992156011e-10, 6.63933796829e-10, 3.45110218181e-10, 3.65277169623e-10, 2.63270100165e-10, 9.09198480392e-11, 5.39546844702e-11, 1.15996405189e-11, 8.22424506969e-12, 5.07829845883e-12, 6.21237089549e-12, 8.34965777075e-12, 7.6596029866e-12, 1.53306239231e-11, 4.7959268501e-11, 1.06704133376e-11, 3.70762205659e-11],
        "dvar2": [5.5042677559e-05, 0.000146665945067, 7.47682061046e-05, 1.58126404131e-05, 6.46231228529e-07, 1.34307185817e-07, 1.4338574772e-08, 1.01632799954e-07, 6.05980474688e-08, 1.27408990025e-08, 1.10701785516e-08, 2.17790301349e-08, 1.35481066366e-08, 3.94985804064e-08, 4.6759351946e-09, 1.1768801933e-08, 6.23564133662e-09, 2.34987984626e-09, 4.31261959477e-09, 3.77930131634e-09, 5.80635450831e-09, 3.70121688853e-09, 3.35133676366e-09, 2.29779684169e-09, 1.82201609356e-09, 8.90279072685e-10, 9.39202937644e-10, 6.55558995977e-10, 2.22337204203e-10, 1.37925851296e-10, 2.69342204789e-11, 2.05541694775e-11, 1.05807428791e-11, 1.41835310857e-11, 2.18108291844e-11, 1.66942345364e-11, 3.86793687357e-11, 1.29149232975e-10, 2.71990398953e-11, 9.85618531235e-11],
        "max": [0.0420342050493, 0.0565443299711, 0.0361386835575, 0.0172639600933, 0.00317482510582, 0.00236766110174, 0.000871783937328, 0.00228510447778, 0.00163245329168, 0.000824653543532, 0.000773309613578, 0.00158011587337, 0.00126682012342, 0.000911186391022, 0.000355567666702, 0.000699742871802, 0.000813882274088, 0.000379385834094, 0.00058226287365, 0.000320536841173, 0.000511031772476, 0.000594985031057, 0.00035958137596, 0.000339208694641, 0.000287662580376, 0.000214618907194, 0.00022469641408, 0.00017995989765, 0.000118695759738, 0.000101275189081, 3.1754905649e-05, 2.25843850785e-05, 1.75494915311e-05, 2.77923500107e-05, 2.01845832635e-05, 2.37493895838e-05, 3.28610003635e-05, 5.74743826292e-05, 2.78847019217e-05, 4.57935893792e-05],
        "mean": [0.00331487786025, 0.00334807764739, 0.00126495375298, 0.000762627110817, 0.000220941583393, 8.3416205598e-05, 5.38056156074e-05, 9.62197882473e-05, 6.70675799483e-05, 5.59027648706e-05, 3.04945497192e-05, 9.33603369049e-05, 6.60959485685e-05, 5.54457619728e-05, 2.90383923129e-05, 3.48134090018e-05, 2.45008704951e-05, 2.10180351132e-05, 2.19620796997e-05, 2.60352480836e-05, 3.87832515116e-05, 3.86151004932e-05, 3.04249733745e-05, 1.99799542315e-05, 2.09825593629e-05, 1.69798495335e-05, 1.53498895088e-05, 1.30807329697e-05, 9.12134964892e-06, 5.18235628988e-06, 2.9702964639e-06, 2.094082447e-06, 1.40097154144e-06, 1.20210302157e-06, 1.17335230243e-06, 1.18160710372e-06, 1.20477398013e-06, 1.60783645242e-06, 1.05589401755e-06, 1.42333158237e-06],
        "median": [0.00171854253858, 0.000697642506566, 4.45871301054e-05, 9.22531908145e-05, 5.81755884923e-05, 1.92122679437e-05, 2.5459950848e-05, 2.8832568205e-05, 1.42071767186e-05, 1.30421049107e-05, 1.05915087261e-05, 1.94798376469e-05, 1.37103970701e-05, 1.25152946566e-05, 1.02903632069e-05, 8.86875659489e-06, 5.33686807103e-06, 4.70015356768e-06, 4.24646850661e-06, 5.03001001562e-06, 9.09748450795e-06, 1.32654831759e-05, 1.10808068712e-05, 8.03547754913e-06, 9.06579134607e-06, 8.31553916214e-06, 7.71036138758e-06, 5.84240251555e-06, 3.96009636461e-06, 2.06816343962e-06, 1.1745272559e-06, 7.99753820502e-07, 3.60393954679e-07, 2.25363550044e-07, 2.06907245115e-07, 1.52446176571e-07, 1.41214101745e-07, 1.49012265638e-07, 1.62424456107e-07, 1.36848640864e-07],
        "min": [1.24795578316e-08, 2.1115454274e-08, 3.54315830009e-08, 9.19796150356e-08, 9.21985474633e-08, 1.35998448059e-08, 2.54347245487e-08, 1.82370580859e-08, 3.59516150183e-08, 1.46885437147e-08, 1.74978556089e-08, 1.62149724758e-08, 5.43542348908e-08, 1.10098405059e-07, 4.19127559326e-08, 9.97556028892e-08, 3.5271181531e-08, 2.68883812993e-08, 1.70150205037e-08, 5.8900639921e-09, 2.93166131371e-08, 5.7725536351e-08, 2.40776412141e-08, 3.56337581664e-09, 1.17979173098e-08, 1.46148728675e-08, 1.34632047732e-08, 9.44392919422e-09, 9.64224788902e-09, 3.81665143934e-09, 4.45375819558e-10, 3.6290009886e-10, 2.0408073842e-10, 1.5108511664e-10, 2.53171927866e-10, 9.50622705553e-11, 9.43627294359e-12, 4.04018425703e-13, 3.7343224216e-13, 3.25226939834e-14],
