{
"highlevel": {
    "danceability": {
        "all": {
            "danceable": 0.999992489815,
            "not_danceable": 7.50563776819e-06
        },
        "probability": 0.999992489815,
        "value": "danceable"
    },
    "gender": {
        "all": {
            "female": 0.273000061512,
            "male": 0.726999938488
        },
        "probability": 0.726999938488,
        "value": "male"
    },
    "genre_dortmund": {
        "all": {
            "alternative": 0.0522755868733,
            "blues": 0.0672030448914,
            "electronic": 0.0986904427409,
            "folkcountry": 0.0319979004562,
            "funksoulrnb": 0.0538719817996,
            "jazz": 0.0535022057593,
            "pop": 0.124880738556,
            "raphiphop": 0.394837290049,
            "rock": 0.122740805149
        },
        "probability": 0.394837290049,
        "value": "raphiphop"
    },
    "genre_electronic": {
        "all": {
            "ambient": 0.0784320086241,
            "dnb": 0.042443100363,
            "house": 0.111524216831,
            "techno": 0.00976329017431,
            "trance": 0.757837414742
        },
        "probability": 0.757837414742,
        "value": "trance"
    },
    "genre_rosamerica": {
        "all": {
            "cla": 8.88955764822e-05,
            "dan": 0.936396479607,
            "hip": 0.0508394353092,
            "jaz": 0.000123181816889,
            "pop": 0.00447359448299,
            "rhy": 0.00496156979352,
            "roc": 0.00299488496967,
            "spe": 0.00012197416072
        },
        "probability": 0.936396479607,
        "value": "dan"
    },
    "genre_tzanetakis": {
        "all": {
            "blu": 0.0620671063662,
            "cla": 0.034474901855,
            "cou": 0.103433981538,
            "dis": 0.0620971247554,
            "hip": 0.15527240932,
            "jaz": 0.310666948557,
            "met": 0.044346679002,
            "pop": 0.0620793737471,
            "reg": 0.0620816536248,
            "roc": 0.103479810059
        },
        "probability": 0.310666948557,
        "value": "jaz"
    },
    "ismir04_rhythm": {
        "all": {
            "ChaChaCha": 0.265813857317,
            "Jive": 0.0254926793277,
            "Quickstep": 0.00604294752702,
            "Rumba-American": 0.00539183290675,
            "Rumba-International": 0.00346215767786,
            "Rumba-Misc": 0.00106953131035,
            "Samba": 0.690973460674,
            "Tango": 0.000985164777376,
            "VienneseWaltz": 0.000569669588003,
            "Waltz": 0.000198690773686
        },
        "probability": 0.690973460674,
        "value": "Samba"
    },
    "mood_acoustic": {
        "all": {
            "acoustic": 7.79776655691e-06,
            "not_acoustic": 0.999992191792
        },
        "probability": 0.999992191792,
        "value": "not_acoustic"
    },
    "mood_aggressive": {
        "all": {
            "aggressive": 0.711119890213,
            "not_aggressive": 0.288880139589
        },
        "probability": 0.711119890213,
        "value": "aggressive"
    },
    "mood_electronic": {
        "all": {
            "electronic": 0.946641802788,
            "not_electronic": 0.0533581972122
        },
        "probability": 0.946641802788,
        "value": "electronic"
    },
    "mood_happy": {
        "all": {
            "happy": 0.678532481194,
            "not_happy": 0.321467489004
        },
        "probability": 0.678532481194,
        "value": "happy"
    },
    "mood_party": {
        "all": {
            "not_party": 0.147434026003,
            "party": 0.852565944195
        },
        "probability": 0.852565944195,
        "value": "party"
    },
    "mood_relaxed": {
        "all": {
            "not_relaxed": 0.906330764294,
            "relaxed": 0.0936692580581
        },
        "probability": 0.906330764294,
        "value": "not_relaxed"
    },
    "mood_sad": {
        "all": {
            "not_sad": 0.939663529396,
            "sad": 0.0603364855051
        },
        "probability": 0.939663529396,
        "value": "not_sad"
    },
    "moods_mirex": {
        "all": {
            "Cluster1": 0.386515498161,
            "Cluster2": 0.0585457347333,
            "Cluster3": 0.0323634892702,
            "Cluster4": 0.199181497097,
            "Cluster5": 0.323393791914
        },
        "probability": 0.386515498161,
        "value": "Cluster1"
    },
    "timbre": {
        "all": {
            "bright": 0.474531561136,
            "dark": 0.525468468666
        },
        "probability": 0.525468468666,
        "value": "dark"
    },
    "tonal_atonal": {
        "all": {
            "atonal": 0.716136693954,
            "tonal": 0.283863306046
        },
        "probability": 0.716136693954,
        "value": "atonal"
    },
    "voice_instrumental": {
        "all": {
            "instrumental": 0.516167581081,
            "voice": 0.483832448721
        },
        "probability": 0.516167581081,
        "value": "instrumental"
    }
},
"lowlevel": {
    "average_loudness": 0.986177444458,
    "barkbands_crest": {
        "dmean": 3.54131793976,
        "dmean2": 5.31004858017,
        "dvar": 10.8830289841,
        "dvar2": 21.9349346161,
        "max": 26.6728248596,
        "mean": 13.4978704453,
        "median": 12.3026647568,
        "min": 3.00421619415,
        "var": 40.7640266418
    },
    "barkbands_flatness_db": {
        "dmean": 0.0353689342737,
        "dmean2": 0.0516755096614,
        "dvar": 0.00122989842203,
        "dvar2": 0.00250271894038,
        "max": 0.466658145189,
        "mean": 0.149714037776,
        "median": 0.134411513805,
        "min": 0.04048602283,
        "var": 0.00428711948916
    },
    "barkbands_kurtosis": {
        "dmean": 8.32728862762,
        "dmean2": 13.3831377029,
        "dvar": 730.605285645,
        "dvar2": 1583.74133301,
        "max": 569.543579102,
        "mean": 9.01764583588,
        "median": 1.52048301697,
        "min": -1.92612373829,
        "var": 1079.50024414
    },
    "barkbands_skewness": {
        "dmean": 0.98815625906,
        "dmean2": 1.49732637405,
        "dvar": 1.78664267063,
        "dvar2": 3.75432229042,
        "max": 21.5721492767,
        "mean": 2.01030158997,
        "median": 1.45564591885,
        "min": -1.85319697857,
        "var": 4.65403985977
    },
    "barkbands_spread": {
        "dmean": 11.2811756134,
        "dmean2": 17.4124240875,
        "dvar": 151.273727417,
        "dvar2": 362.243255615,
        "max": 109.094985962,
        "mean": 31.7279605865,
        "median": 29.5605964661,
        "min": 0.241777479649,
        "var": 369.905059814
    },
    "dissonance": {
        "dmean": 0.0164448264986,
        "dmean2": 0.0259866956621,
        "dvar": 0.00030112391687,
        "dvar2": 0.000716173730325,
        "max": 0.499999970198,
        "mean": 0.469501405954,
        "median": 0.475429415703,
        "min": 0.307834178209,
        "var": 0.000712985813152
    },
    "dynamic_complexity": 1.77732014656,
    "erbbands_crest": {
        "dmean": 2.91110467911,
        "dmean2": 4.59889698029,
        "dvar": 7.69993066788,
        "dvar2": 17.7668609619,
        "max": 29.9246921539,
        "mean": 8.86755466461,
        "median": 8.07046413422,
        "min": 2.39139127731,
        "var": 19.1660385132
    },
    "erbbands_flatness_db": {
        "dmean": 0.0193114876747,
        "dmean2": 0.0275031216443,
        "dvar": 0.0003402462753,
        "dvar2": 0.000672353140544,
        "max": 0.329077541828,
        "mean": 0.128814846277,
        "median": 0.122019678354,
        "min": 0.0505098477006,
        "var": 0.00136746792123
    },
    "erbbands_kurtosis": {
        "dmean": 1.13074541092,
        "dmean2": 1.76110053062,
        "dvar": 4.19378232956,
        "dvar2": 10.7191362381,
        "max": 35.0638847351,
        "mean": 0.531029880047,
        "median": -0.131860971451,
        "min": -1.67250955105,
        "var": 5.97372770309
    },
    "erbbands_skewness": {
        "dmean": 0.416324853897,
        "dmean2": 0.622828245163,
        "dvar": 0.169205740094,
        "dvar2": 0.365395456553,
        "max": 3.95485210419,
        "mean": -0.00493896892294,
        "median": 0.0635318905115,
        "min": -3.6589820385,
        "var": 0.74632447958
    },
    "erbbands_spread": {
        "dmean": 12.2701673508,
        "dmean2": 18.7523803711,
        "dvar": 129.60319519,
        "dvar2": 312.462005615,
        "max": 120.924209595,
        "mean": 46.8223190308,
        "median": 46.0946578979,
        "min": 2.55734395981,
        "var": 352.492462158
    },
    "hfc": {
        "dmean": 16.6495990753,
        "dmean2": 22.8923797607,
        "dvar": 395.26159668,
        "dvar2": 779.104492188,
        "max": 181.25642395,
        "mean": 39.2695808411,
        "median": 29.9136238098,
        "min": 0.196197792888,
        "var": 1054.19677734
    },
    "melbands_crest": {
        "dmean": 4.63190126419,
        "dmean2": 7.49981164932,
        "dvar": 18.0765037537,
        "dvar2": 44.7895202637,
        "max": 35.5750160217,
        "mean": 19.7771434784,
        "median": 19.3294563293,
        "min": 4.07752275467,
        "var": 53.7314338684
    },
    "melbands_flatness_db": {
        "dmean": 0.0448507070541,
        "dmean2": 0.0642326921225,
        "dvar": 0.00199613533914,
        "dvar2": 0.00406228937209,
        "max": 0.579041063786,
        "mean": 0.195740178227,
        "median": 0.1821179986,
        "min": 0.0351871922612,
        "var": 0.00744196400046
    },
    "melbands_kurtosis": {
        "dmean": 21.4950408936,
        "dmean2": 34.377784729,
        "dvar": 2231.55786133,
        "dvar2": 5766.14453125,
        "max": 741.86730957,
        "mean": 29.8828601837,
        "median": 10.6847858429,
        "min": -1.5416533947,
        "var": 3170.8684082
    },
    "melbands_skewness": {
        "dmean": 1.44156932831,
        "dmean2": 2.22068357468,
        "dvar": 3.17992472649,
        "dvar2": 7.46529626846,
        "max": 22.6975669861,
        "mean": 3.82294654846,
        "median": 2.86721110344,
        "min": -2.25798273087,
        "var": 9.04539775848
    },
    "melbands_spread": {
        "dmean": 12.5813369751,
        "dmean2": 19.9966526031,
        "dvar": 267.143585205,
        "dvar2": 652.792114258,
        "max": 177.902893066,
        "mean": 28.1517238617,
        "median": 23.3714199066,
        "min": 0.335208117962,
        "var": 497.728973389
    },
    "pitch_salience": {
        "dmean": 0.101087622344,
        "dmean2": 0.154184237123,
        "dvar": 0.0105467028916,
        "dvar2": 0.0226425305009,
        "max": 0.838261604309,
        "mean": 0.433352768421,
        "median": 0.45549890399,
        "min": 0.0280939247459,
        "var": 0.0292222630233
    },
    "silence_rate_20dB": {
        "dmean": 0,
        "dmean2": 0,
        "dvar": 0,
        "dvar2": 0,
        "max": 1,
        "mean": 1,
        "median": 1,
        "min": 1,
        "var": 0
    },
    "silence_rate_30dB": {
        "dmean": 0.0727554187179,
        "dmean2": 0.145623549819,
        "dvar": 0.0674626454711,
        "dvar2": 0.130615606904,
        "max": 1,
        "mean": 0.920340299606,
        "median": 1,
        "min": 0,
        "var": 0.0733138620853
    },
    "silence_rate_60dB": {
        "dmean": 0.00154798757285,
        "dmean2": 0.00309837330133,
        "dvar": 0.00154558813665,
        "dvar2": 0.00463794311509,
        "max": 1,
        "mean": 0.00077339517884,
        "median": 0,
        "min": 0,
        "var": 0.000772796513047
    },
    "spectral_centroid": {
        "dmean": 376.965454102,
        "dmean2": 562.88861084,
        "dvar": 154369.40625,
        "dvar2": 322005.625,
        "max": 4956.76855469,
        "mean": 1883.85925293,
        "median": 1813.99279785,
        "min": 192.469116211,
        "var": 541261.1875
    },
    "spectral_complexity": {
        "dmean": 7.43111467361,
        "dmean2": 10.3741283417,
        "dvar": 54.3877754211,
        "dvar2": 92.5982131958,
        "max": 59,
        "mean": 24.0232009888,
        "median": 22,
        "min": 0,
        "var": 151.862197876
    },
    "spectral_decrease": {
        "dmean": 4.25672963544e-09,
        "dmean2": 6.32135854772e-09,
        "dvar": 2.80590020079e-17,
        "dvar2": 6.53684706852e-17,
        "max": -7.97305693689e-11,
        "mean": -1.15751506158e-08,
        "median": -8.97127794275e-09,
        "min": -4.80123496516e-08,
        "var": 6.73727623966e-17
    },
    "spectral_energy": {
        "dmean": 0.0164666846395,
        "dmean2": 0.0241367816925,
        "dvar": 0.0004001474299,
        "dvar2": 0.00090428936528,
        "max": 0.182674646378,
        "mean": 0.0472491420805,
        "median": 0.0375384688377,
        "min": 0.000326434528688,
        "var": 0.00100529426709
    },
    "spectral_energyband_high": {
        "dmean": 0.00159710005391,
        "dmean2": 0.00215394748375,
        "dvar": 4.4758344302e-06,
        "dvar2": 9.12913856155e-06,
        "max": 0.0171244014055,
        "mean": 0.0027865357697,
        "median": 0.00153802207205,
        "min": 1.15884063234e-06,
        "var": 1.12363222797e-05
    },
    "spectral_energyband_low": {
        "dmean": 0.0154500491917,
        "dmean2": 0.0227542277426,
        "dvar": 0.000470460072393,
        "dvar2": 0.00114056386519,
        "max": 0.180104359984,
        "mean": 0.0285703297704,
        "median": 0.0171709228307,
        "min": 5.19391846865e-07,
        "var": 0.00103168305941
    },
    "spectral_energyband_middle_high": {
        "dmean": 0.00306771998294,
        "dmean2": 0.00471696304157,
        "dvar": 1.33979037855e-05,
        "dvar2": 3.03894994431e-05,
        "max": 0.0441804975271,
        "mean": 0.00697353063151,
        "median": 0.00514986505732,
        "min": 4.0029961383e-05,
        "var": 3.91097091779e-05
    },
    "spectral_energyband_middle_low": {
        "dmean": 0.00533757265657,
        "dmean2": 0.00867618154734,
        "dvar": 7.73445499362e-05,
        "dvar2": 0.000207240504096,
        "max": 0.0774369463325,
        "mean": 0.00954375695437,
        "median": 0.00734626874328,
        "min": 1.48937833728e-05,
        "var": 8.49288480822e-05
    },
    "spectral_entropy": {
        "dmean": 0.184353023767,
        "dmean2": 0.259338706732,
        "dvar": 0.0314057283103,
        "dvar2": 0.0614354014397,
        "max": 8.6744146347,
        "mean": 7.90807771683,
        "median": 7.95390176773,
        "min": 6.49276590347,
        "var": 0.120193623006
    },
    "spectral_flux": {
        "dmean": 0.0391528643668,
        "dmean2": 0.0585662834346,
        "dvar": 0.00141647504643,
        "dvar2": 0.00280496152118,
        "max": 0.365994215012,
        "mean": 0.123178765178,
        "median": 0.107719913125,
        "min": 0.0264544580132,
        "var": 0.00386814214289
    },
    "spectral_kurtosis": {
        "dmean": 0.91231495142,
        "dmean2": 1.42278313637,
        "dvar": 0.958515644073,
        "dvar2": 2.24429130554,
        "max": 18.6379871368,
        "mean": 2.66572618484,
        "median": 2.32160282135,
        "min": -1.03278243542,
        "var": 2.89825510979
    },
    "spectral_rms": {
        "dmean": 0.00114493444562,
        "dmean2": 0.00165945943445,
        "dvar": 1.40326801557e-06,
        "dvar2": 3.05887670038e-06,
        "max": 0.0133498748764,
        "mean": 0.00646019075066,
        "median": 0.00605168519542,
        "min": 0.00056433386635,
        "var": 4.36270829596e-06
    },
    "spectral_rolloff": {
        "dmean": 1096.97766113,
        "dmean2": 1801.6159668,
        "dvar": 2445709.5,
        "dvar2": 5446574.5,
        "max": 9819.140625,
        "mean": 1902.1517334,
        "median": 1270.45898438,
        "min": 64.599609375,
        "var": 4329166
    },
    "spectral_skewness": {
        "dmean": 0.174630329013,
        "dmean2": 0.262296199799,
        "dvar": 0.0298059266061,
        "dvar2": 0.0661808103323,
        "max": 3.35386443138,
        "mean": 1.27047717571,
        "median": 1.25126767159,
        "min": -0.0240407381207,
        "var": 0.107148066163
    },
    "spectral_spread": {
        "dmean": 703771.8125,
        "dmean2": 1070405,
        "dvar": 451536584704,
        "dvar2": 990938333184,
        "max": 12489302,
        "mean": 5677010.5,
        "median": 5684462.5,
        "min": 2393530,
        "var": 1.5191343104e+12
    },
    "spectral_strongpeak": {
        "dmean": 0.561359941959,
        "dmean2": 0.917190253735,
        "dvar": 0.98403352499,
        "dvar2": 2.44048690796,
        "max": 12.1435842514,
        "mean": 0.872284829617,
        "median": 0.495642274618,
        "min": 0,
        "var": 1.24301540852
    },
    "zerocrossingrate": {
        "dmean": 0.0205327551812,
        "dmean2": 0.0224295444787,
        "dvar": 0.000411069166148,
        "dvar2": 0.000492291699629,
        "max": 0.2509765625,
        "mean": 0.0768323540688,
        "median": 0.0693359375,
        "min": 0.00341796875,
        "var": 0.00216946937144
    },
    "barkbands": {
        "dmean": [0.000857630744576, 0.0136807132512, 0.00413634814322, 0.00166156957857, 0.00149736180902, 0.00124422193039, 0.00109025684651, 0.000935603980906, 0.000788618170191, 0.000594564480707, 0.000655825249851, 0.000511200749315, 0.000601692823693, 0.000649160472676, 0.000484165706439, 0.000332320196321, 0.000379506440368, 0.000378885451937, 0.000305173685774, 0.00035369041143, 0.000300774554489, 0.000306507281493, 0.000352226779796, 0.000272880279226, 0.000222207643674, 0.000184107047971, 2.22696655783e-07],
        "dmean2": [0.00127522205003, 0.0196324922144, 0.00712636858225, 0.00304242246784, 0.00246721156873, 0.00204670079984, 0.00167174672242, 0.00142900436185, 0.00120515120216, 0.000955276831519, 0.00100885867141, 0.00082301493967, 0.000994319561869, 0.00102283840533, 0.000795262632892, 0.000540469540283, 0.000600420462433, 0.000605480629019, 0.00048035060172, 0.000570271920878, 0.000459884409793, 0.000443622033345, 0.000513912411407, 0.000394587259507, 0.000311134353979, 0.000259037886281, 3.6187771002e-07],
        "dvar": [2.42315763899e-06, 0.000370707159163, 0.000143478915561, 2.52615427598e-05, 8.08182176115e-06, 5.25155337527e-06, 6.51991922496e-06, 4.69640463052e-06, 3.22075197801e-06, 1.91457797882e-06, 1.97951953851e-06, 1.4560987438e-06, 1.96470273295e-06, 2.12482427742e-06, 1.16498347325e-06, 4.96968141306e-07, 2.81229574739e-07, 2.08778033084e-07, 1.8473100738e-07, 3.62104714213e-07, 1.64187952123e-07, 1.9715493238e-07, 3.56002402668e-07, 1.49123948745e-07, 9.82135901495e-08, 1.03987026989e-07, 8.11142711159e-13],
        "dvar2": [6.00442763243e-06, 0.00074423692422, 0.000390615314245, 7.21670585335e-05, 2.11421702261e-05, 1.31884671646e-05, 1.42534963743e-05, 1.14942940854e-05, 6.39583413431e-06, 4.64327013106e-06, 4.47896172773e-06, 3.3436965623e-06, 4.75694741908e-06, 4.61514946437e-06, 2.58069985648e-06, 1.22266749258e-06, 6.35261073967e-07, 5.27952636276e-07, 4.46746355465e-07, 1.01685657228e-06, 3.65166698657e-07, 4.61859315237e-07, 8.39281256049e-07, 2.75318967624e-07, 1.91592050669e-07, 2.02760077173e-07, 2.02709377062e-12],
        "max": [0.0138910720125, 0.178108587861, 0.0830360800028, 0.0431937947869, 0.034283246845, 0.0211423356086, 0.0429940931499, 0.0299047194421, 0.0306054092944, 0.0153159843758, 0.0188074763864, 0.0185116194189, 0.017066301778, 0.0283347666264, 0.0203529056162, 0.0134174488485, 0.0108685763553, 0.0050169127062, 0.005007580854, 0.00649359682575, 0.00334599311464, 0.00473844539374, 0.00580208329484, 0.00402498384938, 0.00325817195699, 0.00236323243007, 1.04886285044e-05],
        "mean": [0.00115128408652, 0.0236491914839, 0.00322641036473, 0.00124703405891, 0.00205349968746, 0.00168898352422, 0.00178690615576, 0.00133135297801, 0.00128122104798, 0.000694049464073, 0.000932247727178, 0.000679058139212, 0.000755118962843, 0.000871111871675, 0.000653519819025, 0.000439481227659, 0.000608492468018, 0.000628780806437, 0.000501394388266, 0.000506911834236, 0.000486762728542, 0.000513657287229, 0.000526585557964, 0.000438235758338, 0.000358857272658, 0.000238763052039, 1.96539787112e-07],
        "median": [0.00039698521141, 0.0131129790097, 0.000197475921595, 0.000249595846981, 0.000946296553593, 0.000455572037026, 0.000282594701275, 0.000360883161193, 0.000365600048099, 0.000178707763553, 0.000207710589166, 0.000205750635359, 0.000228480770602, 0.000237772954279, 0.000253538833931, 0.00017710965767, 0.000365191022865, 0.00046748976456, 0.000307730573695, 0.000282910856185, 0.000261861685431, 0.000259563617874, 0.0002066459856, 0.000209330581129, 0.000179302645847, 5.21745496371e-05, 1.14327969314e-09],
        "min": [7.28410221029e-09, 3.57402996087e-08, 3.86692171617e-08, 8.46812966415e-08, 2.70171835837e-06, 1.48461276694e-06, 4.85004079565e-07, 2.13186808651e-07, 2.69656084129e-06, 1.02665967461e-06, 1.24543282709e-06, 1.3652143025e-06, 1.18044158626e-06, 4.90411764531e-07, 6.19268519131e-07, 7.08855736775e-07, 1.06120137389e-06, 1.79044695869e-06, 8.16024453343e-07, 4.95423989832e-07, 1.45272537111e-07, 1.24747415953e-07, 4.99459282821e-08, 1.4632115608e-07, 6.09302759358e-08, 1.12297149357e-09, 8.39777639788e-12],
        "var": [3.05319690597e-06, 0.000819113047328, 0.000101669116702, 1.49743736984e-05, 9.31106205826e-06, 9.19529884413e-06, 1.45881203935e-05, 6.49745288683e-06, 9.45956799114e-06, 2.43729959948e-06, 3.69944905287e-06, 2.34713252212e-06, 2.74142757917e-06, 3.98735210183e-06, 1.75122875135e-06, 8.05159345418e-07, 5.78616948133e-07, 3.78410078383e-07, 3.34966614446e-07, 4.30179227351e-07, 3.2204695799e-07, 4.32868006328e-07, 6.9561718874e-07, 3.32163125449e-07, 2.10846152982e-07, 1.65401260688e-07, 8.10871714826e-13]
    },
    "erbbands": {
        "dmean": [0.48641037941, 3.03917193413, 4.83894014359, 5.11120462418, 5.08081912994, 5.21538877487, 9.86658859253, 9.09037876129, 11.7787628174, 17.6313419342, 22.1097755432, 17.8450717926, 16.206653595, 22.6295871735, 22.8009300232, 20.4342460632, 24.1661663055, 34.7483177185, 29.8113479614, 18.4966716766, 18.9039058685, 18.3611526489, 20.6180648804, 16.7595920563, 15.3324623108, 15.9198904037, 12.634103775, 11.9686784744, 11.0305528641, 10.6978988647, 9.74111557007, 6.42800712585, 4.41719150543, 2.69301557541, 1.67750048637, 0.812291681767, 0.368806809187, 0.031020751223, 0.00056748726638, 4.14735986851e-05],
        "dmean2": [0.678127765656, 4.31633806229, 7.79592943192, 9.1658706665, 8.86029911041, 8.58554077148, 15.865694046, 15.0967922211, 18.4756164551, 26.4496936798, 33.983631134, 27.2802639008, 24.8160076141, 35.8134346008, 34.9196166992, 32.9024543762, 38.7880020142, 54.5169792175, 47.8967208862, 29.540063858, 30.432756424, 28.944393158, 33.3096199036, 26.0672473907, 24.4980964661, 25.7602176666, 19.1741409302, 18.2612571716, 16.6354026794, 15.1547222137, 14.3040161133, 9.58493328094, 6.28712511063, 3.89476203918, 2.37674760818, 1.17133438587, 0.533695876598, 0.045383490622, 0.000805063929874, 5.7165943872e-05],
        "dvar": [0.421003967524, 22.5851840973, 156.840240479, 228.998184204, 182.405715942, 95.8498687744, 312.39050293, 356.277282715, 1095.99645996, 1500.4465332, 2538.34277344, 2182.99072266, 2027.56152344, 2017.02380371, 2419.28295898, 2445.3203125, 2717.42578125, 6386.22851562, 4341.94287109, 1194.48962402, 1640.46716309, 535.137756348, 631.501037598, 497.019439697, 533.321166992, 752.629394531, 297.791809082, 294.730651855, 266.866149902, 271.006744385, 286.972747803, 99.9312210083, 36.5548324585, 14.4166955948, 5.83322572708, 1.79958319664, 0.476130753756, 0.00359677500091, 1.11628764898e-06, 3.03858160855e-09],
        "dvar2": [1.041254282, 39.9174804688, 409.237792969, 641.452392578, 516.402160645, 234.032852173, 755.346496582, 918.759765625, 2288.32177734, 3454.61572266, 6216.00634766, 4778.04199219, 5087.41503906, 4879.06103516, 5418.18310547, 5753.59375, 6576.64501953, 14392.5634766, 9274.09570312, 2755.39306641, 4037.76757812, 1256.86303711, 1575.31726074, 1205.79162598, 1381.91772461, 2078.94897461, 673.484924316, 683.910522461, 670.316772461, 592.650024414, 655.480773926, 206.866012573, 67.8803100586, 29.1395835876, 11.6152620316, 3.50139188766, 0.972078442574, 0.00779993319884, 2.31088938563e-06, 5.14609066471e-09],
        "max": [4.93986320496, 40.3825340271, 95.8705215454, 110.645851135, 126.874382019, 117.540550232, 184.735565186, 236.230575562, 703.13684082, 741.607666016, 732.488464355, 864.86529541, 835.201843262, 576.583435059, 810.944030762, 762.198974609, 707.989074707, 1794.90722656, 1273.54907227, 451.953857422, 926.874389648, 324.583953857, 276.814819336, 224.535202026, 312.031188965, 307.599395752, 173.058044434, 168.874435425, 152.316513062, 177.564102173, 178.196060181, 101.895385742, 72.9153900146, 49.7502479553, 18.2612361908, 9.89062595367, 5.44451618195, 0.510080218315, 0.00857753586024, 0.000441278942162],
        "mean": [0.825825870037, 4.66960048676, 4.73201465607, 3.92058229446, 4.74570941925, 7.28098344803, 14.5563554764, 11.9136285782, 16.377363205, 33.4995040894, 32.3054351807, 29.0634326935, 22.5253505707, 31.7349090576, 35.0948677063, 29.3624572754, 32.5217094421, 46.3554153442, 43.3949050903, 25.9537315369, 28.6080150604, 31.0928039551, 34.6333122253, 27.578207016, 25.6765213013, 23.291513443, 19.6092720032, 18.9249572754, 17.7471122742, 18.4171237946, 14.250869751, 9.46206474304, 7.13242197037, 4.27607727051, 2.52574515343, 1.12713623047, 0.451205521822, 0.0357893779874, 0.000725552381482, 9.62417616392e-05],
        "median": [0.524611353874, 2.10541605949, 0.905852079391, 0.840226709843, 1.28393220901, 2.6975543499, 3.94712567329, 3.55672883987, 4.12780427933, 6.76863145828, 10.9489650726, 9.01448059082, 8.52649402618, 10.557641983, 11.5288228989, 9.77759933472, 11.3809270859, 13.7980766296, 14.9765176773, 10.9164638519, 13.8643636703, 20.4621543884, 25.7987289429, 18.633184433, 15.8788776398, 13.1726713181, 11.1021118164, 8.95289230347, 9.32026195526, 8.74338531494, 5.62234544754, 4.18256139755, 3.5422000885, 2.17982649803, 1.08498287201, 0.289869368076, 0.081095635891, 0.00549999158829, 0.00015735719353, 6.64607796352e-05],
        "min": [1.45406318097e-06, 1.18777097668e-05, 8.97529243957e-05, 0.000483299838379, 0.0010466997046, 0.0138842957094, 0.0163748469204, 0.0108110625297, 0.0107422098517, 0.00599984033033, 0.00680620362982, 0.0618361569941, 0.0694029405713, 0.132965683937, 0.13049121201, 0.0691155418754, 0.0624948590994, 0.0270373765379, 0.0326419062912, 0.0361500754952, 0.0475983284414, 0.0825528353453, 0.0976029336452, 0.0469880290329, 0.0334885977209, 0.0230753496289, 0.00935598369688, 0.00565316900611, 0.00353537709452, 0.00598730705678, 0.00225056265481, 0.000838812964503, 0.00422207312658, 0.000730741419829, 0.000634304538835, 0.000108974738396, 2.55133800238e-05, 2.64879645329e-06, 1.90968489733e-06, 5.30602164872e-07],
        "var": [0.868727087975, 44.2431297302, 137.071685791, 144.983825684, 120.939880371, 161.508499146, 586.849182129, 585.869140625, 2018.5168457, 4366.62060547, 3822.58349609, 5641.74414062, 2318.51196289, 3408.24438477, 4495.88427734, 4074.51733398, 4325.11669922, 11192.3847656, 7741.81054688, 1946.11035156, 2875.54321289, 1109.57592773, 1073.6796875, 851.818237305, 887.450683594, 906.508972168, 512.152526855, 590.437805176, 516.866699219, 644.380187988, 541.504516602, 192.279815674, 83.0699768066, 28.0338783264, 12.5902776718, 3.10754394531, 0.681390464306, 0.00468301726505, 1.59305011493e-06, 6.70880062614e-09]
    },
    "gfcc": {
        "mean": [43.7467880249, 55.1845207214, -108.430541992, 44.4420318604, -56.0426330566, 28.8253688812, -33.2196464539, 24.23985672, -19.2567443848, 13.3622236252, -11.1250724792, 9.36968803406, -8.48149394989],
        "cov": [[2892.6862793, -878.285095215, 25.5967311859, -96.2737045288, -267.388031006, -32.4733810425, -233.141784668, -81.6710128784, -277.130126953, 31.1928157806, -289.154785156, 50.063533783, -225.222457886], [-878.285095215, 1224.53479004, -3.4862434864, 15.8196763992, 182.383453369, -47.9883537292, 113.184257507, 27.5879001617, 163.462280273, -71.4916687012, 154.618286133, -93.1172866821, 131.09463501], [25.5967311859, -3.4862434864, 605.721374512, 285.356506348, 147.020767212, 80.7521209717, 107.622711182, 110.365036011, 42.2325325012, 70.0871582031, 20.3500652313, 59.4379730225, -2.83853292465], [-96.2737045288, 15.8196763992, 285.356506348, 552.229370117, 222.482192993, 62.6297416687, 90.9726867676, 108.2162323, 93.0143280029, 2.47019076347, 49.8663902283, 12.1776561737, 44.6854553223], [-267.388031006, 182.383453369, 147.020767212, 222.482192993, 413.498413086, 109.21963501, 150.872177124, 76.8889465332, 84.8383636475, 28.5654144287, 1.13570284843, -1.25967490673, 3.46692919731], [-32.4733810425, -47.9883537292, 80.7521209717, 62.6297416687, 109.21963501, 286.720367432, 116.287330627, 40.9037628174, 22.9801464081, 22.5879096985, 52.3553543091, -0.958723247051, 4.09015846252], [-233.141784668, 113.184257507, 107.622711182, 90.9726867676, 150.872177124, 116.287330627, 238.868133545, 92.2126922607, 76.7623901367, 34.1505813599, 48.4179191589, 29.0048522949, 4.44486427307], [-81.6710128784, 27.5879001617, 110.365036011, 108.2162323, 76.8889465332, 40.9037628174, 92.2126922607, 166.803421021, 90.9978103638, 28.3714542389, 35.2378921509, 10.0637378693, 29.8737430573], [-277.130126953, 163.462280273, 42.2325325012, 93.0143280029, 84.8383636475, 22.9801464081, 76.7623901367, 90.9978103638, 167.710906982, 57.5792236328, 68.5904693604, -9.1729631424, 49.8766555786], [31.1928157806, -71.4916687012, 70.0871582031, 2.47019076347, 28.5654144287, 22.5879096985, 34.1505813599, 28.3714542389, 57.5792236328, 117.923629761, 44.6207809448, 27.6855220795, -1.76054334641], [-289.154785156, 154.618286133, 20.3500652313, 49.8663902283, 1.13570284843, 52.3553543091, 48.4179191589, 35.2378921509, 68.5904693604, 44.6207809448, 179.463180542, 28.2766208649, 58.7031326294], [50.063533783, -93.1172866821, 59.4379730225, 12.1776561737, -1.25967490673, -0.958723247051, 29.0048522949, 10.0637378693, -9.1729631424, 27.6855220795, 28.2766208649, 96.3136978149, 19.5997123718], [-225.222457886, 131.09463501, -2.83853292465, 44.6854553223, 3.46692919731, 4.09015846252, 4.44486427307, 29.8737430573, 49.8766555786, -1.76054334641, 58.7031326294, 19.5997123718, 121.337036133]],
        "icov": [[0.000659779820126, -0.000168344718986, 0.000240031818976, -0.000458356691524, 0.000565886497498, -0.000528663746081, 0.000670768611599, -0.000657209893689, 0.000873917771969, -0.00114862131886, 0.00119727221318, -0.000848694064189, 0.000901802559383], [-0.000168344718986, 0.00244681327604, -0.00109731103294, 0.001550420071, -0.00167916435748, 0.00185659935232, -0.00151690770872, 0.0017331361305, -0.00206925161183, 0.00359480734915, -0.00309348525479, 0.00330618978478, -0.00207312707789], [0.000240031818976, -0.00109731103294, 0.003320165677, -0.00215450534597, 0.000887774978764, -0.001212659874, 0.000571408716496, -0.0020594750531, 0.00216139713302, -0.00353994173929, 0.00214565498754, -0.00262103159912, 0.0014493301278], [-0.000458356691524, 0.001550420071, -0.00215450534597, 0.00448995782062, -0.00266759260558, 0.00148751831148, -0.000656551972497, 0.000895051751286, -0.00276289950125, 0.00459712557495, -0.00330597651191, 0.00237246998586, -0.00198144302703], [0.000565886497498, -0.00167916435748, 0.000887774978764, -0.00266759260558, 0.00565426098183, -0.00230490043759, -0.000445187790319, -0.00105085445102, 0.000837602186948, -0.00362471980043, 0.00426885578781, -0.00236763968132, 0.00197919923812], [-0.000528663746081, 0.00185659935232, -0.001212659874, 0.00148751831148, -0.00230490043759, 0.00658681616187, -0.00368558126502, 0.00149302114733, -0.000140896634548, 0.00258005107753, -0.00445302575827, 0.00467169936746, -0.00245702266693], [0.000670768611599, -0.00151690770872, 0.000571408716496, -0.000656551972497, -0.000445187790319, -0.00368558126502, 0.00976500939578, -0.00385749759153, -0.000612145115156, -0.00152452872135, 0.00186834065244, -0.00566990859807, 0.00410955771804], [-0.000657209893689, 0.0017331361305, -0.0020594750531, 0.000895051751286, -0.00105085445102, 0.00149302114733, -0.00385749759153, 0.012289956212, -0.00687029678375, 0.0041482723318, -0.00224219355732, 0.00243483833037, -0.00279928580858], [0.000873917771969, -0.00206925161183, 0.00216139713302, -0.00276289950125, 0.000837602186948, -0.000140896634548, -0.000612145115156, -0.00687029678375, 0.0178763195872, -0.0108859511092, 0.00141164183151, 0.00228396500461, -0.00193744630087], [-0.00114862131886, 0.00359480734915, -0.00353994173929, 0.00459712557495, -0.00362471980043, 0.00258005107753, -0.00152452872135, 0.0041482723318, -0.0108859511092, 0.0209269728512, -0.00809388700873, 0.00104772252962, -0.000215625070268], [0.00119727221318, -0.00309348525479, 0.00214565498754, -0.00330597651191, 0.00426885578781, -0.00445302575827, 0.00186834065244, -0.00224219355732, 0.00141164183151, -0.00809388700873, 0.0143216103315, -0.00674397870898, 0.000806864118204], [-0.000848694064189, 0.00330618978478, -0.00262103159912, 0.00237246998586, -0.00236763968132, 0.00467169936746, -0.00566990859807, 0.00243483833037, 0.00228396500461, 0.00104772252962, -0.00674397870898, 0.0202274955809, -0.00749228103086], [0.000901802559383, -0.00207312707789, 0.0014493301278, -0.00198144302703, 0.00197919923812, -0.00245702266693, 0.00410955771804, -0.00279928580858, -0.00193744630087, -0.000215625070268, 0.000806864118204, -0.00749228103086, 0.0150969494134]]
    },
    "melbands": {
        "dmean": [0.00399011839181, 0.00282064988278, 0.000913625990506, 0.000332600116963, 0.000316193938488, 0.000207980396226, 0.000192795254407, 0.000184006887139, 0.000174679298652, 0.00011200512381, 8.35768078105e-05, 9.22111648833e-05, 9.06395216589e-05, 5.94012817601e-05, 4.91293940286e-05, 6.80720986566e-05, 6.47870401735e-05, 5.33757229277e-05, 2.75040492852e-05, 2.38177490246e-05, 2.4450599085e-05, 2.03932922886e-05, 2.27428226935e-05, 1.90399732674e-05, 1.40881711559e-05, 1.16413539217e-05, 1.33652329168e-05, 1.02848052848e-05, 8.30957651488e-06, 7.72630028223e-06, 6.80989842294e-06, 6.27909139439e-06, 6.41546102997e-06, 6.43964085612e-06, 5.91793468629e-06, 4.78971105622e-06, 3.92509582525e-06, 3.31573028234e-06, 2.90362959277e-06, 2.16903185901e-06],
        "dmean2": [0.00563419796526, 0.0041140220128, 0.00161700835451, 0.000556691840757, 0.000510857789777, 0.000348199857399, 0.000300043117022, 0.000281193671981, 0.000269607582595, 0.000171080042492, 0.000128436178784, 0.000146567035699, 0.000136691436637, 9.6946816484e-05, 7.98439286882e-05, 0.000109962711576, 0.0001024233934, 8.53816600284e-05, 4.43040808022e-05, 3.89582055504e-05, 4.01912220696e-05, 3.2454936445e-05, 3.63401704817e-05, 3.0230396078e-05, 2.19623125304e-05, 1.84926975635e-05, 2.20715119212e-05, 1.65608980751e-05, 1.27788080135e-05, 1.18545585792e-05, 1.04743185148e-05, 9.63581442193e-06, 9.56239637162e-06, 9.31606427912e-06, 8.80011066329e-06, 7.2775087574e-06, 5.88549301028e-06, 4.81985125589e-06, 4.35384663433e-06, 3.17959916174e-06],
        "dvar": [2.91934502457e-05, 2.95626614388e-05, 6.65562993163e-06, 5.26632277342e-07, 2.95726266586e-07, 1.7503913341e-07, 2.58350013382e-07, 1.57546239166e-07, 1.45367877735e-07, 8.3995431055e-08, 5.11249211854e-08, 3.59170364561e-08, 3.75353117477e-08, 2.25268497189e-08, 1.09578888186e-08, 2.64847273002e-08, 2.16324895774e-08, 1.37574627246e-08, 3.19185655684e-09, 2.32632668684e-09, 2.73307287912e-09, 7.27431781478e-10, 7.43356876054e-10, 6.78013034605e-10, 3.71805669586e-10, 3.10265535486e-10, 5.70165470393e-10, 3.06503683545e-10, 1.25523424988e-10, 1.14806879281e-10, 1.10566160394e-10, 9.23033038891e-11, 9.12618244864e-11, 1.05430913999e-10, 1.21917961837e-10, 6.95916796412e-11, 3.6005452092e-11, 2.18178409367e-11, 1.73592407809e-11, 9.47542998925e-12],
        "dvar2": [6.53002134641e-05, 6.78720607539e-05, 1.85139087989e-05, 1.43033821587e-06, 7.26987195776e-07, 4.46877152172e-07, 5.44150850601e-07, 3.71665777266e-07, 3.42255731312e-07, 1.73035161311e-07, 1.25921559402e-07, 8.55975414993e-08, 8.24285493195e-08, 5.19655642961e-08, 2.57329393349e-08, 6.43085229513e-08, 4.89852745034e-08, 2.95247417625e-08, 8.02040034387e-09, 5.57663870637e-09, 6.6748850891e-09, 1.70991643067e-09, 1.85993020985e-09, 1.79438142123e-09, 9.03256525131e-10, 7.72956643136e-10, 1.60973301355e-09, 8.32519719829e-10, 3.04888059244e-10, 2.54715637471e-10, 2.64951727225e-10, 2.4430657497e-10, 2.03602190663e-10, 2.42371123171e-10, 2.83182255423e-10, 1.7352622117e-10, 7.19067097532e-11, 4.2346504775e-11, 3.78487970132e-11, 1.98912067373e-11],
        "max": [0.0502233542502, 0.0410805344582, 0.0195287484676, 0.00669380044565, 0.00518865371123, 0.00481188530102, 0.0103612458333, 0.00675974832848, 0.00525254802778, 0.00530074257404, 0.00409564049914, 0.00239223660901, 0.00261548161507, 0.00269413250498, 0.00139254180249, 0.00259208516218, 0.00302893435583, 0.00198936997913, 0.000649589754175, 0.000598212529439, 0.0011408298742, 0.000487699260702, 0.000248629978159, 0.00038774299901, 0.000190612641745, 0.000274538731901, 0.000287596281851, 0.000224644536502, 0.000106482701085, 9.87038220046e-05, 0.00012445882021, 9.6042327641e-05, 0.000107051258965, 0.000107122716145, 0.000123918463942, 9.08836373128e-05, 4.83837793581e-05, 6.34199386695e-05, 5.52037163288e-05, 3.6640863982e-05],
        "mean": [0.0070340745151, 0.00381368817762, 0.000734521192499, 0.000397140625864, 0.000479469803395, 0.000272787146969, 0.000283121451503, 0.000340855505783, 0.00024849260808, 0.000183177675353, 0.000110166045488, 0.000124525948195, 0.000135292837513, 7.93104627519e-05, 6.57167620375e-05, 8.30714925542e-05, 8.28284828458e-05, 7.45184224797e-05, 3.6132762034e-05, 3.20923609252e-05, 3.50998161593e-05, 3.19795290125e-05, 3.39216239809e-05, 3.04422792397e-05, 2.11354254134e-05, 1.85664630408e-05, 1.93796258827e-05, 1.41299242387e-05, 1.22417040984e-05, 1.16223000077e-05, 1.04348036984e-05, 9.43495342653e-06, 1.08183130578e-05, 1.02362382677e-05, 8.5534838945e-06, 6.33809941064e-06, 5.7168249441e-06, 5.17336229677e-06, 4.34399044025e-06, 3.29070007865e-06],
        "median": [0.0043230317533, 0.00139610259794, 0.000183682350325, 0.000139080992085, 0.000155965230078, 7.92051650933e-05, 6.04519227636e-05, 8.38511114125e-05, 6.59524157527e-05, 4.8996967962e-05, 3.78769218514e-05, 3.76771131414e-05, 3.35979384545e-05, 2.23321731028e-05, 2.20416259253e-05, 2.47470143222e-05, 2.22351191042e-05, 2.11869537452e-05, 1.54056942847e-05, 1.21037510326e-05, 1.59948976943e-05, 1.85838071047e-05, 2.4070197469e-05, 2.08841574931e-05, 1.34512310979e-05, 1.08448666651e-05, 1.12841171358e-05, 7.59172098697e-06, 7.02121542417e-06, 5.98547649133e-06, 4.51514279121e-06, 4.60003957414e-06, 5.58297051612e-06, 4.34292087448e-06, 3.33658726959e-06, 2.24187874664e-06, 2.44901866608e-06, 2.48744709097e-06, 2.21089544539e-06, 1.58243335591e-06],
        "min": [1.78171273291e-08, 2.10686241786e-08, 8.23334502797e-08, 4.9730556384e-07, 7.8849387819e-07, 2.41711347826e-07, 1.62442205465e-07, 5.91904623093e-08, 4.52199557799e-08, 3.34950698289e-07, 2.42155550723e-07, 4.31476053109e-07, 4.44012528078e-07, 1.54591560886e-07, 1.90206080219e-07, 7.7668197207e-08, 4.19139638552e-08, 5.14471203417e-08, 4.31097184617e-08, 4.32821423146e-08, 5.22594802987e-08, 7.22760873373e-08, 6.84624410496e-08, 5.0177217048e-08, 2.95883868517e-08, 1.51068206833e-08, 1.69415965701e-08, 1.42676022108e-08, 7.41790007197e-09, 3.50460060972e-09, 3.12000780767e-09, 1.51694967698e-09, 3.14009107605e-09, 2.81703926852e-09, 9.84945791593e-10, 1.24630084031e-09, 1.84787934954e-10, 1.61268709498e-09, 1.22869470154e-09, 4.26540885945e-10],
