{
"highlevel": {
    "danceability": {
        "all": {
            "danceable": 0.200847685337,
            "not_danceable": 0.799152314663
        },
        "probability": 0.799152314663,
        "value": "not_danceable"
    },
    "gender": {
        "all": {
            "female": 0.689616799355,
            "male": 0.310383230448
        },
        "probability": 0.689616799355,
        "value": "female"
    },
    "genre_dortmund": {
        "all": {
            "alternative": 0.365635097027,
            "blues": 0.0130453817546,
            "electronic": 0.283241569996,
            "folkcountry": 0.105415821075,
            "funksoulrnb": 0.00757480785251,
            "jazz": 0.138397365808,
            "pop": 0.0218108892441,
            "raphiphop": 0.00313949165866,
            "rock": 0.0617395825684
        },
        "probability": 0.365635097027,
        "value": "alternative"
    },
    "genre_electronic": {
        "all": {
            "ambient": 0.984213888645,
            "dnb": 0.00462280120701,
            "house": 0.00213726400398,
            "techno": 0.00274588214234,
            "trance": 0.0062801851891
        },
        "probability": 0.984213888645,
        "value": "ambient"
    },
    "genre_rosamerica": {
        "all": {
            "cla": 0.338754981756,
            "dan": 0.0126060284674,
            "hip": 0.0258613675833,
            "jaz": 0.113543651998,
            "pop": 0.212508752942,
            "rhy": 0.225437119603,
            "roc": 0.0312265548855,
            "spe": 0.0400615520775
        },
        "probability": 0.338754981756,
        "value": "cla"
    },
    "genre_tzanetakis": {
        "all": {
            "blu": 0.0604763887823,
            "cla": 0.0336025319993,
            "cou": 0.105200335383,
            "dis": 0.117247819901,
            "hip": 0.151257753372,
            "jaz": 0.302495449781,
            "met": 0.0432057492435,
            "pop": 0.0604890584946,
            "reg": 0.0504091307521,
            "roc": 0.0756157562137
        },
        "probability": 0.302495449781,
        "value": "jaz"
    },
    "ismir04_rhythm": {
        "all": {
            "ChaChaCha": 0.00350585882552,
            "Jive": 0.00196734187193,
            "Quickstep": 0.00908687710762,
            "Rumba-American": 0.00938626565039,
            "Rumba-International": 0.0378771424294,
            "Rumba-Misc": 0.00464030122384,
            "Samba": 0.00500156404451,
            "Tango": 0.0758229345083,
            "VienneseWaltz": 0.383484899998,
            "Waltz": 0.469226807356
        },
        "probability": 0.469226807356,
        "value": "Waltz"
    },
    "mood_acoustic": {
        "all": {
            "acoustic": 0.479203611612,
            "not_acoustic": 0.520796358585
        },
        "probability": 0.520796358585,
        "value": "not_acoustic"
    },
    "mood_aggressive": {
        "all": {
            "aggressive": 0.0350039750338,
            "not_aggressive": 0.964996039867
        },
        "probability": 0.964996039867,
        "value": "not_aggressive"
    },
    "mood_electronic": {
        "all": {
            "electronic": 0.946988642216,
            "not_electronic": 0.0530113503337
        },
        "probability": 0.946988642216,
        "value": "electronic"
    },
    "mood_happy": {
        "all": {
            "happy": 0.112042196095,
            "not_happy": 0.887957811356
        },
        "probability": 0.887957811356,
        "value": "not_happy"
    },
    "mood_party": {
        "all": {
            "not_party": 0.99901676178,
            "party": 0.000983237405308
        },
        "probability": 0.99901676178,
        "value": "not_party"
    },
    "mood_relaxed": {
        "all": {
            "not_relaxed": 0.0616041608155,
            "relaxed": 0.938395857811
        },
        "probability": 0.938395857811,
        "value": "relaxed"
    },
    "mood_sad": {
        "all": {
            "not_sad": 0.193356707692,
            "sad": 0.806643307209
        },
        "probability": 0.806643307209,
        "value": "sad"
    },
    "moods_mirex": {
        "all": {
            "Cluster1": 0.317457199097,
            "Cluster2": 0.0968906730413,
            "Cluster3": 0.306513845921,
            "Cluster4": 0.0417525656521,
            "Cluster5": 0.237385749817
        },
        "probability": 0.317457199097,
        "value": "Cluster1"
    },
    "timbre": {
        "all": {
            "bright": 0.0460743121803,
            "dark": 0.953925669193
        },
        "probability": 0.953925669193,
        "value": "dark"
    },
    "tonal_atonal": {
        "all": {
            "atonal": 0.533960103989,
            "tonal": 0.466039896011
        },
        "probability": 0.533960103989,
        "value": "atonal"
    },
    "voice_instrumental": {
        "all": {
            "instrumental": 0.284309536219,
            "voice": 0.715690493584
        },
        "probability": 0.715690493584,
        "value": "voice"
    }
},
"lowlevel": {
    "average_loudness": 0.972126483917,
    "barkbands_crest": {
        "dmean": 1.06863951683,
        "dmean2": 1.49099981785,
        "dvar": 0.765883207321,
        "dvar2": 1.60970711708,
        "max": 18.6023216248,
        "mean": 10.5751953125,
        "median": 10.1810045242,
        "min": 5.62570858002,
        "var": 5.70753669739
    },
    "barkbands_flatness_db": {
        "dmean": 0.00957063212991,
        "dmean2": 0.0146665563807,
        "dvar": 5.84349145356e-05,
        "dvar2": 0.000128419633256,
        "max": 0.36908018589,
        "mean": 0.247222930193,
        "median": 0.245404571295,
        "min": 0.143510133028,
        "var": 0.00102738873102
    },
    "barkbands_kurtosis": {
        "dmean": 0.650974929333,
        "dmean2": 0.904957234859,
        "dvar": 0.462990969419,
        "dvar2": 0.950968563557,
        "max": 11.1278429031,
        "mean": 1.27099764347,
        "median": 0.914026260376,
        "min": -1.20999741554,
        "var": 2.36231780052
    },
    "barkbands_skewness": {
        "dmean": 0.214300170541,
        "dmean2": 0.278963625431,
        "dvar": 0.0289211627096,
        "dvar2": 0.0568523555994,
        "max": 2.78174090385,
        "mean": 0.860394239426,
        "median": 0.801027595997,
        "min": -0.713752985001,
        "var": 0.319714844227
    },
    "barkbands_spread": {
        "dmean": 0.981531500816,
        "dmean2": 1.41273617744,
        "dvar": 0.931284606457,
        "dvar2": 2.16213464737,
        "max": 24.2259464264,
        "mean": 9.88168907166,
        "median": 9.47710704803,
        "min": 3.79400706291,
        "var": 9.44668674469
    },
    "dissonance": {
        "dmean": 0.027770018205,
        "dmean2": 0.0460962839425,
        "dvar": 0.000562826753594,
        "dvar2": 0.00142191990744,
        "max": 0.499588817358,
        "mean": 0.416079580784,
        "median": 0.42128482461,
        "min": 0.254541665316,
        "var": 0.00169555959292
    },
    "dynamic_complexity": 1.35692918301,
    "erbbands_crest": {
        "dmean": 1.83725512028,
        "dmean2": 2.54597210884,
        "dvar": 2.67293715477,
        "dvar2": 5.63907623291,
        "max": 22.5458068848,
        "mean": 11.6821088791,
        "median": 11.1142663956,
        "min": 4.14708900452,
        "var": 12.7254161835
    },
    "erbbands_flatness_db": {
        "dmean": 0.0104887960479,
        "dmean2": 0.0145716443658,
        "dvar": 7.41116091376e-05,
        "dvar2": 0.000138897317811,
        "max": 0.370903134346,
        "mean": 0.24664144218,
        "median": 0.243966788054,
        "min": 0.172066420317,
        "var": 0.00083661620738
    },
    "erbbands_kurtosis": {
        "dmean": 1.20544779301,
        "dmean2": 1.7444422245,
        "dvar": 1.71267044544,
        "dvar2": 3.46062421799,
        "max": 26.0735988617,
        "mean": 2.7788374424,
        "median": 2.00910520554,
        "min": -1.09946775436,
        "var": 10.325802803
    },
    "erbbands_skewness": {
        "dmean": 0.270125597715,
        "dmean2": 0.374456763268,
        "dvar": 0.0454822294414,
        "dvar2": 0.0972737744451,
        "max": 3.54394245148,
        "mean": 1.07560658455,
        "median": 1.07958543301,
        "min": -0.947445452213,
        "var": 0.385312289
    },
    "erbbands_spread": {
        "dmean": 2.51261210442,
        "dmean2": 3.55622529984,
        "dvar": 4.95275020599,
        "dvar2": 11.5967216492,
        "max": 32.6586952209,
        "mean": 14.7755069733,
        "median": 14.1334381104,
        "min": 2.1576666832,
        "var": 31.6877937317
    },
    "hfc": {
        "dmean": 2.45802044868,
        "dmean2": 3.35385894775,
        "dvar": 5.30023765564,
        "dvar2": 11.5410709381,
        "max": 45.141746521,
        "mean": 17.6874523163,
        "median": 17.1463031769,
        "min": 3.32904887199,
        "var": 49.3053894043
    },
    "melbands_crest": {
        "dmean": 1.36366605759,
        "dmean2": 1.93530082703,
        "dvar": 1.37830102444,
        "dvar2": 3.02181863785,
        "max": 28.6714115143,
        "mean": 16.1801319122,
        "median": 15.6628904343,
        "min": 7.21706056595,
        "var": 15.0918855667
    },
    "melbands_flatness_db": {
        "dmean": 0.00875667110085,
        "dmean2": 0.0128012923524,
        "dvar": 5.27143965883e-05,
        "dvar2": 0.00010102239321,
        "max": 0.472211897373,
        "mean": 0.337464243174,
        "median": 0.333112627268,
        "min": 0.241518542171,
        "var": 0.00164861488156
    },
    "melbands_kurtosis": {
        "dmean": 1.11778151989,
        "dmean2": 1.5069013834,
        "dvar": 1.60394096375,
        "dvar2": 3.15272927284,
        "max": 19.337682724,
        "mean": 2.69089341164,
        "median": 1.86478042603,
        "min": -1.31843090057,
        "var": 9.03779029846
    },
    "melbands_skewness": {
        "dmean": 0.257428824902,
        "dmean2": 0.334912270308,
        "dvar": 0.0450593680143,
        "dvar2": 0.0841550305486,
        "max": 3.86682748795,
        "mean": 1.24865651131,
        "median": 1.1360322237,
        "min": -0.432509183884,
        "var": 0.502084970474
    },
    "melbands_spread": {
        "dmean": 1.16497087479,
        "dmean2": 1.65573501587,
        "dvar": 1.37625873089,
        "dvar2": 3.10265016556,
        "max": 27.5457515717,
        "mean": 11.8870286942,
        "median": 11.7773838043,
        "min": 3.49400210381,
        "var": 12.7277889252
    },
    "pitch_salience": {
        "dmean": 0.0315464474261,
        "dmean2": 0.0485529862344,
        "dvar": 0.000745775585528,
        "dvar2": 0.00177414075006,
        "max": 0.693735659122,
        "mean": 0.473835259676,
        "median": 0.469551861286,
        "min": 0.276603907347,
        "var": 0.003848857712
    },
    "silence_rate_20dB": {
        "dmean": 0,
        "dmean2": 0,
        "dvar": 0,
        "dvar2": 0,
        "max": 1,
        "mean": 1,
        "median": 1,
        "min": 1,
        "var": 0
    },
    "silence_rate_30dB": {
        "dmean": 0,
        "dmean2": 0,
        "dvar": 0,
        "dvar2": 0,
        "max": 1,
        "mean": 1,
        "median": 1,
        "min": 1,
        "var": 0
    },
    "silence_rate_60dB": {
        "dmean": 0,
        "dmean2": 0,
        "dvar": 0,
        "dvar2": 0,
        "max": 0,
        "mean": 0,
        "median": 0,
        "min": 0,
        "var": 0
    },
    "spectral_centroid": {
        "dmean": 43.6899261475,
        "dmean2": 65.0970230103,
        "dvar": 2473.64111328,
        "dvar2": 5902.01513672,
        "max": 1262.96447754,
        "mean": 589.58416748,
        "median": 565.139099121,
        "min": 328.192474365,
        "var": 20598.9414062
    },
    "spectral_complexity": {
        "dmean": 1.63003098965,
        "dmean2": 2.76297450066,
        "dvar": 1.84145140648,
        "dvar2": 4.67347002029,
        "max": 25,
        "mean": 14.5738592148,
        "median": 15,
        "min": 6,
        "var": 8.15790367126
    },
    "spectral_decrease": {
        "dmean": 1.35776201393e-09,
        "dmean2": 1.91754123691e-09,
        "dvar": 1.35957276975e-18,
        "dvar2": 3.0245900457e-18,
        "max": -6.63371624299e-09,
        "mean": -1.38738638356e-08,
        "median": -1.34170923261e-08,
        "min": -2.59652654933e-08,
        "var": 1.10509840912e-17
    },
    "spectral_energy": {
        "dmean": 0.00531748402864,
        "dmean2": 0.00749847386032,
        "dvar": 2.09220579563e-05,
        "dvar2": 4.6397868573e-05,
        "max": 0.101716130972,
        "mean": 0.0539674274623,
        "median": 0.0523169226944,
        "min": 0.0255813375115,
        "var": 0.00017099174147
    },
    "spectral_energyband_high": {
        "dmean": 9.67218966252e-06,
        "dmean2": 1.63522436196e-05,
        "dvar": 1.6269288694e-10,
        "dvar2": 4.57276466692e-10,
        "max": 0.000192616484128,
        "mean": 2.95153131447e-05,
        "median": 2.25545445574e-05,
        "min": 1.04094658582e-06,
        "var": 6.59340027021e-10
    },
    "spectral_energyband_low": {
        "dmean": 0.00228669052012,
        "dmean2": 0.00335779157467,
        "dvar": 4.67307700092e-06,
        "dvar2": 1.15811662909e-05,
        "max": 0.0519831702113,
        "mean": 0.0238363221288,
        "median": 0.0230608154088,
        "min": 0.00715526007116,
        "var": 3.01458840113e-05
    },
    "spectral_energyband_middle_high": {
        "dmean": 0.000811515841633,
        "dmean2": 0.00118749169633,
        "dvar": 9.6221504009e-07,
        "dvar2": 2.15493651012e-06,
        "max": 0.0175473783165,
        "mean": 0.00302837765776,
        "median": 0.00245101726614,
        "min": 0.000173906984855,
        "var": 5.0425014706e-06
    },
    "spectral_energyband_middle_low": {
        "dmean": 0.00462034903467,
        "dmean2": 0.00613275356591,
        "dvar": 1.58004277182e-05,
        "dvar2": 3.24530265061e-05,
        "max": 0.0807018727064,
        "mean": 0.0278350785375,
        "median": 0.0260170381516,
        "min": 0.00361375627108,
        "var": 0.000165421020938
    },
    "spectral_entropy": {
        "dmean": 0.0866338461637,
        "dmean2": 0.122059330344,
        "dvar": 0.00561261409894,
        "dvar2": 0.0102331200615,
        "max": 7.75016784668,
        "mean": 6.40910100937,
        "median": 6.43109989166,
        "min": 5.28648042679,
        "var": 0.0728335604072
    },
    "spectral_flux": {
        "dmean": 0.011197084561,
        "dmean2": 0.0186619814485,
        "dvar": 9.06716231839e-05,
        "dvar2": 0.000242529451498,
        "max": 0.200629964471,
        "mean": 0.0542492717505,
        "median": 0.0518374070525,
        "min": 0.0220806822181,
        "var": 0.000235519109992
    },
    "spectral_kurtosis": {
        "dmean": 8.01106834412,
        "dmean2": 14.1355600357,
        "dvar": 45.4850349426,
        "dvar2": 140.165512085,
        "max": 83.767539978,
        "mean": 20.5629291534,
        "median": 17.6887702942,
        "min": 4.79292678833,
        "var": 126.465751648
    },
    "spectral_rms": {
        "dmean": 0.00035607398604,
        "dmean2": 0.000499687332194,
        "dvar": 8.6359143836e-08,
        "dvar2": 1.91266423144e-07,
        "max": 0.00996168889105,
        "mean": 0.00720354635268,
        "median": 0.00714429141954,
        "min": 0.0049957386218,
        "var": 7.60084844842e-07
    },
    "spectral_rolloff": {
        "dmean": 49.949596405,
        "dmean2": 85.3486862183,
        "dvar": 10081.3984375,
        "dvar2": 22025.65625,
        "max": 1464.2578125,
        "mean": 558.463378906,
        "median": 538.330078125,
        "min": 172.265625,
        "var": 27163.2050781
    },
    "spectral_skewness": {
        "dmean": 0.573062121868,
        "dmean2": 1.00181686878,
        "dvar": 0.210635393858,
        "dvar2": 0.658607184887,
        "max": 7.4333615303,
        "mean": 3.16993951797,
        "median": 3.01687788963,
        "min": 1.63120496273,
        "var": 0.704890847206
    },
    "spectral_spread": {
        "dmean": 215055.546875,
        "dmean2": 367133.96875,
        "dvar": 273714675712,
        "dvar2": 334509375488,
        "max": 19730110,
        "mean": 1971130.5,
        "median": 1970695.75,
        "min": 1125641.75,
        "var": 333321666560
    },
    "spectral_strongpeak": {
        "dmean": 0.331913262606,
        "dmean2": 0.598981559277,
        "dvar": 0.565051734447,
        "dvar2": 1.21097540855,
        "max": 5.15372610092,
        "mean": 0.826461136341,
        "median": 0.32822239399,
        "min": 0,
        "var": 1.13966906071
    },
    "zerocrossingrate": {
        "dmean": 0.00221805158071,
        "dmean2": 0.00305979489349,
        "dvar": 3.31436149281e-06,
        "dvar2": 6.0105708144e-06,
        "max": 0.0400390625,
        "mean": 0.0212494861335,
        "median": 0.02099609375,
        "min": 0.0068359375,
        "var": 2.90834996122e-05
    },
    "barkbands": {
        "dmean": [0.000258523155935, 0.00200692238286, 0.000407817278756, 0.000715720467269, 0.00076369283488, 0.00187382753938, 0.00192008190788, 0.00179565767758, 0.00133980251849, 0.000224430958042, 0.00035645000753, 0.000193697982468, 0.000276067556115, 0.000161286749062, 7.35861685826e-05, 0.000116915165563, 3.98060255975e-05, 5.25107534486e-05, 2.12110026041e-05, 1.50711603055e-05, 3.42575754075e-06, 1.45710134802e-06, 8.43108125537e-07, 4.76165013197e-07, 2.39190654838e-07, 1.31652512891e-07, 4.35363078921e-09],
        "dmean2": [0.000428512576036, 0.00280781439506, 0.000609668262769, 0.0011758581968, 0.00118092133198, 0.00241151149385, 0.00198873365298, 0.00249725789763, 0.00172317482065, 0.00028430094244, 0.000460938957985, 0.000293357181363, 0.000453052693047, 0.000267037685262, 0.000124219848658, 0.000198361376533, 6.68793727527e-05, 9.19011290534e-05, 3.57843819074e-05, 2.57196406892e-05, 5.90003946854e-06, 2.44198577093e-06, 1.40273687066e-06, 7.72262637838e-07, 3.93376666352e-07, 2.15761573941e-07, 6.17734574604e-09],
        "dvar": [1.37819583301e-07, 3.76590219275e-06, 2.60446768152e-07, 9.44541852732e-07, 8.28003010156e-07, 4.80774588141e-06, 5.38399581274e-06, 6.81073606756e-06, 3.10976793116e-06, 1.89458148725e-07, 2.61409809355e-07, 1.2586832554e-07, 6.04357580869e-07, 8.12162852526e-08, 1.45533931573e-08, 5.87997064372e-08, 4.38975034101e-09, 7.05520220023e-09, 1.17394827193e-09, 4.63248245319e-10, 2.16417179316e-11, 3.4520450734e-12, 1.14896731452e-12, 4.49508458884e-13, 1.68353761379e-13, 7.84266044034e-14, 6.15246404645e-15],
        "dvar2": [2.55637758073e-07, 9.39888013818e-06, 5.42519558167e-07, 2.55446775554e-06, 2.45042474489e-06, 1.14464546641e-05, 5.29994622411e-06, 1.27999810502e-05, 5.12031465405e-06, 2.33058159438e-07, 4.33202274053e-07, 2.91229667937e-07, 1.72515728991e-06, 2.09004014096e-07, 4.11084464247e-08, 1.72645655994e-07, 1.27798704952e-08, 2.0399987477e-08, 3.10646797175e-09, 1.27507737702e-09, 6.30191038242e-11, 9.96781823748e-12, 3.03167278608e-12, 1.11934452592e-12, 3.51957070259e-13, 1.20378276032e-13, 6.19493597249e-15],
        "max": [0.0117639694363, 0.0418966561556, 0.013920080848, 0.0103952493519, 0.0169801767915, 0.0457105152309, 0.0568599179387, 0.0362695865333, 0.0353857465088, 0.00934765581042, 0.0116688879207, 0.00513088330626, 0.0141380857676, 0.004862209782, 0.00143749557901, 0.00481246970594, 0.000873461773153, 0.00121782219503, 0.000426922983024, 0.000285783055006, 4.81233655591e-05, 2.51949622907e-05, 1.16778501251e-05, 9.31443810259e-06, 9.24476717046e-06, 8.57320628711e-06, 2.82164751297e-06],
        "mean": [0.00238341093063, 0.0187214072794, 0.00207401299849, 0.0014642594615, 0.00231261202134, 0.00782327819616, 0.00763675710186, 0.00442400015891, 0.00390906725079, 0.000547642295714, 0.000897708814591, 0.000374461640604, 0.000515746476594, 0.000333347823471, 0.000119386822917, 0.000189472950296, 7.0623071224e-05, 8.51022268762e-05, 3.97812618758e-05, 2.92790209642e-05, 7.60277634981e-06, 3.97472967961e-06, 2.23147321776e-06, 1.39261135246e-06, 6.55703104258e-07, 2.57032894524e-07, 3.94590449204e-09],
        "median": [0.00212536612526, 0.0181701872498, 0.00122760224622, 0.000768843339756, 0.00172238051891, 0.00564844021574, 0.00455037411302, 0.00214224262163, 0.00232857465744, 0.000250713113928, 0.000518911401741, 0.000161604577443, 0.000146962091094, 0.000127958715893, 6.72598471283e-05, 8.98418948054e-05, 3.90396126022e-05, 4.97390356031e-05, 2.37659733102e-05, 1.94188996829e-05, 5.37053529115e-06, 2.89573745249e-06, 1.71126032456e-06, 1.04067362372e-06, 4.45868664656e-07, 1.7085592674e-07, 8.71280270154e-10],
        "min": [0.000121182463772, 0.00486132036895, 2.47133266384e-05, 4.78680112792e-06, 7.76504020905e-05, 5.21434849361e-05, 3.98383563152e-05, 1.84290074685e-05, 2.29965298786e-05, 9.25419226405e-06, 7.08222569301e-06, 3.86817464459e-06, 2.90792331725e-06, 2.19059916162e-06, 3.09287747768e-06, 7.96961330707e-07, 1.18419507089e-06, 2.14035912904e-06, 1.0399456869e-06, 7.79108802362e-07, 2.188978101e-07, 8.86078055373e-08, 8.68604530524e-08, 1.59841082592e-08, 5.90236126641e-09, 6.25643564733e-11, 1.41697044723e-11],
        "var": [3.81339896194e-06, 1.62371161423e-05, 4.78051242681e-06, 2.82054929812e-06, 4.11618020735e-06, 5.30393408553e-05, 7.32084736228e-05, 3.10948889819e-05, 1.82137464435e-05, 7.66985920109e-07, 1.3827263956e-06, 3.04521535099e-07, 1.43373290484e-06, 2.78325245517e-07, 2.30407692925e-08, 8.74626806535e-08, 7.59616636259e-09, 1.1757820495e-08, 2.28514496214e-09, 1.05907382864e-09, 4.86379964082e-11, 1.22951353959e-11, 3.6111634516e-12, 1.51988762288e-12, 4.30293902723e-13, 1.10941217693e-13, 6.15077082759e-15]
    },
    "erbbands": {
        "dmean": [0.0709599778056, 0.434327721596, 0.532519102097, 1.19735300541, 2.00743579865, 3.32545542717, 10.0764684677, 16.4727497101, 14.7677459717, 42.2773590088, 27.28358078, 28.8877048492, 11.8276357651, 8.83249855042, 12.2890348434, 6.46874761581, 13.2198972702, 9.19462013245, 3.69120407104, 4.42469406128, 4.89368772507, 2.42816138268, 3.01229977608, 1.6137137413, 0.89286005497, 0.478420138359, 0.275717377663, 0.111124351621, 0.0651520639658, 0.0414255224168, 0.0251096785069, 0.0123075284064, 0.00700194155797, 0.00363638228737, 0.00184972642455, 0.000740522868, 0.000244179595029, 2.80103486148e-05, 2.88600085696e-06, 5.92353580942e-06],
        "dmean2": [0.108136497438, 0.571900784969, 0.777849733829, 1.94016516209, 3.21208810806, 5.3275604248, 11.8957014084, 22.867149353, 16.0195865631, 50.6543388367, 36.8661193848, 37.8153343201, 15.263926506, 10.9656839371, 16.8127231598, 9.51528453827, 21.3549041748, 15.0246601105, 6.09653282166, 7.54904317856, 8.22973632812, 4.1505522728, 5.27252244949, 2.81630015373, 1.51239156723, 0.810319364071, 0.474270433187, 0.186790704727, 0.109115332365, 0.0712780356407, 0.0413032397628, 0.020620033145, 0.0114597091451, 0.00610350584611, 0.00306030688807, 0.00120239425451, 0.000408515334129, 4.61242852907e-05, 3.98796555601e-06, 8.33858848637e-06],
        "dvar": [0.00605139369145, 0.172977477312, 0.395576387644, 2.12379693985, 6.07606887817, 18.5438804626, 122.223312378, 632.608337402, 330.476959229, 2154.42260742, 1448.73742676, 1694.7376709, 322.658172607, 138.386276245, 506.411132812, 140.434341431, 1306.44873047, 273.402709961, 43.9799613953, 51.6695785522, 76.1147689819, 19.7368965149, 28.9844169617, 10.2840023041, 2.23402500153, 0.392731547356, 0.133226558566, 0.0222158972174, 0.0068733249791, 0.00328658171929, 0.0010211810004, 0.000293032207992, 0.000103458638478, 3.20706712955e-05, 9.94755737338e-06, 1.7623557369e-06, 2.55152997397e-07, 1.2613687872e-08, 1.3703450874e-10, 2.59939708647e-11],
        "dvar2": [0.0147102586925, 0.430050343275, 0.836994230747, 5.62718439102, 15.8308677673, 58.3810195923, 168.380722046, 1787.0793457, 389.028991699, 3216.75073242, 2600.50048828, 2850.41040039, 491.84072876, 194.195037842, 888.679870605, 316.19619751, 3746.45385742, 706.572143555, 116.698524475, 148.830978394, 220.184188843, 58.1057243347, 84.3048553467, 31.0571269989, 5.95355892181, 1.1287522316, 0.39121684432, 0.0619995035231, 0.0194361228496, 0.00945452880114, 0.00272410130128, 0.000774144777097, 0.000242551817792, 7.37833106541e-05, 2.17200122279e-05, 3.25075325236e-06, 4.05001287618e-07, 1.50324357406e-08, 1.41736206105e-10, 5.75942314673e-11],
        "max": [1.770414114, 6.88001537323, 15.7671222687, 21.5611190796, 27.2150440216, 73.0274810791, 263.586730957, 580.055358887, 409.719085693, 721.225280762, 730.410705566, 637.459411621, 394.969390869, 251.890274048, 582.622741699, 186.599563599, 704.558166504, 331.738952637, 102.27129364, 136.366668701, 137.308792114, 61.0487251282, 77.4107589722, 42.4708633423, 19.2005386353, 8.4900560379, 3.88203430176, 1.52911806107, 1.21434998512, 0.716458141804, 0.432560622692, 0.215029627085, 0.140957862139, 0.104961931705, 0.0663635507226, 0.035020660609, 0.0153665347025, 0.0038325919304, 0.000441587035311, 0.000113615300506],
        "mean": [0.957170605659, 2.5174331665, 2.8484749794, 3.43881344795, 4.93992137909, 9.44082355499, 41.2337875366, 65.9042358398, 63.468044281, 149.892578125, 87.3261947632, 80.7370910645, 32.5556526184, 22.7772312164, 30.5111274719, 14.2485313416, 25.3062400818, 20.3980617523, 8.57216930389, 7.87787008286, 8.76672172546, 4.5719871521, 5.25970935822, 3.0349881649, 1.75897037983, 0.977673947811, 0.579842865467, 0.245204776525, 0.157647117972, 0.101047828794, 0.0673336163163, 0.0357576459646, 0.0194621756673, 0.00931928865612, 0.00418946379796, 0.00152271008119, 0.000431659136666, 4.30049658462e-05, 2.63903220912e-05, 5.99571540079e-05],
        "median": [0.965106189251, 2.52666425705, 1.90290868282, 2.30109405518, 3.19404649734, 6.49285411835, 27.7113494873, 35.4224662781, 40.2288703918, 116.234008789, 43.7771835327, 49.3020629883, 18.6582565308, 15.7077407837, 14.2157993317, 7.09019184113, 8.60202407837, 8.48399543762, 5.38317966461, 4.81382703781, 5.14848947525, 2.81419634819, 3.11834716797, 1.62358105183, 1.10833692551, 0.69026440382, 0.412689834833, 0.184263601899, 0.120347559452, 0.0702618733048, 0.0494518019259, 0.0272877253592, 0.0137366596609, 0.00639687571675, 0.00276493746787, 0.00104247615673, 0.000294015539112, 2.10867201531e-05, 2.5521399948e-05, 5.81654676353e-05],
        "min": [0.226147010922, 0.479144066572, 0.142449170351, 0.0725047886372, 0.0808612182736, 0.35709965229, 0.508142590523, 0.742134749889, 1.41085910797, 1.68005752563, 0.879638254642, 0.909166276455, 0.917385280132, 1.18619203568, 0.560387611389, 0.460037171841, 0.298173189163, 0.362638771534, 0.333936959505, 0.243895113468, 0.257336080074, 0.18710744381, 0.195375233889, 0.109044224024, 0.0452460125089, 0.0278092958033, 0.0128911584616, 0.00897168461233, 0.00404248898849, 0.00183107389603, 0.00187312904745, 0.000662468897644, 0.000181427007192, 9.82695491984e-05, 4.77103276353e-05, 1.99655241886e-05, 1.06927818706e-05, 1.20497281841e-06, 1.19355818242e-05, 2.81047541648e-05],
        "var": [0.0398855209351, 1.05280661583, 7.36190366745, 11.3032894135, 21.767364502, 86.2204208374, 1768.38037109, 6275.93408203, 3994.90673828, 14969.1835938, 10640.1962891, 8030.9375, 1478.63684082, 616.065185547, 2870.90673828, 367.3152771, 3032.36279297, 1044.03820801, 97.5095825195, 82.4741668701, 118.53036499, 31.6062774658, 49.8431892395, 17.5410251617, 4.56608438492, 0.916172802448, 0.304951608181, 0.049438379705, 0.0192776657641, 0.00855075381696, 0.00351006840356, 0.000974377093371, 0.000342205283232, 8.15196544863e-05, 1.97912722797e-05, 3.04874538415e-06, 3.41538026305e-07, 1.36383242477e-08, 1.74807557318e-10, 2.15172143991e-10]
    },
    "gfcc": {
        "mean": [-36.1829223633, 187.037887573, -115.982658386, 13.3029356003, -46.3510246277, -2.97753953934, -20.7361736298, 12.1173295975, 2.36232948303, 5.90234708786, 5.81593465805, -1.99577271938, 1.54707801342],
        "cov": [[771.496765137, -364.8621521, -248.487884521, 30.6994991302, -145.175735474, 85.1945266724, -10.0697221756, 100.321205139, -9.39324569702, 108.620574951, 4.18999004364, 20.0710086823, -49.994594574], [-364.8621521, 305.532714844, 151.133239746, -43.2993850708, 70.1100921631, -66.0381088257, -0.340692043304, -89.6767196655, -0.236819431186, -92.3568496704, 1.41013503075, -28.0160541534, 28.4914283752], [-248.487884521, 151.133239746, 206.365936279, -18.7587776184, 33.3921737671, -75.0623016357, -19.241897583, -33.2037734985, -25.6256103516, -47.7904090881, -20.5684127808, 8.24241161346, 4.82090520859], [30.6994991302, -43.2993850708, -18.7587776184, 87.2724838257, 20.8844127655, 15.0164852142, -11.5534172058, -8.34789180756, -13.7180271149, -7.29158306122, -0.994350969791, -19.5941467285, -7.4847278595], [-145.175735474, 70.1100921631, 33.3921737671, 20.8844127655, 122.312522888, 11.3831319809, -15.1272935867, -41.6451454163, -24.6655883789, -12.0800476074, -16.9872970581, -26.2494621277, -30.5138511658], [85.1945266724, -66.0381088257, -75.0623016357, 15.0164852142, 11.3831319809, 89.3396224976, 20.7621040344, -1.31710100174, -10.7977838516, 13.5026035309, -4.51900672913, -13.7796974182, -9.3384475708], [-10.0697221756, -0.340692043304, -19.241897583, -11.5534172058, -15.1272935867, 20.7621040344, 57.7332992554, 13.8478288651, 1.83459317684, -6.91755533218, -6.62392139435, -4.74972391129, 3.89395570755], [100.321205139, -89.6767196655, -33.2037734985, -8.34789180756, -41.6451454163, -1.31710100174, 13.8478288651, 75.2362594604, 18.7864704132, 18.8111667633, -7.23523378372, 11.7560253143, -2.57928061485], [-9.39324569702, -0.236819431186, -25.6256103516, -13.7180271149, -24.6655883789, -10.7977838516, 1.83459317684, 18.7864704132, 67.8177337646, 12.6674356461, 2.53332829475, -5.47999048233, 7.91753339767], [108.620574951, -92.3568496704, -47.7904090881, -7.29158306122, -12.0800476074, 13.5026035309, -6.91755533218, 18.8111667633, 12.6674356461, 78.7151184082, 8.92525291443, 1.09094238281, -25.8541355133], [4.18999004364, 1.41013503075, -20.5684127808, -0.994350969791, -16.9872970581, -4.51900672913, -6.62392139435, -7.23523378372, 2.53332829475, 8.92525291443, 59.7861289978, 20.7627849579, 6.34591388702], [20.0710086823, -28.0160541534, 8.24241161346, -19.5941467285, -26.2494621277, -13.7796974182, -4.74972391129, 11.7560253143, -5.47999048233, 1.09094238281, 20.7627849579, 70.3040618896, 26.5864067078], [-49.994594574, 28.4914283752, 4.82090520859, -7.4847278595, -30.5138511658, -9.3384475708, 3.89395570755, -2.57928061485, 7.91753339767, -25.8541355133, 6.34591388702, 26.5864067078, 78.3730010986]],
        "icov": [[0.00619371188805, -0.000542400521226, 0.00656918436289, -0.00162399641704, 0.00869359821081, -0.00152254942805, 0.00583262648433, -0.00227687368169, 0.00580111006275, -0.00233276118524, 0.004937232472, -0.002548399847, 0.00553676718846], [-0.000542400521226, 0.0430353358388, -0.0136710852385, 0.0260882694274, -0.0184773877263, 0.0175996031612, -0.0128859383985, 0.0309317819774, -0.0137608451769, 0.0312000196427, -0.0183470714837, 0.0248419884592, -0.0113561777398], [0.00656918436289, -0.0136710852385, 0.0216313190758, -0.0074902754277, 0.013239055872, 0.00179207255132, 0.0102833760902, -0.00860466342419, 0.0135820545256, -0.00829216092825, 0.0147685455158, -0.0115953665227, 0.0103185577318], [-0.00162399641704, 0.0260882694274, -0.0074902754277, 0.0306109376252, -0.0142315356061, 0.00997086986899, -0.00457522599027, 0.0178631599993, -0.00620786426589, 0.0220187213272, -0.0132407909259, 0.0198982432485, -0.00846065860242], [0.00869359821081, -0.0184773877263, 0.013239055872, -0.0142315356061, 0.0330041982234, -0.0117653701454, 0.0158043373376, -0.0099666332826, 0.0148003576323, -0.0146882459521, 0.0173822585493, -0.0128001868725, 0.017018282786], [-0.00152254942805, 0.0175996031612, 0.00179207255132, 0.00997086986899, -0.0117653701454, 0.029079625383, -0.0128480345011, 0.0163522157818, -0.0017211411614, 0.0117289787158, -0.00502617005259, 0.0110725807026, -0.00577269587666], [0.00583262648433, -0.0128859383985, 0.0102833760902, -0.00457522599027, 0.0158043373376, -0.0128480345011, 0.032216925174, -0.0151421017945, 0.0100698424503, -0.00633306847885, 0.0105215348303, -0.00647599715739, 0.00809746980667], [-0.00227687368169, 0.0309317819774, -0.00860466342419, 0.0178631599993, -0.0099666332826, 0.0163522157818, -0.0151421017945, 0.0445006266236, -0.0146932238713, 0.0207602772862, -0.00746148591861, 0.0128348236904, -0.00559403654188], [0.00580111006275, -0.0137608451769, 0.0135820545256, -0.00620786426589, 0.0148003576323, -0.0017211411614, 0.0100698424503, -0.0146932238713, 0.0295212715864, -0.0136359604076, 0.00967433303595, -0.00440079998225, 0.00507712224498], [-0.00233276118524, 0.0312000196427, -0.00829216092825, 0.0220187213272, -0.0146882459521, 0.0117289787158, -0.00633306847885, 0.0207602772862, -0.0136359604076, 0.0426702350378, -0.0159913767129, 0.0171019621193, -0.00259363069199], [0.004937232472, -0.0183470714837, 0.0147685455158, -0.0132407909259, 0.0173822585493, -0.00502617005259, 0.0105215348303, -0.00746148591861, 0.00967433303595, -0.0159913767129, 0.0342254638672, -0.0198527425528, 0.010757483542], [-0.002548399847, 0.0248419884592, -0.0115953665227, 0.0198982432485, -0.0128001868725, 0.0110725807026, -0.00647599715739, 0.0128348236904, -0.00440079998225, 0.0171019621193, -0.0198527425528, 0.0379188917577, -0.0161326043308], [0.00553676718846, -0.0113561777398, 0.0103185577318, -0.00846065860242, 0.017018282786, -0.00577269587666, 0.00809746980667, -0.00559403654188, 0.00507712224498, -0.00259363069199, 0.010757483542, -0.0161326043308, 0.0275618471205]]
    },
    "melbands": {
        "dmean": [0.000581745523959, 0.000364858045941, 0.000252373283729, 0.000151759275468, 0.000298458966427, 0.000351872848114, 0.000299147912301, 0.000477591122035, 0.000224267729209, 0.000188081379747, 5.73335455556e-05, 3.41538725479e-05, 3.79648954549e-05, 2.27110613196e-05, 2.3549036996e-05, 3.53673094651e-05, 1.7006545022e-05, 6.24456242804e-06, 7.7606546256e-06, 9.00158011063e-06, 4.53022130387e-06, 2.7016697004e-06, 2.88144019578e-06, 1.89903778391e-06, 1.42062981467e-06, 6.05415380051e-07, 7.30801332338e-07, 3.26071415202e-07, 2.87377304176e-07, 7.87376137623e-08, 6.00563794251e-08, 5.20400860182e-08, 2.51605403179e-08, 2.16194315783e-08, 1.86819129055e-08, 1.44894842791e-08, 7.15653936112e-09, 5.90589799287e-09, 5.09967357232e-09, 3.13503800697e-09],
        "dmean2": [0.000847645103931, 0.000511457968969, 0.000407425221056, 0.000244280410698, 0.000370161433239, 0.000477234949358, 0.000311317242449, 0.000598427257501, 0.000294188706903, 0.000247396761551, 7.47401863919e-05, 4.24608151661e-05, 5.05975731357e-05, 3.34276664944e-05, 3.3805903513e-05, 5.8560854086e-05, 2.78682309727e-05, 1.01575533336e-05, 1.32121585921e-05, 1.53921955643e-05, 7.60476086725e-06, 4.63886181024e-06, 5.00170108353e-06, 3.30503939949e-06, 2.4782445962e-06, 1.02295132365e-06, 1.26267786982e-06, 5.54211965209e-07, 4.91811704251e-07, 1.32032127453e-07, 1.00281376092e-07, 8.7331123666e-08, 4.34104023839e-08, 3.66630068527e-08, 3.10815160276e-08, 2.41157565029e-08, 1.17867928751e-08, 9.71704405828e-09, 8.3811144691e-09, 5.18957943285e-09],
        "dvar": [3.28267930172e-07, 1.46955386526e-07, 1.04543744328e-07, 3.02012175268e-08, 1.00253096491e-07, 2.43589141746e-07, 1.41182724178e-07, 3.12004345915e-07, 1.10452887725e-07, 7.64901173511e-08, 7.91818610679e-09, 2.10877559859e-09, 3.91707644098e-09, 1.23171861599e-09, 2.68543010051e-09, 1.10622773164e-08, 9.15961362313e-10, 2.18492418602e-10, 1.72753422678e-10, 5.01886476822e-10, 6.61060581275e-11, 3.07550131196e-11, 2.1322190541e-11, 8.75839244879e-12, 8.85763337677e-12, 1.60470746934e-12, 1.73407089469e-12, 2.79894624188e-13, 1.52354908203e-13, 1.21167385478e-14, 6.85691593769e-15, 4.65734162729e-15, 1.06629896647e-15, 8.23461555579e-16, 6.52230827737e-16, 3.85773135484e-16, 1.0649032547e-16, 7.24025763863e-17, 5.91386360023e-17, 2.18386219995e-17],
        "dvar2": [8.45055865284e-07, 3.253115608e-07, 2.8241771588e-07, 8.53718447047e-08, 1.63694735988e-07, 6.69775147344e-07, 1.47427627439e-07, 5.21053323155e-07, 1.79683070201e-07, 1.3051257497e-07, 1.20888401511e-08, 2.94416824254e-09, 6.95461732647e-09, 2.669253929e-09, 5.96828719779e-09, 3.12852890261e-08, 2.3075876765e-09, 5.7635135553e-10, 4.8721865431e-10, 1.4754051314e-09, 1.84789322732e-10, 9.11537165194e-11, 5.93361262902e-11, 2.5748694843e-11, 2.65179388864e-11, 4.30715879629e-12, 4.78341888668e-12, 8.10786821796e-13, 4.49717465958e-13, 3.43861698555e-14, 1.9278483432e-14, 1.32818425312e-14, 3.06294461738e-15, 2.32250928423e-15, 1.75443742667e-15, 1.05272918102e-15, 2.90842659074e-16, 1.80561258977e-16, 1.43799592315e-16, 5.12614214988e-17],
        "max": [0.0132279163226, 0.00788009818643, 0.00373781030066, 0.00377267226577, 0.00691581284627, 0.0112163815647, 0.00883012823761, 0.00814305897802, 0.00803398527205, 0.00443967338651, 0.00191137404181, 0.000931473681703, 0.001550593297, 0.000712345761713, 0.000835823302623, 0.00180435052607, 0.000570359639823, 0.000232885053265, 0.000154800407472, 0.000466968136607, 0.000116286937555, 7.54167558625e-05, 7.53798231017e-05, 3.67218199244e-05, 3.80642923119e-05, 2.1822137569e-05, 1.81784962479e-05, 7.73719602876e-06, 3.93916661778e-06, 1.47309299336e-06, 1.06986271931e-06, 9.66400534708e-07, 3.58241322829e-07, 3.38892419904e-07, 3.59570378805e-07, 2.40630981807e-07, 1.30633594608e-07, 1.03193727341e-07, 1.08970127144e-07, 8.36905940105e-08],
        "mean": [0.0065363207832, 0.00198849686421, 0.000658285338432, 0.000459040689748, 0.00120906380471, 0.00141403381713, 0.00124805525411, 0.00157783424947, 0.00071254465729, 0.000507192336954, 0.00014757484314, 8.3493636339e-05, 9.64178398135e-05, 5.08092271048e-05, 4.17097726313e-05, 6.39931458863e-05, 3.52408751496e-05, 1.3822254914e-05, 1.15639231808e-05, 1.40721158459e-05, 8.14586928755e-06, 4.45560544904e-06, 5.10732343173e-06, 3.23102153743e-06, 2.47789921559e-06, 1.14607746582e-06, 1.187791554e-06, 5.74755574689e-07, 5.21248637142e-07, 1.5362645911e-07, 1.14467390233e-07, 1.04214187502e-07, 5.53652270696e-08, 4.92830558585e-08, 4.1273185758e-08, 3.28159757146e-08, 1.72001772825e-08, 1.40003999505e-08, 1.14308997823e-08, 6.46556275186e-09],
        "median": [0.00650693010539, 0.00171100359876, 0.000467925856356, 0.000317535625072, 0.000884672917891, 0.000848542549647, 0.000767158111557, 0.00119762588292, 0.000294616969768, 0.000302723463392, 8.30328499433e-05, 5.3244875744e-05, 4.94614578201e-05, 2.65220696747e-05, 1.1706713849e-05, 1.19108899526e-05, 1.396215157e-05, 6.62728371026e-06, 6.14986174696e-06, 5.52628171135e-06, 4.56694078821e-06, 2.08985761674e-06, 3.2338894016e-06, 1.97468420993e-06, 1.08517872377e-06, 6.34196396732e-07, 6.08953428127e-07, 3.22819175835e-07, 3.31740949377e-07, 1.02904600396e-07, 8.05403175264e-08, 6.95772612858e-08, 3.98128179313e-08, 3.57125848893e-08, 2.75936429261e-08, 2.28710455019e-08, 1.22459002938e-08, 9.27550480867e-09, 7.52575424201e-09, 4.10990219635e-09],
        "min": [0.00192042370327, 0.000219025940169, 1.13107571451e-05, 1.35890277306e-05, 2.35723382502e-05, 9.03148338693e-06, 1.12429752335e-05, 1.68798324012e-05, 4.11026394431e-06, 5.33814500159e-06, 2.0060811039e-06, 1.82576502539e-06, 1.73311286744e-06, 6.89995431458e-07, 5.1283529956e-07, 3.10515218871e-07, 3.27981439341e-07, 2.77651878378e-07, 2.73273997209e-07, 1.14274875784e-07, 2.13200351595e-07, 6.82085143922e-08, 1.50527057485e-07, 1.07661094262e-07, 5.13334299512e-08, 2.95506712433e-08, 1.81532957555e-08, 9.51949274963e-09, 7.16559611647e-09, 5.74597924796e-09, 3.09145820054e-09, 2.1250319282e-09, 5.04815245161e-10, 4.68491467842e-10, 9.45146627629e-10, 7.64044993939e-10, 8.6158857826e-11, 1.07812751782e-10, 6.66522601001e-11, 2.19657989714e-11],
