{
"highlevel": {
    "danceability": {
        "all": {
            "danceable": 0.0332756303251,
            "not_danceable": 0.966724395752
        },
        "probability": 0.966724395752,
        "value": "not_danceable"
    },
    "gender": {
        "all": {
            "female": 0.573597431183,
            "male": 0.426402568817
        },
        "probability": 0.573597431183,
        "value": "female"
    },
    "genre_dortmund": {
        "all": {
            "alternative": 0.174466595054,
            "blues": 0.0535923242569,
            "electronic": 0.108252972364,
            "folkcountry": 0.347123235464,
            "funksoulrnb": 0.029688026756,
            "jazz": 0.0576030351222,
            "pop": 0.0936290994287,
            "raphiphop": 0.0175451226532,
            "rock": 0.118099600077
        },
        "probability": 0.347123235464,
        "value": "folkcountry"
    },
    "genre_electronic": {
        "all": {
            "ambient": 0.838357567787,
            "dnb": 0.0208730194718,
            "house": 0.101447887719,
            "techno": 0.00805867929012,
            "trance": 0.0312628336251
        },
        "probability": 0.838357567787,
        "value": "ambient"
    },
    "genre_rosamerica": {
        "all": {
            "cla": 0.0700931549072,
            "dan": 0.0130776865408,
            "hip": 0.0311507992446,
            "jaz": 0.039986461401,
            "pop": 0.432618737221,
            "rhy": 0.300706416368,
            "roc": 0.0452142097056,
            "spe": 0.0671525374055
        },
        "probability": 0.432618737221,
        "value": "pop"
    },
    "genre_tzanetakis": {
        "all": {
            "blu": 1.89948256505e-14,
            "cla": 1.04535639449e-14,
            "cou": 2.79027526724e-14,
            "dis": 2.14520868652e-14,
            "hip": 4.2976866098e-14,
            "jaz": 0.999999940395,
            "met": 1.42856899643e-08,
            "pop": 2.00006091688e-08,
            "reg": 1.66669273938e-08,
            "roc": 2.50001654933e-08
        },
        "probability": 0.999999940395,
        "value": "jaz"
    },
    "ismir04_rhythm": {
        "all": {
            "ChaChaCha": 0.0138814859092,
            "Jive": 0.00744982156903,
            "Quickstep": 0.0134027441964,
            "Rumba-American": 0.0109415100887,
            "Rumba-International": 0.292274057865,
            "Rumba-Misc": 0.0137157756835,
            "Samba": 0.00699481600896,
            "Tango": 0.0608121529222,
            "VienneseWaltz": 0.523229956627,
            "Waltz": 0.0572976842523
        },
        "probability": 0.523229956627,
        "value": "VienneseWaltz"
    },
    "mood_acoustic": {
        "all": {
            "acoustic": 0.748409092426,
            "not_acoustic": 0.251590907574
        },
        "probability": 0.748409092426,
        "value": "acoustic"
    },
    "mood_aggressive": {
        "all": {
            "aggressive": 0.0268999375403,
            "not_aggressive": 0.973100066185
        },
        "probability": 0.973100066185,
        "value": "not_aggressive"
    },
    "mood_electronic": {
        "all": {
            "electronic": 0.636029303074,
            "not_electronic": 0.363970696926
        },
        "probability": 0.636029303074,
        "value": "electronic"
    },
    "mood_happy": {
        "all": {
            "happy": 0.263686239719,
            "not_happy": 0.736313760281
        },
        "probability": 0.736313760281,
        "value": "not_happy"
    },
    "mood_party": {
        "all": {
            "not_party": 0.990148425102,
            "party": 0.00985159073025
        },
        "probability": 0.990148425102,
        "value": "not_party"
    },
    "mood_relaxed": {
        "all": {
            "not_relaxed": 0.0145925823599,
            "relaxed": 0.985407412052
        },
        "probability": 0.985407412052,
        "value": "relaxed"
    },
    "mood_sad": {
        "all": {
            "not_sad": 0.618927538395,
            "sad": 0.381072461605
        },
        "probability": 0.618927538395,
        "value": "not_sad"
    },
    "moods_mirex": {
        "all": {
            "Cluster1": 0.201983198524,
            "Cluster2": 0.241993024945,
            "Cluster3": 0.304849863052,
            "Cluster4": 0.195225328207,
            "Cluster5": 0.0559485964477
        },
        "probability": 0.304849863052,
        "value": "Cluster3"
    },
    "timbre": {
        "all": {
            "bright": 0.522243976593,
            "dark": 0.477755993605
        },
        "probability": 0.522243976593,
        "value": "bright"
    },
    "tonal_atonal": {
        "all": {
            "atonal": 0.643753528595,
            "tonal": 0.356246501207
        },
        "probability": 0.643753528595,
        "value": "atonal"
    },
    "voice_instrumental": {
        "all": {
            "instrumental": 0.0129445213825,
            "voice": 0.98705548048
        },
        "probability": 0.98705548048,
        "value": "voice"
    }
},
"lowlevel": {
    "average_loudness": 0.973753929138,
    "barkbands_crest": {
        "dmean": 2.19306635857,
        "dmean2": 3.63057613373,
        "dvar": 3.81329393387,
        "dvar2": 10.1712646484,
        "max": 22.0374546051,
        "mean": 9.56846141815,
        "median": 9.15649032593,
        "min": 3.90839505196,
        "var": 8.23116207123
    },
    "barkbands_flatness_db": {
        "dmean": 0.0209452565759,
        "dmean2": 0.0311677753925,
        "dvar": 0.000331426388584,
        "dvar2": 0.000794849474914,
        "max": 0.413645863533,
        "mean": 0.254273682833,
        "median": 0.250572234392,
        "min": 0.1013879776,
        "var": 0.00306945340708
    },
    "barkbands_kurtosis": {
        "dmean": 2.23548769951,
        "dmean2": 3.62948870659,
        "dvar": 8.57078647614,
        "dvar2": 22.8253383636,
        "max": 41.2204589844,
        "mean": 4.58790445328,
        "median": 3.7638092041,
        "min": -1.52800559998,
        "var": 20.5298442841
    },
    "barkbands_skewness": {
        "dmean": 0.421740919352,
        "dmean2": 0.67027258873,
        "dvar": 0.158434554935,
        "dvar2": 0.41134890914,
        "max": 5.41582012177,
        "mean": 1.47447621822,
        "median": 1.51938331127,
        "min": -0.877079844475,
        "var": 0.851236402988
    },
    "barkbands_spread": {
        "dmean": 2.1557469368,
        "dmean2": 3.16070270538,
        "dvar": 13.0258016586,
        "dvar2": 22.7224082947,
        "max": 79.7016830444,
        "mean": 9.05010509491,
        "median": 7.37938022614,
        "min": 1.54220533371,
        "var": 55.0714912415
    },
    "dissonance": {
        "dmean": 0.0290384478867,
        "dmean2": 0.048340652138,
        "dvar": 0.000642827362753,
        "dvar2": 0.00168909260537,
        "max": 0.497087150812,
        "mean": 0.424295932055,
        "median": 0.430339992046,
        "min": 0.245573818684,
        "var": 0.00182150886394
    },
    "dynamic_complexity": 1.91509544849,
    "erbbands_crest": {
        "dmean": 2.03434872627,
        "dmean2": 3.18624210358,
        "dvar": 3.42280769348,
        "dvar2": 7.44058561325,
        "max": 26.9244670868,
        "mean": 10.1553573608,
        "median": 9.24153614044,
        "min": 3.1774160862,
        "var": 16.8197212219
    },
    "erbbands_flatness_db": {
        "dmean": 0.0150487078354,
        "dmean2": 0.0212404541671,
        "dvar": 0.000246274139499,
        "dvar2": 0.000382515107049,
        "max": 0.392479598522,
        "mean": 0.251268982887,
        "median": 0.256182074547,
        "min": 0.0888821110129,
        "var": 0.00242131971754
    },
    "erbbands_kurtosis": {
        "dmean": 0.789638400078,
        "dmean2": 1.20690023899,
        "dvar": 0.704595863819,
        "dvar2": 1.63344073296,
        "max": 9.06744003296,
        "mean": 0.85959893465,
        "median": 0.561637639999,
        "min": -1.70094645023,
        "var": 2.39813876152
    },
    "erbbands_skewness": {
        "dmean": 0.273365885019,
        "dmean2": 0.414668083191,
        "dvar": 0.0600465238094,
        "dvar2": 0.137894794345,
        "max": 2.69126582146,
        "mean": 0.719843864441,
        "median": 0.750127077103,
        "min": -1.3482478857,
        "var": 0.321873426437
    },
    "erbbands_spread": {
        "dmean": 3.9543697834,
        "dmean2": 5.77292394638,
        "dvar": 35.6466369629,
        "dvar2": 62.1890296936,
        "max": 98.5466003418,
        "mean": 22.7317466736,
        "median": 19.6459751129,
        "min": 3.93483924866,
        "var": 204.444259644
    },
    "hfc": {
        "dmean": 3.15293359756,
        "dmean2": 4.52333784103,
        "dvar": 13.9160032272,
        "dvar2": 26.1801509857,
        "max": 60.6289367676,
        "mean": 15.5536766052,
        "median": 12.2496509552,
        "min": 2.09805226326,
        "var": 102.198554993
    },
    "melbands_crest": {
        "dmean": 3.43792700768,
        "dmean2": 5.85756969452,
        "dvar": 10.0238304138,
        "dvar2": 29.4814586639,
        "max": 33.2423171997,
        "mean": 13.850569725,
        "median": 13.0497570038,
        "min": 5.3471288681,
        "var": 19.7699127197
    },
    "melbands_flatness_db": {
        "dmean": 0.0252155661583,
        "dmean2": 0.036432005465,
        "dvar": 0.000539181404747,
        "dvar2": 0.00116152816918,
        "max": 0.563430130482,
        "mean": 0.350920647383,
        "median": 0.345492213964,
        "min": 0.0954697057605,
        "var": 0.00570707814768
    },
    "melbands_kurtosis": {
        "dmean": 3.99646401405,
        "dmean2": 6.42270803452,
        "dvar": 34.2721328735,
        "dvar2": 88.308303833,
        "max": 78.729927063,
        "mean": 9.56396484375,
        "median": 7.36321544647,
        "min": -1.11904132366,
        "var": 87.9848556519
    },
    "melbands_skewness": {
        "dmean": 0.50135666132,
        "dmean2": 0.796443462372,
        "dvar": 0.247402578592,
        "dvar2": 0.618539988995,
        "max": 7.48496341705,
        "mean": 2.09933400154,
        "median": 2.13006615639,
        "min": -0.694478452206,
        "var": 1.42406392097
    },
    "melbands_spread": {
        "dmean": 2.26774716377,
        "dmean2": 3.39848399162,
        "dvar": 9.8459854126,
        "dvar2": 19.7365837097,
        "max": 64.9869995117,
        "mean": 9.7179889679,
        "median": 8.22771072388,
        "min": 1.31156885624,
        "var": 40.1731033325
    },
    "pitch_salience": {
        "dmean": 0.0727676302195,
        "dmean2": 0.122114740312,
        "dvar": 0.00390871474519,
        "dvar2": 0.0111895715818,
        "max": 0.843812823296,
        "mean": 0.593088567257,
        "median": 0.596106469631,
        "min": 0.243635267019,
        "var": 0.0092409895733
    },
    "silence_rate_20dB": {
        "dmean": 0,
        "dmean2": 0,
        "dvar": 0,
        "dvar2": 0,
        "max": 1,
        "mean": 1,
        "median": 1,
        "min": 1,
        "var": 0
    },
    "silence_rate_30dB": {
        "dmean": 0.0123839005828,
        "dmean2": 0.0247869864106,
        "dvar": 0.0122306253761,
        "dvar2": 0.0319184064865,
        "max": 1,
        "mean": 0.990719258785,
        "median": 1,
        "min": 0,
        "var": 0.00919455569237
    },
    "silence_rate_60dB": {
        "dmean": 0,
        "dmean2": 0,
        "dvar": 0,
        "dvar2": 0,
        "max": 0,
        "mean": 0,
        "median": 0,
        "min": 0,
        "var": 0
    },
    "spectral_centroid": {
        "dmean": 89.137046814,
        "dmean2": 128.978240967,
        "dvar": 24620.7109375,
        "dvar2": 41867.5429688,
        "max": 3279.54052734,
        "mean": 590.936462402,
        "median": 522.564453125,
        "min": 198.3384552,
        "var": 114506.570312
    },
    "spectral_complexity": {
        "dmean": 2.03018569946,
        "dmean2": 3.17738199234,
        "dvar": 3.66550993919,
        "dvar2": 8.16757106781,
        "max": 33,
        "mean": 14.539056778,
        "median": 14,
        "min": 6,
        "var": 17.5062618256
    },
    "spectral_decrease": {
        "dmean": 3.38317218684e-09,
        "dmean2": 5.58645796289e-09,
        "dvar": 1.57477238811e-17,
        "dvar2": 4.15594267116e-17,
        "max": -1.18466947363e-09,
        "mean": -1.16540812556e-08,
        "median": -1.11354214738e-08,
        "min": -4.27211581666e-08,
        "var": 3.34253957889e-17
    },
    "spectral_energy": {
        "dmean": 0.0129690701142,
        "dmean2": 0.0213848389685,
        "dvar": 0.000229807134019,
        "dvar2": 0.000604720786214,
        "max": 0.163938716054,
        "mean": 0.0453958921134,
        "median": 0.0435285195708,
        "min": 0.00466151488945,
        "var": 0.000495411863085
    },
    "spectral_energyband_high": {
        "dmean": 6.4306834247e-05,
        "dmean2": 8.20990244392e-05,
        "dvar": 9.94162050461e-08,
        "dvar2": 1.42097448474e-07,
        "max": 0.0082202386111,
        "mean": 0.000124225000036,
        "median": 1.16915180115e-05,
        "min": 1.36255664529e-07,
        "var": 3.8422993498e-07
    },
    "spectral_energyband_low": {
        "dmean": 0.0098236547783,
        "dmean2": 0.0168224927038,
        "dvar": 0.000185786571819,
        "dvar2": 0.000512691214681,
        "max": 0.135693654418,
        "mean": 0.0199463292956,
        "median": 0.0153354611248,
        "min": 9.55018113018e-05,
        "var": 0.000353047449607
    },
    "spectral_energyband_middle_high": {
        "dmean": 0.000776917964686,
        "dmean2": 0.00108635553624,
        "dvar": 1.07775997549e-06,
        "dvar2": 1.96962150767e-06,
        "max": 0.0193517282605,
        "mean": 0.003567061387,
        "median": 0.00197517219931,
        "min": 0.000210916870856,
        "var": 1.34870015245e-05
    },
    "spectral_energyband_middle_low": {
        "dmean": 0.00632608914748,
        "dmean2": 0.0100266346708,
        "dvar": 6.34075549897e-05,
        "dvar2": 0.000164141674759,
        "max": 0.103503674269,
        "mean": 0.0230712592602,
        "median": 0.0198921691626,
        "min": 0.00241257366724,
        "var": 0.000191759303561
    },
    "spectral_entropy": {
        "dmean": 0.156689509749,
        "dmean2": 0.22188782692,
        "dvar": 0.0266297347844,
        "dvar2": 0.0457346662879,
        "max": 8.29769611359,
        "mean": 6.55716705322,
        "median": 6.49013566971,
        "min": 5.44290018082,
        "var": 0.20326462388
    },
    "spectral_flux": {
        "dmean": 0.0271784681827,
        "dmean2": 0.0442852005363,
        "dvar": 0.000728084531147,
        "dvar2": 0.00163264607545,
        "max": 0.289045721292,
        "mean": 0.0953186377883,
        "median": 0.0888078734279,
        "min": 0.0215019937605,
        "var": 0.00182773394044
    },
    "spectral_kurtosis": {
        "dmean": 10.8108520508,
        "dmean2": 18.3221874237,
        "dvar": 123.749130249,
        "dvar2": 346.960113525,
        "max": 101.700378418,
        "mean": 23.1901397705,
        "median": 18.4183063507,
        "min": -0.331083297729,
        "var": 351.897460938
    },
    "spectral_rms": {
        "dmean": 0.000921074999496,
        "dmean2": 0.00150213111192,
        "dvar": 9.04070645902e-07,
        "dvar2": 2.34113122133e-06,
        "max": 0.0126467468217,
        "mean": 0.00645403470844,
        "median": 0.00651665916666,
        "min": 0.0021325617563,
        "var": 2.63411516244e-06
    },
    "spectral_rolloff": {
        "dmean": 140.882064819,
        "dmean2": 240.200286865,
        "dvar": 145983.078125,
        "dvar2": 305734.1875,
        "max": 6266.16210938,
        "mean": 595.051208496,
        "median": 473.73046875,
        "min": 86.1328125,
        "var": 308136.15625
    },
    "spectral_skewness": {
        "dmean": 0.74759978056,
        "dmean2": 1.25146114826,
        "dvar": 0.453274041414,
        "dvar2": 1.26436448097,
        "max": 7.98694992065,
        "mean": 3.12153816223,
        "median": 2.96028351784,
        "min": 0.314371198416,
        "var": 1.69408857822
    },
    "spectral_spread": {
        "dmean": 353728.9375,
        "dmean2": 504375.78125,
        "dvar": 655956115456,
        "dvar2": 747548573696,
        "max": 25926650,
        "mean": 2138436.5,
        "median": 1807381.5,
        "min": 709664.0625,
        "var": 2.04649319629e+12
    },
    "spectral_strongpeak": {
        "dmean": 0.443035125732,
        "dmean2": 0.733016192913,
        "dvar": 0.351346939802,
        "dvar2": 0.798098802567,
        "max": 5.94378805161,
        "mean": 0.990580022335,
        "median": 0.532274127007,
        "min": 0,
        "var": 1.14654803276
    },
    "zerocrossingrate": {
        "dmean": 0.00398448063061,
        "dmean2": 0.00475875660777,
        "dvar": 4.44836550741e-05,
        "dvar2": 4.81351708004e-05,
        "max": 0.16552734375,
        "mean": 0.0241259280592,
        "median": 0.02099609375,
        "min": 0.00439453125,
        "var": 0.000287993083475
    },
    "barkbands": {
        "dmean": [0.00204469519667, 0.00672977278009, 0.00351801421493, 0.00201187143102, 0.00243812869303, 0.00215146923438, 0.00152613420505, 0.00117722514551, 0.00069368921686, 0.000503262795974, 0.000282151566353, 0.000233302082052, 0.000200686088647, 0.000159106741194, 0.000111809698865, 3.70713532902e-05, 6.03279622737e-05, 3.23232234223e-05, 4.11038308812e-05, 2.16441021621e-05, 2.35966599575e-05, 1.50982596097e-05, 8.85070221557e-06, 1.23284371512e-05, 5.43570831724e-06, 1.26296095004e-06, 1.95808302905e-09],
        "dmean2": [0.00333888386376, 0.0116038462147, 0.00575359119102, 0.00338144623674, 0.00404342263937, 0.00337565178052, 0.00230686482973, 0.00163330393843, 0.000987624167465, 0.000746874371544, 0.000434682733612, 0.000336097553372, 0.000285065791104, 0.000231352052651, 0.000168157494045, 5.50514450879e-05, 8.90228911885e-05, 4.79947011627e-05, 6.05984860158e-05, 3.29673748638e-05, 3.42801431543e-05, 2.09314257518e-05, 1.1092000932e-05, 1.6707679606e-05, 6.47753313388e-06, 1.65606900282e-06, 3.49415429923e-09],
        "dvar": [8.79149592947e-06, 8.31233919598e-05, 4.3073316192e-05, 1.13355863505e-05, 1.29841082526e-05, 1.03067304735e-05, 6.91558170729e-06, 5.40607834409e-06, 2.09219024327e-06, 8.63636785198e-07, 3.10076586629e-07, 2.1771084846e-07, 2.49488323334e-07, 1.54702263444e-07, 6.96574318226e-08, 1.40714160324e-08, 1.34397204476e-08, 5.44218847764e-09, 8.34634850122e-09, 3.69659303168e-09, 1.42326470609e-08, 1.18723688658e-08, 3.70517860837e-09, 5.18679366124e-09, 1.04935315992e-09, 4.75654585164e-11, 2.73397138714e-17],
        "dvar2": [2.40934496105e-05, 0.000237906817347, 0.000117306444736, 3.21055922541e-05, 3.66386047972e-05, 2.17727883864e-05, 1.31073275043e-05, 8.57926897879e-06, 3.58101146958e-06, 1.93695655071e-06, 6.43150315227e-07, 4.09075198604e-07, 4.83265807816e-07, 3.01117211166e-07, 1.43576940559e-07, 2.52943905821e-08, 2.72607394436e-08, 1.02444417394e-08, 1.65107074679e-08, 6.97091984136e-09, 3.14251273892e-08, 2.79954903704e-08, 5.91753934742e-09, 8.89990126041e-09, 1.40716815977e-09, 7.46683964659e-11, 3.84700725598e-17],
        "max": [0.0367884710431, 0.0758861005306, 0.0889854803681, 0.0440712794662, 0.0458058789372, 0.0699898675084, 0.0455052144825, 0.0401290431619, 0.0347427800298, 0.0166921801865, 0.00850675813854, 0.00999508332461, 0.0118503374979, 0.00694387219846, 0.00598203577101, 0.00302264932543, 0.00247498461977, 0.00158249645028, 0.00160234817304, 0.00116700713988, 0.00219367817044, 0.00356166088022, 0.00202766014263, 0.00187349750195, 0.00094917207025, 0.000167238147696, 1.71416871808e-07],
        "mean": [0.00342441839166, 0.00973810907453, 0.00585374888033, 0.00308342091739, 0.00493830349296, 0.00549862952903, 0.00347030721605, 0.00319070508704, 0.00194318429567, 0.00133367767558, 0.000659094366711, 0.000668389082421, 0.000496517284773, 0.000306180590997, 0.000273701472906, 7.58955939091e-05, 0.000137200899189, 6.8447610829e-05, 8.94798286026e-05, 3.79078592232e-05, 3.48130743077e-05, 2.24444211199e-05, 1.42997741932e-05, 2.35298266489e-05, 1.14037866297e-05, 2.17858359974e-06, 1.64623326082e-09],
        "median": [0.00240015587769, 0.00660373130813, 0.00278022838756, 0.00201469915919, 0.00355376326479, 0.00356233888306, 0.00172472733539, 0.000749481085222, 0.000551581324544, 0.000526161689777, 0.000235290601267, 0.000208031109651, 6.35532996967e-05, 0.000100885074062, 0.000140839372762, 1.66613117472e-05, 5.20203902852e-05, 2.21357076953e-05, 1.95621250896e-05, 7.7506801972e-06, 1.74111369233e-06, 8.10335734514e-07, 6.34235391317e-07, 6.01219426244e-07, 1.99496412279e-07, 6.27804723763e-08, 5.86460824348e-10],
        "min": [9.89683286434e-08, 6.0278540559e-07, 1.43264969665e-05, 4.31541457147e-06, 6.95040725986e-05, 0.000142951539601, 5.15640131198e-05, 8.89415150596e-06, 5.928972314e-06, 9.7905713119e-06, 2.74120020549e-06, 4.20758578912e-06, 3.50150253325e-06, 3.12522092827e-06, 4.18583522332e-06, 4.10075898571e-07, 4.42782584287e-06, 4.93035201998e-07, 1.81922914066e-07, 1.12136781638e-07, 6.21861895311e-09, 8.52557313635e-09, 8.02693289614e-09, 4.87834572738e-09, 2.3222992418e-09, 5.54208935688e-11, 1.28039133115e-11],
        "var": [1.6956597392e-05, 0.000117537740152, 7.23147968529e-05, 1.23448198792e-05, 2.36700416281e-05, 3.78437071049e-05, 2.46929357672e-05, 3.0960811273e-05, 1.33343710331e-05, 3.78851405003e-06, 1.30733621972e-06, 1.71444514763e-06, 1.49363120272e-06, 3.99160711595e-07, 2.45930664278e-07, 3.76372888411e-08, 6.58814087728e-08, 2.23781491115e-08, 3.45096111687e-08, 1.02448654005e-08, 3.01571780881e-08, 1.98777829752e-08, 1.00919406165e-08, 1.78513630544e-08, 4.84642237453e-09, 1.63013991195e-10, 2.75012721712e-17]
    },
    "erbbands": {
        "dmean": [0.318923652172, 1.26375997066, 3.62387228012, 5.18447113037, 8.27396011353, 8.29600715637, 15.9725236893, 13.6838445663, 20.3984699249, 20.7240009308, 28.8328418732, 14.9709329605, 19.4381504059, 9.50558376312, 7.59637832642, 10.0207862854, 9.48695373535, 8.4156961441, 5.54034852982, 4.2969121933, 2.02994585037, 3.31322288513, 2.01899552345, 1.25972855091, 2.1836605072, 0.91452819109, 1.13517296314, 0.669342815876, 0.634914457798, 0.305725693703, 0.263293623924, 0.198928907514, 0.245748892426, 0.0958968624473, 0.0198096688837, 0.00821167975664, 0.00188019941561, 8.34640886751e-05, 7.54968414185e-06, 1.41541349876e-05],
        "dmean2": [0.557608962059, 2.15388536453, 6.03738832474, 8.53212070465, 13.7166090012, 13.9008579254, 25.3673305511, 21.1797161102, 32.2149238586, 29.1541290283, 39.9142875671, 21.2910118103, 29.2835865021, 14.4542341232, 11.2532634735, 14.5544376373, 12.9922981262, 12.1591701508, 8.20128631592, 6.32385635376, 2.97112774849, 4.7923746109, 2.88581204414, 1.83232736588, 3.24339675903, 1.36740124226, 1.66718029976, 0.959293782711, 0.94059574604, 0.417674601078, 0.338448524475, 0.289036273956, 0.310272932053, 0.125363364816, 0.0256814882159, 0.011703309603, 0.00261813215911, 0.00012300661183, 1.16384453577e-05, 2.33030623349e-05],
        "dvar": [0.176308915019, 4.07493305206, 44.8186454773, 77.3477554321, 153.873626709, 169.479217529, 763.917480469, 415.631530762, 998.963928223, 1938.68444824, 3339.48681641, 965.563110352, 1397.14221191, 295.259429932, 228.468048096, 418.665985107, 564.119140625, 409.468841553, 243.022659302, 98.2625579834, 32.6799850464, 34.6794929504, 19.3889274597, 8.27300453186, 22.7902450562, 6.35559797287, 29.0861797333, 11.9079818726, 29.7884101868, 2.39704108238, 4.04191446304, 1.74322736263, 1.75865280628, 0.363781988621, 0.0118728829548, 0.00218774215318, 0.000123857840663, 2.81165966953e-07, 1.6588362628e-10, 2.71816597008e-10],
        "dvar2": [0.521951138973, 11.5998744965, 123.182769775, 207.257598877, 428.486877441, 479.573486328, 1818.50036621, 856.605163574, 2111.29077148, 3517.42724609, 5390.6875, 1645.9329834, 3057.1550293, 587.754455566, 432.037963867, 795.059570312, 1044.9543457, 809.860961914, 592.258605957, 203.812240601, 58.0160255432, 68.1330718994, 33.1045951843, 16.2458534241, 46.8403739929, 11.972360611, 64.6315841675, 22.69049263, 75.5988540649, 3.96140623093, 7.5882024765, 2.9702937603, 2.99292683601, 0.551737427711, 0.0169402733445, 0.00384978926741, 0.000210057667573, 5.45079956282e-07, 2.68725708352e-10, 7.11578906909e-10],
        "max": [3.24288439751, 16.4453029633, 79.7459182739, 120.522888184, 127.725570679, 169.354446411, 556.976623535, 296.364135742, 561.51751709, 678.76751709, 1084.32958984, 779.725158691, 704.482421875, 259.778259277, 383.8699646, 432.476928711, 667.143920898, 344.836486816, 351.75579834, 273.83416748, 140.808380127, 133.659820557, 99.5894393921, 69.229850769, 74.5528869629, 45.1613426208, 105.580688477, 77.9208679199, 169.938186646, 47.061290741, 58.3687095642, 35.2091445923, 30.359670639, 17.429353714, 2.85486221313, 1.24247944355, 0.268916875124, 0.0149768730626, 0.000377175281756, 0.000179129681783],
        "mean": [0.418713480234, 1.73310089111, 5.92976808548, 9.32725715637, 14.1185474396, 16.415977478, 34.7266120911, 36.2326126099, 50.2921791077, 51.3880462646, 79.5306777954, 45.8125953674, 51.7322235107, 24.7016334534, 22.37383461, 29.4474601746, 26.088300705, 19.1118392944, 12.6076583862, 11.5710878372, 5.07510995865, 7.83617019653, 4.76419115067, 2.95887708664, 4.57563447952, 1.68306088448, 1.59565711021, 1.10830497742, 0.869305372238, 0.541706860065, 0.410297006369, 0.375062376261, 0.451070338488, 0.205136701465, 0.0393824055791, 0.0144529556856, 0.00327065191232, 0.000140976029797, 2.55330614891e-05, 5.09972778673e-05],
        "median": [0.273118466139, 1.12619590759, 3.12271761894, 6.39274263382, 9.23212718964, 10.6398496628, 20.2202777863, 25.3794269562, 29.9462547302, 19.4406318665, 19.7688846588, 14.2954492569, 20.923412323, 11.5654745102, 6.82145118713, 9.8471326828, 4.87727117538, 5.63026332855, 5.47041511536, 6.08980989456, 1.6927126646, 2.95165109634, 1.64164054394, 0.807709515095, 1.04566919804, 0.417511820793, 0.161367505789, 0.0332879908383, 0.0267673339695, 0.0373179502785, 0.014851947315, 0.00984371453524, 0.00961108505726, 0.00253395666368, 0.00135662523098, 0.000581322237849, 8.01460118964e-05, 6.74199964124e-06, 2.22343296628e-05, 4.95942258567e-05],
        "min": [6.68069260428e-05, 0.000891640607733, 0.0275539942086, 0.0803032666445, 0.294470816851, 0.480618804693, 0.802669465542, 1.58675277233, 1.19079852104, 0.862817585468, 0.427297264338, 0.2154738307, 0.503195345402, 0.260759949684, 0.371467351913, 0.478741437197, 0.381555050611, 0.281047165394, 0.458602368832, 0.220689594746, 0.0618155933917, 0.272376060486, 0.0886575505137, 0.0172182749957, 0.0110740363598, 0.00506831612438, 0.00229251687415, 0.000735560955945, 0.000504123978317, 0.000315363693517, 0.000176584435394, 0.000149120707647, 0.000136013928568, 4.06964754802e-05, 3.27582092723e-05, 9.53036214923e-06, 2.64417576545e-06, 3.99383850436e-07, 2.2504559638e-06, 5.24590268469e-06],
        "var": [0.223582983017, 4.93788957596, 66.4031219482, 110.398918152, 219.527313232, 394.009124756, 2303.91186523, 1391.09729004, 3715.81665039, 7922.31933594, 19402.0976562, 7047.01318359, 5568.90771484, 1203.31420898, 1940.5657959, 2825.00732422, 3826.57666016, 1308.61303711, 705.837341309, 351.155853271, 118.654983521, 197.915924072, 93.3537826538, 39.6529960632, 90.3562469482, 17.7790660858, 52.8698539734, 35.9421958923, 38.7852478027, 7.40620565414, 9.11723995209, 5.54998207092, 6.34872245789, 1.56642687321, 0.0537228286266, 0.00683310301974, 0.000416807451984, 8.46341379201e-07, 6.74317934823e-10, 5.95018201377e-10]
    },
    "gfcc": {
        "mean": [-60.0914649963, 194.477554321, -116.680213928, 8.4802312851, -40.4586486816, -5.04849481583, -31.0970001221, 2.55949807167, -12.6071949005, -7.13481473923, 0.329224586487, -12.2229309082, 0.612430870533],
        "cov": [[2491.05932617, -1451.79284668, -246.322875977, 526.852478027, -769.364074707, 314.573699951, -167.088500977, 282.257751465, -146.966751099, 149.209106445, -1.44564318657, -39.8391265869, -243.947921753], [-1451.79284668, 1506.16699219, 77.1739730835, -459.482208252, 783.15637207, -222.867553711, 263.459899902, -141.12387085, 190.598556519, -146.332870483, 97.7928543091, 1.3047208786, 126.695556641], [-246.322875977, 77.1739730835, 567.564453125, 264.492675781, 173.964523315, 116.131843567, 66.7962646484, -6.4904384613, 63.5132598877, 66.0381164551, -21.6186714172, 53.4808921814, 71.4305648804], [526.852478027, -459.482208252, 264.492675781, 657.83605957, -78.103843689, 108.220550537, -29.3045368195, 11.0247087479, 27.5287399292, 94.4033203125, -21.8111534119, 14.3224058151, 28.9375305176], [-769.364074707, 783.15637207, 173.964523315, -78.103843689, 659.053405762, -72.1433181763, 113.472679138, -36.6342964172, 136.125900269, -28.8050117493, 37.6583328247, 46.7864112854, 115.885070801], [314.573699951, -222.867553711, 116.131843567, 108.220550537, -72.1433181763, 214.232711792, 21.3194904327, 46.6458206177, 29.6752243042, 44.456287384, -18.1127510071, 9.79425621033, -20.9251461029], [-167.088500977, 263.459899902, 66.7962646484, -29.3045368195, 113.472679138, 21.3194904327, 247.084197998, -21.5422267914, 30.4919662476, 26.4251461029, -26.735042572, 9.30121231079, 37.2341499329], [282.257751465, -141.12387085, -6.4904384613, 11.0247087479, -36.6342964172, 46.6458206177, -21.5422267914, 161.111251831, -6.17290258408, 5.83479690552, 35.3427810669, -2.06227660179, -22.3498268127], [-146.966751099, 190.598556519, 63.5132598877, 27.5287399292, 136.125900269, 29.6752243042, 30.4919662476, -6.17290258408, 136.559158325, -6.66397571564, 28.8527507782, 24.1372184753, 16.486536026], [149.209106445, -146.332870483, 66.0381164551, 94.4033203125, -28.8050117493, 44.456287384, 26.4251461029, 5.83479690552, -6.66397571564, 112.638122559, -18.1357517242, 11.039773941, -0.115664146841], [-1.44564318657, 97.7928543091, -21.6186714172, -21.8111534119, 37.6583328247, -18.1127510071, -26.735042572, 35.3427810669, 28.8527507782, -18.1357517242, 128.449310303, 2.68198990822, -26.7714729309], [-39.8391265869, 1.3047208786, 53.4808921814, 14.3224058151, 46.7864112854, 9.79425621033, 9.30121231079, -2.06227660179, 24.1372184753, 11.039773941, 2.68198990822, 108.075210571, 27.0035610199], [-243.947921753, 126.695556641, 71.4305648804, 28.9375305176, 115.885070801, -20.9251461029, 37.2341499329, -22.3498268127, 16.486536026, -0.115664146841, -26.7714729309, 27.0035610199, 129.617736816]],
        "icov": [[0.00190050457604, -0.000115802919026, 0.00157601467799, -0.00176278001163, 0.000846596143674, -0.00184614560567, 9.11013194127e-05, -0.00224145432003, 0.00107986922376, -0.000904749264009, 0.000222223243327, -0.00069830310531, 0.00180069322232], [-0.000115802919026, 0.0120593039319, -0.00281721143983, 0.00607667630538, -0.00871376506984, 0.00615538982674, -0.00813994556665, 0.00618358422071, -0.00653676176444, 0.00732694705948, -0.00648225611076, 0.00562919955701, -0.00129432394169], [0.00157601467799, -0.00281721143983, 0.00492624891922, -0.00380691257305, 0.00171114387922, -0.00434755254537, 0.00170345406514, -0.0029310695827, 0.00263493554667, -0.0028660276439, 0.001688785851, -0.00249489140697, 0.00115938321687], [-0.00176278001163, 0.00607667630538, -0.00380691257305, 0.00688541773707, -0.00447330437601, 0.00451884698123, -0.00351088657044, 0.00508499518037, -0.00493788905442, 0.0031027677469, -0.00344585999846, 0.00378321669996, -0.0029514064081], [0.000846596143674, -0.00871376506984, 0.00171114387922, -0.00447330437601, 0.00953710824251, -0.00379704707302, 0.00520160840824, -0.00543766422197, 0.00271620857529, -0.00544746546075, 0.00413012085482, -0.00432498008013, -1.41261136832e-06], [-0.00184614560567, 0.00615538982674, -0.00434755254537, 0.00451884698123, -0.00379704707302, 0.0122808972374, -0.0048162760213, 0.00300496816635, -0.00704701384529, 0.00331164314412, -0.00188545475248, 0.00333508336917, -0.00101005169563], [9.11013194127e-05, -0.00813994556665, 0.00170345406514, -0.00351088657044, 0.00520160840824, -0.0048162760213, 0.0104784704745, -0.00379236368462, 0.00389048014767, -0.00637185247615, 0.00524414237589, -0.00342787988484, 0.000177690249984], [-0.00224145432003, 0.00618358422071, -0.0029310695827, 0.00508499518037, -0.00543766422197, 0.00300496816635, -0.00379236368462, 0.0131721608341, -0.00332714710385, 0.00457098521292, -0.00599157717079, 0.00361943873577, -0.0026396450121], [0.00107986922376, -0.00653676176444, 0.00263493554667, -0.00493788905442, 0.00271620857529, -0.00704701384529, 0.00389048014767, -0.00332714710385, 0.0153781101108, -0.00302132265642, 0.00118542183191, -0.00478765135631, 0.00209829350933], [-0.000904749264009, 0.00732694705948, -0.0028660276439, 0.0031027677469, -0.00544746546075, 0.00331164314412, -0.00637185247615, 0.00457098521292, -0.00302132265642, 0.0162701848894, -0.00330252805725, 0.00256653968245, -0.000772318919189], [0.000222223243327, -0.00648225611076, 0.001688785851, -0.00344585999846, 0.00413012085482, -0.00188545475248, 0.00524414237589, -0.00599157717079, 0.00118542183191, -0.00330252805725, 0.0137520963326, -0.00353994569741, 0.00348063907586], [-0.00069830310531, 0.00562919955701, -0.00249489140697, 0.00378321669996, -0.00432498008013, 0.00333508336917, -0.00342787988484, 0.00361943873577, -0.00478765135631, 0.00256653968245, -0.00353994569741, 0.0132789770141, -0.00315862963907], [0.00180069322232, -0.00129432394169, 0.00115938321687, -0.0029514064081, -1.41261136832e-06, -0.00101005169563, 0.000177690249984, -0.0026396450121, 0.00209829350933, -0.000772318919189, 0.00348063907586, -0.00315862963907, 0.0128305051476]]
    },
    "melbands": {
        "dmean": [0.00225381762721, 0.00168175983708, 0.000944015861023, 0.000587255810387, 0.000473494670587, 0.000344952044543, 0.000308595801471, 0.000221732698265, 0.000234848877881, 9.04476110009e-05, 9.65631625149e-05, 3.73951224901e-05, 3.05441353703e-05, 2.29902434512e-05, 2.40807949012e-05, 2.09719237318e-05, 1.71806659637e-05, 9.37075674301e-06, 8.18855551188e-06, 3.75128706764e-06, 2.5026804451e-06, 3.76078605768e-06, 3.10543987325e-06, 1.01477485259e-06, 1.02770684407e-06, 1.95976394934e-06, 1.11058614038e-06, 5.51976825136e-07, 6.89868215886e-07, 7.43306316053e-07, 2.95266460171e-07, 3.80719228588e-07, 2.97935031313e-07, 1.53446464424e-07, 1.75753683607e-07, 1.27387679072e-07, 1.35874316243e-07, 1.7009476494e-07, 1.70760401375e-07, 6.23772820063e-08],
        "dmean2": [0.00393051467836, 0.00281213666312, 0.00155302463099, 0.000980269862339, 0.000752748106606, 0.00053728261264, 0.000478334375657, 0.00030908244662, 0.000327113084495, 0.000127103528939, 0.000145293262904, 5.70919764868e-05, 4.62709431304e-05, 3.3714237361e-05, 3.37556703016e-05, 2.90997086267e-05, 2.49555214396e-05, 1.42879571285e-05, 1.2089253687e-05, 5.65805066799e-06, 3.85949078918e-06, 5.62096283829e-06, 4.40593612439e-06, 1.53111773216e-06, 1.51316612573e-06, 2.93158200293e-06, 1.71265730842e-06, 8.20497348286e-07, 1.00234228739e-06, 1.16954549867e-06, 3.85518006851e-07, 5.7321432223e-07, 4.28069284908e-07, 2.18581376998e-07, 2.50589692996e-07, 1.62095446399e-07, 1.99319075023e-07, 2.37769114619e-07, 2.36863670011e-07, 7.61477210176e-08],
        "dvar": [8.46922466735e-06, 9.40592872212e-06, 2.29703641708e-06, 7.58874534768e-07, 5.95572657858e-07, 2.39149699155e-07, 2.27128680308e-07, 1.96135218289e-07, 2.09167950516e-07, 3.91451209225e-08, 3.38031256319e-08, 4.55517801257e-09, 3.76323816553e-09, 2.163740076e-09, 2.91664470353e-09, 2.84501622261e-09, 1.94890303895e-09, 7.56737172924e-10, 2.22957180496e-10, 9.07407968209e-11, 4.82993228745e-11, 4.2714453502e-11, 5.40150736639e-11, 4.14700392082e-12, 6.14511870209e-12, 2.11441558706e-11, 6.02369543135e-12, 2.99881820764e-12, 1.02068440505e-11, 1.710313835e-11, 2.17324790976e-12, 1.24900792833e-11, 3.10825367181e-12, 7.57936790587e-13, 1.98240729388e-12, 7.09821524475e-13, 7.86702408946e-13, 8.18046531122e-13, 1.06948163433e-12, 1.47440843172e-13],
        "dvar2": [2.44280618062e-05, 2.61192453763e-05, 6.22061634203e-06, 2.13128214455e-06, 1.46187562677e-06, 4.91183186568e-07, 4.43376279691e-07, 3.49905604935e-07, 3.51788173703e-07, 6.59095533706e-08, 7.37452907629e-08, 9.13246100964e-09, 7.86553400189e-09, 4.40654712719e-09, 4.93520868616e-09, 5.12777154071e-09, 3.86254095375e-09, 1.86195825425e-09, 4.38007380366e-10, 1.6130478897e-10, 9.608642354e-11, 9.01964405942e-11, 9.21185280833e-11, 8.25901326496e-12, 1.23959202278e-11, 4.39265498975e-11, 1.31070267487e-11, 5.75309721737e-12, 1.98365265186e-11, 4.42341961671e-11, 3.0726374136e-12, 3.21596985153e-11, 7.33230316741e-12, 1.24451805198e-12, 4.45086068696e-12, 1.01572298749e-12, 1.50950595339e-12, 1.51731849741e-12, 1.90572817943e-12, 2.31985112543e-13],
        "max": [0.0238325353712, 0.0349643081427, 0.0214895643294, 0.0100154355168, 0.0145166544244, 0.00825142860413, 0.0075321351178, 0.00813433434814, 0.00778376264498, 0.0049866293557, 0.00343474396504, 0.000977716175839, 0.00113596266601, 0.00101062771864, 0.00151989387814, 0.00117226957809, 0.000784801726695, 0.000554997241125, 0.000420164898969, 0.000241308123805, 0.000166970712598, 0.000126406579511, 0.000145139245433, 4.21220756834e-05, 5.89390911045e-05, 6.25279717497e-05, 3.72083377442e-05, 3.30184302584e-05, 6.7214743467e-05, 8.28697884572e-05, 4.52198291896e-05, 0.000108963860839, 5.36626466783e-05, 2.96241505566e-05, 3.96141404053e-05, 2.85731421172e-05, 2.35389434238e-05, 1.95862430701e-05, 2.3574944862e-05, 1.14146459964e-05],
        "mean": [0.00337594444863, 0.00282737868838, 0.00178493198473, 0.00111792585813, 0.00106190727092, 0.000923316343687, 0.000770148530137, 0.000555638165679, 0.000645346939564, 0.000264439062448, 0.00024819347891, 9.19770172914e-05, 7.77198874857e-05, 6.75084156683e-05, 6.84750266373e-05, 5.28283053427e-05, 3.36574812536e-05, 1.88638950931e-05, 2.03071540454e-05, 8.74780471349e-06, 5.36310972166e-06, 8.25887764222e-06, 6.98684016243e-06, 2.18261470764e-06, 2.2237027224e-06, 4.04188722314e-06, 2.08619417208e-06, 8.82253004875e-07, 9.92262130239e-07, 9.47311264099e-07, 5.1331613804e-07, 4.76992283893e-07, 4.49537054692e-07, 2.57631455725e-07, 2.49621479043e-07, 2.04386182645e-07, 2.36665371744e-07, 2.95517367022e-07, 3.32734970243e-07, 1.18751891875e-07],
        "median": [0.00227694702335, 0.00173829356208, 0.00131066981703, 0.000754835898988, 0.000655453768559, 0.0006517264992, 0.000438563758507, 0.00018380205438, 0.000158368580742, 8.46622278914e-05, 0.000100566598121, 3.8558995584e-05, 2.42637906922e-05, 2.18849163502e-05, 2.04573134397e-05, 6.08649270362e-06, 1.03852898974e-05, 6.36478580418e-06, 1.16416867968e-05, 3.50134200744e-06, 1.40812483096e-06, 3.17344461109e-06, 1.91628942048e-06, 7.9909904116e-07, 5.2198714684e-07, 7.66138384733e-07, 4.45563841822e-07, 1.6924964541e-07, 1.00165017614e-07, 3.79864779632e-08, 8.18340684106e-09, 6.48285070071e-09, 1.5844841883e-08, 1.87489614945e-08, 7.29126004018e-09, 3.99119670647e-09, 4.42223324626e-09, 6.83287959546e-09, 3.88869114687e-09, 8.91591300789e-10],
        "min": [5.21834749634e-07, 6.7362543632e-06, 1.76641660801e-05, 1.20831446111e-05, 2.24602117669e-05, 3.38215941156e-05, 1.17867894005e-05, 3.58549959856e-06, 2.37332028519e-06, 1.15095872388e-06, 1.43049032886e-06, 9.50821231527e-07, 4.60490241494e-07, 9.89775116977e-07, 8.67002597715e-07, 3.30093769207e-07, 3.51346756133e-07, 3.22424995147e-07, 3.19255065051e-07, 5.29917478787e-08, 5.66425626403e-08, 2.58153704635e-07, 1.46143150914e-07, 1.28138974986e-08, 8.0626714194e-09, 4.00958910518e-09, 4.8769908112e-09, 1.26045729409e-09, 1.00530417324e-09, 1.76966052923e-10, 3.92911571334e-12, 8.19842718019e-12, 3.38497307441e-12, 1.07746672695e-10, 7.54929591062e-11, 6.13811388869e-12, 4.27798204847e-12, 8.11474706874e-11, 1.24902553578e-11, 3.21513085252e-12],
