{
"highlevel": {
    "danceability": {
        "all": {
            "danceable": 0.787973403931,
            "not_danceable": 0.21202661097
        },
        "probability": 0.787973403931,
        "value": "danceable"
    },
    "gender": {
        "all": {
            "female": 0.360873937607,
            "male": 0.639126062393
        },
        "probability": 0.639126062393,
        "value": "male"
    },
    "genre_dortmund": {
        "all": {
            "alternative": 0.221466451883,
            "blues": 0.0225871130824,
            "electronic": 0.00856328662485,
            "folkcountry": 0.0647637397051,
            "funksoulrnb": 0.0127658694983,
            "jazz": 0.0215127728879,
            "pop": 0.0486319772899,
            "raphiphop": 0.00242160959169,
            "rock": 0.59728717804
        },
        "probability": 0.59728717804,
        "value": "rock"
    },
    "genre_electronic": {
        "all": {
            "ambient": 0.314954102039,
            "dnb": 0.102184690535,
            "house": 0.0894042849541,
            "techno": 0.014829095453,
            "trance": 0.478627830744
        },
        "probability": 0.478627830744,
        "value": "trance"
    },
    "genre_rosamerica": {
        "all": {
            "cla": 0.000672310357913,
            "dan": 0.0254636052996,
            "hip": 0.00264113885351,
            "jaz": 0.00647584162652,
            "pop": 0.355461329222,
            "rhy": 0.0129361124709,
            "roc": 0.595631837845,
            "spe": 0.000717844406608
        },
        "probability": 0.595631837845,
        "value": "roc"
    },
    "genre_tzanetakis": {
        "all": {
            "blu": 0.0626541376114,
            "cla": 0.0348133966327,
            "cou": 0.0783501937985,
            "dis": 0.104547761381,
            "hip": 0.15693578124,
            "jaz": 0.313987255096,
            "met": 0.044816005975,
            "pop": 0.0627349764109,
            "reg": 0.0627352520823,
            "roc": 0.0784252434969
        },
        "probability": 0.313987255096,
        "value": "jaz"
    },
    "ismir04_rhythm": {
        "all": {
            "ChaChaCha": 0.152090191841,
            "Jive": 0.026808321476,
            "Quickstep": 0.603228330612,
            "Rumba-American": 0.0149397132918,
            "Rumba-International": 0.0121024418622,
            "Rumba-Misc": 0.00629316270351,
            "Samba": 0.118023999035,
            "Tango": 0.0287143588066,
            "VienneseWaltz": 0.033664919436,
            "Waltz": 0.00413457583636
        },
        "probability": 0.603228330612,
        "value": "Quickstep"
    },
    "mood_acoustic": {
        "all": {
            "acoustic": 0.026863059029,
            "not_acoustic": 0.97313696146
        },
        "probability": 0.97313696146,
        "value": "not_acoustic"
    },
    "mood_aggressive": {
        "all": {
            "aggressive": 0.727423906326,
            "not_aggressive": 0.272576093674
        },
        "probability": 0.727423906326,
        "value": "aggressive"
    },
    "mood_electronic": {
        "all": {
            "electronic": 0.250945836306,
            "not_electronic": 0.749054193497
        },
        "probability": 0.749054193497,
        "value": "not_electronic"
    },
    "mood_happy": {
        "all": {
            "happy": 0.742783010006,
            "not_happy": 0.257217019796
        },
        "probability": 0.742783010006,
        "value": "happy"
    },
    "mood_party": {
        "all": {
            "not_party": 0.554008066654,
            "party": 0.445991903543
        },
        "probability": 0.554008066654,
        "value": "not_party"
    },
    "mood_relaxed": {
        "all": {
            "not_relaxed": 0.972196161747,
            "relaxed": 0.0278038643301
        },
        "probability": 0.972196161747,
        "value": "not_relaxed"
    },
    "mood_sad": {
        "all": {
            "not_sad": 0.586265683174,
            "sad": 0.413734316826
        },
        "probability": 0.586265683174,
        "value": "not_sad"
    },
    "moods_mirex": {
        "all": {
            "Cluster1": 0.612492322922,
            "Cluster2": 0.098740555346,
            "Cluster3": 0.13924126327,
            "Cluster4": 0.0863492339849,
            "Cluster5": 0.0631765946746
        },
        "probability": 0.612492322922,
        "value": "Cluster1"
    },
    "timbre": {
        "all": {
            "bright": 0.945895791054,
            "dark": 0.0541042163968
        },
        "probability": 0.945895791054,
        "value": "bright"
    },
    "tonal_atonal": {
        "all": {
            "atonal": 0.000372043257812,
            "tonal": 0.999627947807
        },
        "probability": 0.999627947807,
        "value": "tonal"
    },
    "voice_instrumental": {
        "all": {
            "instrumental": 0.00601317919791,
            "voice": 0.993986845016
        },
        "probability": 0.993986845016,
        "value": "voice"
    }
},
"lowlevel": {
    "average_loudness": 0.977993667126,
    "barkbands_crest": {
        "dmean": 2.55253481865,
        "dmean2": 4.23484182358,
        "dvar": 5.60648107529,
        "dvar2": 15.6687498093,
        "max": 23.2136631012,
        "mean": 9.20404815674,
        "median": 8.72553634644,
        "min": 3.07325053215,
        "var": 10.1309909821
    },
    "barkbands_flatness_db": {
        "dmean": 0.0245436802506,
        "dmean2": 0.0372781939805,
        "dvar": 0.000452226027846,
        "dvar2": 0.00118578935508,
        "max": 0.271438419819,
        "mean": 0.134433612227,
        "median": 0.132850825787,
        "min": 0.052502155304,
        "var": 0.00123568705749
    },
    "barkbands_kurtosis": {
        "dmean": 2.60944795609,
        "dmean2": 4.40705728531,
        "dvar": 20.4364547729,
        "dvar2": 55.4536094666,
        "max": 47.4958534241,
        "mean": 2.37085008621,
        "median": 1.02320814133,
        "min": -1.75708544254,
        "var": 21.2416610718
    },
    "barkbands_skewness": {
        "dmean": 0.600766301155,
        "dmean2": 0.958773493767,
        "dvar": 0.408853679895,
        "dvar2": 1.07541310787,
        "max": 6.21257162094,
        "mean": 1.34779369831,
        "median": 1.20105469227,
        "min": -1.19653344154,
        "var": 0.857322454453
    },
    "barkbands_spread": {
        "dmean": 8.82557106018,
        "dmean2": 13.7584009171,
        "dvar": 92.0608215332,
        "dvar2": 218.407974243,
        "max": 86.4469070435,
        "mean": 27.407087326,
        "median": 24.4642963409,
        "min": 2.65564990044,
        "var": 174.512695312
    },
    "dissonance": {
        "dmean": 0.0205934699625,
        "dmean2": 0.0338405482471,
        "dvar": 0.000365433195839,
        "dvar2": 0.000983650330454,
        "max": 0.499254226685,
        "mean": 0.460884451866,
        "median": 0.466904819012,
        "min": 0.319830387831,
        "var": 0.000768360914662
    },
    "dynamic_complexity": 1.5143699646,
    "erbbands_crest": {
        "dmean": 2.82589626312,
        "dmean2": 4.56263399124,
        "dvar": 7.85747098923,
        "dvar2": 20.3263435364,
        "max": 26.552816391,
        "mean": 9.16295337677,
        "median": 7.74938678741,
        "min": 2.58445191383,
        "var": 23.4268226624
    },
    "erbbands_flatness_db": {
        "dmean": 0.020316163078,
        "dmean2": 0.0295477639884,
        "dvar": 0.00031237929943,
        "dvar2": 0.00063911190955,
        "max": 0.283567100763,
        "mean": 0.139569148421,
        "median": 0.134347140789,
        "min": 0.0618460848927,
        "var": 0.00130410376005
    },
    "erbbands_kurtosis": {
        "dmean": 1.12582981586,
        "dmean2": 1.79244506359,
        "dvar": 2.22293806076,
        "dvar2": 5.93651533127,
        "max": 14.7879199982,
        "mean": 1.1287612915,
        "median": 0.369542121887,
        "min": -1.73930358887,
        "var": 5.27175045013
    },
    "erbbands_skewness": {
        "dmean": 0.401142448187,
        "dmean2": 0.627595186234,
        "dvar": 0.125145152211,
        "dvar2": 0.315119326115,
        "max": 2.49621629715,
        "mean": 0.271758019924,
        "median": 0.22831505537,
        "min": -2.0658621788,
        "var": 0.448700547218
    },
    "erbbands_spread": {
        "dmean": 10.7736139297,
        "dmean2": 16.5002498627,
        "dvar": 130.871826172,
        "dvar2": 297.11114502,
        "max": 155.883209229,
        "mean": 38.7491111755,
        "median": 35.9862594604,
        "min": 5.98154830933,
        "var": 384.654602051
    },
    "hfc": {
        "dmean": 13.3675537109,
        "dmean2": 18.8767986298,
        "dvar": 173.19442749,
        "dvar2": 358.345245361,
        "max": 141.867141724,
        "mean": 35.7754096985,
        "median": 31.1329135895,
        "min": 2.62437534332,
        "var": 471.6355896
    },
    "melbands_crest": {
        "dmean": 2.79510474205,
        "dmean2": 4.56301784515,
        "dvar": 6.56177139282,
        "dvar2": 17.0546321869,
        "max": 25.5289802551,
        "mean": 13.3829622269,
        "median": 12.8870563507,
        "min": 5.6887140274,
        "var": 16.7316074371
    },
    "melbands_flatness_db": {
        "dmean": 0.0318758301437,
        "dmean2": 0.0481814295053,
        "dvar": 0.000848022871651,
        "dvar2": 0.00218562409282,
        "max": 0.361297398806,
        "mean": 0.191821604967,
        "median": 0.191289767623,
        "min": 0.0529391728342,
        "var": 0.00227292510681
    },
    "melbands_kurtosis": {
        "dmean": 8.28796672821,
        "dmean2": 13.8558292389,
        "dvar": 215.99697876,
        "dvar2": 585.580078125,
        "max": 158.194244385,
        "mean": 11.3653335571,
        "median": 6.22567844391,
        "min": -1.45357882977,
        "var": 249.386627197
    },
    "melbands_skewness": {
        "dmean": 0.91173607111,
        "dmean2": 1.4431232214,
        "dvar": 1.02844238281,
        "dvar2": 2.61991596222,
        "max": 10.996424675,
        "mean": 2.55902099609,
        "median": 2.34139823914,
        "min": -0.713356018066,
        "var": 2.52817416191
    },
    "melbands_spread": {
        "dmean": 8.1344127655,
        "dmean2": 12.8172369003,
        "dvar": 68.5990524292,
        "dvar2": 170.683547974,
        "max": 87.4689331055,
        "mean": 24.8135299683,
        "median": 23.452911377,
        "min": 2.0573413372,
        "var": 135.01260376
    },
    "pitch_salience": {
        "dmean": 0.065787807107,
        "dmean2": 0.109018206596,
        "dvar": 0.00408403808251,
        "dvar2": 0.0110635217279,
        "max": 0.774834811687,
        "mean": 0.516784310341,
        "median": 0.516717851162,
        "min": 0.183680891991,
        "var": 0.00864105299115
    },
    "silence_rate_20dB": {
        "dmean": 0,
        "dmean2": 0,
        "dvar": 0,
        "dvar2": 0,
        "max": 1,
        "mean": 1,
        "median": 1,
        "min": 1,
        "var": 0
    },
    "silence_rate_30dB": {
        "dmean": 0.0201238393784,
        "dmean2": 0.0402788519859,
        "dvar": 0.0197187829763,
        "dvar2": 0.055697735399,
        "max": 1,
        "mean": 0.988399088383,
        "median": 1,
        "min": 0,
        "var": 0.0114662433043
    },
    "silence_rate_60dB": {
        "dmean": 0,
        "dmean2": 0,
        "dvar": 0,
        "dvar2": 0,
        "max": 0,
        "mean": 0,
        "median": 0,
        "min": 0,
        "var": 0
    },
    "spectral_centroid": {
        "dmean": 300.664978027,
        "dmean2": 465.787902832,
        "dvar": 109228.867188,
        "dvar2": 261326.578125,
        "max": 3397.39086914,
        "mean": 1292.68078613,
        "median": 1182.07824707,
        "min": 258.975250244,
        "var": 263775.59375
    },
    "spectral_complexity": {
        "dmean": 4.57585144043,
        "dmean2": 6.67002344131,
        "dvar": 19.2859687805,
        "dvar2": 35.9142875671,
        "max": 52,
        "mean": 23.7463264465,
        "median": 23,
        "min": 6,
        "var": 54.4197731018
    },
    "spectral_decrease": {
        "dmean": 3.90348908752e-09,
        "dmean2": 6.26435836537e-09,
        "dvar": 3.28530066573e-17,
        "dvar2": 8.31148167818e-17,
        "max": -1.52267187747e-09,
        "mean": -1.11013358506e-08,
        "median": -9.54788337282e-09,
        "min": -4.6108066698e-08,
        "var": 3.6323029327e-17
    },
    "spectral_energy": {
        "dmean": 0.0153883378953,
        "dmean2": 0.0241860914975,
        "dvar": 0.000466630095616,
        "dvar2": 0.00116633565631,
        "max": 0.17640003562,
        "mean": 0.0451439134777,
        "median": 0.0391413867474,
        "min": 0.00598495220765,
        "var": 0.000559157109819
    },
    "spectral_energyband_high": {
        "dmean": 0.00117720849812,
        "dmean2": 0.0017080536345,
        "dvar": 2.47696902989e-06,
        "dvar2": 4.96825896334e-06,
        "max": 0.0156057700515,
        "mean": 0.00174866360612,
        "median": 0.000850626558531,
        "min": 1.37473771247e-05,
        "var": 5.0156800171e-06
    },
    "spectral_energyband_low": {
        "dmean": 0.010658451356,
        "dmean2": 0.0182039961219,
        "dvar": 0.000432335829828,
        "dvar2": 0.00113300234079,
        "max": 0.163122326136,
        "mean": 0.0205427724868,
        "median": 0.01646495983,
        "min": 0.00050447252579,
        "var": 0.000371121772332
    },
    "spectral_energyband_middle_high": {
        "dmean": 0.00404373649508,
        "dmean2": 0.00613135751337,
        "dvar": 2.35958596022e-05,
        "dvar2": 5.86163187108e-05,
        "max": 0.0510250031948,
        "mean": 0.010275233537,
        "median": 0.00825963448733,
        "min": 0.000275281665381,
        "var": 6.14686505287e-05
    },
    "spectral_energyband_middle_low": {
        "dmean": 0.00647002458572,
        "dmean2": 0.0106891263276,
        "dvar": 8.02918657428e-05,
        "dvar2": 0.000213022343814,
        "max": 0.0884479656816,
        "mean": 0.0148469237611,
        "median": 0.0124669801444,
        "min": 0.001560511766,
        "var": 0.000107009022031
    },
    "spectral_entropy": {
        "dmean": 0.232143417001,
        "dmean2": 0.322354644537,
        "dvar": 0.0365205667913,
        "dvar2": 0.077023178339,
        "max": 8.48274517059,
        "mean": 7.64622831345,
        "median": 7.63721752167,
        "min": 6.3231010437,
        "var": 0.13721460104
    },
    "spectral_flux": {
        "dmean": 0.0345168821514,
        "dmean2": 0.0527490712702,
        "dvar": 0.00147695932537,
        "dvar2": 0.0027377915103,
        "max": 0.31879234314,
        "mean": 0.109452746809,
        "median": 0.0954626947641,
        "min": 0.0264992918819,
        "var": 0.00289769680239
    },
    "spectral_kurtosis": {
        "dmean": 1.61376368999,
        "dmean2": 2.428429842,
        "dvar": 2.74203491211,
        "dvar2": 6.25085687637,
        "max": 17.4471073151,
        "mean": 3.83190703392,
        "median": 3.48860311508,
        "min": -0.835646390915,
        "var": 6.60618305206
    },
    "spectral_rms": {
        "dmean": 0.00103822024539,
        "dmean2": 0.00158463104162,
        "dvar": 1.50833182033e-06,
        "dvar2": 3.58934744327e-06,
        "max": 0.0131185976788,
        "mean": 0.00645696884021,
        "median": 0.00617954041809,
        "min": 0.00241639767773,
        "var": 2.35045718e-06
    },
    "spectral_rolloff": {
        "dmean": 670.564025879,
        "dmean2": 1159.22399902,
        "dvar": 1280472.75,
        "dvar2": 3272456.75,
        "max": 9345.41015625,
        "mean": 1433.4630127,
        "median": 1248.92578125,
        "min": 86.1328125,
        "var": 1353453.25
    },
    "spectral_skewness": {
        "dmean": 0.289986044168,
        "dmean2": 0.429762423038,
        "dvar": 0.0777978897095,
        "dvar2": 0.173107236624,
        "max": 3.28465080261,
        "mean": 1.63209486008,
        "median": 1.66739809513,
        "min": 0.203025221825,
        "var": 0.239489987493
    },
    "spectral_spread": {
        "dmean": 1017254.8125,
        "dmean2": 1507995.5,
        "dvar": 1.39917092454e+12,
        "dvar2": 2.89148921446e+12,
        "max": 18653378,
        "mean": 5550765,
        "median": 5305010,
        "min": 1847647.5,
        "var": 3.083567104e+12
    },
    "spectral_strongpeak": {
        "dmean": 0.755282402039,
        "dmean2": 1.29201519489,
        "dvar": 1.6686643362,
        "dvar2": 4.06218338013,
        "max": 10.1961669922,
        "mean": 1.10529470444,
        "median": 0.485683828592,
        "min": 0.0564684011042,
        "var": 2.4892976284
    },
    "zerocrossingrate": {
        "dmean": 0.0147637054324,
        "dmean2": 0.0175720732659,
        "dvar": 0.000198726746021,
        "dvar2": 0.000293238059385,
        "max": 0.185546875,
        "mean": 0.0651736482978,
        "median": 0.05908203125,
        "min": 0.01171875,
        "var": 0.000772429048084
    },
    "barkbands": {
        "dmean": [0.000262349960394, 0.00768124498427, 0.00420536380261, 0.00215601432137, 0.0021835246589, 0.00114779605065, 0.000632211449556, 0.000726823811419, 0.00221101264469, 0.00103069399484, 0.00120810128283, 0.000676167430356, 0.00140954845119, 0.000518448592629, 0.000441514712293, 0.000402392208343, 0.000276751816273, 0.000165579942404, 0.000161105926964, 0.000335815770086, 0.000129799402202, 0.000211969658267, 0.000334620912326, 0.000219742854824, 0.000191325845663, 9.31941249291e-05, 1.51275685312e-08],
        "dmean2": [0.000454504217487, 0.0132082458586, 0.00729590421543, 0.00379352737218, 0.00364132714458, 0.00192314037122, 0.00101418746635, 0.00114081893116, 0.00336089450866, 0.00155677320436, 0.00185512797907, 0.00103328435216, 0.00225774082355, 0.000819690758362, 0.000723591598216, 0.000641647551674, 0.000450205436209, 0.000263701804215, 0.000232647915254, 0.000574208504986, 0.000199423433514, 0.000302530126646, 0.000490335281938, 0.000324285501847, 0.000303302047541, 0.000153334854986, 2.74120921517e-08],
        "dvar": [3.82263891652e-07, 0.000259648717474, 6.07959591434e-05, 1.76499597728e-05, 1.91030994756e-05, 4.49267508884e-06, 1.22057986118e-06, 3.2644145449e-06, 1.70846324181e-05, 4.20688820668e-06, 7.57529278417e-06, 2.14730175685e-06, 1.08183548946e-05, 2.24889549827e-06, 4.24335013349e-07, 2.85702299152e-07, 1.14103457349e-07, 5.33948814052e-08, 5.6595315101e-08, 4.98748420341e-07, 4.05822859761e-08, 1.16818078766e-07, 2.55197790011e-07, 1.04197525275e-07, 9.97798608182e-08, 2.39192736728e-08, 4.01138159622e-15],
        "dvar2": [1.09345535293e-06, 0.000702535675373, 0.000172271713382, 4.94415435242e-05, 5.13178456458e-05, 1.23182899188e-05, 3.01106433653e-06, 8.05179934105e-06, 3.89644228562e-05, 9.49746390688e-06, 1.776168574e-05, 4.83111125504e-06, 2.97731021419e-05, 5.20954881722e-06, 1.13481530661e-06, 7.04408876118e-07, 2.99882231047e-07, 1.3893968287e-07, 1.10502377026e-07, 1.40397207815e-06, 8.571210941e-08, 2.24187800768e-07, 5.04085505781e-07, 2.24364157475e-07, 2.52840948178e-07, 5.98286078457e-08, 1.10068568775e-14],
        "max": [0.006868023891, 0.136706769466, 0.0676148831844, 0.039517134428, 0.0436037108302, 0.0305726658553, 0.0159736927599, 0.0247325561941, 0.0616764873266, 0.0268731880933, 0.0438831709325, 0.0259283129126, 0.0381002761424, 0.0253153610975, 0.00919410213828, 0.00640068482608, 0.00322896614671, 0.00275248778053, 0.00318352901377, 0.00470101553947, 0.00209388532676, 0.00358736910857, 0.00577745353803, 0.00322408485226, 0.00365152605809, 0.00123941467609, 1.12535610697e-06],
        "mean": [0.000286067021079, 0.0113475173712, 0.00680947490036, 0.00337917264551, 0.00333324982785, 0.00187783909496, 0.00107993371785, 0.00108426914085, 0.00362694612704, 0.0016374894185, 0.00214088219218, 0.00108410033863, 0.00217510596849, 0.000810693425592, 0.000745744036976, 0.000717474729754, 0.00049517210573, 0.000280221633147, 0.000294318830129, 0.00035278510768, 0.000176034620381, 0.000284165202174, 0.000467945326818, 0.000303775945213, 0.000247617135756, 0.0001059460119, 1.01353050397e-08],
        "median": [9.01935563888e-05, 0.00845216587186, 0.00497800763696, 0.00200300221331, 0.00182680913713, 0.000830672448501, 0.000534222112037, 0.000430755666457, 0.00117166724522, 0.00079216848826, 0.000709951971658, 0.00042410439346, 0.000601466046646, 0.000301974912873, 0.000550225609913, 0.000523102178704, 0.000353566370904, 0.000156839814736, 0.000143339028, 8.95210323506e-05, 5.16648833582e-05, 9.08104557311e-05, 0.00023591973877, 0.000136153379572, 0.000110441586003, 3.63333892892e-05, 9.25128473828e-10],
        "min": [1.62650142244e-08, 3.2576121157e-05, 0.000109158318082, 3.26240806316e-05, 6.16450124653e-05, 2.07750490517e-05, 7.91276397649e-06, 2.38852408074e-06, 6.91965260557e-06, 1.39717349157e-05, 5.21264428244e-06, 2.61417744696e-06, 9.27299606701e-06, 7.020171779e-06, 2.00108406716e-05, 1.36069875225e-05, 6.68677739668e-06, 8.01942405815e-07, 1.5657702761e-06, 1.27359271573e-06, 1.09855500341e-06, 4.38142961912e-08, 3.56855139216e-07, 8.59642398154e-07, 1.4768534129e-07, 4.86207918371e-09, 9.21865795506e-12],
        "var": [3.06868770394e-07, 0.000205626667594, 4.89299163746e-05, 1.56491314556e-05, 1.98893267225e-05, 9.45570263866e-06, 2.17394449464e-06, 4.5234442041e-06, 3.86650135624e-05, 8.01600435807e-06, 1.93288560695e-05, 3.99413420382e-06, 2.03628696909e-05, 3.71653322873e-06, 5.40424878182e-07, 4.78819174532e-07, 2.24031026619e-07, 1.0927898586e-07, 1.56280719921e-07, 4.14376927438e-07, 7.91013263779e-08, 2.43058735805e-07, 4.37272063891e-07, 1.7562189214e-07, 1.20714403806e-07, 2.6222911842e-08, 2.44523398213e-15]
    },
    "erbbands": {
        "dmean": [0.133088767529, 2.02924203873, 4.9805521965, 5.74815368652, 8.89213371277, 5.75168323517, 9.26627826691, 7.52043199539, 9.12001037598, 8.02431488037, 27.544467926, 48.5665931702, 21.5821247101, 42.9651184082, 43.7835121155, 34.7360877991, 59.828250885, 25.5188026428, 22.1944828033, 23.4479579926, 20.1436977386, 14.0015172958, 9.95090961456, 6.77580881119, 10.3245944977, 17.4199352264, 5.86901950836, 6.33736133575, 7.59485673904, 8.24859046936, 10.4327421188, 5.31838655472, 3.61046409607, 2.46197748184, 1.2203669548, 0.480352163315, 0.174322038889, 0.0147493379191, 0.000272277073236, 2.74334506685e-05],
        "dmean2": [0.221594229341, 3.5164744854, 8.5704164505, 10.0022773743, 15.3080644608, 9.51358318329, 15.48574543, 12.7165279388, 14.6895618439, 12.8381567001, 42.2132415771, 73.8033752441, 33.3698272705, 66.1227340698, 66.032623291, 53.4590492249, 95.5665435791, 39.3873100281, 36.4744987488, 37.2435264587, 33.0096321106, 22.6282653809, 15.7818307877, 9.98798370361, 15.1632080078, 30.1220626831, 8.99386882782, 10.0046653748, 10.794757843, 11.3698120117, 16.003616333, 7.66204500198, 5.5074300766, 3.93702030182, 1.95694994926, 0.775533556938, 0.291058719158, 0.0256033092737, 0.000461382616777, 4.13947709603e-05],
        "dvar": [0.0565772913396, 18.9667434692, 100.707275391, 82.448097229, 523.103149414, 76.9519500732, 317.366363525, 148.786117554, 258.547637939, 172.745773315, 3097.22680664, 8466.12792969, 4037.43383789, 6498.34375, 9121.12988281, 4778.60253906, 17289.859375, 5226.27148438, 1300.93395996, 1729.82434082, 875.862060547, 334.142242432, 195.587768555, 98.2512893677, 258.552856445, 1456.79345703, 108.46711731, 94.1040878296, 155.549316406, 219.320526123, 222.736846924, 66.1382141113, 30.6677627563, 16.9259357452, 4.44538354874, 0.628077149391, 0.0965065956116, 0.000920501770452, 2.7208622555e-07, 9.24637921784e-10],
        "dvar2": [0.139785692096, 51.694896698, 276.470703125, 237.197006226, 1401.63476562, 207.323272705, 844.560241699, 414.563812256, 643.478881836, 442.616516113, 7673.98291016, 18907.3261719, 9618.88183594, 15446.9882812, 21191.7675781, 11281.5410156, 47253.4726562, 11494.6357422, 3359.93920898, 4758.78466797, 2259.31030273, 877.772338867, 496.692932129, 220.078964233, 531.252685547, 4126.00585938, 258.824249268, 208.160095215, 305.583404541, 408.615020752, 465.25378418, 137.915390015, 71.5127563477, 43.1756286621, 11.3679437637, 1.53723835945, 0.24571660161, 0.00243902672082, 7.14143652658e-07, 2.17287188242e-09],
        "max": [2.30864548683, 36.3261604309, 76.6840057373, 73.6568756104, 229.565414429, 90.5643844604, 326.429016113, 177.782821655, 249.940994263, 187.815597534, 703.896789551, 1506.11755371, 1524.55749512, 1420.37145996, 1543.59460449, 1342.28662109, 1476.77746582, 1383.5078125, 502.345336914, 728.959960938, 440.108520508, 169.643234253, 191.742248535, 181.177566528, 196.15574646, 251.556533813, 87.542350769, 98.0989227295, 142.238204956, 185.420410156, 161.728179932, 86.280921936, 72.8098220825, 41.9518623352, 23.4632530212, 8.74408340454, 2.51837038994, 0.2461681813, 0.00416831159964, 0.000256087339949],
        "mean": [0.239184647799, 2.85667777061, 7.92296266556, 10.6871795654, 11.6051483154, 9.66142940521, 15.3232955933, 12.2129611969, 15.9653501511, 14.7297010422, 43.9263000488, 80.1943359375, 42.6086654663, 70.2182617188, 77.8444290161, 62.9227676392, 97.8349075317, 46.1364173889, 38.0429496765, 40.6886863708, 36.5326957703, 26.5239200592, 18.177116394, 12.9363098145, 17.3389835358, 17.799407959, 7.62283182144, 8.12927818298, 9.75675106049, 11.0277938843, 14.7800521851, 7.42515897751, 4.84368896484, 3.12562584877, 1.54955649376, 0.582011938095, 0.185985565186, 0.0136582655832, 0.000298616068903, 7.11740212864e-05],
        "median": [0.163421139121, 2.05615353584, 5.25028610229, 8.09503746033, 5.93383312225, 6.06554222107, 6.00810813904, 6.74320745468, 8.22690868378, 8.94170665741, 15.6383237839, 28.4283180237, 19.3761825562, 38.0070075989, 30.8081626892, 27.5821895599, 32.1857261658, 20.1752166748, 26.0540733337, 28.3716411591, 26.6142253876, 18.0995731354, 11.0349025726, 7.73164224625, 7.21487951279, 4.40416288376, 1.87566530704, 2.44586968422, 2.89138555527, 3.56053495407, 8.27437114716, 3.50196313858, 2.06009411812, 1.34872567654, 0.756692290306, 0.248485475779, 0.0453588142991, 0.00221474305727, 0.00010135058983, 6.17016848992e-05],
        "min": [0.00162400945555, 0.0438988991082, 0.151089891791, 0.370455235243, 0.372281640768, 0.109420277178, 0.190958455205, 0.383688807487, 0.234897643328, 0.143084332347, 0.173808708787, 0.298718869686, 0.473615348339, 0.5492811203, 0.698814034462, 0.48145416379, 0.584288656712, 0.479496359825, 1.16165816784, 0.543852388859, 0.716652393341, 0.321670562029, 0.205402836204, 0.0798737257719, 0.12097492069, 0.0695440992713, 0.0519121848047, 0.0532880313694, 0.0209147911519, 0.00751442136243, 0.0106382258236, 0.0164647903293, 0.00980737432837, 0.00108442525379, 0.00212780106813, 0.000331563147483, 1.90848859347e-05, 2.43438989855e-06, 4.57362330053e-06, 6.92898311172e-06],
        "var": [0.0683637112379, 14.2497463226, 80.376121521, 82.1254425049, 419.778808594, 111.483718872, 652.217834473, 291.454681396, 455.642456055, 273.204803467, 5353.72900391, 18186.6582031, 15194.1220703, 11046.8398438, 20864.5878906, 10070.1972656, 34348.9296875, 12014.3554688, 1850.8215332, 1967.41516113, 1288.98083496, 667.196472168, 410.144866943, 220.531539917, 619.005859375, 1134.54040527, 169.98059082, 161.011489868, 308.504943848, 417.053497314, 350.743560791, 109.32951355, 46.1054763794, 20.2713546753, 4.94576120377, 0.713548183441, 0.10219605267, 0.000783670460805, 2.46296934847e-07, 1.45375889105e-09]
    },
    "gfcc": {
        "mean": [54.3994941711, 86.6056747437, -107.459770203, 31.0679683685, -53.4010467529, 40.2100715637, -42.2499694824, 17.5532093048, -23.1574878693, -0.8256264925, -19.037940979, 1.28428387642, -14.7764225006],
        "cov": [[1269.99414062, -695.767456055, 13.5449676514, 18.3677749634, -218.510665894, 82.2628707886, 21.8615589142, 88.2316207886, -100.504486084, 100.184631348, -64.2863464355, -0.10758831352, -56.7242584229], [-695.767456055, 804.50201416, -200.872650146, -64.7257003784, 131.599349976, -100.671379089, 61.4375801086, -48.16248703, 114.811157227, -99.8654327393, 82.6889877319, -22.5374488831, 69.0254974365], [13.5449676514, -200.872650146, 377.490386963, -40.9805183411, -10.5257177353, 36.4314002991, -77.1539001465, -7.1773891449, -24.9686965942, 45.532245636, -45.8671455383, 56.729763031, -32.1046295166], [18.3677749634, -64.7257003784, -40.9805183411, 535.602233887, -1.6097741127, -61.9235572815, 44.0362625122, -59.6657867432, -3.77216339111, 3.69676184654, 42.088596344, -37.7719192505, 76.8502197266], [-218.510665894, 131.599349976, -10.5257177353, -1.6097741127, 186.109558105, -15.4930009842, 2.31429839134, 31.0315093994, 29.2186565399, -8.03800010681, 21.7611618042, 18.7111625671, -2.8931722641], [82.2628707886, -100.671379089, 36.4314002991, -61.9235572815, -15.4930009842, 179.221572876, 60.8605613708, 5.26783800125, 16.9466934204, 28.0483283997, 3.22629499435, 9.83555698395, -22.5330314636], [21.8615589142, 61.4375801086, -77.1539001465, 44.0362625122, 2.31429839134, 60.8605613708, 166.91595459, 19.6147899628, 26.5255813599, 13.374007225, 28.2159957886, -25.3298721313, -12.9555463791], [88.2316207886, -48.16248703, -7.1773891449, -59.6657867432, 31.0315093994, 5.26783800125, 19.6147899628, 121.819465637, 25.2842922211, 12.969540596, 3.04185700417, -4.27178764343, -24.8587818146], [-100.504486084, 114.811157227, -24.9686965942, -3.77216339111, 29.2186565399, 16.9466934204, 26.5255813599, 25.2842922211, 107.44556427, 16.4060897827, -0.776973247528, -0.512950837612, -8.48422336578], [100.184631348, -99.8654327393, 45.532245636, 3.69676184654, -8.03800010681, 28.0483283997, 13.374007225, 12.969540596, 16.4060897827, 79.8077926636, 2.37657737732, -8.35451793671, -25.5499343872], [-64.2863464355, 82.6889877319, -45.8671455383, 42.088596344, 21.7611618042, 3.22629499435, 28.2159957886, 3.04185700417, -0.776973247528, 2.37657737732, 80.4881820679, 1.69645786285, 11.7644720078], [-0.10758831352, -22.5374488831, 56.729763031, -37.7719192505, 18.7111625671, 9.83555698395, -25.3298721313, -4.27178764343, -0.512950837612, -8.35451793671, 1.69645786285, 88.3891143799, 17.2528400421], [-56.7242584229, 69.0254974365, -32.1046295166, 76.8502197266, -2.8931722641, -22.5330314636, -12.9555463791, -24.8587818146, -8.48422336578, -25.5499343872, 11.7644720078, 17.2528400421, 99.777961731]],
        "icov": [[0.00216031819582, 0.0013444510987, 0.0010775096016, -9.01002204046e-05, 0.00169035827275, 6.61047743051e-05, -0.000481784431031, -0.00145983463153, 0.0010639334796, -0.00148596288636, 0.000824328279123, -0.00114011240657, 0.000161755611771], [0.0013444510987, 0.00743763754144, -7.32777480152e-05, 0.00368476123549, -0.00217659818009, 0.00506821880117, -0.00414954544976, 0.00523693766445, -0.00832437817007, 0.00624707294628, -0.00659714080393, 0.00401187501848, -0.00441920757294], [0.0010775096016, -7.32777480152e-05, 0.00486877840012, -0.000969635730144, 0.00110812089406, -0.00163562735543, 0.00204372499138, -0.00148773589171, 0.00276439171284, -0.00401531998068, 0.00325360777788, -0.00391854019836, 0.00203494005837], [-9.01002204046e-05, 0.00368476123549, -0.000969635730144, 0.00482428679243, -0.00205440004356, 0.00404261099175, -0.00336431222968, 0.00477739144117, -0.00535827316344, 0.00338948657736, -0.00508877821267, 0.00418591219932, -0.00473271030933], [0.00169035827275, -0.00217659818009, 0.00110812089406, -0.00205440004356, 0.0092440135777, -0.00171353411861, 0.00164844747633, -0.0055225067772, 0.00351569382474, -0.00352772744372, 0.00228171399795, -0.00465620076284, 0.00305652059615], [6.61047743051e-05, 0.00506821880117, -0.00163562735543, 0.00404261099175, -0.00171353411861, 0.0116933854297, -0.00657570268959, 0.00552522065118, -0.00753140263259, 0.00382881448604, -0.00585054140538, 0.00261120358482, -0.0034163785167], [-0.000481784431031, -0.00414954544976, 0.00204372499138, -0.00336431222968, 0.00164844747633, -0.00657570268959, 0.0117078935727, -0.00452144583687, 0.00406054873019, -0.0040984833613, 0.00228084111586, -0.00149403663818, 0.00408725626767], [-0.00145983463153, 0.00523693766445, -0.00148773589171, 0.00477739144117, -0.0055225067772, 0.00552522065118, -0.00452144583687, 0.0167155172676, -0.0106074893847, 0.00651544891298, -0.00760417152196, 0.00573575682938, -0.0032747820951], [0.0010639334796, -0.00832437817007, 0.00276439171284, -0.00535827316344, 0.00351569382474, -0.00753140263259, 0.00406054873019, -0.0106074893847, 0.0239285975695, -0.013129837811, 0.0119728036225, -0.00800419505686, 0.00631054583937], [-0.00148596288636, 0.00624707294628, -0.00401531998068, 0.00338948657736, -0.00352772744372, 0.00382881448604, -0.0040984833613, 0.00651544891298, -0.013129837811, 0.0254941284657, -0.0104366848245, 0.00799322035164, -0.00195535132661], [0.000824328279123, -0.00659714080393, 0.00325360777788, -0.00508877821267, 0.00228171399795, -0.00585054140538, 0.00228084111586, -0.00760417152196, 0.0119728036225, -0.0104366848245, 0.0234742704779, -0.00764702353626, 0.00404542079195], [-0.00114011240657, 0.00401187501848, -0.00391854019836, 0.00418591219932, -0.00465620076284, 0.00261120358482, -0.00149403663818, 0.00573575682938, -0.00800419505686, 0.00799322035164, -0.00764702353626, 0.0194671768695, -0.00731698889285], [0.000161755611771, -0.00441920757294, 0.00203494005837, -0.00473271030933, 0.00305652059615, -0.0034163785167, 0.00408725626767, -0.0032747820951, 0.00631054583937, -0.00195535132661, 0.00404542079195, -0.00731698889285, 0.0173273645341]]
    },
    "melbands": {
        "dmean": [0.00168363098055, 0.00259276968427, 0.00107614917215, 0.000539231172297, 0.000281434506178, 0.000178789312486, 0.000138463990879, 9.2155438324e-05, 0.000304329703795, 0.000277818966424, 0.000105573999463, 0.000175628447323, 0.000165003250004, 7.07413273631e-05, 0.000174741158844, 8.277179586e-05, 5.06608848809e-05, 3.81631871278e-05, 2.98529230349e-05, 3.24629145325e-05, 2.47723019129e-05, 1.61669304362e-05, 1.12272518891e-05, 8.97674544831e-06, 5.43940586795e-06, 6.89192756909e-06, 1.00524039226e-05, 1.20939976114e-05, 3.97157191401e-06, 2.68588019026e-06, 4.26593442171e-06, 4.46404055765e-06, 4.05520495406e-06, 5.00388614455e-06, 6.46654962111e-06, 4.55904819319e-06, 2.94158712677e-06, 2.64701975539e-06, 2.36946038967e-06, 2.09602785617e-06],
        "dmean2": [0.00286278873682, 0.00446387380362, 0.00187652651221, 0.000912079703994, 0.000466125027742, 0.000301192951156, 0.000222910777666, 0.000147256825585, 0.000461460789666, 0.000425360543886, 0.000163449556567, 0.000270056218142, 0.000253418955253, 0.000102465681266, 0.000287394563202, 0.000126715865918, 7.89040714153e-05, 6.20732025709e-05, 4.82573705085e-05, 5.13466329721e-05, 4.10938482673e-05, 2.63984056801e-05, 1.81622417585e-05, 1.44265459312e-05, 8.17993168312e-06, 1.02810399767e-05, 1.61097850651e-05, 2.13163530134e-05, 6.25371148999e-06, 4.14447868025e-06, 6.85430541125e-06, 6.55575695419e-06, 5.95693791183e-06, 7.00882947058e-06, 1.00380812e-05, 6.85654958943e-06, 4.32593515143e-06, 4.0946270019e-06, 3.66845688404e-06, 3.44525915352e-06],
        "dvar": [1.12810694191e-05, 2.89495819743e-05, 3.76176262762e-06, 1.37967504088e-06, 2.32589272287e-07, 8.93929197332e-08, 5.93114535263e-08, 2.52314897864e-08, 3.1919353205e-07, 2.73106280702e-07, 9.62483497347e-08, 1.13475870478e-07, 1.47158445429e-07, 1.93382803104e-08, 1.66110140754e-07, 3.91542833711e-08, 2.15718412022e-08, 5.48119860611e-09, 2.31335128831e-09, 2.03448302649e-09, 1.57502866305e-09, 4.75533001865e-10, 2.49635201399e-10, 1.83862286507e-10, 7.89707743643e-11, 1.23968141308e-10, 3.19186815867e-10, 7.68979380172e-10, 5.47126857708e-11, 2.34726908049e-11, 4.16732447162e-11, 5.62532069537e-11, 5.02144957559e-11, 9.28156579372e-11, 8.93120299938e-11, 4.6104273177e-11, 2.22815099704e-11, 1.72355688749e-11, 1.44612013336e-11, 1.32913012194e-11],
        "dvar2": [2.9944749258e-05, 7.76970409788e-05, 1.04328391899e-05, 3.73619968741e-06, 6.27382348739e-07, 2.49088770943e-07, 1.46673357904e-07, 6.51638600857e-08, 7.71910890762e-07, 6.24145798156e-07, 2.30514629607e-07, 2.68275670123e-07, 3.53174044676e-07, 3.49949509371e-08, 4.7704111239e-07, 8.8583192337e-08, 4.76472372668e-08, 1.40249873937e-08, 5.97584648432e-09, 5.37364819309e-09, 4.12732914512e-09, 1.28101540486e-09, 6.2689153868e-10, 4.79988271351e-10, 1.82572013063e-10, 2.67037031376e-10, 7.96942956072e-10, 2.19369811205e-09, 1.36055763877e-10, 5.20582778274e-11, 9.78305492172e-11, 1.15886258922e-10, 9.75373601331e-11, 1.81878151428e-10, 1.90465476724e-10, 9.87989828838e-11, 4.88653943698e-11, 4.11177723814e-11, 3.47742702689e-11, 3.50107373648e-11],
        "max": [0.0301351882517, 0.0383574217558, 0.0169367548078, 0.0116466302425, 0.00848332233727, 0.0041580311954, 0.00373545358889, 0.00198753899895, 0.00627223495394, 0.00805385038257, 0.00733166607097, 0.00590440724045, 0.00592630822212, 0.00272606709041, 0.00534953409806, 0.00347474869341, 0.00268857064657, 0.00125237554312, 0.000870690797456, 0.000735315785278, 0.000601799925789, 0.000210071273614, 0.000236044754274, 0.000165310266311, 0.00017652878887, 0.000129326726892, 0.000166097321198, 0.000181371724466, 8.19949855213e-05, 5.52503479412e-05, 5.60995467822e-05, 7.92832361185e-05, 7.17696748325e-05, 0.000123123201774, 0.000103791273432, 9.59630415309e-05, 4.12380359194e-05, 5.6060267525e-05, 4.75889428344e-05, 3.33433526976e-05],
        "mean": [0.00271001621149, 0.00416721170768, 0.00186949304771, 0.00079424638534, 0.00048859056551, 0.000290483294521, 0.000240234425291, 0.000159702874953, 0.000478785164887, 0.000466014782432, 0.000197733941604, 0.000275852129562, 0.000290832074825, 0.000123115605675, 0.000281481829006, 0.000135618625791, 8.3624443505e-05, 5.94679695496e-05, 5.15300489496e-05, 5.49500873603e-05, 4.05813916586e-05, 2.81044540316e-05, 1.9846323994e-05, 1.42882799992e-05, 9.62809644989e-06, 1.13675250759e-05, 1.36145590659e-05, 1.12605748654e-05, 4.86720864501e-06, 3.6530284433e-06, 5.154955943e-06, 5.44083468412e-06, 5.5653349591e-06, 6.20582886768e-06, 8.96223991731e-06, 6.39543532088e-06, 3.91241474063e-06, 3.3968938169e-06, 3.06846982312e-06, 2.4921282602e-06],
        "median": [0.00207935459912, 0.00293129496276, 0.00144606153481, 0.00044163732673, 0.000231483500102, 0.000151996093336, 0.000123652527691, 8.76240592333e-05, 0.000152417705976, 0.000164307813975, 7.84458170529e-05, 0.000144669786096, 0.00010156720964, 5.26281583006e-05, 8.27860203572e-05, 4.72135470773e-05, 3.02970966004e-05, 3.64131556125e-05, 3.60094163625e-05, 3.9638573071e-05, 2.75939655694e-05, 1.8486256522e-05, 1.29289546749e-05, 7.62462650528e-06, 5.42962561667e-06, 4.96871416544e-06, 4.47100410383e-06, 2.49216031989e-06, 1.00370323253e-06, 9.3382027444e-07, 1.64312223205e-06, 1.54924430262e-06, 1.72959107658e-06, 1.75616605702e-06, 4.82135601487e-06, 3.56748250852e-06, 1.68750136709e-06, 1.48159415403e-06, 1.2168172816e-06, 1.0272910913e-06],
        "min": [8.2375445345e-06, 7.4430492532e-05, 7.03955374775e-05, 1.71774390765e-05, 5.70980182601e-06, 8.20107652544e-06, 3.00170404444e-06, 1.23014081055e-06, 8.33567810332e-07, 1.15615375762e-06, 2.08030382964e-06, 1.93840537577e-06, 1.66243910371e-06, 4.85372481762e-07, 7.63484933941e-07, 7.51454933834e-07, 5.80495907343e-07, 1.32215870963e-06, 9.74411136667e-07, 9.50827143242e-07, 5.18266574545e-07, 2.76537633681e-07, 2.2173327352e-07, 4.15408933918e-08, 5.0180865685e-08, 5.1654108546e-08, 6.3731299349e-08, 1.4591299724e-08, 3.67718766547e-09, 2.63882853346e-08, 9.62253121628e-09, 4.73955492908e-11, 4.2885455187e-09, 3.53369178363e-09, 5.04391151068e-09, 7.66732721758e-09, 1.21688055188e-08, 5.13159292836e-10, 1.76680933772e-10, 4.30882690639e-11],
