{
"highlevel": {
    "danceability": {
        "all": {
            "danceable": 0.00409315992147,
            "not_danceable": 0.995906829834
        },
        "probability": 0.995906829834,
        "value": "not_danceable"
    },
    "gender": {
        "all": {
            "female": 0.205569699407,
            "male": 0.794430315495
        },
        "probability": 0.794430315495,
        "value": "male"
    },
    "genre_dortmund": {
        "all": {
            "alternative": 0.0681947395205,
            "blues": 0.00960888247937,
            "electronic": 0.0062200431712,
            "folkcountry": 0.0240606758744,
            "funksoulrnb": 0.00906013231725,
            "jazz": 0.00186882901471,
            "pop": 0.0181972626597,
            "raphiphop": 0.00237641180865,
            "rock": 0.860413014889
        },
        "probability": 0.860413014889,
        "value": "rock"
    },
    "genre_electronic": {
        "all": {
            "ambient": 0.252775669098,
            "dnb": 0.353669673204,
            "house": 0.0317307934165,
            "techno": 0.023554481566,
            "trance": 0.338269412518
        },
        "probability": 0.353669673204,
        "value": "dnb"
    },
    "genre_rosamerica": {
        "all": {
            "cla": 0.00152462767437,
            "dan": 0.000141193420859,
            "hip": 0.000323300337186,
            "jaz": 0.000120525131933,
            "pop": 0.00127826957032,
            "rhy": 0.00213345442899,
            "roc": 0.994457781315,
            "spe": 2.08525507333e-05
        },
        "probability": 0.994457781315,
        "value": "roc"
    },
    "genre_tzanetakis": {
        "all": {
            "blu": 0.0626541376114,
            "cla": 0.0348133966327,
            "cou": 0.0783501937985,
            "dis": 0.104547761381,
            "hip": 0.15693578124,
            "jaz": 0.313987255096,
            "met": 0.044816005975,
            "pop": 0.0627349764109,
            "reg": 0.0627352520823,
            "roc": 0.0784252434969
        },
        "probability": 0.313987255096,
        "value": "jaz"
    },
    "ismir04_rhythm": {
        "all": {
            "ChaChaCha": 0.00464446144179,
            "Jive": 0.872064352036,
            "Quickstep": 0.00308272289112,
            "Rumba-American": 0.000628444890026,
            "Rumba-International": 0.00249835802242,
            "Rumba-Misc": 0.000272141332971,
            "Samba": 0.0413734577596,
            "Tango": 0.000426182697993,
            "VienneseWaltz": 0.0723303854465,
            "Waltz": 0.00267951865681
        },
        "probability": 0.872064352036,
        "value": "Jive"
    },
    "mood_acoustic": {
        "all": {
            "acoustic": 1.80243762316e-06,
            "not_acoustic": 0.999998211861
        },
        "probability": 0.999998211861,
        "value": "not_acoustic"
    },
    "mood_aggressive": {
        "all": {
            "aggressive": 0.992234230042,
            "not_aggressive": 0.0077657494694
        },
        "probability": 0.992234230042,
        "value": "aggressive"
    },
    "mood_electronic": {
        "all": {
            "electronic": 0.0907300040126,
            "not_electronic": 0.909269988537
        },
        "probability": 0.909269988537,
        "value": "not_electronic"
    },
    "mood_happy": {
        "all": {
            "happy": 0.86178612709,
            "not_happy": 0.138213902712
        },
        "probability": 0.86178612709,
        "value": "happy"
    },
    "mood_party": {
        "all": {
            "not_party": 0.416479378939,
            "party": 0.583520650864
        },
        "probability": 0.583520650864,
        "value": "party"
    },
    "mood_relaxed": {
        "all": {
            "not_relaxed": 0.958300113678,
            "relaxed": 0.0416999049485
        },
        "probability": 0.958300113678,
        "value": "not_relaxed"
    },
    "mood_sad": {
        "all": {
            "not_sad": 0.960029602051,
            "sad": 0.0399704128504
        },
        "probability": 0.960029602051,
        "value": "not_sad"
    },
    "moods_mirex": {
        "all": {
            "Cluster1": 0.35447910428,
            "Cluster2": 0.0804711207747,
            "Cluster3": 0.0249444860965,
            "Cluster4": 0.023457493633,
            "Cluster5": 0.516647815704
        },
        "probability": 0.516647815704,
        "value": "Cluster5"
    },
    "timbre": {
        "all": {
            "bright": 0.870355606079,
            "dark": 0.12964437902
        },
        "probability": 0.870355606079,
        "value": "bright"
    },
    "tonal_atonal": {
        "all": {
            "atonal": 0.0585874579847,
            "tonal": 0.941412568092
        },
        "probability": 0.941412568092,
        "value": "tonal"
    },
    "voice_instrumental": {
        "all": {
            "instrumental": 0.00690537504852,
            "voice": 0.993094623089
        },
        "probability": 0.993094623089,
        "value": "voice"
    }
},
"lowlevel": {
    "average_loudness": 0.970101475716,
    "barkbands_crest": {
        "dmean": 2.21612262726,
        "dmean2": 3.73345589638,
        "dvar": 6.16025018692,
        "dvar2": 16.7802143097,
        "max": 21.1096477509,
        "mean": 6.40049409866,
        "median": 5.60926580429,
        "min": 2.3135445118,
        "var": 9.19201469421
    },
    "barkbands_flatness_db": {
        "dmean": 0.0129685904831,
        "dmean2": 0.0211737528443,
        "dvar": 0.000165943580214,
        "dvar2": 0.000430560903624,
        "max": 0.251114577055,
        "mean": 0.0862868800759,
        "median": 0.0823250040412,
        "min": 0.0338954292238,
        "var": 0.000642007915303
    },
    "barkbands_kurtosis": {
        "dmean": 0.77219414711,
        "dmean2": 1.29597246647,
        "dvar": 2.11188340187,
        "dvar2": 5.54062366486,
        "max": 22.6358394623,
        "mean": -0.173664033413,
        "median": -0.702670097351,
        "min": -1.61317396164,
        "var": 4.5070734024
    },
    "barkbands_skewness": {
        "dmean": 0.360733419657,
        "dmean2": 0.578070700169,
        "dvar": 0.160490319133,
        "dvar2": 0.413735717535,
        "max": 4.44602394104,
        "mean": 0.530384302139,
        "median": 0.394236326218,
        "min": -0.853665351868,
        "var": 0.497521013021
    },
    "barkbands_spread": {
        "dmean": 5.31587505341,
        "dmean2": 8.24071121216,
        "dvar": 26.0212364197,
        "dvar2": 56.7833366394,
        "max": 75.0154266357,
        "mean": 33.9437980652,
        "median": 33.0521125793,
        "min": 4.35743522644,
        "var": 85.9030990601
    },
    "dissonance": {
        "dmean": 0.00895272474736,
        "dmean2": 0.0151616046205,
        "dvar": 5.95994606556e-05,
        "dvar2": 0.000163140270161,
        "max": 0.499922245741,
        "mean": 0.482547193766,
        "median": 0.484045416117,
        "min": 0.417245596647,
        "var": 0.00011027896835
    },
    "dynamic_complexity": 1.70055770874,
    "erbbands_crest": {
        "dmean": 2.01140785217,
        "dmean2": 3.33513045311,
        "dvar": 4.49251556396,
        "dvar2": 12.1269292831,
        "max": 20.7854995728,
        "mean": 6.36969423294,
        "median": 5.70204639435,
        "min": 2.55012011528,
        "var": 7.32438707352
    },
    "erbbands_flatness_db": {
        "dmean": 0.0114141730592,
        "dmean2": 0.0177787207067,
        "dvar": 0.000126484257635,
        "dvar2": 0.000291773147183,
        "max": 0.218516424298,
        "mean": 0.141150608659,
        "median": 0.140650257468,
        "min": 0.0773850306869,
        "var": 0.000599179358687
    },
    "erbbands_kurtosis": {
        "dmean": 0.432068496943,
        "dmean2": 0.702135503292,
        "dvar": 0.186133906245,
        "dvar2": 0.481464028358,
        "max": 4.66305208206,
        "mean": -0.337692081928,
        "median": -0.502714633942,
        "min": -1.44882643223,
        "var": 0.494962871075
    },
    "erbbands_skewness": {
        "dmean": 0.232640475035,
        "dmean2": 0.364174693823,
        "dvar": 0.0368021018803,
        "dvar2": 0.0831602215767,
        "max": 1.26576244831,
        "mean": -0.186577171087,
        "median": -0.205251008272,
        "min": -1.06986892223,
        "var": 0.107829138637
    },
    "erbbands_spread": {
        "dmean": 6.09639835358,
        "dmean2": 9.87768745422,
        "dvar": 36.6433525085,
        "dvar2": 94.3347854614,
        "max": 87.938583374,
        "mean": 37.6840515137,
        "median": 36.3973999023,
        "min": 11.5780420303,
        "var": 130.866027832
    },
    "hfc": {
        "dmean": 6.87878751755,
        "dmean2": 10.6157064438,
        "dvar": 52.6809196472,
        "dvar2": 123.212677002,
        "max": 103.762710571,
        "mean": 35.7674217224,
        "median": 35.6454315186,
        "min": 1.2962230444,
        "var": 329.228942871
    },
    "melbands_crest": {
        "dmean": 3.00297284126,
        "dmean2": 4.82797956467,
        "dvar": 9.41263580322,
        "dvar2": 22.4878101349,
        "max": 29.2225341797,
        "mean": 9.87644290924,
        "median": 8.85474395752,
        "min": 3.31636023521,
        "var": 21.1324100494
    },
    "melbands_flatness_db": {
        "dmean": 0.0184374880046,
        "dmean2": 0.0289085116237,
        "dvar": 0.000463464355562,
        "dvar2": 0.00113835837692,
        "max": 0.342436492443,
        "mean": 0.108062729239,
        "median": 0.0979246720672,
        "min": 0.0348290093243,
        "var": 0.00170374650043
    },
    "melbands_kurtosis": {
        "dmean": 2.8214571476,
        "dmean2": 4.82238388062,
        "dvar": 34.3797607422,
        "dvar2": 96.1536483765,
        "max": 86.9145965576,
        "mean": 3.7111723423,
        "median": 1.58558320999,
        "min": -1.19276952744,
        "var": 47.0894737244
    },
    "melbands_skewness": {
        "dmean": 0.526946544647,
        "dmean2": 0.854945123196,
        "dvar": 0.474308252335,
        "dvar2": 1.26025164127,
        "max": 8.40071868896,
        "mean": 1.5974572897,
        "median": 1.38407468796,
        "min": -0.345528334379,
        "var": 1.07675397396
    },
    "melbands_spread": {
        "dmean": 9.22144699097,
        "dmean2": 14.3520431519,
        "dvar": 75.8612518311,
        "dvar2": 180.558746338,
        "max": 115.707756042,
        "mean": 45.5559158325,
        "median": 45.5621147156,
        "min": 3.28348302841,
        "var": 264.828643799
    },
    "pitch_salience": {
        "dmean": 0.0589353591204,
        "dmean2": 0.0956643596292,
        "dvar": 0.00350306346081,
        "dvar2": 0.00901899579912,
        "max": 0.849159955978,
        "mean": 0.627563774586,
        "median": 0.636355578899,
        "min": 0.257532984018,
        "var": 0.00669626053423
    },
    "silence_rate_20dB": {
        "dmean": 0,
        "dmean2": 0,
        "dvar": 0,
        "dvar2": 0,
        "max": 1,
        "mean": 1,
        "median": 1,
        "min": 1,
        "var": 0
    },
    "silence_rate_30dB": {
        "dmean": 0,
        "dmean2": 0,
        "dvar": 0,
        "dvar2": 0,
        "max": 1,
        "mean": 1,
        "median": 1,
        "min": 1,
        "var": 0
    },
    "silence_rate_60dB": {
        "dmean": 0,
        "dmean2": 0,
        "dvar": 0,
        "dvar2": 0,
        "max": 0,
        "mean": 0,
        "median": 0,
        "min": 0,
        "var": 0
    },
    "spectral_centroid": {
        "dmean": 218.601654053,
        "dmean2": 341.7159729,
        "dvar": 37794.6328125,
        "dvar2": 90873.8125,
        "max": 3124.5065918,
        "mean": 2161.66235352,
        "median": 2218.43725586,
        "min": 346.597747803,
        "var": 175066.828125
    },
    "spectral_complexity": {
        "dmean": 4.38622283936,
        "dmean2": 7.04105329514,
        "dvar": 14.9832248688,
        "dvar2": 35.2244491577,
        "max": 58,
        "mean": 35.1121406555,
        "median": 36,
        "min": 5,
        "var": 79.4360351562
    },
    "spectral_decrease": {
        "dmean": 1.95209959308e-09,
        "dmean2": 3.23690430015e-09,
        "dvar": 9.29867310104e-18,
        "dvar2": 2.47610610298e-17,
        "max": -9.31983601404e-10,
        "mean": -5.94952043187e-09,
        "median": -5.27716936816e-09,
        "min": -2.27974403799e-08,
        "var": 1.15688860086e-17
    },
    "spectral_energy": {
        "dmean": 0.00777309620753,
        "dmean2": 0.0128605794162,
        "dvar": 0.000139594383654,
        "dvar2": 0.000370851892512,
        "max": 0.088589809835,
        "mean": 0.0256990548223,
        "median": 0.0235242713243,
        "min": 0.00366018898785,
        "var": 0.00019169836014
    },
    "spectral_energyband_high": {
        "dmean": 0.000542861816939,
        "dmean2": 0.000829159049317,
        "dvar": 3.90627690194e-07,
        "dvar2": 8.69139682891e-07,
        "max": 0.010195357725,
        "mean": 0.00204417738132,
        "median": 0.00185172795318,
        "min": 5.87356998949e-06,
        "var": 1.88159970094e-06
    },
    "spectral_energyband_low": {
        "dmean": 0.00416040653363,
        "dmean2": 0.00718944333494,
        "dvar": 9.81166522251e-05,
        "dvar2": 0.000272789533483,
        "max": 0.076880954206,
        "mean": 0.00537161668763,
        "median": 0.00253342650831,
        "min": 4.27980667155e-05,
        "var": 7.91012935224e-05
    },
    "spectral_energyband_middle_high": {
        "dmean": 0.00244772387668,
        "dmean2": 0.00384517502971,
        "dvar": 8.62126125867e-06,
        "dvar2": 2.10343660001e-05,
        "max": 0.0406854599714,
        "mean": 0.00954428035766,
        "median": 0.00888794567436,
        "min": 0.000129748310428,
        "var": 3.84106497222e-05
    },
    "spectral_energyband_middle_low": {
        "dmean": 0.00386107014492,
        "dmean2": 0.00635459367186,
        "dvar": 4.52342464996e-05,
        "dvar2": 0.000121197401313,
        "max": 0.05801993981,
        "mean": 0.00932690128684,
        "median": 0.00710867717862,
        "min": 0.0019855608698,
        "var": 5.06000578753e-05
    },
    "spectral_entropy": {
        "dmean": 0.070351421833,
        "dmean2": 0.105530656874,
        "dvar": 0.00497184833512,
        "dvar2": 0.0101362243295,
        "max": 8.5111989975,
        "mean": 7.94324827194,
        "median": 7.95284461975,
        "min": 6.81684732437,
        "var": 0.0234901476651
    },
    "spectral_flux": {
        "dmean": 0.022775169462,
        "dmean2": 0.0359237864614,
        "dvar": 0.000924408435822,
        "dvar2": 0.00187361158896,
        "max": 0.254234075546,
        "mean": 0.0936014130712,
        "median": 0.0847797766328,
        "min": 0.0233926326036,
        "var": 0.00177810294554
    },
    "spectral_kurtosis": {
        "dmean": 0.909802615643,
        "dmean2": 1.55807077885,
        "dvar": 0.835278868675,
        "dvar2": 2.38174390793,
        "max": 12.6249523163,
        "mean": 3.02235817909,
        "median": 2.81593561172,
        "min": -0.137486219406,
        "var": 1.77349245548
    },
    "spectral_rms": {
        "dmean": 0.00068442709744,
        "dmean2": 0.00110437965486,
        "dvar": 8.29397151847e-07,
        "dvar2": 2.11350197787e-06,
        "max": 0.00929672457278,
        "mean": 0.00484409462661,
        "median": 0.00479066884145,
        "min": 0.00188968679868,
        "var": 1.60694651186e-06
    },
    "spectral_rolloff": {
        "dmean": 556.996948242,
        "dmean2": 887.61529541,
        "dvar": 378242.9375,
        "dvar2": 763521.4375,
        "max": 9108.54492188,
        "mean": 2814.96972656,
        "median": 2691.65039062,
        "min": 107.666015625,
        "var": 1177644.75
    },
    "spectral_skewness": {
        "dmean": 0.139808908105,
        "dmean2": 0.233272254467,
        "dvar": 0.0189232975245,
        "dvar2": 0.0507938861847,
        "max": 2.983086586,
        "mean": 1.16616082191,
        "median": 1.13592934608,
        "min": 0.533235669136,
        "var": 0.0513855181634
    },
    "spectral_spread": {
        "dmean": 306259.75,
        "dmean2": 456168.84375,
        "dvar": 112182345728,
        "dvar2": 194926526464,
        "max": 9568785,
        "mean": 4197797,
        "median": 4077481.5,
        "min": 2331976.25,
        "var": 460252315648
    },
    "spectral_strongpeak": {
        "dmean": 0.748922765255,
        "dmean2": 1.2701843977,
        "dvar": 1.02125585079,
        "dvar2": 2.49177074432,
        "max": 7.71312093735,
        "mean": 1.22366726398,
        "median": 0.66904258728,
        "min": 0,
        "var": 1.83412730694
    },
    "zerocrossingrate": {
        "dmean": 0.00960349477828,
        "dmean2": 0.0110825849697,
        "dvar": 8.24465823825e-05,
        "dvar2": 9.12108007469e-05,
        "max": 0.24267578125,
        "mean": 0.0948266386986,
        "median": 0.0947265625,
        "min": 0.01220703125,
        "var": 0.000597106583882
    },
    "barkbands": {
        "dmean": [0.000338879530318, 0.00309930276126, 0.00106309622061, 0.000872772012372, 0.0014508041786, 0.00101994839497, 0.000618498772383, 0.000413834204664, 0.00146418518852, 0.000366055610357, 0.000279988744296, 0.000432048895163, 0.00065713893855, 0.00100557424594, 0.000589105475228, 0.000508653989527, 0.000574185105506, 0.00030186449294, 0.000337496778229, 0.000352197064785, 0.000173627820914, 0.000203075673198, 0.000114035683509, 7.84550284152e-05, 4.18469389842e-05, 1.24243588289e-05, 4.60417801662e-08],
        "dmean2": [0.000469782709843, 0.00552138779312, 0.00187671801541, 0.0014264768688, 0.00255109579302, 0.00172423757613, 0.00100198446307, 0.000659653858747, 0.00229272735305, 0.000585236120969, 0.000442042510258, 0.000693061971106, 0.00102923077065, 0.00162705092225, 0.000996641698293, 0.000871232710779, 0.00095281022368, 0.000498852401506, 0.000556336774025, 0.00057604664471, 0.000292915356113, 0.000328937458107, 0.000178591508302, 0.000111943169031, 6.03725202382e-05, 1.96406053874e-05, 8.40570351102e-08],
        "dvar": [4.93142579217e-07, 6.43828898319e-05, 5.02630700794e-06, 3.20024469147e-06, 1.80389633897e-05, 4.40157555204e-06, 6.98922178799e-07, 3.91399538557e-07, 5.50676804778e-06, 6.15556416506e-07, 3.73572248691e-07, 1.03205707092e-06, 1.55250143052e-06, 3.18035245073e-06, 1.18400214433e-06, 2.91949419307e-07, 4.13687445189e-07, 1.45821957176e-07, 1.45995201706e-07, 1.86940724234e-07, 4.32083808732e-08, 6.30331484786e-08, 2.16096065486e-08, 5.50849783565e-08, 1.12895266469e-08, 3.57541302121e-10, 1.83027946504e-14],
        "dvar2": [8.26102393603e-07, 0.000181831492228, 1.45811900438e-05, 7.19596937415e-06, 5.05553180119e-05, 1.16643495858e-05, 1.93415689864e-06, 9.81600464911e-07, 1.42305798363e-05, 1.54408849085e-06, 8.85221197677e-07, 2.10380835597e-06, 3.71661258214e-06, 8.29528653412e-06, 3.08660855808e-06, 8.37919628793e-07, 1.11527947411e-06, 3.48159460373e-07, 3.9796884721e-07, 5.00019382343e-07, 1.08784313113e-07, 1.72483311189e-07, 4.71899639365e-08, 8.11239786458e-08, 2.23323279869e-08, 8.27386825719e-10, 5.27835594514e-14],
        "max": [0.00825935415924, 0.0601894184947, 0.0191708598286, 0.0175787303597, 0.0380555838346, 0.0270574614406, 0.0097613055259, 0.0102972257882, 0.0325573906302, 0.0117598334327, 0.0142609346658, 0.024034217, 0.0170171316713, 0.0187895298004, 0.0174500606954, 0.00502975797281, 0.00828494597226, 0.00563671253622, 0.0054047149606, 0.00564710469916, 0.00320943701081, 0.00312871462665, 0.00233493326232, 0.0063178553246, 0.00186445051804, 0.000231249068747, 2.48226456279e-06],
        "mean": [0.000446736405138, 0.00294147850946, 0.00149128073826, 0.00124985328875, 0.00165189441759, 0.0016626768047, 0.00119412969798, 0.00076690595597, 0.00264773890376, 0.00059385818895, 0.000454115477623, 0.000696999777574, 0.00110948062502, 0.001554048853, 0.00099999201484, 0.00106473325286, 0.00127627619077, 0.000628643319942, 0.000826401461381, 0.000836280465592, 0.000455706729554, 0.000522338901646, 0.000315798009979, 0.000183097028639, 9.83708159765e-05, 3.02108564938e-05, 3.49689699419e-08],
        "median": [3.32975760102e-05, 0.000865138601512, 0.000955361640081, 0.000616100965999, 0.000828143034596, 0.00103001936805, 0.000827371666674, 0.000454350491054, 0.00146150728688, 0.000261554436292, 0.000248771830229, 0.000312937772833, 0.000502188922837, 0.000829010852613, 0.000615634955466, 0.000913375173695, 0.00102850166149, 0.000481232447783, 0.000693770532962, 0.000678177573718, 0.000365442567272, 0.000428911385825, 0.000260672852164, 0.000119662734505, 6.86935090926e-05, 2.03713170777e-05, 2.67207633797e-09],
        "min": [6.49404867659e-08, 1.76016037585e-05, 5.07225422552e-06, 3.81092195312e-06, 3.36819794029e-05, 2.44956645474e-05, 1.49122561197e-05, 1.12692614493e-05, 5.82714819757e-05, 6.9478428486e-06, 5.05798834638e-06, 6.13335942035e-06, 4.00493399866e-06, 1.32444965857e-05, 2.41352681769e-05, 1.42292328746e-05, 1.03700103864e-05, 3.2804298371e-06, 4.76671129945e-06, 4.44216721007e-06, 1.48718902437e-06, 4.54961735841e-07, 1.8318274897e-07, 1.17445694059e-07, 1.9855903588e-08, 2.40138464669e-09, 5.39063411964e-12],
        "var": [8.93665060175e-07, 4.73122563562e-05, 3.59839486919e-06, 4.14629494117e-06, 1.23374702525e-05, 4.55423287349e-06, 1.41621569583e-06, 1.0777814623e-06, 1.04055716292e-05, 1.04054913663e-06, 5.56152713216e-07, 2.09812651519e-06, 2.97478845823e-06, 4.98291592521e-06, 1.59469709615e-06, 5.01959448229e-07, 9.33527246616e-07, 2.97265046356e-07, 3.03803773249e-07, 4.65154471385e-07, 1.29565933094e-07, 1.85385459872e-07, 6.97674948924e-08, 1.27317775878e-07, 2.19291074188e-08, 7.98532573398e-10, 1.14867433938e-14]
    },
    "erbbands": {
        "dmean": [0.104982405901, 0.646803379059, 1.2349011898, 1.92400181293, 4.47655248642, 5.16645145416, 4.72622871399, 9.29400730133, 9.59189224243, 8.30330848694, 14.1269683838, 32.1425056458, 17.1021366119, 7.50236940384, 10.6248893738, 17.9451828003, 29.9162425995, 35.2036437988, 40.8777542114, 29.0779438019, 29.1018199921, 32.5489616394, 16.3099575043, 16.9345378876, 15.5881433487, 16.4994773865, 7.54221916199, 8.0612411499, 8.3687582016, 4.7372045517, 2.96831417084, 1.76988089085, 1.36735486984, 0.657940030098, 0.200281947851, 0.0810872092843, 0.0204915851355, 0.00139943382237, 3.20564467984e-05, 1.02029016489e-05],
        "dmean2": [0.18179808557, 1.18599569798, 2.23631072044, 3.21494102478, 7.69908618927, 9.19078445435, 7.77131128311, 15.8322916031, 16.1251506805, 13.2039060593, 22.1521816254, 51.419708252, 26.3422698975, 11.6897306442, 16.4414138794, 28.2902736664, 45.9374542236, 55.8712654114, 68.8570709229, 48.3746376038, 49.9607658386, 54.513458252, 26.9723987579, 28.2656669617, 25.6213207245, 27.111579895, 12.7742891312, 13.4724645615, 13.6803808212, 7.642141819, 4.6212477684, 2.63343334198, 1.95418596268, 0.971571445465, 0.301374018192, 0.128216952085, 0.0316230021417, 0.00221341126598, 4.97757828271e-05, 1.65095207194e-05],
        "dvar": [0.0689655467868, 3.13067770004, 8.52418041229, 11.8705406189, 152.454315186, 216.020797729, 91.0241775513, 429.98651123, 230.653152466, 142.819488525, 557.340209961, 3421.74389648, 1030.234375, 123.75353241, 662.044616699, 1817.2166748, 3194.85449219, 5280.06054688, 8815.09179688, 1375.21691895, 1080.99475098, 1508.17980957, 414.25100708, 335.152618408, 408.168426514, 444.802581787, 64.0734710693, 116.630393982, 110.872009277, 32.2606773376, 17.5456180573, 18.2453365326, 17.6549282074, 3.20762491226, 0.18915219605, 0.0131630497053, 0.000932720431592, 5.8454925238e-06, 2.41652453603e-09, 2.02458466658e-10],
        "dvar2": [0.183073893189, 9.03108406067, 24.6420116425, 29.8907527924, 400.460327148, 613.18737793, 220.270935059, 1164.28771973, 642.253417969, 367.592529297, 1330.83251953, 8950.68847656, 2335.92822266, 305.243377686, 1519.19665527, 4030.55273438, 7530.19287109, 12634.7919922, 24722.0429688, 3409.16894531, 3067.61669922, 4150.01367188, 1010.51647949, 880.220947266, 1023.19671631, 1225.27990723, 169.041824341, 278.153656006, 299.148223877, 85.2554550171, 41.0112342834, 33.3428077698, 26.6682224274, 5.76409196854, 0.42271822691, 0.0308443419635, 0.00213754316792, 1.34198435262e-05, 5.50890177919e-09, 5.29164490004e-10],
        "max": [2.13754558563, 13.769777298, 24.3341712952, 32.0191459656, 109.965057373, 122.549507141, 180.221603394, 253.675231934, 154.449081421, 162.779571533, 408.215179443, 891.733398438, 393.649139404, 127.187316895, 608.350280762, 998.135498047, 793.690307617, 990.514038086, 1247.39868164, 639.759216309, 341.465515137, 419.137908936, 225.973007202, 245.142669678, 285.698791504, 263.454467773, 93.1378479004, 206.572570801, 121.992179871, 78.2353134155, 73.8843917847, 102.291801453, 123.800300598, 31.7012138367, 7.64378166199, 1.17914235592, 0.395581334829, 0.0311105325818, 0.000612648553215, 0.000147900907905],
        "mean": [0.100997239351, 0.60234951973, 1.6171438694, 3.04697990417, 5.1625123024, 5.70273733139, 8.48890686035, 14.7515153885, 16.2060108185, 16.4927940369, 29.1032447815, 54.4610519409, 32.0440368652, 15.7349853516, 19.0162067413, 30.3018951416, 53.5162696838, 60.8609352112, 67.1533584595, 57.2460708618, 65.0841598511, 73.0322113037, 39.3506660461, 41.1674804688, 39.0395011902, 39.0777549744, 21.2803459167, 20.6687469482, 21.0233345032, 12.6156387329, 7.74716901779, 4.25956869125, 2.92836165428, 1.43565988541, 0.490393698215, 0.189599618316, 0.0503248423338, 0.00277844001539, 8.74179895618e-05, 3.96694194933e-05],
        "median": [0.0171419605613, 0.228130325675, 0.987603545189, 1.91912090778, 2.13670182228, 2.75572609901, 5.47833395004, 9.15712070465, 9.76254653931, 11.1822156906, 15.0536260605, 29.2510910034, 17.1015033722, 9.89774036407, 10.2297477722, 15.884552002, 26.5912284851, 32.87109375, 37.6985588074, 42.2691650391, 55.3539886475, 57.6692085266, 32.1169281006, 36.6274032593, 31.6868209839, 30.7950878143, 19.63331604, 14.3550167084, 17.1247940063, 10.7433862686, 6.21056461334, 2.95081567764, 1.8365316391, 0.9441806674, 0.366253197193, 0.136912956834, 0.0354362279177, 0.00160316762049, 6.61187441438e-05, 3.75575255021e-05],
        "min": [0.00081046827836, 0.00196496141143, 0.00846708752215, 0.0499684996903, 0.133602067828, 0.223564982414, 0.355575203896, 0.536767840385, 0.222067430615, 0.180251821876, 0.522822856903, 1.61788761616, 1.16827583313, 0.361998587847, 0.347229987383, 0.466719150543, 0.245108604431, 0.551810324192, 0.719375967979, 1.51173377037, 0.758230865002, 0.594238638878, 0.209952160716, 0.239582657814, 0.276156395674, 0.178885966539, 0.125081986189, 0.0302151944488, 0.0153870740905, 0.0090521061793, 0.00470262160525, 0.0030992643442, 0.00160879071336, 0.000310471485136, 0.000136502960231, 1.86740144272e-05, 5.95198571318e-06, 4.08130517826e-07, 1.77423589776e-06, 4.12161625718e-06],
        "var": [0.0614719539881, 1.98888075352, 5.53951597214, 13.2388658524, 127.375480652, 140.235977173, 113.672561646, 404.495025635, 353.358459473, 298.55078125, 2119.46020508, 5190.47607422, 1948.28869629, 303.869934082, 1087.81994629, 3154.71020508, 6486.62988281, 9007.18652344, 9845.8828125, 2808.29736328, 1900.42028809, 3203.64770508, 903.41394043, 718.875, 877.759460449, 1044.19152832, 172.795944214, 415.875091553, 319.691040039, 99.7618026733, 46.2461585999, 41.0592727661, 38.4844894409, 6.50222635269, 0.343324273825, 0.0280262585729, 0.00213003414683, 1.19530805023e-05, 4.70755745496e-09, 3.45635603471e-10]
    },
    "gfcc": {
        "mean": [52.4738731384, 67.0370483398, -141.741607666, 46.0150337219, -64.0872268677, 15.4789867401, -44.0389251709, 14.6164216995, -20.3223190308, 8.46188640594, -21.6178417206, -1.5411311388, -13.3977832794],
        "cov": [[984.620422363, -373.193878174, -209.193588257, 41.3936424255, -139.504379272, 191.960327148, 31.9495697021, -21.0075092316, 28.7108821869, 50.7372360229, 35.5941581726, 34.6561050415, -47.484462738], [-373.193878174, 389.003265381, 69.5523071289, 35.1752662659, 104.741096497, -76.8998413086, 39.514175415, -31.7087612152, 17.0705757141, -53.7930641174, 17.6981697083, -28.844959259, 45.0138397217], [-209.193588257, 69.5523071289, 367.250762939, 60.4251327515, 67.4904632568, -53.2921409607, -47.2914009094, 47.7506027222, -35.0277748108, 4.11478662491, -50.1952171326, 7.62961244583, 1.89182078838], [41.3936424255, 35.1752662659, 60.4251327515, 143.343597412, 37.2841873169, 49.8545417786, 20.7589740753, -9.2188501358, 30.2667808533, -5.88780736923, 14.1108942032, -14.0178470612, 21.2599582672], [-139.504379272, 104.741096497, 67.4904632568, 37.2841873169, 132.172210693, 10.8562831879, 29.4564323425, 14.9471464157, -2.80934119225, -0.514735519886, -2.59008979797, -12.7458171844, 5.05564212799], [191.960327148, -76.8998413086, -53.2921409607, 49.8545417786, 10.8562831879, 133.614532471, 54.1015853882, 6.60908460617, 16.8553600311, -1.83096814156, 26.3850307465, -4.99868154526, 3.94602632523], [31.9495697021, 39.514175415, -47.2914009094, 20.7589740753, 29.4564323425, 54.1015853882, 102.65725708, 15.108212471, 21.8919944763, -11.920630455, 9.03451633453, -6.3593454361, -3.52062344551], [-21.0075092316, -31.7087612152, 47.7506027222, -9.2188501358, 14.9471464157, 6.60908460617, 15.108212471, 69.1510467529, 12.2937984467, 14.7306013107, -15.3661260605, -1.71778798103, -2.89015722275], [28.7108821869, 17.0705757141, -35.0277748108, 30.2667808533, -2.80934119225, 16.8553600311, 21.8919944763, 12.2937984467, 80.1402587891, 18.8119716644, 3.37060880661, -15.2700405121, 3.8639831543], [50.7372360229, -53.7930641174, 4.11478662491, -5.88780736923, -0.514735519886, -1.83096814156, -11.920630455, 14.7306013107, 18.8119716644, 57.5989990234, 11.1833715439, 12.9588012695, -12.5082149506], [35.5941581726, 17.6981697083, -50.1952171326, 14.1108942032, -2.59008979797, 26.3850307465, 9.03451633453, -15.3661260605, 3.37060880661, 11.1833715439, 70.008895874, 22.9250583649, 20.4812908173], [34.6561050415, -28.844959259, 7.62961244583, -14.0178470612, -12.7458171844, -4.99868154526, -6.3593454361, -1.71778798103, -15.2700405121, 12.9588012695, 22.9250583649, 52.9076728821, 10.4170894623], [-47.484462738, 45.0138397217, 1.89182078838, 21.2599582672, 5.05564212799, 3.94602632523, -3.52062344551, -2.89015722275, 3.8639831543, -12.5082149506, 20.4812908173, 10.4170894623, 53.9110565186]],
        "icov": [[0.00268495222554, 0.000635134230834, 0.00102475669701, -0.00155966286547, 0.00211932114325, -0.00328844063915, 0.000312387419399, 0.00057552481303, 0.000336499273544, -0.00159446231555, 0.00128331338055, -0.00218905135989, 0.00204825913534], [0.000635134230834, 0.013125137426, -0.00441238330677, 0.00326928519644, -0.00770158600062, 0.0111814104021, -0.00889085140079, 0.00902946200222, -0.00786702614278, 0.0100273517892, -0.0107984319329, 0.00785094965249, -0.00625099195167], [0.00102475669701, -0.00441238330677, 0.00828709360212, -0.0070067779161, 0.00157272117212, -0.0031504156068, 0.00619117124006, -0.00817586667836, 0.00624035857618, -0.00421915296465, 0.00811892747879, -0.00703081348911, 0.00395614560694], [-0.00155966286547, 0.00326928519644, -0.0070067779161, 0.0165544953197, -0.00477333832532, -0.000352159404429, -0.0039019708056, 0.00903593562543, -0.0088867591694, 0.00446682050824, -0.00664312904701, 0.00742381019518, -0.00692028179765], [0.00211932114325, -0.00770158600062, 0.00157272117212, -0.00477333832532, 0.0174379684031, -0.00942113716155, 0.00110534019768, -0.00520230643451, 0.00803591124713, -0.0108280451968, 0.00696721719578, -0.00258700689301, 0.00373674207367], [-0.00328844063915, 0.0111814104021, -0.0031504156068, -0.000352159404429, -0.00942113716155, 0.027680972591, -0.0130005227402, 0.00376257114112, -0.00513240788132, 0.0110671706498, -0.0146055594087, 0.0111171323806, -0.00743672950193], [0.000312387419399, -0.00889085140079, 0.00619117124006, -0.0039019708056, 0.00110534019768, -0.0130005227402, 0.0240450520068, -0.0117829293013, 0.000922581297345, 0.00119274074677, 0.00667086103931, -0.010415777564, 0.0104955798015], [0.00057552481303, 0.00902946200222, -0.00817586667836, 0.00903593562543, -0.00520230643451, 0.00376257114112, -0.0117829293013, 0.0298788323998, -0.00939581543207, -0.000498701119795, -0.00301167275757, 0.00725520960987, -0.00896404869854], [0.000336499273544, -0.00786702614278, 0.00624035857618, -0.0088867591694, 0.00803591124713, -0.00513240788132, 0.000922581297345, -0.00939581543207, 0.0266932249069, -0.0174585543573, 0.00926236715168, 0.00154892972205, -0.000452772626886], [-0.00159446231555, 0.0100273517892, -0.00421915296465, 0.00446682050824, -0.0108280451968, 0.0110671706498, 0.00119274074677, -0.000498701119795, -0.0174585543573, 0.0404026471078, -0.0173951536417, -0.0017994758673, 0.00644784187898], [0.00128331338055, -0.0107984319329, 0.00811892747879, -0.00664312904701, 0.00696721719578, -0.0146055594087, 0.00667086103931, -0.00301167275757, 0.00926236715168, -0.0173951536417, 0.0362629666924, -0.0170388370752, -0.00201272638515], [-0.00218905135989, 0.00785094965249, -0.00703081348911, 0.00742381019518, -0.00258700689301, 0.0111171323806, -0.010415777564, 0.00725520960987, 0.00154892972205, -0.0017994758673, -0.0170388370752, 0.0379174053669, -0.0134086022153], [0.00204825913534, -0.00625099195167, 0.00395614560694, -0.00692028179765, 0.00373674207367, -0.00743672950193, 0.0104955798015, -0.00896404869854, -0.000452772626886, 0.00644784187898, -0.00201272638515, -0.0134086022153, 0.0334454923868]]
    },
    "melbands": {
        "dmean": [0.000892890966497, 0.000699966039974, 0.000403504673159, 0.000368169508874, 0.000163507909747, 0.000204772266443, 0.000136256334372, 8.61699227244e-05, 0.000155418907525, 0.000197462111828, 8.5452615167e-05, 3.29130161845e-05, 4.02231198677e-05, 3.65590967704e-05, 7.84744115663e-05, 5.81292151765e-05, 7.35092762625e-05, 8.33737649373e-05, 4.09372223658e-05, 3.54005023837e-05, 3.81731733796e-05, 4.00832068408e-05, 2.21010996029e-05, 1.55137477122e-05, 1.53345208673e-05, 1.30563375933e-05, 1.31607857838e-05, 1.19607093438e-05, 6.28278712611e-06, 4.3597565309e-06, 5.47690797248e-06, 5.63936055187e-06, 3.61634852197e-06, 2.80339895653e-06, 2.00823478735e-06, 1.42455314744e-06, 1.14577971999e-06, 1.14138049412e-06, 8.306573136e-07, 5.30843863089e-07],
        "dmean2": [0.00156439619604, 0.0012808679603, 0.00067722145468, 0.000644303567242, 0.000271770666586, 0.000349498644937, 0.000228507677093, 0.000138121962664, 0.000242358903051, 0.000313192373142, 0.000131428518216, 5.11640500918e-05, 6.24865933787e-05, 5.75123085582e-05, 0.000124811544083, 9.16210847208e-05, 0.000116313072795, 0.000140125324833, 6.86292405589e-05, 5.93688928348e-05, 6.5529733547e-05, 6.71383095323e-05, 3.69223416783e-05, 2.54579408647e-05, 2.57581741607e-05, 2.15164236579e-05, 2.15940472117e-05, 1.97509853024e-05, 1.06543857328e-05, 7.43018517824e-06, 9.15250166145e-06, 9.21191258385e-06, 6.01842793913e-06, 4.53135635325e-06, 3.20316758007e-06, 2.26005613513e-06, 1.70639066255e-06, 1.66834138327e-06, 1.2564876215e-06, 8.16055148789e-07],
        "dvar": [5.11766029376e-06, 3.29032195623e-06, 6.3967826236e-07, 1.20657887237e-06, 1.05927391303e-07, 1.91166165564e-07, 4.38853682283e-08, 1.57672666035e-08, 7.40452890113e-08, 1.19814757227e-07, 2.65396824517e-08, 2.53270004968e-09, 8.71666028246e-09, 1.57685988711e-08, 2.13553761341e-08, 1.02727026885e-08, 2.18045101974e-08, 3.58903697872e-08, 4.05332611919e-09, 1.70251990284e-09, 1.91218130219e-09, 2.31313213028e-09, 7.24811766162e-10, 5.03411812236e-10, 2.75058309462e-10, 2.87408125077e-10, 3.64671681741e-10, 2.42111775073e-10, 4.55569401647e-11, 2.60804190744e-11, 5.99809021895e-11, 4.83279562202e-11, 2.34984063457e-11, 1.0863155861e-11, 7.64869157593e-12, 6.91803472147e-12, 9.23530696362e-12, 1.28394742754e-11, 5.38735635963e-12, 1.84780250996e-12],
        "dvar2": [1.40406955325e-05, 9.488860087e-06, 1.54653469053e-06, 3.34538822244e-06, 2.60511939132e-07, 5.13501674959e-07, 1.23599207313e-07, 4.13300078606e-08, 1.79651664212e-07, 3.13961351139e-07, 6.03061991455e-08, 6.36760555395e-09, 2.07368806571e-08, 2.76482072792e-08, 5.36352189329e-08, 2.36517010421e-08, 5.20548084637e-08, 1.01698475419e-07, 1.07262927429e-08, 4.28581259371e-09, 5.25176746535e-09, 6.44723119336e-09, 1.85861270818e-09, 1.19903953433e-09, 7.38206995532e-10, 7.47682749047e-10, 9.44718414608e-10, 6.64966859354e-10, 1.20144338922e-10, 7.2337524859e-11, 1.38999589616e-10, 1.28760807572e-10, 6.75887262824e-11, 2.63247965093e-11, 1.80347559803e-11, 1.68477020529e-11, 1.64375041356e-11, 2.23881069933e-11, 8.9122650232e-12, 3.5642511078e-12],
        "max": [0.0180063918233, 0.0144598027691, 0.00659237196669, 0.00989938899875, 0.00583402765915, 0.00543568236753, 0.00220439420082, 0.0014853333123, 0.0042504738085, 0.00502080190927, 0.00192622211762, 0.000623629544862, 0.00231203529984, 0.00356379756704, 0.00214663892984, 0.00108545890544, 0.00173183961306, 0.00238423072733, 0.000820712011773, 0.000630583206657, 0.000542618450709, 0.000514971790835, 0.000352295086486, 0.000318352947943, 0.000198488443857, 0.000348673027474, 0.000322223175317, 0.000182268064236, 7.92131468188e-05, 4.86762364744e-05, 0.000162617667229, 8.72233940754e-05, 4.81212846353e-05, 5.69703479414e-05, 4.69214392069e-05, 4.79435475427e-05, 7.8514116467e-05, 0.000105565079139, 5.37544401595e-05, 2.30904115597e-05],
        "mean": [0.000880926672835, 0.000842379580718, 0.000613114738371, 0.000402341916924, 0.000290117226541, 0.000339150516083, 0.000234592313063, 0.000166376354173, 0.000301678897813, 0.000336146302288, 0.000155707908561, 6.46646512905e-05, 6.73257309245e-05, 6.00899475103e-05, 0.000125110906083, 0.000102173537016, 0.000117407675134, 0.000123820311273, 7.24678175175e-05, 7.03946207068e-05, 7.58826063247e-05, 8.06336611276e-05, 4.7055156756e-05, 3.00215160678e-05, 3.35173826898e-05, 3.0617145967e-05, 2.73342411674e-05, 2.60897522821e-05, 1.49411571329e-05, 9.91134493233e-06, 1.25365422718e-05, 1.31450897243e-05, 7.83092764323e-06, 6.96962069924e-06, 4.68379221275e-06, 3.17278409057e-06, 2.40184817812e-06, 2.18102331928e-06, 1.65335688962e-06, 1.05855156107e-06],
        "median": [0.000212246726733, 0.000461997202365, 0.000351352209691, 0.000187287165318, 0.000191340615856, 0.000217364940909, 0.000151301850565, 0.000116804556455, 0.000140207717777, 0.00018645930686, 7.79911279096e-05, 3.87544823752e-05, 3.70369889424e-05, 2.38074535446e-05, 6.24468375463e-05, 4.90726633871e-05, 6.21584913461e-05, 6.26107939752e-05, 4.68725629617e-05, 5.48741445527e-05, 6.13041847828e-05, 6.07284746366e-05, 3.59104087693e-05, 2.10749421967e-05, 2.93796947517e-05, 2.53738289757e-05, 1.9224400603e-05, 2.00426893571e-05, 1.30856869873e-05, 8.19730939838e-06, 7.96604854258e-06, 1.00766483229e-05, 6.67693166179e-06, 5.60097032576e-06, 3.57302587872e-06, 2.3994109597e-06, 1.53973473971e-06, 1.31649562718e-06, 9.71246777226e-07, 6.9768020694e-07],
        "min": [8.15387102193e-06, 4.1127559598e-06, 1.19840206025e-05, 9.26009670366e-06, 1.43107727126e-05, 8.34152888274e-06, 2.06408094527e-06, 1.77584684025e-06, 2.29819670494e-06, 9.59249518928e-06, 2.30411956181e-06, 1.01197849744e-06, 7.76298293204e-07, 7.84947985721e-07, 9.79361630016e-07, 3.71334209603e-07, 1.03096203929e-06, 8.34131867578e-07, 1.69600286881e-06, 1.1107708815e-06, 7.01020042015e-07, 6.63051878291e-07, 3.45600028595e-07, 1.08035457913e-07, 1.82153812034e-07, 1.65573425193e-07, 2.12323982396e-07, 9.71443299136e-08, 8.3038862897e-08, 4.5728775433e-08, 6.8305445744e-09, 8.81513972928e-09, 7.58548512891e-09, 3.68089625447e-09, 2.63075317086e-09, 1.7880691372e-09, 1.85166282307e-09, 1.14320974909e-09, 2.17120571522e-10, 2.15209947085e-10],
