{
"highlevel": {
    "danceability": {
        "all": {
            "danceable": 0.999459922314,
            "not_danceable": 0.000540104345419
        },
        "probability": 0.999459922314,
        "value": "danceable"
    },
    "gender": {
        "all": {
            "female": 0.803515851498,
            "male": 0.196484133601
        },
        "probability": 0.803515851498,
        "value": "female"
    },
    "genre_dortmund": {
        "all": {
            "alternative": 0.0102439755574,
            "blues": 0.00720467744395,
            "electronic": 0.232427880168,
            "folkcountry": 0.00723163085058,
            "funksoulrnb": 0.00428880145773,
            "jazz": 0.145142808557,
            "pop": 0.00887178722769,
            "raphiphop": 0.582002460957,
            "rock": 0.00258598849177
        },
        "probability": 0.582002460957,
        "value": "raphiphop"
    },
    "genre_electronic": {
        "all": {
            "ambient": 0.357575029135,
            "dnb": 0.131489932537,
            "house": 0.340841859579,
            "techno": 0.0705545321107,
            "trance": 0.099538654089
        },
        "probability": 0.357575029135,
        "value": "ambient"
    },
    "genre_rosamerica": {
        "all": {
            "cla": 0.00749376975,
            "dan": 0.123598240316,
            "hip": 0.688477933407,
            "jaz": 0.0186074189842,
            "pop": 0.0214284453541,
            "rhy": 0.129969388247,
            "roc": 0.00413343915716,
            "spe": 0.00629138341174
        },
        "probability": 0.688477933407,
        "value": "hip"
    },
    "genre_tzanetakis": {
        "all": {
            "blu": 0.0626613423228,
            "cla": 0.0348169617355,
            "cou": 0.104475811124,
            "dis": 0.0784321576357,
            "hip": 0.15692435205,
            "jaz": 0.313974827528,
            "met": 0.0448166541755,
            "pop": 0.0627359300852,
            "reg": 0.0627360641956,
            "roc": 0.0784258767962
        },
        "probability": 0.313974827528,
        "value": "jaz"
    },
    "ismir04_rhythm": {
        "all": {
            "ChaChaCha": 0.259240418673,
            "Jive": 0.0160447452217,
            "Quickstep": 0.0405400246382,
            "Rumba-American": 0.0321449525654,
            "Rumba-International": 0.246611490846,
            "Rumba-Misc": 0.026784427464,
            "Samba": 0.143473252654,
            "Tango": 0.165253087878,
            "VienneseWaltz": 0.0381738096476,
            "Waltz": 0.0317338146269
        },
        "probability": 0.259240418673,
        "value": "ChaChaCha"
    },
    "mood_acoustic": {
        "all": {
            "acoustic": 0.0339307151735,
            "not_acoustic": 0.966069281101
        },
        "probability": 0.966069281101,
        "value": "not_acoustic"
    },
    "mood_aggressive": {
        "all": {
            "aggressive": 0.15779542923,
            "not_aggressive": 0.84220457077
        },
        "probability": 0.84220457077,
        "value": "not_aggressive"
    },
    "mood_electronic": {
        "all": {
            "electronic": 0.98399746418,
            "not_electronic": 0.0160025190562
        },
        "probability": 0.98399746418,
        "value": "electronic"
    },
    "mood_happy": {
        "all": {
            "happy": 0.466629475355,
            "not_happy": 0.533370494843
        },
        "probability": 0.533370494843,
        "value": "not_happy"
    },
    "mood_party": {
        "all": {
            "not_party": 0.3303822577,
            "party": 0.669617712498
        },
        "probability": 0.669617712498,
        "value": "party"
    },
    "mood_relaxed": {
        "all": {
            "not_relaxed": 0.174135535955,
            "relaxed": 0.825864493847
        },
        "probability": 0.825864493847,
        "value": "relaxed"
    },
    "mood_sad": {
        "all": {
            "not_sad": 0.269838064909,
            "sad": 0.730161905289
        },
        "probability": 0.730161905289,
        "value": "sad"
    },
    "moods_mirex": {
        "all": {
            "Cluster1": 0.153018593788,
            "Cluster2": 0.348803967237,
            "Cluster3": 0.0705610662699,
            "Cluster4": 0.162242606282,
            "Cluster5": 0.26537373662
        },
        "probability": 0.348803967237,
        "value": "Cluster2"
    },
    "timbre": {
        "all": {
            "bright": 0.380304515362,
            "dark": 0.619695484638
        },
        "probability": 0.619695484638,
        "value": "dark"
    },
    "tonal_atonal": {
        "all": {
            "atonal": 0.577898561954,
            "tonal": 0.422101438046
        },
        "probability": 0.577898561954,
        "value": "atonal"
    },
    "voice_instrumental": {
        "all": {
            "instrumental": 0.848066926003,
            "voice": 0.151933073997
        },
        "probability": 0.848066926003,
        "value": "instrumental"
    }
},
"lowlevel": {
    "average_loudness": 0.962797701359,
    "barkbands_crest": {
        "dmean": 2.27196502686,
        "dmean2": 3.38993549347,
        "dvar": 7.38205814362,
        "dvar2": 16.0742816925,
        "max": 25.8143138885,
        "mean": 15.7413291931,
        "median": 15.0612306595,
        "min": 3.61402463913,
        "var": 27.7938785553
    },
    "barkbands_flatness_db": {
        "dmean": 0.0351764708757,
        "dmean2": 0.0500494837761,
        "dvar": 0.00127978727687,
        "dvar2": 0.00223896862008,
        "max": 0.472127497196,
        "mean": 0.2327542454,
        "median": 0.220589727163,
        "min": 0.0792686492205,
        "var": 0.00492987176403
    },
    "barkbands_kurtosis": {
        "dmean": 10.7036581039,
        "dmean2": 16.7978286743,
        "dvar": 329.398284912,
        "dvar2": 753.629943848,
        "max": 203.659042358,
        "mean": 16.7630004883,
        "median": 5.97516059875,
        "min": -1.91113936901,
        "var": 638.465454102
    },
    "barkbands_skewness": {
        "dmean": 1.01662647724,
        "dmean2": 1.53480732441,
        "dvar": 1.47620224953,
        "dvar2": 3.00818157196,
        "max": 12.8032941818,
        "mean": 3.05418562889,
        "median": 2.56069111824,
        "min": -3.34137535095,
        "var": 4.79073238373
    },
    "barkbands_spread": {
        "dmean": 8.76165294647,
        "dmean2": 13.697933197,
        "dvar": 123.732330322,
        "dvar2": 281.340026855,
        "max": 101.416000366,
        "mean": 19.4324493408,
        "median": 15.5110445023,
        "min": 0.641233742237,
        "var": 296.733215332
    },
    "dissonance": {
        "dmean": 0.0271562933922,
        "dmean2": 0.0454384982586,
        "dvar": 0.000629145884886,
        "dvar2": 0.00167312903795,
        "max": 0.500000059605,
        "mean": 0.445978224277,
        "median": 0.452396690845,
        "min": 0.298579126596,
        "var": 0.00131799362134
    },
    "dynamic_complexity": 2.60411381721,
    "erbbands_crest": {
        "dmean": 2.88349342346,
        "dmean2": 4.78276157379,
        "dvar": 6.8171377182,
        "dvar2": 18.3493423462,
        "max": 28.9757575989,
        "mean": 9.99396896362,
        "median": 9.09624481201,
        "min": 3.41260313988,
        "var": 18.4661388397
    },
    "erbbands_flatness_db": {
        "dmean": 0.0214929543436,
        "dmean2": 0.0322276391089,
        "dvar": 0.000370004447177,
        "dvar2": 0.000765279517509,
        "max": 0.303075939417,
        "mean": 0.169013932347,
        "median": 0.163397848606,
        "min": 0.0729671344161,
        "var": 0.00171214446891
    },
    "erbbands_kurtosis": {
        "dmean": 1.36282134056,
        "dmean2": 2.16992878914,
        "dvar": 2.7887032032,
        "dvar2": 5.98565196991,
        "max": 20.7049312592,
        "mean": 0.913541078568,
        "median": 0.108301401138,
        "min": -1.79171657562,
        "var": 6.95175743103
    },
    "erbbands_skewness": {
        "dmean": 0.581860840321,
        "dmean2": 0.891199886799,
        "dvar": 0.332260608673,
        "dvar2": 0.778044521809,
        "max": 3.44900035858,
        "mean": 0.102543756366,
        "median": 0.17968416214,
        "min": -4.2521648407,
        "var": 0.995855867863
    },
    "erbbands_spread": {
        "dmean": 13.5853528976,
        "dmean2": 21.04712677,
        "dvar": 220.261367798,
        "dvar2": 489.987609863,
        "max": 155.877227783,
        "mean": 41.4819869995,
        "median": 36.3657035828,
        "min": 7.20574522018,
        "var": 527.752441406
    },
    "hfc": {
        "dmean": 8.85004520416,
        "dmean2": 13.319316864,
        "dvar": 227.861404419,
        "dvar2": 473.674041748,
        "max": 149.502304077,
        "mean": 15.5309057236,
        "median": 11.0555696487,
        "min": 0.119242981076,
        "var": 340.108398438
    },
    "melbands_crest": {
        "dmean": 2.73479580879,
        "dmean2": 4.06057262421,
        "dvar": 12.9460725784,
        "dvar2": 29.1154289246,
        "max": 38.4613761902,
        "mean": 27.4654216766,
        "median": 29.251947403,
        "min": 4.62099981308,
        "var": 56.5395050049
    },
    "melbands_flatness_db": {
        "dmean": 0.0425051823258,
        "dmean2": 0.0584107972682,
        "dvar": 0.0018965951167,
        "dvar2": 0.00321116298437,
        "max": 0.590820908546,
        "mean": 0.292664736509,
        "median": 0.28443223238,
        "min": 0.0684314444661,
        "var": 0.00891245063394
    },
    "melbands_kurtosis": {
        "dmean": 23.5351581573,
        "dmean2": 35.0153884888,
        "dvar": 1548.00756836,
        "dvar2": 3490.30664062,
        "max": 490.393188477,
        "mean": 42.7290840149,
        "median": 21.9403972626,
        "min": -1.86230027676,
        "var": 2999.15625
    },
    "melbands_skewness": {
        "dmean": 1.369987607,
        "dmean2": 1.97740626335,
        "dvar": 2.6305437088,
        "dvar2": 5.01240921021,
        "max": 18.5341854095,
        "mean": 4.82894515991,
        "median": 4.26432132721,
        "min": -0.776075422764,
        "var": 8.86173439026
    },
    "melbands_spread": {
        "dmean": 7.59474945068,
        "dmean2": 11.2964925766,
        "dvar": 166.326934814,
        "dvar2": 314.602874756,
        "max": 221.278182983,
        "mean": 17.7248306274,
        "median": 12.5192527771,
        "min": 0.499781906605,
        "var": 510.354736328
    },
    "pitch_salience": {
        "dmean": 0.0748844221234,
        "dmean2": 0.110243193805,
        "dvar": 0.00816027168185,
        "dvar2": 0.0180307235569,
        "max": 0.838836610317,
        "mean": 0.31875962019,
        "median": 0.287807077169,
        "min": 0.0719362869859,
        "var": 0.0254623144865
    },
    "silence_rate_20dB": {
        "dmean": 0,
        "dmean2": 0,
        "dvar": 0,
        "dvar2": 0,
        "max": 1,
        "mean": 1,
        "median": 1,
        "min": 1,
        "var": 0
    },
    "silence_rate_30dB": {
        "dmean": 0.0433436520398,
        "dmean2": 0.0867544561625,
        "dvar": 0.0414643995464,
        "dvar2": 0.0792270377278,
        "max": 1,
        "mean": 0.941995382309,
        "median": 1,
        "min": 0,
        "var": 0.0546401292086
    },
    "silence_rate_60dB": {
        "dmean": 0.00386996893212,
        "dmean2": 0.00697134016082,
        "dvar": 0.00385503214784,
        "dvar2": 0.00692277448252,
        "max": 1,
        "mean": 0.00541376648471,
        "median": 0,
        "min": 0,
        "var": 0.00538436556235
    },
    "spectral_centroid": {
        "dmean": 515.930603027,
        "dmean2": 812.991943359,
        "dvar": 348885.78125,
        "dvar2": 857297.625,
        "max": 5179.26953125,
        "mean": 1597.06762695,
        "median": 1447.1072998,
        "min": 187.686920166,
        "var": 836085.6875
    },
    "spectral_complexity": {
        "dmean": 3.53947377205,
        "dmean2": 5.21301317215,
        "dvar": 23.0254955292,
        "dvar2": 37.8703536987,
        "max": 52,
        "mean": 12.2459392548,
        "median": 11,
        "min": 1,
        "var": 57.7384643555
    },
    "spectral_decrease": {
        "dmean": 2.87790768994e-09,
        "dmean2": 4.31321556249e-09,
        "dvar": 5.47744211643e-17,
        "dvar2": 9.91728673958e-17,
        "max": -3.65933984503e-11,
        "mean": -1.03784643102e-08,
        "median": -8.91437679229e-09,
        "min": -6.12176762615e-08,
        "var": 9.41115278986e-17
    },
    "spectral_energy": {
        "dmean": 0.0114553188905,
        "dmean2": 0.0171157252043,
        "dvar": 0.000804767245427,
        "dvar2": 0.00145888479892,
        "max": 0.235086292028,
        "mean": 0.0405793935061,
        "median": 0.0346266701818,
        "min": 0.000148927239934,
        "var": 0.00138264812995
    },
    "spectral_energyband_high": {
        "dmean": 0.000961328973062,
        "dmean2": 0.00159746897407,
        "dvar": 3.95831466449e-06,
        "dvar2": 1.0032343198e-05,
        "max": 0.0199904665351,
        "mean": 0.00101723219268,
        "median": 0.000260092812823,
        "min": 2.26835027206e-07,
        "var": 4.06458320867e-06
    },
    "spectral_energyband_low": {
        "dmean": 0.00854179728776,
        "dmean2": 0.0129471784458,
        "dvar": 0.000661799218506,
        "dvar2": 0.00120404642075,
        "max": 0.222314491868,
        "mean": 0.0313839167356,
        "median": 0.0274262651801,
        "min": 6.14861406234e-09,
        "var": 0.00111321010627
    },
    "spectral_energyband_middle_high": {
        "dmean": 0.00142648315523,
        "dmean2": 0.00197048205882,
        "dvar": 6.75183991916e-06,
        "dvar2": 1.0455300071e-05,
        "max": 0.0297370236367,
        "mean": 0.00279506132938,
        "median": 0.00158989243209,
        "min": 1.77210768015e-05,
        "var": 1.43785055116e-05
    },
    "spectral_energyband_middle_low": {
        "dmean": 0.00511672627181,
        "dmean2": 0.00905792787671,
        "dvar": 0.000277792452835,
        "dvar2": 0.000786804128438,
        "max": 0.12195045501,
        "mean": 0.00585715752095,
        "median": 0.00275010429323,
        "min": 0.000104312952317,
        "var": 0.000172589192516
    },
    "spectral_entropy": {
        "dmean": 0.287559688091,
        "dmean2": 0.426350563765,
        "dvar": 0.0698927566409,
        "dvar2": 0.145049437881,
        "max": 8.51905822754,
        "mean": 7.44012928009,
        "median": 7.47188568115,
        "min": 5.93317127228,
        "var": 0.263612926006
    },
    "spectral_flux": {
        "dmean": 0.0342958308756,
        "dmean2": 0.0493654981256,
        "dvar": 0.00338530587032,
        "dvar2": 0.0054615046829,
        "max": 0.53890568018,
        "mean": 0.0804998651147,
        "median": 0.0545664653182,
        "min": 0.00668513355777,
        "var": 0.00736615154892
    },
    "spectral_kurtosis": {
        "dmean": 2.45894932747,
        "dmean2": 3.91981554031,
        "dvar": 10.7384548187,
        "dvar2": 23.6485023499,
        "max": 55.0387268066,
        "mean": 4.19818878174,
        "median": 3.17136287689,
        "min": -1.17491662502,
        "var": 21.7260417938
    },
    "spectral_rms": {
        "dmean": 0.000739944749512,
        "dmean2": 0.00108313851524,
        "dvar": 2.08762503462e-06,
        "dvar2": 3.46276010532e-06,
        "max": 0.0151443872601,
        "mean": 0.00585426623002,
        "median": 0.00581223890185,
        "min": 0.000381175632356,
        "var": 5.31717341801e-06
    },
    "spectral_rolloff": {
        "dmean": 486.313964844,
        "dmean2": 815.995056152,
        "dvar": 1080611.125,
        "dvar2": 2486073.75,
        "max": 8764.01367188,
        "mean": 887.57635498,
        "median": 366.064453125,
        "min": 43.06640625,
        "var": 2014723.375
    },
    "spectral_skewness": {
        "dmean": 0.422781556845,
        "dmean2": 0.634270012379,
        "dvar": 0.164222285151,
        "dvar2": 0.362347960472,
        "max": 5.47116136551,
        "mean": 1.38030707836,
        "median": 1.38039088249,
        "min": -0.258625745773,
        "var": 0.555284261703
    },
    "spectral_spread": {
        "dmean": 831324.75,
        "dmean2": 1212622,
        "dvar": 826113982464,
        "dvar2": 1.38753356595e+12,
        "max": 13407085,
        "mean": 4723600,
        "median": 4418486,
        "min": 1423497.625,
        "var": 2.85645471744e+12
    },
    "spectral_strongpeak": {
        "dmean": 0.168112784624,
        "dmean2": 0.29544827342,
        "dvar": 0.238757491112,
        "dvar2": 0.646899819374,
        "max": 10.0391283035,
        "mean": 0.433109253645,
        "median": 0.280615508556,
        "min": 0,
        "var": 0.300889879465
    },
    "zerocrossingrate": {
        "dmean": 0.0110415052623,
        "dmean2": 0.0129071157426,
        "dvar": 0.00018213619478,
        "dvar2": 0.000195063825231,
        "max": 0.3154296875,
        "mean": 0.0360844768584,
        "median": 0.02587890625,
        "min": 0.00146484375,
        "var": 0.00135195220355
    },
    "barkbands": {
        "dmean": [0.00138368632179, 0.00776510778815, 0.00410206476226, 0.00247167400084, 0.00100124778692, 0.000695463211741, 0.000666963402182, 0.000294742523693, 0.000669758126605, 0.00024777391809, 0.000203605406568, 0.000196163338842, 0.000177804235136, 0.000194074542378, 0.000187235797057, 0.000246811046964, 0.000179255599505, 0.000229454468354, 0.000182449599379, 0.00015384501603, 0.000457218498923, 0.000172549887793, 0.000176210043719, 9.76350129349e-05, 4.02194273192e-05, 1.44628675116e-05, 2.80608194458e-08],
        "dmean2": [0.00235451362096, 0.0120854843408, 0.00782072078437, 0.00471828505397, 0.0017603848828, 0.00120075209998, 0.00113455927931, 0.000497264496516, 0.00100666109938, 0.000398731703172, 0.00029570699553, 0.000305769470287, 0.000271348864771, 0.000297767663142, 0.000287933740765, 0.000367004889995, 0.000267411087407, 0.00031478353776, 0.000272391655017, 0.000227274867939, 0.000819508102722, 0.000288395880489, 0.000276266277069, 0.000154707537149, 6.50765286991e-05, 2.46105519182e-05, 4.89113105573e-08],
        "dvar": [8.38476444187e-06, 0.000628707872238, 0.000343355844961, 0.000138761883136, 1.55481357069e-05, 2.67225073003e-06, 2.13195335164e-06, 5.27101974512e-07, 1.81725852144e-06, 6.68259644954e-07, 2.67601620862e-07, 2.37796626834e-07, 1.41776510532e-07, 1.8591697426e-07, 1.84958665272e-07, 4.70323442414e-07, 2.88250703306e-07, 3.63185819197e-07, 2.91760954951e-07, 1.66185330386e-07, 2.34644357988e-06, 5.68584503924e-08, 9.565986403e-08, 3.77922226846e-08, 1.09744604515e-08, 2.7529794e-09, 2.5143009216e-14],
        "dvar2": [2.2284584702e-05, 0.00154156924691, 0.000993555528112, 0.000402905599913, 4.36425616499e-05, 7.08049583409e-06, 5.5039918152e-06, 1.39253972975e-06, 4.05425134886e-06, 1.59073670147e-06, 4.57883601257e-07, 5.19049081049e-07, 2.78834704659e-07, 4.414248167e-07, 4.29258193435e-07, 1.01652574358e-06, 6.92527862611e-07, 6.01977660608e-07, 5.87007718877e-07, 2.85940643607e-07, 6.44707097308e-06, 1.50388217435e-07, 1.91574244468e-07, 8.05804276638e-08, 2.62661341566e-08, 7.08926384263e-09, 6.37324055835e-14],
        "max": [0.0346040502191, 0.214172840118, 0.146933987737, 0.0899083614349, 0.0354886651039, 0.0123844938353, 0.0129011198878, 0.00824378989637, 0.0178026668727, 0.0111560858786, 0.00921643152833, 0.00541912578046, 0.00427810335532, 0.00454164994881, 0.00439405627549, 0.0101020066068, 0.00585085526109, 0.00990557577461, 0.00619040057063, 0.00454674521461, 0.0144250029698, 0.00177901587449, 0.00364681729116, 0.00224412139505, 0.00145447649993, 0.000769100442994, 2.09563677345e-06],
        "mean": [0.00536615774035, 0.0229308642447, 0.00264027528465, 0.00145677442197, 0.000828039075714, 0.000816206622403, 0.00101020932198, 0.000344680796843, 0.00134119868744, 0.000317741476465, 0.000355706724804, 0.000274528982118, 0.000269666896202, 0.000244611874223, 0.000244459341047, 0.000306620553602, 0.000215542982914, 0.000307227106532, 0.000210715676076, 0.000176185829332, 0.000342013052432, 0.000188136837096, 0.000220532441745, 0.000117814641271, 4.04995007557e-05, 1.29914214995e-05, 1.86378716904e-08],
        "median": [0.00469192583114, 0.0193229541183, 0.000214957850403, 4.84103802592e-05, 0.000126996586914, 0.000363039958756, 0.000404673628509, 0.000103045640572, 0.000291437318083, 5.56196537218e-05, 6.27515983069e-05, 6.31067159702e-05, 5.59710642847e-05, 6.01537431066e-05, 4.9171027058e-05, 3.70004199794e-05, 4.37346134277e-05, 7.18381561455e-05, 5.36545958312e-05, 3.831558206e-05, 4.54878245364e-05, 4.66098936158e-05, 4.74684929941e-05, 2.18719960685e-05, 9.59128374234e-06, 2.26987708629e-06, 7.42628403216e-10],
        "min": [2.87292585555e-11, 2.98979174751e-10, 1.22220655818e-09, 3.214693578e-08, 6.73103477311e-06, 6.66460380216e-07, 7.89647492638e-06, 8.6180625658e-07, 2.89135255116e-06, 3.49298943547e-07, 2.60183782075e-07, 2.30956317182e-07, 1.89862277011e-07, 1.9866611467e-07, 1.5459744418e-07, 1.4961700856e-07, 8.88020821321e-08, 1.58897677238e-07, 1.9039380561e-07, 8.29982482742e-08, 4.33076507989e-08, 2.22822453821e-08, 9.82813030959e-09, 1.59151287704e-08, 1.29930566306e-09, 1.20149957691e-11, 6.90017834537e-12],
        "var": [2.66903098236e-05, 0.000690159737132, 0.000190074031707, 7.56711306167e-05, 9.64887112787e-06, 2.16085777538e-06, 2.60691581389e-06, 5.05500338477e-07, 7.13400504537e-06, 8.26112454888e-07, 1.13306793992e-06, 3.88199083545e-07, 2.97643850899e-07, 2.37732109554e-07, 2.59137976855e-07, 6.35564333606e-07, 3.08042558572e-07, 6.05922593877e-07, 3.4988440234e-07, 2.58098822314e-07, 1.54638064487e-06, 7.90239198523e-08, 2.231415408e-07, 6.8844755674e-08, 1.06095408015e-08, 2.17787299306e-09, 1.69483279814e-14]
    },
    "erbbands": {
        "dmean": [0.271873623133, 1.70525062084, 3.64427685738, 8.11803245544, 4.52017354965, 3.23286867142, 3.51807808876, 6.62448835373, 9.17165184021, 7.94923067093, 8.62414741516, 12.7861299515, 10.5154457092, 8.94857788086, 4.43223524094, 7.74339103699, 7.40445327759, 10.4218606949, 7.77825450897, 9.62039279938, 13.2860965729, 11.9797563553, 10.8673257828, 11.8831262589, 9.02228546143, 7.62713527679, 22.6351661682, 11.7210979462, 5.64589500427, 5.72317361832, 4.82570981979, 2.48336315155, 1.48917412758, 0.63332593441, 0.196094080806, 0.0818477869034, 0.0246643833816, 0.00194687128533, 4.65627817903e-05, 1.6038045942e-05],
        "dmean2": [0.428842455149, 2.6905362606, 6.4185128212, 15.6205911636, 8.20067501068, 5.59169864655, 6.0624756813, 11.6032438278, 15.5687017441, 13.529425621, 13.7742652893, 20.0931110382, 15.6897115707, 12.6027565002, 6.82152748108, 11.9683694839, 11.0740814209, 16.2062301636, 11.7457437515, 14.5959692001, 19.3524284363, 17.4056167603, 15.0552711487, 17.0765838623, 13.9229822159, 11.2874946594, 40.0340270996, 20.7449378967, 9.39565849304, 9.32960796356, 7.55219745636, 3.89705920219, 2.41358304024, 1.02097570896, 0.317082613707, 0.138221845031, 0.0425818301737, 0.00337283848785, 7.7806536865e-05, 2.40887075051e-05],
        "dvar": [0.584399461746, 33.5218849182, 225.969085693, 1480.8416748, 372.372558594, 139.523040771, 98.1495132446, 293.763458252, 441.450073242, 368.076477051, 304.15246582, 783.798706055, 679.360839844, 430.731719971, 109.895545959, 413.758422852, 238.922576904, 524.478210449, 265.370391846, 437.377319336, 1535.31726074, 1327.93054199, 755.534057617, 1131.13964844, 981.346191406, 492.326385498, 9601.02832031, 348.110961914, 55.6277503967, 73.7594299316, 80.5288772583, 25.7157382965, 9.35688495636, 2.4054851532, 0.244775831699, 0.0654747933149, 0.0101530672982, 7.82017159509e-05, 2.79497101019e-08, 1.12368958582e-09],
        "dvar2": [1.35683643818, 82.3056182861, 618.028686523, 4297.18457031, 1052.4440918, 383.508758545, 268.687774658, 788.31072998, 1165.84411621, 980.638671875, 743.537109375, 1890.74133301, 1462.59228516, 770.567504883, 272.644226074, 916.549072266, 455.446746826, 1335.34155273, 596.118164062, 1030.94824219, 3343.71118164, 3015.7277832, 1257.64355469, 2165.41259766, 2254.44799805, 820.96496582, 26243.6835938, 965.708740234, 145.518096924, 164.314712524, 162.199020386, 52.0322494507, 21.5916061401, 5.6840763092, 0.593633115292, 0.167716443539, 0.0264272745699, 0.0002075653465, 7.23601232266e-08, 2.08155359616e-09],
        "max": [6.51239204407, 47.5858840942, 138.79095459, 276.015411377, 161.613494873, 104.206260681, 85.8944396973, 151.029495239, 195.272491455, 167.109619141, 166.201126099, 317.731292725, 358.417724609, 378.961181641, 158.962463379, 247.84185791, 178.294647217, 325.017120361, 185.610427856, 179.697753906, 631.940368652, 423.227539062, 426.716278076, 358.141082764, 376.455780029, 246.632125854, 924.54296875, 149.418548584, 52.0935935974, 88.7579574585, 100.122329712, 62.8408432007, 28.3996162415, 20.6144313812, 5.27536439896, 4.29102993011, 1.33573663235, 0.117970153689, 0.00213923421688, 0.000275490630884],
        "mean": [1.07084238529, 3.52444076538, 3.34772801399, 4.85205936432, 3.17808175087, 2.82232403755, 4.06335878372, 7.32578277588, 11.9043312073, 12.2147359848, 12.8675079346, 21.9058971405, 22.0872821808, 17.5146884918, 6.71968650818, 10.9044294357, 11.9875059128, 14.688126564, 10.7839450836, 12.7760753632, 17.2768821716, 14.6674852371, 14.9852695465, 15.1141357422, 9.53244304657, 8.65427970886, 16.8755073547, 9.62421894073, 6.33864593506, 6.72948074341, 6.07255554199, 3.19125342369, 1.6540145874, 0.639842271805, 0.197242870927, 0.0758273601532, 0.0213502794504, 0.00158513267525, 5.67002425669e-05, 4.90624588565e-05],
        "median": [0.981862723827, 1.39690387249, 0.408309161663, 0.232637196779, 0.267182558775, 0.419985830784, 1.13922584057, 3.35879158974, 3.96904730797, 6.10696935654, 4.10169744492, 5.43282413483, 3.47144031525, 4.31525087357, 2.09643292427, 2.38499355316, 3.28394174576, 4.60163402557, 2.99665355682, 2.58896899223, 2.36852645874, 3.23993086815, 3.90959072113, 3.98386311531, 2.26848101616, 1.63334858418, 1.88925993443, 1.82016408443, 1.6983371973, 1.62830638885, 1.26025032997, 0.581163883209, 0.314218401909, 0.142200857401, 0.045539163053, 0.014394021593, 0.00294600031339, 0.000174593340489, 2.33896353166e-05, 4.00966528105e-05],
        "min": [2.22380421633e-07, 1.85425972177e-06, 3.64386760339e-05, 0.00168767967261, 0.00910005997866, 0.0238534454256, 0.0103823663667, 0.0093718804419, 0.118393100798, 0.0991536974907, 0.0657052472234, 0.0763913094997, 0.0509228482842, 0.0202234406024, 0.017889034003, 0.0164497308433, 0.0258428044617, 0.0155245075002, 0.0158519055694, 0.0103632323444, 0.013968094252, 0.00964950304478, 0.0120503427461, 0.0117679825053, 0.00881859846413, 0.00424844678491, 0.00296552455984, 0.00102613924537, 0.000812854908872, 0.000413216534071, 0.000211692909943, 0.000177943409653, 8.86743873707e-05, 3.67901120626e-05, 1.53268174472e-05, 6.21760227659e-06, 2.92305321636e-06, 1.84497125133e-07, 1.00454968788e-07, 1.78164768272e-07],
        "var": [0.840949177742, 36.3538970947, 153.247070312, 806.520874023, 221.663574219, 93.0871276855, 81.1930007935, 216.284698486, 461.887939453, 355.368804932, 470.866241455, 1545.4432373, 3001.77246094, 2156.56835938, 174.814880371, 657.658447266, 503.744445801, 671.221496582, 392.486602783, 613.943237305, 2110.29101562, 1517.60620117, 1301.5715332, 1576.42822266, 947.140563965, 756.374389648, 6350.96728516, 298.301055908, 82.3508529663, 147.402923584, 179.120269775, 54.9513435364, 13.4068250656, 2.4088704586, 0.243266493082, 0.0546345971525, 0.00763652473688, 5.51205703232e-05, 2.13732977983e-08, 1.87655535555e-09]
    },
    "gfcc": {
        "mean": [-41.7288742065, 93.411567688, -111.275810242, 43.8618202209, -62.6371765137, 24.0635070801, -23.7967243195, 19.5997104645, 1.29757034779, 11.2147369385, 1.29972779751, 4.72950124741, -3.26441168785],
        "cov": [[4590.44580078, -1745.80102539, -293.438049316, 584.872375488, -362.803100586, 398.067230225, -198.114929199, 286.205993652, -358.382019043, 301.562225342, -429.589874268, 237.915679932, -126.557289124], [-1745.80102539, 2046.52868652, 408.883331299, -148.27230835, 773.478088379, -90.6895904541, 445.366790771, 11.0480575562, 339.172180176, -142.328872681, 380.27935791, -184.644195557, 128.261611938], [-293.438049316, 408.883331299, 1397.45019531, 509.922119141, 49.2921409607, 360.175872803, 403.500762939, 53.9326019287, 191.633956909, 187.145965576, 103.532661438, 10.9110651016, 43.3257255554], [584.872375488, -148.27230835, 509.922119141, 752.569030762, 71.4835357666, 180.292938232, 179.009597778, 111.845710754, 167.351593018, 174.860626221, 20.2621078491, 59.8015785217, 107.601638794], [-362.803100586, 773.478088379, 49.2921409607, 71.4835357666, 657.944091797, 32.1324920654, 211.512268066, 181.027526855, 219.854202271, 3.00314927101, 145.402755737, -26.5892333984, 101.513801575], [398.067230225, -90.6895904541, 360.175872803, 180.292938232, 32.1324920654, 391.421905518, 208.842758179, 91.5137481689, 72.8316345215, 125.38469696, 20.8183994293, 60.406829834, 25.6069660187], [-198.114929199, 445.366790771, 403.500762939, 179.009597778, 211.512268066, 208.842758179, 477.226287842, 187.026763916, 194.855117798, 96.4574813843, 114.761405945, 34.9666862488, 107.379447937], [286.205993652, 11.0480575562, 53.9326019287, 111.845710754, 181.027526855, 91.5137481689, 187.026763916, 337.336578369, 128.927932739, 63.4853172302, 26.5569038391, 55.8911552429, 58.3904151917], [-358.382019043, 339.172180176, 191.633956909, 167.351593018, 219.854202271, 72.8316345215, 194.855117798, 128.927932739, 329.748168945, 67.0976715088, 69.3133926392, 4.23359441757, 109.778961182], [301.562225342, -142.328872681, 187.145965576, 174.860626221, 3.00314927101, 125.38469696, 96.4574813843, 63.4853172302, 67.0976715088, 227.365875244, 26.014213562, 61.5602035522, 29.669095993], [-429.589874268, 380.27935791, 103.532661438, 20.2621078491, 145.402755737, 20.8183994293, 114.761405945, 26.5569038391, 69.3133926392, 26.014213562, 271.405273438, 3.55744671822, 14.0147628784], [237.915679932, -184.644195557, 10.9110651016, 59.8015785217, -26.5892333984, 60.406829834, 34.9666862488, 55.8911552429, 4.23359441757, 61.5602035522, 3.55744671822, 138.106567383, 33.8982009888], [-126.557289124, 128.261611938, 43.3257255554, 107.601638794, 101.513801575, 25.6069660187, 107.379447937, 58.3904151917, 109.778961182, 29.669095993, 14.0147628784, 33.8982009888, 166.39994812]],
        "icov": [[0.000678403128404, -0.000284871348413, 0.000548835436348, -0.000889622489922, 0.000246554700425, -0.000889966380782, 0.000409972097259, -0.000851257296745, 0.00100865389686, -0.000664678169414, 0.000954410585109, -0.000449743267382, 0.000652917602565], [-0.000284871348413, 0.00370177906007, -0.00147257978097, 0.00190209446009, -0.00324598606676, 0.00223785405979, -0.00267852912657, 0.00256521161646, -0.00151663005818, 0.00193179049529, -0.00254264171235, 0.00227650464512, -0.00104584731162], [0.000548835436348, -0.00147257978097, 0.00231531867757, -0.00197712657973, 0.00149543676525, -0.00199022097513, 0.000209872261621, -0.000881473417394, 0.000936544616707, -0.00124479038641, 0.00136080605444, -0.000635246338788, 0.00141487235669], [-0.000889622489922, 0.00190209446009, -0.00197712657973, 0.00404070038348, -0.00167807901744, 0.00187278480735, -0.00111912272405, 0.00168868876062, -0.00212678103708, 0.000672994239721, -0.00198262766935, 0.00129345396999, -0.00218912982382], [0.000246554700425, -0.00324598606676, 0.00149543676525, -0.00167807901744, 0.00536232162267, -0.00198280764744, 0.00202480051666, -0.00313368462957, 0.000396931223804, -0.00127372087445, 0.00124259898439, -0.00104748166632, 0.000286055117613], [-0.000889966380782, 0.00223785405979, -0.00199022097513, 0.00187278480735, -0.00198280764744, 0.0064724762924, -0.00317912688479, 0.00212437589653, -0.00169622001704, 0.000619419675786, -0.0018289812142, 0.000555818201974, -0.000525569543242], [0.000409972097259, -0.00267852912657, 0.000209872261621, -0.00111912272405, 0.00202480051666, -0.00317912688479, 0.00706438859925, -0.00372024253011, 0.000727466715034, -0.00157924450468, 0.000974457594566, -0.00143427134026, -0.000942069920711], [-0.000851257296745, 0.00256521161646, -0.000881473417394, 0.00168868876062, -0.00313368462957, 0.00212437589653, -0.00372024253011, 0.00727882562205, -0.00274517573416, 0.00158620695584, -0.0017867970746, 0.000225131545449, -0.000422942743171], [0.00100865389686, -0.00151663005818, 0.000936544616707, -0.00212678103708, 0.000396931223804, -0.00169622001704, 0.000727466715034, -0.00274517573416, 0.00739632174373, -0.00223447289318, 0.00178158155177, -0.000202031747904, -0.00100974214729], [-0.000664678169414, 0.00193179049529, -0.00124479038641, 0.000672994239721, -0.00127372087445, 0.000619419675786, -0.00157924450468, 0.00158620695584, -0.00223447289318, 0.00805102661252, -0.00234899274074, -0.000531886471435, -0.000616576813627], [0.000954410585109, -0.00254264171235, 0.00136080605444, -0.00198262766935, 0.00124259898439, -0.0018289812142, 0.000974457594566, -0.0017867970746, 0.00178158155177, -0.00234899274074, 0.00730979349464, -0.00253216247074, 0.0022787200287], [-0.000449743267382, 0.00227650464512, -0.000635246338788, 0.00129345396999, -0.00104748166632, 0.000555818201974, -0.00143427134026, 0.000225131545449, -0.000202031747904, -0.000531886471435, -0.00253216247074, 0.0114867696539, -0.00326639949344], [0.000652917602565, -0.00104584731162, 0.00141487235669, -0.00218912982382, 0.000286055117613, -0.000525569543242, -0.000942069920711, -0.000422942743171, -0.00100974214729, -0.000616576813627, 0.0022787200287, -0.00326639949344, 0.0102718342096]]
    },
    "melbands": {
        "dmean": [0.00223645498045, 0.00162043364253, 0.00126725784503, 0.000266124756308, 0.000120552365843, 0.000145047495607, 0.00014197838027, 7.91115598986e-05, 8.14799059299e-05, 8.48890922498e-05, 5.41935842193e-05, 3.66756794392e-05, 1.84968648682e-05, 1.73157386598e-05, 2.28646640608e-05, 2.00553186005e-05, 2.00484118977e-05, 1.1875014934e-05, 1.7434500478e-05, 1.40114298119e-05, 1.55416655616e-05, 1.29837180793e-05, 9.16641602089e-06, 1.02803733171e-05, 1.01722553154e-05, 6.71223733661e-06, 5.8028267631e-06, 4.83234543935e-06, 1.48849585457e-05, 8.81019150256e-06, 6.51811842545e-06, 3.20015192301e-06, 3.12941369884e-06, 3.3673118196e-06, 3.04464515466e-06, 2.24926498049e-06, 1.32691616272e-06, 1.20001107007e-06, 7.03955493009e-07, 4.92863136969e-07],
        "dmean2": [0.00360466982238, 0.002459483454, 0.00241780956276, 0.000468534533866, 0.000208970974199, 0.00025034166174, 0.000240500259679, 0.000135052221594, 0.000128721789224, 0.000129903957713, 8.10850324342e-05, 5.26317962795e-05, 2.74543854175e-05, 2.78020961559e-05, 3.47831810359e-05, 3.05059456878e-05, 3.14122989948e-05, 1.8458447812e-05, 2.64409554802e-05, 2.12423819903e-05, 2.31510675803e-05, 1.97082827071e-05, 1.3514971215e-05, 1.38972527566e-05, 1.4780451238e-05, 1.04536138679e-05, 8.92680782272e-06, 6.84465521772e-06, 2.61619152297e-05, 1.57884605869e-05, 1.14836493594e-05, 5.3196040426e-06, 5.241729923e-06, 5.46552064407e-06, 4.85251030113e-06, 3.46959177477e-06, 2.10556413549e-06, 1.98101588467e-06, 1.1467392369e-06, 8.03294312846e-07],
        "dvar": [4.83588701172e-05, 3.26429762936e-05, 3.47553213942e-05, 1.1168627907e-06, 1.31683151494e-07, 1.23865248725e-07, 9.54814254328e-08, 3.90872472167e-08, 2.92788087108e-08, 3.54086999721e-08, 1.88727984352e-08, 8.0511677325e-09, 1.83823345434e-09, 2.26547758331e-09, 4.37660974129e-09, 2.20528550976e-09, 2.08533768031e-09, 7.75623065774e-10, 1.71871195054e-09, 1.49512335845e-09, 2.62742982926e-09, 1.55383650391e-09, 6.66023070028e-10, 6.30406671309e-10, 8.54933568384e-10, 4.38955927162e-10, 3.96200905417e-10, 1.62765884104e-10, 4.32686642071e-09, 6.29779783878e-10, 9.39470376493e-11, 1.75229934729e-11, 2.22261219845e-11, 2.84950049667e-11, 3.28400258376e-11, 2.35261688603e-11, 8.83123088546e-12, 6.03096262167e-12, 2.76686724747e-12, 1.61996718123e-12],
        "dvar2": [0.000115186310722, 7.14468915248e-05, 0.000100246019429, 3.10993846142e-06, 3.64735910807e-07, 3.30640347102e-07, 2.50333130225e-07, 1.04321820515e-07, 6.95335771184e-08, 8.11297269365e-08, 4.06007778508e-08, 1.58971431574e-08, 3.91417076528e-09, 5.2889839175e-09, 8.93960283577e-09, 4.5422243744e-09, 5.25258680995e-09, 1.67811287088e-09, 3.87261511747e-09, 3.47553141822e-09, 5.79668091305e-09, 3.72445874142e-09, 1.2757364054e-09, 1.00967323391e-09, 1.72095959705e-09, 1.01954589216e-09, 7.72874042543e-10, 2.77841527563e-10, 1.17359881813e-08, 1.7349301995e-09, 2.65236138608e-10, 4.57993157288e-11, 5.76884200132e-11, 6.08188846507e-11, 6.78610292959e-11, 5.03047568878e-11, 1.93913999441e-11, 1.40667824611e-11, 6.50758483559e-12, 3.90743210357e-12],
        "max": [0.0605644099414, 0.0547422617674, 0.0421061143279, 0.00950003322214, 0.00311342766508, 0.00297747249715, 0.00290782493539, 0.001692926744, 0.00192358146887, 0.00222220481373, 0.00183735985775, 0.00140995602123, 0.000583722779993, 0.000688990287017, 0.00108927069232, 0.000589765782934, 0.000555158243515, 0.000356916047167, 0.000439601717517, 0.000439317343989, 0.000799382163677, 0.000414842332248, 0.000326207955368, 0.000391155423131, 0.000299524719594, 0.000232223828789, 0.000205104253837, 0.000170664236066, 0.000623077503406, 0.000234002553043, 5.66916060052e-05, 3.4860746382e-05, 4.21624390583e-05, 6.35121250525e-05, 7.40977775422e-05, 7.32489352231e-05, 3.88217558793e-05, 2.33563587244e-05, 2.34304934565e-05, 1.48774033732e-05],
        "mean": [0.00808279495686, 0.00273594632745, 0.000778304820415, 0.000211439619306, 0.000130648928462, 0.000163567412528, 0.000198600027943, 0.000115376133181, 0.000121211829537, 0.00015931262169, 0.000110354623757, 6.85966588208e-05, 2.94724595733e-05, 2.22809303523e-05, 3.1480427424e-05, 3.03977776639e-05, 2.62974172074e-05, 1.47005484905e-05, 2.27778800763e-05, 1.68612477864e-05, 1.9206887373e-05, 1.4929880308e-05, 1.1854072909e-05, 1.41438276842e-05, 1.23201216411e-05, 7.34707782613e-06, 6.04941169513e-06, 5.22359687238e-06, 1.11388171717e-05, 6.74315788274e-06, 5.37358391739e-06, 3.52957567884e-06, 3.43871670339e-06, 3.9039218791e-06, 3.7051131585e-06, 2.76935111287e-06, 1.63165657341e-06, 1.28051829051e-06, 7.60299030844e-07, 4.61498700588e-07],
        "median": [0.00803264509887, 0.00060541316634, 4.39327413915e-05, 2.42687510763e-05, 3.54955845978e-05, 7.37579975976e-05, 7.40543255233e-05, 5.40435794392e-05, 2.83326317003e-05, 3.27434463543e-05, 1.26958275359e-05, 1.30123426061e-05, 7.12640530764e-06, 5.61343495065e-06, 4.44680108558e-06, 6.88160935169e-06, 6.81536857883e-06, 3.10249970426e-06, 4.43564158559e-06, 1.96597443392e-06, 2.34035201174e-06, 2.90460093311e-06, 2.90546563519e-06, 3.1984106954e-06, 2.79034316009e-06, 1.95421807803e-06, 9.50253138399e-07, 8.7933216264e-07, 1.08053109216e-06, 1.0144491398e-06, 8.78255889347e-07, 9.02763872546e-07, 8.51674315072e-07, 9.25063375234e-07, 7.69054395278e-07, 4.56261687987e-07, 2.81926304524e-07, 2.30235485787e-07, 1.5204911108e-07, 9.60299644248e-08],
        "min": [7.52113371583e-11, 5.59415569423e-10, 3.8088586507e-08, 4.9766185839e-07, 5.53646373191e-07, 1.73255131131e-07, 2.09881613955e-06, 3.39427799645e-07, 2.19551907321e-07, 4.45821456196e-07, 1.08606137417e-07, 6.81170462258e-08, 4.26281090427e-08, 2.12239896769e-08, 2.77213221267e-08, 1.48317456095e-08, 2.56599932413e-08, 2.03603516269e-08, 1.12923181916e-08, 7.07370606534e-09, 1.02192974083e-08, 4.41017977693e-09, 7.97506238825e-09, 7.54026796557e-09, 6.47989839564e-09, 6.46746300959e-09, 3.06595837607e-09, 1.31373922851e-09, 1.54556378806e-09, 9.26717536043e-10, 5.15583895022e-11, 2.18257606432e-10, 6.24565787977e-10, 6.4571889502e-11, 4.50337614422e-11, 4.50926726514e-11, 5.23253801399e-11, 3.89551758906e-11, 2.93824860276e-11, 1.10935097913e-11],
