{
"highlevel": {
    "danceability": {
        "all": {
            "danceable": 0.802460134029,
            "not_danceable": 0.197539836168
        },
        "probability": 0.802460134029,
        "value": "danceable"
    },
    "gender": {
        "all": {
            "female": 0.209595099092,
            "male": 0.79040491581
        },
        "probability": 0.79040491581,
        "value": "male"
    },
    "genre_dortmund": {
        "all": {
            "alternative": 0.0487983413041,
            "blues": 0.0525261722505,
            "electronic": 0.0729672312737,
            "folkcountry": 0.168419390917,
            "funksoulrnb": 0.109949119389,
            "jazz": 0.384085834026,
            "pop": 0.0577594898641,
            "raphiphop": 0.0395296774805,
            "rock": 0.0659647583961
        },
        "probability": 0.384085834026,
        "value": "jazz"
    },
    "genre_electronic": {
        "all": {
            "ambient": 0.513631522655,
            "dnb": 0.155104294419,
            "house": 0.213741213083,
            "techno": 0.020943718031,
            "trance": 0.096579246223
        },
        "probability": 0.513631522655,
        "value": "ambient"
    },
    "genre_rosamerica": {
        "all": {
            "cla": 0.00719044590369,
            "dan": 0.0347684659064,
            "hip": 0.0169338267297,
            "jaz": 0.0172268096358,
            "pop": 0.404921323061,
            "rhy": 0.408555656672,
            "roc": 0.103675112128,
            "spe": 0.00672836042941
        },
        "probability": 0.408555656672,
        "value": "rhy"
    },
    "genre_tzanetakis": {
        "all": {
            "blu": 0.0626613423228,
            "cla": 0.0348169617355,
            "cou": 0.104475811124,
            "dis": 0.0784321576357,
            "hip": 0.15692435205,
            "jaz": 0.313974827528,
            "met": 0.0448166541755,
            "pop": 0.0627359300852,
            "reg": 0.0627360641956,
            "roc": 0.0784258767962
        },
        "probability": 0.313974827528,
        "value": "jaz"
    },
    "ismir04_rhythm": {
        "all": {
            "ChaChaCha": 0.0240842644125,
            "Jive": 0.0101315276697,
            "Quickstep": 0.092247068882,
            "Rumba-American": 0.0166109614074,
            "Rumba-International": 0.517569422722,
            "Rumba-Misc": 0.015371046029,
            "Samba": 0.114549934864,
            "Tango": 0.109455190599,
            "VienneseWaltz": 0.058586794883,
            "Waltz": 0.0413937792182
        },
        "probability": 0.517569422722,
        "value": "Rumba-International"
    },
    "mood_acoustic": {
        "all": {
            "acoustic": 0.0761015564203,
            "not_acoustic": 0.923898458481
        },
        "probability": 0.923898458481,
        "value": "not_acoustic"
    },
    "mood_aggressive": {
        "all": {
            "aggressive": 0.0235037617385,
            "not_aggressive": 0.976496219635
        },
        "probability": 0.976496219635,
        "value": "not_aggressive"
    },
    "mood_electronic": {
        "all": {
            "electronic": 0.491252571344,
            "not_electronic": 0.508747398853
        },
        "probability": 0.508747398853,
        "value": "not_electronic"
    },
    "mood_happy": {
        "all": {
            "happy": 0.0708781704307,
            "not_happy": 0.929121851921
        },
        "probability": 0.929121851921,
        "value": "not_happy"
    },
    "mood_party": {
        "all": {
            "not_party": 0.869301855564,
            "party": 0.130698174238
        },
        "probability": 0.869301855564,
        "value": "not_party"
    },
    "mood_relaxed": {
        "all": {
            "not_relaxed": 0.45745280385,
            "relaxed": 0.542547225952
        },
        "probability": 0.542547225952,
        "value": "relaxed"
    },
    "mood_sad": {
        "all": {
            "not_sad": 0.696988761425,
            "sad": 0.303011238575
        },
        "probability": 0.696988761425,
        "value": "not_sad"
    },
    "moods_mirex": {
        "all": {
            "Cluster1": 0.133084446192,
            "Cluster2": 0.173638388515,
            "Cluster3": 0.507988512516,
            "Cluster4": 0.137342169881,
            "Cluster5": 0.0479465126991
        },
        "probability": 0.507988512516,
        "value": "Cluster3"
    },
    "timbre": {
        "all": {
            "bright": 0.917199730873,
            "dark": 0.0828002691269
        },
        "probability": 0.917199730873,
        "value": "bright"
    },
    "tonal_atonal": {
        "all": {
            "atonal": 0.134399428964,
            "tonal": 0.865600585938
        },
        "probability": 0.865600585938,
        "value": "tonal"
    },
    "voice_instrumental": {
        "all": {
            "instrumental": 0.344991207123,
            "voice": 0.655008792877
        },
        "probability": 0.655008792877,
        "value": "voice"
    }
},
"lowlevel": {
    "average_loudness": 0.953157126904,
    "barkbands_crest": {
        "dmean": 2.61223721504,
        "dmean2": 4.0757484436,
        "dvar": 6.36186122894,
        "dvar2": 14.1501951218,
        "max": 25.7229442596,
        "mean": 11.9571704865,
        "median": 10.932554245,
        "min": 3.83941364288,
        "var": 24.3704605103
    },
    "barkbands_flatness_db": {
        "dmean": 0.0274436082691,
        "dmean2": 0.0398307368159,
        "dvar": 0.000814095372334,
        "dvar2": 0.00171084445901,
        "max": 0.409566998482,
        "mean": 0.203342825174,
        "median": 0.197731271386,
        "min": 0.0812743157148,
        "var": 0.00304569932632
    },
    "barkbands_kurtosis": {
        "dmean": 4.02042913437,
        "dmean2": 6.59977960587,
        "dvar": 65.2721862793,
        "dvar2": 174.240753174,
        "max": 125.303253174,
        "mean": 6.50238513947,
        "median": 3.7779750824,
        "min": -1.86324155331,
        "var": 115.985061646
    },
    "barkbands_skewness": {
        "dmean": 0.593580245972,
        "dmean2": 0.911475598812,
        "dvar": 0.446097552776,
        "dvar2": 1.04997515678,
        "max": 9.37757968903,
        "mean": 1.7991091013,
        "median": 1.65140473843,
        "min": -3.21692085266,
        "var": 1.86620056629
    },
    "barkbands_spread": {
        "dmean": 3.8676571846,
        "dmean2": 5.91671609879,
        "dvar": 24.7594947815,
        "dvar2": 47.4602470398,
        "max": 83.0820617676,
        "mean": 15.229809761,
        "median": 12.4855413437,
        "min": 0.724964797497,
        "var": 127.696258545
    },
    "dissonance": {
        "dmean": 0.0280772279948,
        "dmean2": 0.046968575567,
        "dvar": 0.000651747104712,
        "dvar2": 0.00177996756975,
        "max": 0.499945193529,
        "mean": 0.44204261899,
        "median": 0.44910544157,
        "min": 0.249174967408,
        "var": 0.00129796832334
    },
    "dynamic_complexity": 2.17708420753,
    "erbbands_crest": {
        "dmean": 2.58362269402,
        "dmean2": 4.11280298233,
        "dvar": 5.36586380005,
        "dvar2": 13.1496686935,
        "max": 27.8101387024,
        "mean": 10.3372497559,
        "median": 9.44026470184,
        "min": 3.09189748764,
        "var": 17.0127029419
    },
    "erbbands_flatness_db": {
        "dmean": 0.0194614082575,
        "dmean2": 0.0274286344647,
        "dvar": 0.000297876744298,
        "dvar2": 0.000560918997508,
        "max": 0.37630662322,
        "mean": 0.189826622605,
        "median": 0.186763122678,
        "min": 0.086104311049,
        "var": 0.00208400026895
    },
    "erbbands_kurtosis": {
        "dmean": 1.19932973385,
        "dmean2": 1.88393807411,
        "dvar": 2.08011364937,
        "dvar2": 4.70681142807,
        "max": 24.8762874603,
        "mean": 1.3236849308,
        "median": 0.765346288681,
        "min": -1.75089395046,
        "var": 5.87805747986
    },
    "erbbands_skewness": {
        "dmean": 0.388810396194,
        "dmean2": 0.610741972923,
        "dvar": 0.12931202352,
        "dvar2": 0.293821245432,
        "max": 2.73391723633,
        "mean": 0.556874454021,
        "median": 0.677707612514,
        "min": -3.75217556953,
        "var": 0.723937809467
    },
    "erbbands_spread": {
        "dmean": 7.83343505859,
        "dmean2": 11.8509120941,
        "dvar": 89.6772537231,
        "dvar2": 192.088973999,
        "max": 124.131874084,
        "mean": 33.1956253052,
        "median": 28.8066139221,
        "min": 3.62619376183,
        "var": 304.475952148
    },
    "hfc": {
        "dmean": 6.23707771301,
        "dmean2": 9.32195568085,
        "dvar": 59.046257019,
        "dvar2": 131.924163818,
        "max": 84.1498565674,
        "mean": 21.2743225098,
        "median": 19.9365158081,
        "min": 0.262765675783,
        "var": 157.237091064
    },
    "melbands_crest": {
        "dmean": 3.13004875183,
        "dmean2": 4.68955945969,
        "dvar": 8.43143749237,
        "dvar2": 18.420671463,
        "max": 34.9544448853,
        "mean": 15.6678390503,
        "median": 13.7661142349,
        "min": 3.82636022568,
        "var": 44.6991386414
    },
    "melbands_flatness_db": {
        "dmean": 0.0316640101373,
        "dmean2": 0.0456094630063,
        "dvar": 0.00117167900316,
        "dvar2": 0.00243877340108,
        "max": 0.534486711025,
        "mean": 0.270473957062,
        "median": 0.26542788744,
        "min": 0.0884765386581,
        "var": 0.00557261612266
    },
    "melbands_kurtosis": {
        "dmean": 7.97983169556,
        "dmean2": 12.821762085,
        "dvar": 211.473632812,
        "dvar2": 526.059875488,
        "max": 250.915588379,
        "mean": 14.523733139,
        "median": 7.92203140259,
        "min": -1.8499879837,
        "var": 414.267944336
    },
    "melbands_skewness": {
        "dmean": 0.76782643795,
        "dmean2": 1.17580294609,
        "dvar": 0.749677181244,
        "dvar2": 1.72671020031,
        "max": 13.6991062164,
        "mean": 2.64056015015,
        "median": 2.2175886631,
        "min": -1.75575578213,
        "var": 2.87565922737
    },
    "melbands_spread": {
        "dmean": 4.73822402954,
        "dmean2": 7.35685920715,
        "dvar": 63.0752220154,
        "dvar2": 108.800300598,
        "max": 180.849151611,
        "mean": 17.9706115723,
        "median": 12.5847635269,
        "min": 0.68521386385,
        "var": 392.571746826
    },
    "pitch_salience": {
        "dmean": 0.0745515525341,
        "dmean2": 0.118920594454,
        "dvar": 0.00532776396722,
        "dvar2": 0.013193291612,
        "max": 0.83649367094,
        "mean": 0.496351003647,
        "median": 0.508725821972,
        "min": 0.0912006422877,
        "var": 0.016234267503
    },
    "silence_rate_20dB": {
        "dmean": 0,
        "dmean2": 0,
        "dvar": 0,
        "dvar2": 0,
        "max": 1,
        "mean": 1,
        "median": 1,
        "min": 1,
        "var": 0
    },
    "silence_rate_30dB": {
        "dmean": 0.0681114569306,
        "dmean2": 0.136328428984,
        "dvar": 0.0634718835354,
        "dvar2": 0.151824697852,
        "max": 1,
        "mean": 0.913379728794,
        "median": 1,
        "min": 0,
        "var": 0.0791154652834
    },
    "silence_rate_60dB": {
        "dmean": 0.0131578948349,
        "dmean2": 0.0263361725956,
        "dvar": 0.0129848057404,
        "dvar2": 0.0287410076708,
        "max": 1,
        "mean": 0.0525908730924,
        "median": 0,
        "min": 0,
        "var": 0.0498250573874
    },
    "spectral_centroid": {
        "dmean": 174.873886108,
        "dmean2": 274.427947998,
        "dvar": 45669.6992188,
        "dvar2": 89225.203125,
        "max": 4112.25146484,
        "mean": 960.560791016,
        "median": 782.463317871,
        "min": 241.714675903,
        "var": 361460.46875
    },
    "spectral_complexity": {
        "dmean": 3.22213625908,
        "dmean2": 5.00619697571,
        "dvar": 11.8956365585,
        "dvar2": 26.0866794586,
        "max": 40,
        "mean": 15.045630455,
        "median": 15,
        "min": 0,
        "var": 32.0760688782
    },
    "spectral_decrease": {
        "dmean": 3.39419226059e-09,
        "dmean2": 5.24827914461e-09,
        "dvar": 1.91255738151e-17,
        "dvar2": 4.65636642767e-17,
        "max": -1.43897213589e-10,
        "mean": -1.36070648082e-08,
        "median": -1.29453407993e-08,
        "min": -5.12371656214e-08,
        "var": 8.74746806497e-17
    },
    "spectral_energy": {
        "dmean": 0.0131724327803,
        "dmean2": 0.0203692447394,
        "dvar": 0.000279258762021,
        "dvar2": 0.000679122342262,
        "max": 0.19599327445,
        "mean": 0.0532857626677,
        "median": 0.050939373672,
        "min": 0.000621663057245,
        "var": 0.00127133703791
    },
    "spectral_energyband_high": {
        "dmean": 0.000323877116898,
        "dmean2": 0.000484656251501,
        "dvar": 3.68917540072e-07,
        "dvar2": 8.24492872198e-07,
        "max": 0.0130108883604,
        "mean": 0.000624870415777,
        "median": 0.000276038626907,
        "min": 2.06809249903e-06,
        "var": 1.25365386339e-06
    },
    "spectral_energyband_low": {
        "dmean": 0.0108086057007,
        "dmean2": 0.0164064262062,
        "dvar": 0.000315804412821,
        "dvar2": 0.000779567169957,
        "max": 0.170081630349,
        "mean": 0.0281699486077,
        "median": 0.0170152410865,
        "min": 4.39564473709e-06,
        "var": 0.00110585580114
    },
    "spectral_energyband_middle_high": {
        "dmean": 0.00197017402388,
        "dmean2": 0.00318244146183,
        "dvar": 6.09802054896e-06,
        "dvar2": 1.51258700498e-05,
        "max": 0.0221663545817,
        "mean": 0.00469122361392,
        "median": 0.00400069681928,
        "min": 2.66745428235e-05,
        "var": 1.37730194183e-05
    },
    "spectral_energyband_middle_low": {
        "dmean": 0.00730202673003,
        "dmean2": 0.0120206959546,
        "dvar": 0.000119286276458,
        "dvar2": 0.000312322430545,
        "max": 0.101011611521,
        "mean": 0.0209496300668,
        "median": 0.0182283315808,
        "min": 0.000147425496834,
        "var": 0.000223142706091
    },
    "spectral_entropy": {
        "dmean": 0.210752248764,
        "dmean2": 0.29996368289,
        "dvar": 0.0412978492677,
        "dvar2": 0.0919137597084,
        "max": 8.25317001343,
        "mean": 7.16052913666,
        "median": 7.13567352295,
        "min": 6.03839969635,
        "var": 0.154009029269
    },
    "spectral_flux": {
        "dmean": 0.0332527086139,
        "dmean2": 0.0491338931024,
        "dvar": 0.00122209894471,
        "dvar2": 0.00247575948015,
        "max": 0.346080422401,
        "mean": 0.0972592458129,
        "median": 0.0851096063852,
        "min": 0.00633463496342,
        "var": 0.00323360785842
    },
    "spectral_kurtosis": {
        "dmean": 2.42385458946,
        "dmean2": 4.0632891655,
        "dvar": 6.24971866608,
        "dvar2": 17.0034637451,
        "max": 30.2807884216,
        "mean": 4.92908191681,
        "median": 4.23806142807,
        "min": -1.62916922569,
        "var": 15.278881073
    },
    "spectral_rms": {
        "dmean": 0.000848108844366,
        "dmean2": 0.00128755508922,
        "dvar": 8.44057410632e-07,
        "dvar2": 1.98668135454e-06,
        "max": 0.0138279767707,
        "mean": 0.00673008337617,
        "median": 0.00704960664734,
        "min": 0.000778781424742,
        "var": 6.69208793624e-06
    },
    "spectral_rolloff": {
        "dmean": 253.36491394,
        "dmean2": 428.161834717,
        "dvar": 342646.78125,
        "dvar2": 637497.5,
        "max": 7988.81835938,
        "mean": 972.992553711,
        "median": 624.462890625,
        "min": 64.599609375,
        "var": 1436863.25
    },
    "spectral_skewness": {
        "dmean": 0.297969669104,
        "dmean2": 0.468498051167,
        "dvar": 0.0658668726683,
        "dvar2": 0.164259538054,
        "max": 3.92796778679,
        "mean": 1.61236417294,
        "median": 1.61617946625,
        "min": -0.229143083096,
        "var": 0.399832159281
    },
    "spectral_spread": {
        "dmean": 516289.71875,
        "dmean2": 711799.5625,
        "dvar": 342486548480,
        "dvar2": 606714331136,
        "max": 10674981,
        "mean": 3836822.75,
        "median": 3551283.75,
        "min": 1585751.625,
        "var": 1.31079549747e+12
    },
    "spectral_strongpeak": {
        "dmean": 0.615629673004,
        "dmean2": 1.06178820133,
        "dvar": 1.23012340069,
        "dvar2": 2.95077896118,
        "max": 15.1731090546,
        "mean": 1.17305624485,
        "median": 0.613304853439,
        "min": 0,
        "var": 2.93952989578
    },
    "zerocrossingrate": {
        "dmean": 0.00772822229192,
        "dmean2": 0.00925313774496,
        "dvar": 0.000101689329313,
        "dvar2": 0.000100941491837,
        "max": 0.2763671875,
        "mean": 0.0417825989425,
        "median": 0.0322265625,
        "min": 0.001953125,
        "var": 0.00117430777755
    },
    "barkbands": {
        "dmean": [0.000562543864362, 0.0101389894262, 0.00283639878035, 0.00159102736507, 0.0033733851742, 0.00203687348403, 0.000950286455918, 0.00150208745617, 0.00192173256073, 0.000502241600771, 0.000522433139849, 0.000331200688379, 0.000470805476652, 0.000255233288044, 0.000287885311991, 0.000361308077117, 0.000148164835991, 4.02295154345e-05, 8.45250542625e-05, 0.000138146409881, 5.19918467035e-05, 0.000111023153295, 7.52761261538e-05, 3.84882951039e-05, 2.77733452094e-05, 1.74989145307e-05, 2.49027642951e-08],
        "dmean2": [0.000601801672019, 0.0153125626966, 0.00485107675195, 0.00283232470974, 0.0055689625442, 0.00324946688488, 0.00146986206528, 0.00225336221047, 0.00298762554303, 0.000847722811159, 0.000831965124235, 0.000516217725817, 0.000732446555048, 0.000421718752477, 0.000477019930258, 0.000576779071707, 0.000268781092018, 6.65412953822e-05, 0.000138057628646, 0.000217299995711, 8.16725805635e-05, 0.000164368088008, 0.00011737443856, 5.87022805121e-05, 4.61277377326e-05, 2.90150564979e-05, 4.05826270367e-08],
        "dvar": [1.28267640775e-06, 0.000323589367326, 5.22514274053e-05, 1.9834826162e-05, 2.65767630481e-05, 1.1069419088e-05, 2.92978165817e-06, 6.8211670623e-06, 8.61490116222e-06, 8.91330842023e-07, 1.00416548321e-06, 5.10924337505e-07, 8.17594184355e-07, 3.93156085465e-07, 6.64131562189e-07, 6.45856687242e-07, 1.2635099722e-07, 4.28281232701e-09, 2.14257305231e-08, 2.14420893485e-07, 9.64239355028e-09, 4.45160708296e-08, 3.0077977442e-08, 6.81188661034e-09, 5.10102760032e-09, 1.68993585792e-09, 1.44248897766e-14],
        "dvar2": [1.51900587753e-06, 0.000770753191318, 0.00014739164908, 5.68749965169e-05, 7.59640679462e-05, 2.68835901807e-05, 6.80834455125e-06, 1.48632343553e-05, 2.09398531297e-05, 2.37089147959e-06, 2.27767714023e-06, 9.79650280897e-07, 1.90156686131e-06, 9.80064783107e-07, 1.6448009319e-06, 1.39163751101e-06, 3.61155798601e-07, 1.02272181834e-08, 5.08797697307e-08, 4.94451057875e-07, 2.31331096501e-08, 1.01708813816e-07, 6.90604693432e-08, 1.50006709276e-08, 1.30920385644e-08, 4.08226474846e-09, 2.14869897049e-14],
        "max": [0.0201208330691, 0.16533818841, 0.0680639371276, 0.0438165143132, 0.0469980835915, 0.0426375195384, 0.0182117186487, 0.0274906307459, 0.0392944030464, 0.0115481968969, 0.0166549831629, 0.00903026387095, 0.0124765420333, 0.00735376961529, 0.0149470614269, 0.0197060126811, 0.00515784323215, 0.000830957083963, 0.00233951979317, 0.015854338184, 0.00181012018584, 0.00220789876767, 0.00186061603017, 0.000907353882212, 0.000531249621417, 0.000293724006042, 3.64349125448e-06],
        "mean": [0.00109488132875, 0.0220033470541, 0.00409184303135, 0.00194582121912, 0.00666057365015, 0.00428818538785, 0.00152750953566, 0.00268207467161, 0.00338935549371, 0.000706717604771, 0.000889181974344, 0.000521451933309, 0.000731366453692, 0.000302950473269, 0.000554482801817, 0.000716249051038, 0.000161896183272, 6.16195029579e-05, 0.000167521066032, 0.000308056798531, 9.07623907551e-05, 0.000179115028004, 0.000108255102532, 5.89384217164e-05, 2.77524613921e-05, 1.59158425959e-05, 2.02821457407e-08],
        "median": [8.22165166028e-05, 0.0107187181711, 0.0016734409146, 0.00077821011655, 0.00483626779169, 0.00274570193142, 0.000492327730171, 0.00101042049937, 0.00162312306929, 0.000326750159729, 0.000307879847242, 0.000147340586409, 0.000176052228198, 8.33619415062e-05, 8.21878566057e-05, 8.80184888956e-05, 6.90383312758e-05, 3.29650938511e-05, 8.24201706564e-05, 7.46158111724e-05, 4.40675539721e-05, 8.67159615154e-05, 3.76184252673e-05, 1.55181096488e-05, 1.40485974498e-06, 2.16971989175e-06, 1.20734988673e-09],
        "min": [2.0502171072e-09, 2.03469269877e-07, 2.7198780117e-06, 1.45221940784e-06, 1.39643134389e-05, 6.34719754089e-06, 7.00508508089e-07, 3.26588548205e-07, 1.06720544863e-05, 4.0834274273e-07, 5.78341428081e-07, 2.94076414775e-07, 6.48222282962e-07, 2.17409692027e-07, 1.18067157473e-06, 2.12058307625e-06, 5.50189724891e-07, 3.26397184836e-07, 7.74060424646e-07, 2.12971781366e-06, 1.36870559331e-08, 1.30369500084e-07, 4.4565400259e-08, 1.15973728398e-08, 6.83436293669e-12, 6.41693642667e-12, 7.71057957066e-12],
        "var": [5.0709709285e-06, 0.000904308515601, 4.71038656542e-05, 1.58174916578e-05, 4.24899844802e-05, 2.27388209169e-05, 5.81088215768e-06, 1.64202137967e-05, 1.80386759894e-05, 1.25365988879e-06, 2.38932352659e-06, 1.10984046842e-06, 1.91187837117e-06, 4.90440356771e-07, 2.94427718472e-06, 3.50867594534e-06, 9.04153694137e-08, 6.52266463064e-09, 7.95085668415e-08, 1.28598662741e-06, 1.74001311137e-08, 6.93410555641e-08, 4.16516989787e-08, 1.27432473462e-08, 5.27261034833e-09, 1.5409433729e-09, 1.37075638316e-14]
    },
    "erbbands": {
        "dmean": [0.393922477961, 2.02779650688, 3.0291030407, 4.23086118698, 10.7229633331, 10.6259222031, 14.5997514725, 16.2932071686, 11.263376236, 25.8167953491, 36.2886314392, 40.3037147522, 21.6669559479, 15.9848394394, 15.7068634033, 12.4105138779, 21.2466087341, 16.2293643951, 8.30692481995, 19.495639801, 15.4280290604, 8.13890743256, 2.60498690605, 2.33288049698, 5.95969676971, 5.87952709198, 2.82998394966, 2.19882392883, 4.17578268051, 2.82682442665, 2.06778669357, 1.38766002655, 0.341176211834, 0.21864746511, 0.216484323144, 0.133312255144, 0.0244773589075, 0.00155922397971, 3.96461873606e-05, 1.63333697856e-05],
        "dmean2": [0.537030637264, 3.21852564812, 5.16409492493, 7.16194438934, 18.3456821442, 17.6491603851, 22.6966667175, 26.0182552338, 17.6728973389, 38.5589942932, 55.7770500183, 63.3399543762, 35.9085273743, 26.3793907166, 24.7912921906, 19.1668567657, 32.6884841919, 26.6621208191, 13.8189754486, 31.4476566315, 25.0164737701, 14.7215566635, 4.37574338913, 3.77964925766, 9.57621383667, 9.05049228668, 4.63315153122, 3.32596683502, 6.32748126984, 4.24450874329, 3.22362756729, 2.09752726555, 0.52433937788, 0.349595040083, 0.36367854476, 0.221964105964, 0.0413801968098, 0.0026613783557, 6.57309865346e-05, 2.53578382399e-05],
        "dvar": [0.513812303543, 14.2813148499, 53.0649490356, 103.302635193, 526.764831543, 212.351730347, 652.160095215, 930.871643066, 335.653625488, 2167.15698242, 3748.12548828, 4289.79931641, 1498.38366699, 943.725524902, 760.972045898, 697.121154785, 1494.69628906, 1162.0760498, 218.307296753, 2182.41088867, 909.608825684, 386.133789062, 17.8219642639, 12.6292648315, 137.495529175, 447.33996582, 47.7383880615, 14.2129831314, 68.2193984985, 31.529838562, 23.7392902374, 10.1206216812, 0.601402878761, 0.273572295904, 0.394922524691, 0.111933171749, 0.00315126334317, 1.63319036801e-05, 7.78597275541e-09, 3.86585791157e-10],
        "dvar2": [1.06686854362, 34.9033584595, 147.360122681, 283.268310547, 1495.37866211, 609.197509766, 1640.60766602, 2290.38745117, 846.774597168, 4766.40185547, 8929.3046875, 10647.7490234, 3825.46289062, 2128.72705078, 1735.94421387, 1367.44250488, 3450.13085938, 2892.36401367, 486.644714355, 5451.03662109, 2010.01757812, 1112.18896484, 44.9281539917, 28.9985713959, 350.574493408, 1038.67712402, 129.175125122, 30.8104782104, 160.805007935, 71.3088150024, 55.3801574707, 21.737279892, 1.31716787815, 0.627768456936, 1.02322208881, 0.277793645859, 0.00794426258653, 4.20260803367e-05, 1.92643234698e-08, 9.19665121835e-10],
        "max": [7.58239364624, 35.3779182434, 81.4722900391, 108.454986572, 234.137817383, 139.4269104, 419.213195801, 469.92868042, 160.327224731, 527.144348145, 624.320678711, 869.986206055, 511.136444092, 413.056518555, 370.796112061, 356.290710449, 497.52053833, 403.36807251, 311.949432373, 874.488037109, 619.305541992, 300.196044922, 51.9759292603, 41.7695045471, 277.92086792, 718.794677734, 184.885192871, 52.9141807556, 91.9076385498, 56.4405632019, 52.7936553955, 48.3705253601, 13.332698822, 7.97682714462, 4.5979142189, 2.42153906822, 0.449407190084, 0.0308655798435, 0.000661793863401, 0.000213874765905],
        "mean": [0.8615899086, 4.02327871323, 4.81934404373, 6.43193912506, 16.169708252, 21.5160980225, 30.0272922516, 33.7265205383, 19.4010887146, 46.2149391174, 66.0767440796, 69.2987442017, 35.3124275208, 25.0674591064, 27.0352325439, 21.5042915344, 35.6916732788, 23.661365509, 13.8280649185, 40.0257835388, 30.5769138336, 9.97253513336, 4.03417730331, 4.4164056778, 13.5282020569, 13.2162685394, 5.56529998779, 3.85461974144, 6.55235528946, 4.64757633209, 2.88254284859, 2.16955900192, 0.485874295235, 0.26770606637, 0.1993560642, 0.111108921468, 0.0248442534357, 0.00141914677806, 6.06346220593e-05, 6.27334738965e-05],
        "median": [0.289156109095, 2.28740668297, 2.76294636726, 2.76105523109, 9.54899120331, 15.4652376175, 18.1266593933, 15.9757394791, 10.2830619812, 15.2331562042, 27.1053543091, 33.0916557312, 19.9424037933, 9.86296272278, 10.719997406, 8.23355579376, 10.5942182541, 7.43126106262, 4.88594484329, 5.12001419067, 5.40466451645, 4.75790166855, 2.1823925972, 2.59227442741, 5.55201864243, 3.33388566971, 1.90654444695, 1.98473465443, 3.16548848152, 1.95782923698, 0.982182741165, 0.669007837772, 0.0739871785045, 0.0135868759826, 0.0101351561025, 0.00736850500107, 0.00456485431641, 0.00020155524544, 3.69768422388e-05, 5.90601739532e-05],
        "min": [2.06013464776e-05, 0.000172309926711, 0.00315212737769, 0.014329793863, 0.0253726504743, 0.0561588965356, 0.125332847238, 0.0450814776123, 0.012968971394, 0.0314082279801, 0.0544399134815, 0.17583425343, 0.283786326647, 0.065083310008, 0.0461719408631, 0.0271773561835, 0.0333759337664, 0.0404790863395, 0.0619238987565, 0.0683000609279, 0.123103633523, 0.0413723289967, 0.0306896474212, 0.0275069922209, 0.0443274416029, 0.093388222158, 0.0270989611745, 0.00211870204657, 0.00253864261322, 0.00386740779504, 0.0012108735973, 0.00120943749789, 5.40680266568e-05, 8.48661875352e-06, 3.09384768116e-06, 1.20149911709e-06, 4.78312244923e-07, 7.10792775749e-08, 4.95757944918e-07, 9.29115230974e-07],
        "var": [1.79630887508, 29.3682785034, 50.9988708496, 111.832580566, 486.792938232, 433.729400635, 1246.37231445, 2089.13037109, 575.274169922, 5221.70068359, 7804.80761719, 7952.09375, 2537.0078125, 2099.15185547, 1837.87756348, 1517.76293945, 3518.39404297, 1769.72705078, 608.845581055, 10375.0439453, 4415.02246094, 287.534851074, 26.3600692749, 31.0206680298, 661.29675293, 2618.48754883, 241.30708313, 28.5574607849, 95.8997268677, 55.270652771, 30.8032226562, 18.3860034943, 1.35955202579, 0.537832915783, 0.338691264391, 0.0946480333805, 0.00296224816702, 1.35051514008e-05, 7.47272732582e-09, 1.60073287958e-09]
    },
    "gfcc": {
        "mean": [-7.17093324661, 133.119049072, -116.406600952, 40.1815834045, -66.2302398682, 9.3814201355, -22.8706550598, -6.33343553543, -7.70581388474, -4.17623472214, -13.4913730621, -1.0618622303, -9.03282165527],
        "cov": [[4292.984375, -1003.97583008, 862.504821777, -461.110626221, 49.7784576416, 497.152526855, -339.475341797, 752.869873047, -438.795196533, 872.67956543, -309.988037109, 288.847381592, -325.540130615], [-1003.97583008, 1159.1373291, 177.676269531, -58.0544319153, 311.63961792, -153.511398315, 395.147338867, -134.214263916, 163.173461914, -140.827590942, 95.6092758179, 7.431599617, -13.1196126938], [862.504821777, 177.676269531, 900.123962402, -231.993331909, 240.676864624, 254.274520874, 106.061058044, 342.258270264, -140.872299194, 336.430908203, -82.7477264404, 155.961837769, -212.306762695], [-461.110626221, -58.0544319153, -231.993331909, 475.680969238, 2.87506008148, -82.8828964233, -41.9445343018, -143.081130981, 186.106613159, -192.578948975, 104.739814758, -85.927520752, 190.451583862], [49.7784576416, 311.63961792, 240.676864624, 2.87506008148, 414.537139893, 11.3272171021, 76.4406738281, 106.923240662, 72.6393737793, 150.669784546, -16.7907867432, 73.6680450439, 21.4602890015], [497.152526855, -153.511398315, 254.274520874, -82.8828964233, 11.3272171021, 323.361297607, 51.1842536926, 119.490974426, -55.4246025085, 133.767059326, -19.4666423798, 32.9229125977, -91.6139373779], [-339.475341797, 395.147338867, 106.061058044, -41.9445343018, 76.4406738281, 51.1842536926, 350.183959961, -35.8701667786, 18.1111125946, -61.1383209229, 60.7495574951, 25.9692878723, -74.6704025269], [752.869873047, -134.214263916, 342.258270264, -143.081130981, 106.923240662, 119.490974426, -35.8701667786, 304.947265625, -97.8226318359, 239.380996704, -84.1691513062, 82.5722808838, -75.6473464966], [-438.795196533, 163.173461914, -140.872299194, 186.106613159, 72.6393737793, -55.4246025085, 18.1111125946, -97.8226318359, 265.58895874, -88.5033950806, 78.0256652832, -26.4928321838, 130.433532715], [872.67956543, -140.827590942, 336.430908203, -192.578948975, 150.669784546, 133.767059326, -61.1383209229, 239.380996704, -88.5033950806, 359.213989258, -81.753364563, 100.428710938, -99.1153488159], [-309.988037109, 95.6092758179, -82.7477264404, 104.739814758, -16.7907867432, -19.4666423798, 60.7495574951, -84.1691513062, 78.0256652832, -81.753364563, 131.075134277, -7.17045783997, 54.2659378052], [288.847381592, 7.431599617, 155.961837769, -85.927520752, 73.6680450439, 32.9229125977, 25.9692878723, 82.5722808838, -26.4928321838, 100.428710938, -7.17045783997, 148.056930542, -19.5326099396], [-325.540130615, -13.1196126938, -212.306762695, 190.451583862, 21.4602890015, -91.6139373779, -74.6704025269, -75.6473464966, 130.433532715, -99.1153488159, 54.2659378052, -19.5326099396, 204.758026123]],
        "icov": [[0.000731155800167, -3.6527060729e-05, 0.000189841957763, -0.000510697427671, 0.000474220578326, -0.000435845984612, 0.000362286053132, -0.000723580480553, 0.000339208287187, -0.00120898277964, 0.000460867217043, -0.000756705121603, 0.000456417445093], [-3.6527060729e-05, 0.0044006370008, -0.00236607110128, 0.00285813747905, -0.00279387156479, 0.0027980892919, -0.00321408151649, 0.00206186599098, -0.00194323447067, 0.00214312109165, -0.00119481980801, 0.00219846190885, -0.000951796770096], [0.000189841957763, -0.00236607110128, 0.00452141650021, -0.00209527602419, 0.000417550152633, -0.002542123897, 0.00164529005997, -0.00341332424432, 0.00124648958445, -0.00143927498721, 0.000354101823177, -0.00263119954616, 0.00310941576026], [-0.000510697427671, 0.00285813747905, -0.00209527602419, 0.00684828078374, -0.00269008381292, 0.00168219313491, -0.00145369034726, 0.00173714372795, -0.0024927414488, 0.00385336647741, -0.00287327123806, 0.00362915522419, -0.00346401357092], [0.000474220578326, -0.00279387156479, 0.000417550152633, -0.00269008381292, 0.00688171945512, -0.000808110518847, 0.000171282110387, -0.00139141757973, 6.27228801022e-05, -0.00488403858617, 0.00272344169207, -0.00200543971732, -0.0013416246511], [-0.000435845984612, 0.0027980892919, -0.002542123897, 0.00168219313491, -0.000808110518847, 0.00666988547891, -0.00320557877421, 0.00127645465545, -0.00166573084425, 0.000368002685718, -0.00125034502707, 0.00245409877971, -0.000537896703463], [0.000362286053132, -0.00321408151649, 0.00164529005997, -0.00145369034726, 0.000171282110387, -0.00320557877421, 0.00799032486975, -0.00190833059605, 0.00101152830757, 0.00113667291589, -0.00181161041837, -0.00294370343909, 0.00428993813694], [-0.000723580480553, 0.00206186599098, -0.00341332424432, 0.00173714372795, -0.00139141757973, 0.00127645465545, -0.00190833059605, 0.011063943617, 4.3568554247e-05, -0.00182174425572, 0.00149653176777, 0.00137323560193, -0.0032398593612], [0.000339208287187, -0.00194323447067, 0.00124648958445, -0.0024927414488, 6.27228801022e-05, -0.00166573084425, 0.00101152830757, 4.3568554247e-05, 0.00818525440991, -0.00197393144481, -0.000850398617331, -0.000734848901629, -0.00235542119481], [-0.00120898277964, 0.00214312109165, -0.00143927498721, 0.00385336647741, -0.00488403858617, 0.000368002685718, 0.00113667291589, -0.00182174425572, -0.00197393144481, 0.012627932243, -0.00225217058323, 0.00034589014831, 0.00155671930406], [0.000460867217043, -0.00119481980801, 0.000354101823177, -0.00287327123806, 0.00272344169207, -0.00125034502707, -0.00181161041837, 0.00149653176777, -0.000850398617331, -0.00225217058323, 0.0137333041057, -0.00265707797371, -0.00169840431772], [-0.000756705121603, 0.00219846190885, -0.00263119954616, 0.00362915522419, -0.00200543971732, 0.00245409877971, -0.00294370343909, 0.00137323560193, -0.000734848901629, 0.00034589014831, -0.00265707797371, 0.0121884560212, -0.00392150925472], [0.000456417445093, -0.000951796770096, 0.00310941576026, -0.00346401357092, -0.0013416246511, -0.000537896703463, 0.00428993813694, -0.0032398593612, -0.00235542119481, 0.00155671930406, -0.00169840431772, -0.00392150925472, 0.0145919471979]]
    },
    "melbands": {
        "dmean": [0.00310119683854, 0.00172130321153, 0.000877796206623, 0.000815318897367, 0.000458824797533, 0.000360043166438, 0.000182596952072, 0.000295909907436, 0.000347198452801, 0.000246351497481, 0.000103988131741, 6.16073666606e-05, 5.78866820433e-05, 2.4703103918e-05, 4.94773521496e-05, 5.32269259566e-05, 3.07405243802e-05, 1.10583523565e-05, 2.62292069237e-05, 3.27136767737e-05, 1.47091432154e-05, 9.83288737189e-06, 3.77140668206e-06, 1.80307472419e-06, 1.83167253454e-06, 4.0638929022e-06, 5.74801879338e-06, 3.94481503463e-06, 2.12080612982e-06, 1.12398572583e-06, 1.4875602119e-06, 2.53308576248e-06, 2.25456528824e-06, 1.47958735397e-06, 1.22591075069e-06, 1.25017027131e-06, 7.01464784925e-07, 2.43088550178e-07, 1.8738325025e-07, 1.99305461024e-07],
        "dmean2": [0.00441910140216, 0.00286035542376, 0.00150054122787, 0.00136953231413, 0.000712629640475, 0.000572485092562, 0.000283476460027, 0.000440728646936, 0.000534617574885, 0.000386931031244, 0.00017393672897, 0.000102064877865, 9.24064661376e-05, 3.98374322685e-05, 7.51303377911e-05, 8.19645938464e-05, 5.07795521116e-05, 1.84540876944e-05, 4.32201486547e-05, 5.11123798788e-05, 2.41190136876e-05, 1.7910173483e-05, 6.53927099847e-06, 3.01200157082e-06, 3.00013653032e-06, 6.61113699607e-06, 9.23804054764e-06, 6.07394895269e-06, 3.56723535333e-06, 1.76199398538e-06, 2.29434203902e-06, 3.93418122258e-06, 3.34037099492e-06, 2.28464205065e-06, 1.95732354769e-06, 1.95198458641e-06, 1.06792094812e-06, 3.82910144481e-07, 2.95363491887e-07, 3.24597152712e-07],
        "dvar": [3.03641427308e-05, 1.16197734314e-05, 4.24098516305e-06, 1.79307278358e-06, 5.13902477906e-07, 3.91766803887e-07, 9.45733731328e-08, 3.03895205889e-07, 3.51802242449e-07, 1.60428214713e-07, 3.60225733687e-08, 1.36205082768e-08, 1.15332392525e-08, 1.54521162532e-09, 1.21350094417e-08, 1.32245947526e-08, 5.61985480374e-09, 4.38329539332e-10, 6.08314598693e-09, 5.25578069954e-09, 7.21921078473e-10, 6.18333328983e-10, 4.69693485494e-11, 9.86451545448e-12, 8.68948489552e-12, 5.17519187226e-11, 2.06483274923e-10, 3.07357084228e-10, 4.37817004872e-11, 3.45867670441e-12, 7.26557355946e-12, 2.90809737402e-11, 1.55899303883e-11, 9.80244704851e-12, 8.50800506436e-12, 1.1193198278e-11, 2.27175916967e-12, 3.49880985729e-13, 2.95685269889e-13, 2.34019102924e-13],
        "dvar2": [6.88417130732e-05, 3.1032392144e-05, 1.17311756185e-05, 5.23653989148e-06, 1.28668773414e-06, 9.64668629422e-07, 2.28940450597e-07, 6.5364463353e-07, 8.44355099616e-07, 3.96440924533e-07, 9.22403557979e-08, 3.0962826969e-08, 2.6849974688e-08, 3.55246032591e-09, 2.45541844635e-08, 3.03687102132e-08, 1.39737332816e-08, 1.02033570482e-09, 1.50302028601e-08, 1.14179270483e-08, 1.72201175541e-09, 1.7775914074e-09, 1.27621441193e-10, 2.28865988661e-11, 2.01356153973e-11, 1.30020771927e-10, 5.00791352831e-10, 7.2219435987e-10, 1.21359922112e-10, 8.02191993388e-12, 1.62049210856e-11, 7.2333930512e-11, 3.35147257169e-11, 2.26225843614e-11, 2.07401734675e-11, 2.56614712119e-11, 4.88766145612e-12, 8.2795185638e-13, 6.61661806074e-13, 5.70187289311e-13],
        "max": [0.0530880689621, 0.0354190357029, 0.0192399583757, 0.0127285663038, 0.0113557055593, 0.00932141579688, 0.00296558323316, 0.0064602214843, 0.00656385719776, 0.00513876322657, 0.00246249209158, 0.00152537517715, 0.0016336904373, 0.000395439332351, 0.00129059387837, 0.00166578753851, 0.000896842160728, 0.00035688461503, 0.00150792463683, 0.00181577785406, 0.000388856773498, 0.000398298492655, 5.99344602961e-05, 3.64268962585e-05, 2.96377238556e-05, 0.000153825807502, 0.000378095457563, 0.000607598107308, 0.000198518333491, 1.89009297173e-05, 3.11053590849e-05, 6.05126551818e-05, 4.71532111987e-05, 2.99683288176e-05, 2.43221602432e-05, 5.30783290742e-05, 1.78089958354e-05, 1.07499217847e-05, 1.03638722067e-05, 7.26440748622e-06],
        "mean": [0.00683297542855, 0.00348239718005, 0.00135517132003, 0.00144782871939, 0.00102345331106, 0.000752923893742, 0.000304830318782, 0.000523654860444, 0.000607093912549, 0.000422474404331, 0.000160374431289, 9.02788306121e-05, 9.73914793576e-05, 4.3526328227e-05, 7.79446927481e-05, 8.35851387819e-05, 3.84742597817e-05, 1.40980773722e-05, 5.05510652147e-05, 6.39223944745e-05, 2.67245177383e-05, 1.08207814264e-05, 4.78183756059e-06, 2.70310647466e-06, 2.98584336633e-06, 8.552539839e-06, 1.1458490917e-05, 8.50860851642e-06, 3.9468804971e-06, 2.0766635771e-06, 2.23892243412e-06, 3.59701311936e-06, 3.72224917555e-06, 2.15922932512e-06, 1.51741983245e-06, 1.84235898359e-06, 1.05909930426e-06, 2.92773563615e-07, 2.53730121358e-07, 2.15623387589e-07],
        "median": [0.00306537398137, 0.00234184949659, 0.000762045732699, 0.000985131948255, 0.000686901679728, 0.000404767866712, 0.0001377807057, 0.000168879400007, 0.000223193739657, 0.000199478119612, 8.26424147817e-05, 3.13442069455e-05, 3.60351114068e-05, 2.01739785552e-05, 2.02733208425e-05, 1.53827950271e-05, 1.08564718175e-05, 5.3545445553e-06, 6.53195047562e-06, 6.20780338068e-06, 5.53226982447e-06, 4.68035250378e-06, 2.20522156269e-06, 1.38922530368e-06, 1.54682300035e-06, 3.55167753696e-06, 3.40311885338e-06, 1.74585557033e-06, 1.04151831692e-06, 9.49479499468e-07, 1.10468886305e-06, 1.67219639025e-06, 1.64056609719e-06, 7.47203955598e-07, 4.6767328854e-07, 5.49178082565e-07, 2.96140939327e-07, 1.68487712671e-08, 7.86930876018e-09, 5.07066966193e-09],
        "min": [7.33259071239e-08, 7.72909174884e-07, 3.85017165172e-06, 1.3341821159e-06, 3.79542916562e-06, 6.23501875907e-07, 1.07538006944e-07, 1.21048458368e-07, 2.57357896771e-07, 1.60679178407e-06, 4.89974297579e-07, 2.82506853466e-08, 1.67306495769e-07, 1.57585233751e-07, 8.63345306357e-09, 6.43610462703e-08, 4.32095852432e-08, 6.47925020303e-08, 6.98634323726e-08, 1.47388689697e-07, 1.10284538835e-07, 3.5746996474e-08, 2.74654521348e-08, 1.66674993807e-08, 3.88289844722e-09, 2.91478752246e-08, 4.08859008871e-08, 5.1833282555e-08, 7.55271223341e-09, 4.17062440139e-10, 1.07431050167e-10, 4.32601149347e-10, 2.99575830809e-09, 1.08306486002e-09, 4.83814932561e-10, 1.07585140796e-09, 2.49404163988e-10, 8.0903746159e-13, 4.34746775255e-14, 3.26341228617e-14],
