{
"highlevel": {
    "danceability": {
        "all": {
            "danceable": 0.970439553261,
            "not_danceable": 0.029560437426
        },
        "probability": 0.970439553261,
        "value": "danceable"
    },
    "gender": {
        "all": {
            "female": 0.00569629855454,
            "male": 0.994303703308
        },
        "probability": 0.994303703308,
        "value": "male"
    },
    "genre_dortmund": {
        "all": {
            "alternative": 0.0535279028118,
            "blues": 0.0809170082211,
            "electronic": 0.0207278300077,
            "folkcountry": 0.122994601727,
            "funksoulrnb": 0.0695006847382,
            "jazz": 0.0631897076964,
            "pop": 0.0524625852704,
            "raphiphop": 0.376574575901,
            "rock": 0.160105094314
        },
        "probability": 0.376574575901,
        "value": "raphiphop"
    },
    "genre_electronic": {
        "all": {
            "ambient": 0.274130195379,
            "dnb": 0.0798288881779,
            "house": 0.447678744793,
            "techno": 0.0202817562968,
            "trance": 0.178080424666
        },
        "probability": 0.447678744793,
        "value": "house"
    },
    "genre_rosamerica": {
        "all": {
            "cla": 0.00697314273566,
            "dan": 0.270519345999,
            "hip": 0.167652368546,
            "jaz": 0.00978071335703,
            "pop": 0.238733932376,
            "rhy": 0.146842852235,
            "roc": 0.151474907994,
            "spe": 0.00802274979651
        },
        "probability": 0.270519345999,
        "value": "dan"
    },
    "genre_tzanetakis": {
        "all": {
            "blu": 0.0626613423228,
            "cla": 0.0348169617355,
            "cou": 0.104475811124,
            "dis": 0.0784321576357,
            "hip": 0.15692435205,
            "jaz": 0.313974827528,
            "met": 0.0448166541755,
            "pop": 0.0627359300852,
            "reg": 0.0627360641956,
            "roc": 0.0784258767962
        },
        "probability": 0.313974827528,
        "value": "jaz"
    },
    "ismir04_rhythm": {
        "all": {
            "ChaChaCha": 0.205766588449,
            "Jive": 0.0589460656047,
            "Quickstep": 0.0284083727747,
            "Rumba-American": 0.0151726212353,
            "Rumba-International": 0.0199450645596,
            "Rumba-Misc": 0.00692424084991,
            "Samba": 0.636958658695,
            "Tango": 0.0112412041053,
            "VienneseWaltz": 0.0124125499278,
            "Waltz": 0.00422462588176
        },
        "probability": 0.636958658695,
        "value": "Samba"
    },
    "mood_acoustic": {
        "all": {
            "acoustic": 0.0689775124192,
            "not_acoustic": 0.931022465229
        },
        "probability": 0.931022465229,
        "value": "not_acoustic"
    },
    "mood_aggressive": {
        "all": {
            "aggressive": 0.138023331761,
            "not_aggressive": 0.86197668314
        },
        "probability": 0.86197668314,
        "value": "not_aggressive"
    },
    "mood_electronic": {
        "all": {
            "electronic": 0.447709649801,
            "not_electronic": 0.552290380001
        },
        "probability": 0.552290380001,
        "value": "not_electronic"
    },
    "mood_happy": {
        "all": {
            "happy": 0.834098935127,
            "not_happy": 0.165901094675
        },
        "probability": 0.834098935127,
        "value": "happy"
    },
    "mood_party": {
        "all": {
            "not_party": 0.320535212755,
            "party": 0.679464757442
        },
        "probability": 0.679464757442,
        "value": "party"
    },
    "mood_relaxed": {
        "all": {
            "not_relaxed": 0.956395149231,
            "relaxed": 0.0436048395932
        },
        "probability": 0.956395149231,
        "value": "not_relaxed"
    },
    "mood_sad": {
        "all": {
            "not_sad": 0.766271352768,
            "sad": 0.233728632331
        },
        "probability": 0.766271352768,
        "value": "not_sad"
    },
    "moods_mirex": {
        "all": {
            "Cluster1": 0.17066539824,
            "Cluster2": 0.285534322262,
            "Cluster3": 0.0706249773502,
            "Cluster4": 0.349708735943,
            "Cluster5": 0.123466566205
        },
        "probability": 0.349708735943,
        "value": "Cluster4"
    },
    "timbre": {
        "all": {
            "bright": 0.996457874775,
            "dark": 0.00354215153493
        },
        "probability": 0.996457874775,
        "value": "bright"
    },
    "tonal_atonal": {
        "all": {
            "atonal": 0.015969928354,
            "tonal": 0.984030067921
        },
        "probability": 0.984030067921,
        "value": "tonal"
    },
    "voice_instrumental": {
        "all": {
            "instrumental": 0.0570224709809,
            "voice": 0.942977547646
        },
        "probability": 0.942977547646,
        "value": "voice"
    }
},
"lowlevel": {
    "average_loudness": 0.971973598003,
    "barkbands_crest": {
        "dmean": 3.43683457375,
        "dmean2": 5.52742052078,
        "dvar": 10.163441658,
        "dvar2": 24.6581630707,
        "max": 25.1574554443,
        "mean": 9.86640930176,
        "median": 8.82741641998,
        "min": 2.17095184326,
        "var": 21.7160720825
    },
    "barkbands_flatness_db": {
        "dmean": 0.0303186550736,
        "dmean2": 0.0467827096581,
        "dvar": 0.000930050038733,
        "dvar2": 0.00214426382445,
        "max": 0.370091378689,
        "mean": 0.146467998624,
        "median": 0.138671025634,
        "min": 0.0500626713037,
        "var": 0.00278553250246
    },
    "barkbands_kurtosis": {
        "dmean": 5.77102518082,
        "dmean2": 9.63222312927,
        "dvar": 293.163085938,
        "dvar2": 759.625854492,
        "max": 196.24836731,
        "mean": 4.73665046692,
        "median": 0.830428361893,
        "min": -1.87513029575,
        "var": 253.495452881
    },
    "barkbands_skewness": {
        "dmean": 0.858267366886,
        "dmean2": 1.27901935577,
        "dvar": 1.29637181759,
        "dvar2": 2.8703558445,
        "max": 12.1502819061,
        "mean": 1.35544037819,
        "median": 1.15572798252,
        "min": -3.91027760506,
        "var": 2.64542365074
    },
    "barkbands_spread": {
        "dmean": 9.92730712891,
        "dmean2": 15.264081955,
        "dvar": 121.739021301,
        "dvar2": 278.953369141,
        "max": 109.459938049,
        "mean": 27.6531772614,
        "median": 25.1051521301,
        "min": 0.95912784338,
        "var": 293.065704346
    },
    "dissonance": {
        "dmean": 0.021311191842,
        "dmean2": 0.0347208976746,
        "dvar": 0.000528325908817,
        "dvar2": 0.00139975524507,
        "max": 0.499948084354,
        "mean": 0.461462408304,
        "median": 0.471845716238,
        "min": 0.272597789764,
        "var": 0.00112129875924
    },
    "dynamic_complexity": 2.24011325836,
    "erbbands_crest": {
        "dmean": 3.29366326332,
        "dmean2": 5.42964363098,
        "dvar": 10.0959844589,
        "dvar2": 25.0715293884,
        "max": 27.4171409607,
        "mean": 9.02385902405,
        "median": 8.23336696625,
        "min": 2.54961848259,
        "var": 19.5752258301
    },
    "erbbands_flatness_db": {
        "dmean": 0.0248800050467,
        "dmean2": 0.0355953685939,
        "dvar": 0.000535375787877,
        "dvar2": 0.00104888912756,
        "max": 0.334199965,
        "mean": 0.159369379282,
        "median": 0.1537104249,
        "min": 0.0599972754717,
        "var": 0.00237652217038
    },
    "erbbands_kurtosis": {
        "dmean": 1.26939296722,
        "dmean2": 2.08995771408,
        "dvar": 3.06414031982,
        "dvar2": 7.76706361771,
        "max": 22.344373703,
        "mean": 0.473040342331,
        "median": -0.128096342087,
        "min": -1.80878281593,
        "var": 4.2469830513
    },
    "erbbands_skewness": {
        "dmean": 0.51818215847,
        "dmean2": 0.800344765186,
        "dvar": 0.277005136013,
        "dvar2": 0.691957652569,
        "max": 4.20186519623,
        "mean": 0.165333285928,
        "median": 0.123671613634,
        "min": -3.11940574646,
        "var": 0.799435377121
    },
    "erbbands_spread": {
        "dmean": 14.3852519989,
        "dmean2": 22.0978279114,
        "dvar": 247.201873779,
        "dvar2": 586.937194824,
        "max": 186.442199707,
        "mean": 44.0909156799,
        "median": 38.9988937378,
        "min": 5.96237230301,
        "var": 581.03729248
    },
    "hfc": {
        "dmean": 10.213183403,
        "dmean2": 15.1193475723,
        "dvar": 136.308624268,
        "dvar2": 300.777923584,
        "max": 114.602035522,
        "mean": 27.6633644104,
        "median": 24.7388210297,
        "min": 0.0400251857936,
        "var": 335.355895996
    },
    "melbands_crest": {
        "dmean": 4.34692001343,
        "dmean2": 6.92377662659,
        "dvar": 15.7080459595,
        "dvar2": 39.0887298584,
        "max": 32.0532417297,
        "mean": 14.5889158249,
        "median": 13.6036958694,
        "min": 2.82401156425,
        "var": 35.2998847961
    },
    "melbands_flatness_db": {
        "dmean": 0.03768434003,
        "dmean2": 0.0549196153879,
        "dvar": 0.00152806658298,
        "dvar2": 0.00327119859867,
        "max": 0.477358996868,
        "mean": 0.174184396863,
        "median": 0.16747893393,
        "min": 0.0197636913508,
        "var": 0.00584440585226
    },
    "melbands_kurtosis": {
        "dmean": 15.004278183,
        "dmean2": 24.2028846741,
        "dvar": 1663.1652832,
        "dvar2": 4014.44921875,
        "max": 518.93951416,
        "mean": 17.1603946686,
        "median": 5.69579315186,
        "min": -1.79194116592,
        "var": 1876.03381348
    },
    "melbands_skewness": {
        "dmean": 1.18873369694,
        "dmean2": 1.77602815628,
        "dvar": 2.395226717,
        "dvar2": 5.20524644852,
        "max": 19.3788108826,
        "mean": 2.66267943382,
        "median": 2.09405684471,
        "min": -1.3287602663,
        "var": 5.2326669693
    },
    "melbands_spread": {
        "dmean": 13.2144126892,
        "dmean2": 19.7473335266,
        "dvar": 326.249725342,
        "dvar2": 628.255493164,
        "max": 232.104064941,
        "mean": 33.1994018555,
        "median": 24.657201767,
        "min": 0.732769191265,
        "var": 831.945495605
    },
    "pitch_salience": {
        "dmean": 0.0898770019412,
        "dmean2": 0.146347880363,
        "dvar": 0.00724426750094,
        "dvar2": 0.0173546019942,
        "max": 0.867347061634,
        "mean": 0.559972584248,
        "median": 0.572676062584,
        "min": 0.147499576211,
        "var": 0.0164157412946
    },
    "silence_rate_20dB": {
        "dmean": 0,
        "dmean2": 0,
        "dvar": 0,
        "dvar2": 0,
        "max": 1,
        "mean": 1,
        "median": 1,
        "min": 1,
        "var": 0
    },
    "silence_rate_30dB": {
        "dmean": 0.0340557284653,
        "dmean2": 0.0681642144918,
        "dvar": 0.0328958183527,
        "dvar2": 0.0666161254048,
        "max": 1,
        "mean": 0.948955893517,
        "median": 1,
        "min": 0,
        "var": 0.048438500613
    },
    "silence_rate_60dB": {
        "dmean": 0.0239938087761,
        "dmean2": 0.0480247884989,
        "dvar": 0.0234182160348,
        "dvar2": 0.0565625391901,
        "max": 1,
        "mean": 0.0386697612703,
        "median": 0,
        "min": 0,
        "var": 0.0371744297445
    },
    "spectral_centroid": {
        "dmean": 402.250061035,
        "dmean2": 601.258789062,
        "dvar": 188689.1875,
        "dvar2": 402334.875,
        "max": 5609.64892578,
        "mean": 1583.82092285,
        "median": 1449.46008301,
        "min": 172.03767395,
        "var": 596591.25
    },
    "spectral_complexity": {
        "dmean": 5.53405570984,
        "dmean2": 7.9419054985,
        "dvar": 35.9160614014,
        "dvar2": 67.5123672485,
        "max": 60,
        "mean": 19.8105182648,
        "median": 18,
        "min": 0,
        "var": 118.686096191
    },
    "spectral_decrease": {
        "dmean": 4.23271462324e-09,
        "dmean2": 6.07670980202e-09,
        "dvar": 6.78064167958e-17,
        "dvar2": 1.30496145785e-16,
        "max": -1.1087411371e-11,
        "mean": -8.49363424038e-09,
        "median": -5.379611423e-09,
        "min": -8.13805129951e-08,
        "var": 1.24539995389e-16
    },
    "spectral_energy": {
        "dmean": 0.0164772216231,
        "dmean2": 0.0235589165241,
        "dvar": 0.000969968619756,
        "dvar2": 0.00185182143468,
        "max": 0.309970706701,
        "mean": 0.034566078335,
        "median": 0.0227787550539,
        "min": 4.82624745928e-05,
        "var": 0.00181714561768
    },
    "spectral_energyband_high": {
        "dmean": 0.000788385164924,
        "dmean2": 0.00109602569137,
        "dvar": 1.15998011552e-06,
        "dvar2": 2.25516350838e-06,
        "max": 0.00992463808507,
        "mean": 0.00150988576934,
        "median": 0.000695186434314,
        "min": 1.79359983576e-06,
        "var": 3.23796302837e-06
    },
    "spectral_energyband_low": {
        "dmean": 0.0111915292218,
        "dmean2": 0.0165657401085,
        "dvar": 0.00103982142173,
        "dvar2": 0.00207483419217,
        "max": 0.293043583632,
        "mean": 0.01537782792,
        "median": 0.00267331674695,
        "min": 1.90565032199e-07,
        "var": 0.00160106737167
    },
    "spectral_energyband_middle_high": {
        "dmean": 0.00286288326606,
        "dmean2": 0.00443296320736,
        "dvar": 1.30767548399e-05,
        "dvar2": 3.12366064463e-05,
        "max": 0.0376885011792,
        "mean": 0.00573808560148,
        "median": 0.00463563669473,
        "min": 9.54336155701e-06,
        "var": 2.43145350396e-05
    },
    "spectral_energyband_middle_low": {
        "dmean": 0.00721265794709,
        "dmean2": 0.0110756419599,
        "dvar": 8.93122414709e-05,
        "dvar2": 0.00020847657288,
        "max": 0.093593031168,
        "mean": 0.0139501634985,
        "median": 0.0106247710064,
        "min": 1.33217145049e-05,
        "var": 0.000165485878824
    },
    "spectral_entropy": {
        "dmean": 0.241312935948,
        "dmean2": 0.332075208426,
        "dvar": 0.0587406642735,
        "dvar2": 0.125294685364,
        "max": 8.82184505463,
        "mean": 7.6718416214,
        "median": 7.70099973679,
        "min": 5.93872404099,
        "var": 0.237750560045
    },
    "spectral_flux": {
        "dmean": 0.036721829325,
        "dmean2": 0.0554062984884,
        "dvar": 0.00191243202426,
        "dvar2": 0.00359993614256,
        "max": 0.470419555902,
        "mean": 0.109582453966,
        "median": 0.0921289771795,
        "min": 0.00434296811,
        "var": 0.00522713037208
    },
    "spectral_kurtosis": {
        "dmean": 1.43101191521,
        "dmean2": 2.24690580368,
        "dvar": 2.4512462616,
        "dvar2": 6.27675151825,
        "max": 22.1898021698,
        "mean": 3.40053868294,
        "median": 3.13561916351,
        "min": -0.886602401733,
        "var": 6.08133888245
    },
    "spectral_rms": {
        "dmean": 0.001183798071,
        "dmean2": 0.00165227800608,
        "dvar": 2.27468058256e-06,
        "dvar2": 3.96217274101e-06,
        "max": 0.0173899531364,
        "mean": 0.0051601761952,
        "median": 0.00471414625645,
        "min": 0.000216991567868,
        "var": 7.09568848833e-06
    },
    "spectral_rolloff": {
        "dmean": 1021.7442627,
        "dmean2": 1601.6973877,
        "dvar": 2543320.75,
        "dvar2": 4726645.5,
        "max": 11670.9960938,
        "mean": 2441.57763672,
        "median": 1765.72265625,
        "min": 86.1328125,
        "var": 6011910
    },
    "spectral_skewness": {
        "dmean": 0.247318938375,
        "dmean2": 0.379751712084,
        "dvar": 0.0603248663247,
        "dvar2": 0.141910657287,
        "max": 3.41182780266,
        "mean": 1.41056334972,
        "median": 1.40954124928,
        "min": 0.0867427811027,
        "var": 0.191121861339
    },
    "spectral_spread": {
        "dmean": 942069,
        "dmean2": 1326075.5,
        "dvar": 1.13876782285e+12,
        "dvar2": 2.30098914509e+12,
        "max": 13599539,
        "mean": 5328067,
        "median": 4952040,
        "min": 1863401,
        "var": 3.39853705216e+12
    },
    "spectral_strongpeak": {
        "dmean": 0.656144678593,
        "dmean2": 1.08890712261,
        "dvar": 0.785685539246,
        "dvar2": 1.88644170761,
        "max": 9.53592777252,
        "mean": 1.03766751289,
        "median": 0.725617527962,
        "min": 0.00990855321288,
        "var": 1.06420910358
    },
    "zerocrossingrate": {
        "dmean": 0.0215308591723,
        "dmean2": 0.0233853049576,
        "dvar": 0.000643459439743,
        "dvar2": 0.000684625119902,
        "max": 0.39697265625,
        "mean": 0.0876757502556,
        "median": 0.0751953125,
        "min": 0.0048828125,
        "var": 0.00343210599385
    },
    "barkbands": {
        "dmean": [0.000322079577018, 0.00876563880593, 0.00389681779779, 0.00294160097837, 0.00273789186031, 0.000620430451818, 0.00143123464659, 0.00207839463837, 0.000749639992137, 0.000756641034968, 0.000394344824599, 0.000391228502849, 0.000342255982105, 0.000556005747057, 0.000616587058175, 0.000488759425934, 0.000389987661038, 0.000331194663886, 0.000215094900341, 0.000204399431823, 0.000156494861585, 0.000148563049152, 0.000152841763338, 0.000167853708263, 0.000170504325069, 6.29694986856e-05, 1.91378801695e-09],
        "dmean2": [0.000514657003805, 0.0144071467221, 0.00691655650735, 0.00473269307986, 0.00432805903256, 0.00101437291596, 0.00224552373402, 0.00336397415958, 0.00118817156181, 0.0012083289912, 0.000630645547062, 0.000612588075455, 0.000565592839848, 0.000868774135597, 0.00103120389394, 0.000787883298472, 0.000619455822743, 0.000548173906282, 0.000336720171617, 0.000324032676872, 0.000242619571509, 0.000223162831389, 0.000218239365495, 0.000241429530433, 0.000241966743488, 9.69514803728e-05, 3.2049769505e-09],
        "dvar": [1.04584887595e-06, 0.000982915516943, 0.000210793805309, 5.56668819627e-05, 1.76949888555e-05, 1.43882641623e-06, 7.32056832931e-06, 1.97219069378e-05, 2.24797440751e-06, 1.97426061277e-06, 7.08471475264e-07, 1.17232525554e-06, 9.55900645749e-07, 1.63525180596e-06, 1.35466473239e-06, 6.25889924777e-07, 4.36087191247e-07, 2.73561624908e-07, 1.31880995013e-07, 1.0729860378e-07, 9.14410236419e-08, 4.77132644505e-08, 4.90426579347e-08, 6.99135469517e-08, 1.09166691686e-07, 1.29275621319e-08, 1.27816358533e-16],
        "dvar2": [2.55666827798e-06, 0.0024039989803, 0.000596728525124, 0.000135564434459, 4.18116032961e-05, 3.53652035301e-06, 1.66169684235e-05, 4.7894565796e-05, 5.27903875991e-06, 4.17352839577e-06, 1.74130786945e-06, 2.45795490628e-06, 2.62441380983e-06, 3.99127611672e-06, 3.55262704943e-06, 1.51288622874e-06, 9.76606429504e-07, 7.43226166833e-07, 3.33619368575e-07, 2.76166730373e-07, 2.21212488327e-07, 1.0650627047e-07, 9.64700106465e-08, 1.3449694336e-07, 2.24184930175e-07, 3.1895535102e-08, 1.52594772158e-16],
        "max": [0.0141416676342, 0.267256259918, 0.123930409551, 0.060579881072, 0.0525030381978, 0.0166285801679, 0.0420124828815, 0.043344181031, 0.018679920584, 0.0183132644743, 0.0123352557421, 0.0171472970396, 0.0177585687488, 0.0260418970138, 0.0121761159971, 0.00791679229587, 0.0110970214009, 0.00378707726486, 0.00393088767305, 0.00372774060816, 0.0032744796481, 0.00238138018176, 0.00227117049508, 0.00344762671739, 0.00509862415493, 0.00104333099443, 3.13558615517e-07],
        "mean": [0.00035256362753, 0.00925103016198, 0.00404126103967, 0.00323740392923, 0.00408349791542, 0.000814945378806, 0.0020052024629, 0.00227973307483, 0.000956335570663, 0.000993285095319, 0.000509851495735, 0.000456986977952, 0.000389133871067, 0.000724258599803, 0.000765716366004, 0.000666685577016, 0.000613758515101, 0.000437365786638, 0.00030306840199, 0.000324663997162, 0.000230829260545, 0.000262942136033, 0.000269827694865, 0.000279736763332, 0.000242270019953, 7.37615991966e-05, 1.57442425763e-09],
        "median": [2.06925706152e-05, 0.000718185561709, 0.000714193447493, 0.000358176184818, 0.0022677606903, 0.000278023333522, 0.000543087895494, 0.000499057001434, 0.000339270511176, 0.00038609575131, 0.000150870604557, 0.000125341495732, 0.000133075751364, 0.000314798060572, 0.000332834199071, 0.00030554929981, 0.000261473353021, 0.000214694868191, 0.000147527898662, 0.000191861967323, 7.31794134481e-05, 0.000151714833919, 0.000134275207529, 9.4493610959e-05, 5.95543133386e-05, 1.77687943506e-05, 3.76034953176e-10],
        "min": [4.70972205679e-10, 1.24748886776e-08, 1.52934003239e-08, 7.70345565115e-09, 1.14507588478e-06, 4.42726985739e-07, 1.92421822476e-07, 2.93704630394e-07, 4.70990045187e-07, 4.50875973002e-07, 2.71782170103e-07, 2.46568220064e-07, 2.29756750514e-07, 4.91276580306e-07, 1.48418268964e-06, 6.21296578629e-07, 3.73501706008e-07, 3.93937625631e-07, 3.88607219293e-07, 5.02729506024e-07, 4.83311282551e-07, 2.48218015031e-07, 3.15676913942e-07, 1.76548297759e-07, 1.12148779152e-08, 8.91361203598e-12, 9.15801809387e-12],
        "var": [1.27715463805e-06, 0.00104011641815, 0.000144649107824, 6.46286425763e-05, 2.68426319963e-05, 1.93959135686e-06, 1.30358757815e-05, 2.2489553885e-05, 3.04952709484e-06, 3.54911981049e-06, 1.08357573936e-06, 1.59184821769e-06, 8.90026740308e-07, 1.97977533389e-06, 1.47852802002e-06, 9.04900502974e-07, 1.07762139123e-06, 3.50847955133e-07, 1.8896426468e-07, 1.5329976577e-07, 1.52189983282e-07, 1.0422438379e-07, 1.18877608202e-07, 1.76220524395e-07, 1.978971369e-07, 1.58987223386e-08, 1.23524138187e-16]
    },
    "erbbands": {
        "dmean": [0.202144995332, 2.24732542038, 4.53078985214, 7.07924222946, 7.35419511795, 12.2527399063, 9.27669048309, 4.30985927582, 11.4794359207, 44.5537033081, 29.8808917999, 16.1735916138, 27.7993488312, 14.2281694412, 17.0102348328, 16.4487667084, 13.2384824753, 30.4995651245, 29.7130508423, 28.0266399384, 24.7910118103, 18.3097362518, 18.9109535217, 12.045165062, 11.1097040176, 9.61806774139, 7.00341272354, 5.89133501053, 5.28920841217, 4.847219944, 4.42382574081, 3.41483902931, 3.0554151535, 2.09149932861, 1.18100774288, 0.407121032476, 0.0912207439542, 0.00701678870246, 0.000141828946653, 2.38730699493e-05],
        "dmean2": [0.336967676878, 3.74841785431, 7.61938476562, 11.3732280731, 12.0834226608, 19.089094162, 15.1147603989, 7.03150939941, 17.813533783, 71.3160934448, 48.3844032288, 25.6619167328, 43.0571174622, 22.8455085754, 27.3192958832, 25.4129180908, 21.1815910339, 48.0869255066, 48.0808753967, 46.8383255005, 40.0714416504, 29.3116798401, 30.8077831268, 19.7572956085, 17.6890621185, 15.3660850525, 10.9142627716, 9.01375198364, 7.88848638535, 7.13408994675, 6.29383707047, 4.98146152496, 4.51513957977, 2.9696969986, 1.71508216858, 0.627478837967, 0.140407040715, 0.011734103784, 0.000223677110625, 3.38997779181e-05],
        "dvar": [0.490355074406, 66.2601852417, 255.389266968, 301.282226562, 299.170410156, 388.497497559, 208.201049805, 89.5718231201, 662.387573242, 7650.14648438, 5140.69335938, 1068.796875, 3243.1394043, 979.573425293, 1274.00634766, 2442.70410156, 826.219055176, 6177.16699219, 2705.50732422, 3326.16479492, 1545.66320801, 762.774780273, 811.571716309, 562.94720459, 337.455169678, 243.476104736, 192.449935913, 121.342102051, 68.0629196167, 38.4440956116, 45.128944397, 27.4837036133, 28.6274967194, 18.30534935, 4.97156238556, 0.500328958035, 0.027913203463, 0.00029265898047, 8.93282745551e-08, 1.25345300805e-09],
        "dvar2": [1.28735303879, 166.301101685, 664.346191406, 778.72088623, 765.704772949, 890.547058105, 511.458892822, 211.413192749, 1503.08374023, 17618.9824219, 12504.2861328, 2718.20288086, 7028.68798828, 2161.29711914, 3117.53662109, 5165.41357422, 2077.78515625, 15512.3564453, 6714.27734375, 9079.0234375, 3572.07543945, 1841.32836914, 2175.80004883, 1525.52807617, 855.050170898, 629.563293457, 477.949371338, 279.58416748, 153.35093689, 78.6640472412, 91.3456573486, 54.9726295471, 58.546081543, 38.5262260437, 10.5930280685, 1.15475022793, 0.0696117207408, 0.000794591207523, 2.38266480324e-07, 2.35946129301e-09],
        "max": [6.98432016373, 71.0697174072, 154.782424927, 128.53024292, 172.320373535, 232.737045288, 109.671150208, 159.889572144, 428.248474121, 898.50982666, 996.667175293, 453.095977783, 682.718688965, 613.894287109, 445.294586182, 854.006835938, 428.588409424, 1479.32946777, 871.911193848, 682.269287109, 473.393280029, 361.423278809, 251.154876709, 330.548980713, 224.608078003, 186.009307861, 167.305419922, 133.830780029, 84.3344268799, 66.7820281982, 77.4189834595, 69.9761810303, 66.9348907471, 76.9405670166, 28.1307144165, 7.07317733765, 1.33157813549, 0.156262770295, 0.00263851974159, 0.000345473876223],
        "mean": [0.207120090723, 2.23388051987, 5.1283288002, 8.2479724884, 9.33880329132, 16.8627204895, 12.3986349106, 5.99163341522, 19.0733585358, 54.0984458923, 34.2885475159, 22.2839927673, 36.5363121033, 19.4400253296, 23.1910057068, 19.7114715576, 17.5722351074, 38.7264251709, 39.6273727417, 36.779209137, 37.1799125671, 30.0095558167, 27.1933727264, 16.6728439331, 16.3518695831, 15.3534173965, 10.3251962662, 8.86547374725, 9.15503978729, 9.02990245819, 7.50857686996, 5.76652145386, 4.72234487534, 3.01943540573, 1.54980444908, 0.500027418137, 0.104344293475, 0.00697281584144, 0.000175169378053, 5.34371429239e-05],
        "median": [0.0146527094766, 0.182169303298, 0.795050978661, 1.27456378937, 3.72620153427, 8.15824699402, 5.60223007202, 2.6392698288, 5.78358030319, 14.6782712936, 10.8436574936, 9.72781467438, 10.6474256516, 8.75136470795, 7.07964372635, 5.21795606613, 7.48893117905, 14.8147296906, 18.2315921783, 19.2524108887, 17.8942756653, 16.4406166077, 14.338476181, 7.85209608078, 9.80310726166, 9.07277679443, 4.01479530334, 2.73604297638, 5.0504732132, 5.75225019455, 3.29132342339, 2.44237232208, 1.30929791927, 0.664753317833, 0.387746423483, 0.136900916696, 0.0224097520113, 0.00117785029579, 5.8800818806e-05, 3.84657250834e-05],
        "min": [2.47592197411e-06, 2.00652593776e-05, 5.53659592697e-05, 0.000180486837053, 0.00112759601325, 0.00686279404908, 0.00537349516526, 0.0066883014515, 0.00707870814949, 0.00468942848966, 0.0123643195257, 0.0121272457764, 0.0168168414384, 0.0190814323723, 0.0157598853111, 0.0105039421469, 0.0150925461203, 0.0256398711354, 0.0674347728491, 0.0713822320104, 0.0413920171559, 0.0227046906948, 0.018672792241, 0.0181654766202, 0.0198963657022, 0.0249967090786, 0.0177822429687, 0.0185699909925, 0.0107575757429, 0.00951636303216, 0.00870944187045, 0.00372718507424, 0.00110732158646, 9.94926158455e-05, 0.000147484926856, 4.79948539578e-06, 3.17558686902e-07, 5.22057739261e-08, 4.72554688713e-08, 6.74558364722e-08],
        "var": [0.514084935188, 64.5162734985, 221.405761719, 305.338317871, 323.801879883, 588.149047852, 287.579986572, 116.169418335, 1485.37304688, 10708.578125, 6193.85205078, 1423.79211426, 5677.50439453, 1458.75305176, 1942.88354492, 3232.05566406, 1012.27514648, 7033.06787109, 3870.14770508, 3056.7265625, 2680.34155273, 1582.99389648, 1200.86962891, 613.83770752, 440.059844971, 342.438354492, 281.022949219, 222.287414551, 143.666564941, 95.8314819336, 105.471878052, 64.6106491089, 63.5533027649, 32.57604599, 8.19868659973, 0.727537333965, 0.0337813533843, 0.00023949102615, 8.5959328544e-08, 2.6725588409e-09]
    },
    "gfcc": {
        "mean": [13.9715309143, 64.3363571167, -124.898948669, 34.7547569275, -69.8708648682, 15.6858472824, -51.8737258911, 12.9010295868, -22.4851398468, 0.51232367754, -22.2278862, -2.87109613419, -11.8537073135],
        "cov": [[3424.30737305, -46.6702308655, 626.717224121, 345.070953369, 361.881622314, 370.4921875, 140.081512451, 138.875701904, -26.050037384, 169.812759399, -173.509307861, -15.5715532303, -197.447769165], [-46.6702308655, 1750.12109375, 193.49256897, 111.896102905, 327.256561279, -77.2664871216, 305.454925537, -13.9553050995, 227.698135376, -189.436660767, 86.0891265869, -37.2978210449, -56.3286628723], [626.717224121, 193.49256897, 1417.25878906, 603.142150879, 322.079711914, 307.012756348, 122.075683594, 136.663726807, -55.3187217712, 24.4714984894, -125.759521484, -2.86750912666, -72.6246032715], [345.070953369, 111.896102905, 603.142150879, 822.798400879, 278.65246582, 130.353302002, 7.98020887375, 58.0906066895, 28.3209075928, -76.9970703125, -20.8656806946, -64.0494689941, 64.5063247681], [361.881622314, 327.256561279, 322.079711914, 278.65246582, 410.383209229, 124.99987793, 114.401725769, 47.1172485352, 44.6584587097, -6.11014270782, -52.5845222473, 20.2329864502, -35.1021308899], [370.4921875, -77.2664871216, 307.012756348, 130.353302002, 124.99987793, 339.206085205, 141.052154541, 48.5337181091, -22.955242157, 63.7594566345, -36.6668815613, -29.0876846313, -33.8089523315], [140.081512451, 305.454925537, 122.075683594, 7.98020887375, 114.401725769, 141.052154541, 279.688720703, 55.5581932068, 27.1282749176, 9.049036026, -3.23693156242, 8.70412445068, -60.061000824], [138.875701904, -13.9553050995, 136.663726807, 58.0906066895, 47.1172485352, 48.5337181091, 55.5581932068, 157.022460938, 65.0285873413, 21.1596469879, 23.7754459381, 12.7317342758, -1.80299818516], [-26.050037384, 227.698135376, -55.3187217712, 28.3209075928, 44.6584587097, -22.955242157, 27.1282749176, 65.0285873413, 196.920089722, 13.9397392273, 47.6249351501, -7.79297637939, -4.30049228668], [169.812759399, -189.436660767, 24.4714984894, -76.9970703125, -6.11014270782, 63.7594566345, 9.049036026, 21.1596469879, 13.9397392273, 171.199859619, 18.5517654419, -0.514003455639, -36.8051681519], [-173.509307861, 86.0891265869, -125.759521484, -20.8656806946, -52.5845222473, -36.6668815613, -3.23693156242, 23.7754459381, 47.6249351501, 18.5517654419, 144.65536499, 8.38122844696, 36.9305419922], [-15.5715532303, -37.2978210449, -2.86750912666, -64.0494689941, 20.2329864502, -29.0876846313, 8.70412445068, 12.7317342758, -7.79297637939, -0.514003455639, 8.38122844696, 109.119857788, 11.4433145523], [-197.447769165, -56.3286628723, -72.6246032715, 64.5063247681, -35.1021308899, -33.8089523315, -60.061000824, -1.80299818516, -4.30049228668, -36.8051681519, 36.9305419922, 11.4433145523, 125.989868164]],
        "icov": [[0.000440495379735, -0.000261705572484, 0.00022929746774, -0.000379552599043, 9.91854176391e-05, -0.000479889742564, 0.000454864697531, -0.000665820029099, 0.000444500648882, -0.000651490874588, 0.000651935464703, -0.000440950650955, 0.000679805758409], [-0.000261705572484, 0.00272752344608, -0.00149712932762, 0.00171898386907, -0.00236714188941, 0.00227047805674, -0.00320764118806, 0.00333303352818, -0.0030702163931, 0.00352714350447, -0.00329129979946, 0.00291391625069, -0.000839788350277], [0.00022929746774, -0.00149712932762, 0.00245411065407, -0.00218266970478, 0.00127681950107, -0.00195930758491, 0.00189927197061, -0.00299499230459, 0.0024302713573, -0.00228515663184, 0.002671335591, -0.00248503754847, 0.00177272944711], [-0.000379552599043, 0.00171898386907, -0.00218266970478, 0.00429476052523, -0.00308160786517, 0.00143273663707, -0.00147791241761, 0.00241292873397, -0.00239672302268, 0.0035715221893, -0.00310471397825, 0.00417853100225, -0.00293538393453], [9.91854176391e-05, -0.00236714188941, 0.00127681950107, -0.00308160786517, 0.00662926351652, -0.00247956695966, 0.00160797697026, -0.00245530903339, 0.00140331021976, -0.00313696707599, 0.00420609489083, -0.00471285125241, 0.00165055179968], [-0.000479889742564, 0.00227047805674, -0.00195930758491, 0.00143273663707, -0.00247956695966, 0.00761840492487, -0.00529083469883, 0.00252008181997, -0.00149759580381, 0.000837201310787, -0.00221171206795, 0.00442290771753, -0.00229249917902], [0.000454864697531, -0.00320764118806, 0.00189927197061, -0.00147791241761, 0.00160797697026, -0.00529083469883, 0.00981858745217, -0.00518718548119, 0.00333312340081, -0.00257150060497, 0.00273430137895, -0.00410753674805, 0.00369902863167], [-0.000665820029099, 0.00333303352818, -0.00299499230459, 0.00241292873397, -0.00245530903339, 0.00252008181997, -0.00518718548119, 0.0137104466558, -0.00703626591712, 0.00403621606529, -0.00536563247442, 0.00251545268111, -0.0025162876118], [0.000444500648882, -0.0030702163931, 0.0024302713573, -0.00239672302268, 0.00140331021976, -0.00149759580381, 0.00333312340081, -0.00703626591712, 0.0108666550368, -0.00465042702854, 0.00211394508369, -0.00205206475221, 0.00200843671337], [-0.000651490874588, 0.00352714350447, -0.00228515663184, 0.0035715221893, -0.00313696707599, 0.000837201310787, -0.00257150060497, 0.00403621606529, -0.00465042702854, 0.0127907050774, -0.00652000261471, 0.00384001480415, 0.000732838583644], [0.000651935464703, -0.00329129979946, 0.002671335591, -0.00310471397825, 0.00420609489083, -0.00221171206795, 0.00273430137895, -0.00536563247442, 0.00211394508369, -0.00652000261471, 0.0141191892326, -0.00459774304181, -0.0010688934708], [-0.000440950650955, 0.00291391625069, -0.00248503754847, 0.00417853100225, -0.00471285125241, 0.00442290771753, -0.00410753674805, 0.00251545268111, -0.00205206475221, 0.00384001480415, -0.00459774304181, 0.0152148548514, -0.00399089744315], [0.000679805758409, -0.000839788350277, 0.00177272944711, -0.00293538393453, 0.00165055179968, -0.00229249917902, 0.00369902863167, -0.0025162876118, 0.00200843671337, 0.000732838583644, -0.0010688934708, -0.00399089744315, 0.0136823020875]]
    },
    "melbands": {
        "dmean": [0.00209132721648, 0.00247193477117, 0.00126506143715, 0.000618304009549, 0.000398201111238, 0.000103131664218, 0.000203156523639, 0.000502629613038, 0.000212042970816, 0.000104821483546, 0.000138274772326, 5.74669065827e-05, 5.68144496356e-05, 4.20058750024e-05, 4.15422618971e-05, 3.84845516237e-05, 5.88576876908e-05, 4.7277098929e-05, 4.00126773457e-05, 3.84156774089e-05, 2.97113037959e-05, 2.00865815714e-05, 2.06836284633e-05, 1.68156111613e-05, 9.63925049291e-06, 8.08164713817e-06, 8.41441124066e-06, 6.45861155135e-06, 4.66786241304e-06, 3.99349482905e-06, 3.48013873008e-06, 3.24811139762e-06, 2.95116979032e-06, 2.89889680971e-06, 2.73890850622e-06, 2.4240514449e-06, 2.1323112378e-06, 2.24148902817e-06, 2.08531355383e-06, 1.76262676632e-06],
        "dmean2": [0.00346795772202, 0.00393872428685, 0.00204990128987, 0.000970074324869, 0.000638097233605, 0.000169664650457, 0.000315610552207, 0.000811014208011, 0.000340318161761, 0.000165844932781, 0.000213264356717, 9.35382777243e-05, 9.07774738153e-05, 6.64563413011e-05, 6.46791886538e-05, 6.30446666037e-05, 9.20587117434e-05, 7.58152527851e-05, 6.72268724884e-05, 6.27883418929e-05, 4.81872921227e-05, 3.22864616464e-05, 3.27470115735e-05, 2.80506155832e-05, 1.6066887838e-05, 1.28654864966e-05, 1.34995962071e-05, 1.03364709503e-05, 7.30840429242e-06, 6.20795162831e-06, 5.37035657544e-06, 4.92784147355e-06, 4.5478714128e-06, 4.36505933976e-06, 4.01321449317e-06, 3.60661738341e-06, 3.166808483e-06, 3.41064856002e-06, 3.05346975438e-06, 2.55698319052e-06],
        "dvar": [5.56456252525e-05, 6.7145578214e-05, 9.28552435653e-06, 1.00657098301e-06, 3.55464692348e-07, 5.30746291361e-08, 1.71318717435e-07, 9.96262087938e-07, 2.84725814481e-07, 4.52588828637e-08, 7.93920449382e-08, 1.76325460899e-08, 1.53050674356e-08, 1.40872806753e-08, 1.59352104845e-08, 1.35256392753e-08, 2.04833874307e-08, 7.44189598834e-09, 7.20863946313e-09, 4.65679184103e-09, 2.36107267071e-09, 1.00973229777e-09, 1.05750419532e-09, 8.5018431184e-10, 4.17190448854e-10, 1.60732982479e-10, 1.82691875517e-10, 1.24414423208e-10, 8.88919077235e-11, 6.32654068022e-11, 4.20527640488e-11, 3.02397655527e-11, 1.41796270905e-11, 1.52207656201e-11, 1.70609013028e-11, 1.51766689493e-11, 1.06466536975e-11, 1.6071196457e-11, 1.46331922274e-11, 1.51951003863e-11],
        "dvar2": [0.000136625254527, 0.000154577370267, 2.39333203353e-05, 2.40812823904e-06, 8.14255088244e-07, 1.210947147e-07, 3.86503870686e-07, 2.3325096663e-06, 6.88909324253e-07, 1.11942718206e-07, 1.71394830772e-07, 3.8504779809e-08, 3.6994226349e-08, 3.01876958986e-08, 3.70714161591e-08, 3.52549562876e-08, 5.08703159596e-08, 1.81681141243e-08, 1.91164843955e-08, 1.16947713735e-08, 5.34981303701e-09, 2.39307507144e-09, 2.63045230042e-09, 2.289315848e-09, 1.13293685544e-09, 4.01025684882e-10, 4.6691750466e-10, 3.30459049014e-10, 2.25039528678e-10, 1.60872842825e-10, 9.75842670559e-11, 6.98094221319e-11, 3.34015974601e-11, 3.25622098729e-11, 3.59555475671e-11, 3.305625218e-11, 2.16653257834e-11, 3.52022508365e-11, 2.91531174201e-11, 3.43892206378e-11],
        "max": [0.0619162730873, 0.0764856114984, 0.0214780215174, 0.0123674049973, 0.00529836816713, 0.00394655857235, 0.00546908890828, 0.0102794514969, 0.00778414774686, 0.00259767007083, 0.00344354868867, 0.00244476483203, 0.0017545518931, 0.00204212474637, 0.00251038861461, 0.00207710824907, 0.00255353352986, 0.00164574058726, 0.000963548372965, 0.000707546423655, 0.000635682081338, 0.000465406512376, 0.000472570711281, 0.000280836306047, 0.000292443379294, 0.00013517390471, 0.000163895980222, 0.000129019390442, 0.000115606126201, 0.000100618359284, 8.92915049917e-05, 6.00583734922e-05, 4.2839179514e-05, 3.60255471605e-05, 4.93453917443e-05, 5.82094689889e-05, 4.19054886152e-05, 5.2478921134e-05, 5.3700285207e-05, 6.9712412369e-05],
        "mean": [0.00224361009896, 0.0029091341421, 0.00147515570279, 0.000906758126803, 0.000543787900824, 0.000136287460919, 0.000321369065205, 0.000596888246946, 0.000245836854447, 0.000136816743179, 0.000179574693902, 7.47004087316e-05, 7.51779516577e-05, 5.2069688536e-05, 4.85404234496e-05, 4.35196270701e-05, 7.35481298761e-05, 6.14536475041e-05, 4.96835200465e-05, 5.04254021507e-05, 4.27243685408e-05, 3.11252806569e-05, 2.89919571514e-05, 2.19131998165e-05, 1.22527908388e-05, 1.12075713332e-05, 1.23335130411e-05, 9.66035804595e-06, 6.512744676e-06, 5.56972236154e-06, 4.97230257679e-06, 5.12310680278e-06, 5.19596051163e-06, 4.98431018059e-06, 4.43784119852e-06, 3.74845876649e-06, 3.42683824783e-06, 3.31281694343e-06, 3.0511564546e-06, 2.38155166699e-06],
        "median": [0.000167820413481, 0.000393673195504, 0.000282143999357, 0.000490958744194, 0.000270133430604, 5.01491231262e-05, 8.91785311978e-05, 0.000161227551871, 7.59123286116e-05, 5.40102810191e-05, 4.86517710669e-05, 2.88392311631e-05, 2.25838048209e-05, 1.67772705026e-05, 1.25870792544e-05, 1.40065549203e-05, 2.91002634185e-05, 2.67153318418e-05, 2.36318792304e-05, 2.38090051425e-05, 1.8768989321e-05, 1.49099068949e-05, 1.31823335323e-05, 9.94336096483e-06, 4.95928452438e-06, 5.76884258408e-06, 7.58917121857e-06, 5.17509351994e-06, 2.5377298698e-06, 1.43915178796e-06, 1.51558185735e-06, 2.4120956823e-06, 3.40358656103e-06, 3.01407612824e-06, 1.94946892407e-06, 1.46047455019e-06, 1.40602276133e-06, 9.00834152162e-07, 7.10091967449e-07, 5.1757217534e-07],
        "min": [6.28837604211e-09, 1.71202714228e-08, 1.34839250876e-08, 2.04196425102e-07, 3.48972889697e-07, 1.31885698806e-07, 9.87930803831e-08, 7.47310195948e-08, 1.08251882125e-07, 6.73800855111e-08, 8.52529353779e-08, 7.34833562888e-08, 4.79815192023e-08, 3.04344460744e-08, 3.4630065926e-08, 4.26171844481e-08, 3.2014281004e-08, 9.34951884801e-08, 9.12682125431e-08, 5.90303912418e-08, 3.47939597134e-08, 2.3978856234e-08, 1.25425438924e-08, 1.98464835677e-08, 1.35231159604e-08, 1.19365850537e-08, 1.6861037011e-08, 1.71858971498e-08, 1.05369446501e-08, 9.17164033609e-09, 7.72686012396e-11, 2.52331266992e-09, 4.7344395071e-09, 5.8395848157e-09, 3.30998184417e-09, 4.34155177087e-11, 1.65485269932e-09, 8.49373696377e-11, 1.8234136423e-10, 1.23454363052e-11],
