{
"highlevel": {
    "danceability": {
        "all": {
            "danceable": 0.999458670616,
            "not_danceable": 0.000541345216334
        },
        "probability": 0.999458670616,
        "value": "danceable"
    },
    "gender": {
        "all": {
            "female": 0.992015123367,
            "male": 0.00798484683037
        },
        "probability": 0.992015123367,
        "value": "female"
    },
    "genre_dortmund": {
        "all": {
            "alternative": 0.0265707783401,
            "blues": 0.0341540127993,
            "electronic": 0.104789428413,
            "folkcountry": 0.0201677214354,
            "funksoulrnb": 0.0164010822773,
            "jazz": 0.281094312668,
            "pop": 0.0618282034993,
            "raphiphop": 0.398927658796,
            "rock": 0.0560668259859
        },
        "probability": 0.398927658796,
        "value": "raphiphop"
    },
    "genre_electronic": {
        "all": {
            "ambient": 0.273840337992,
            "dnb": 0.168029129505,
            "house": 0.407214045525,
            "techno": 0.0309559814632,
            "trance": 0.119960479438
        },
        "probability": 0.407214045525,
        "value": "house"
    },
    "genre_rosamerica": {
        "all": {
            "cla": 0.0133914854378,
            "dan": 0.363864660263,
            "hip": 0.287893205881,
            "jaz": 0.0249803587794,
            "pop": 0.12328518182,
            "rhy": 0.146771386266,
            "roc": 0.0224884208292,
            "spe": 0.0173252746463
        },
        "probability": 0.363864660263,
        "value": "dan"
    },
    "genre_tzanetakis": {
        "all": {
            "blu": 0.063259229064,
            "cla": 0.0351214334369,
            "cou": 0.0790196210146,
            "dis": 0.0526951625943,
            "hip": 0.158124744892,
            "jaz": 0.316520601511,
            "met": 0.0632875487208,
            "pop": 0.063269995153,
            "reg": 0.0632629841566,
            "roc": 0.105438686907
        },
        "probability": 0.316520601511,
        "value": "jaz"
    },
    "ismir04_rhythm": {
        "all": {
            "ChaChaCha": 0.434678256512,
            "Jive": 0.0869677960873,
            "Quickstep": 0.0184201914817,
            "Rumba-American": 0.0434825755656,
            "Rumba-International": 0.0397160947323,
            "Rumba-Misc": 0.0251971986145,
            "Samba": 0.095006339252,
            "Tango": 0.0705936849117,
            "VienneseWaltz": 0.172376006842,
            "Waltz": 0.0135618587956
        },
        "probability": 0.434678256512,
        "value": "ChaChaCha"
    },
    "mood_acoustic": {
        "all": {
            "acoustic": 0.154203653336,
            "not_acoustic": 0.845796346664
        },
        "probability": 0.845796346664,
        "value": "not_acoustic"
    },
    "mood_aggressive": {
        "all": {
            "aggressive": 0.186770394444,
            "not_aggressive": 0.813229620457
        },
        "probability": 0.813229620457,
        "value": "not_aggressive"
    },
    "mood_electronic": {
        "all": {
            "electronic": 0.794526576996,
            "not_electronic": 0.205473437905
        },
        "probability": 0.794526576996,
        "value": "electronic"
    },
    "mood_happy": {
        "all": {
            "happy": 0.758070528507,
            "not_happy": 0.241929471493
        },
        "probability": 0.758070528507,
        "value": "happy"
    },
    "mood_party": {
        "all": {
            "not_party": 0.402033567429,
            "party": 0.597966432571
        },
        "probability": 0.597966432571,
        "value": "party"
    },
    "mood_relaxed": {
        "all": {
            "not_relaxed": 0.755157113075,
            "relaxed": 0.244842901826
        },
        "probability": 0.755157113075,
        "value": "not_relaxed"
    },
    "mood_sad": {
        "all": {
            "not_sad": 0.657060623169,
            "sad": 0.342939406633
        },
        "probability": 0.657060623169,
        "value": "not_sad"
    },
    "moods_mirex": {
        "all": {
            "Cluster1": 0.21991057694,
            "Cluster2": 0.319895446301,
            "Cluster3": 0.18045784533,
            "Cluster4": 0.171216547489,
            "Cluster5": 0.108519583941
        },
        "probability": 0.319895446301,
        "value": "Cluster2"
    },
    "timbre": {
        "all": {
            "bright": 0.918320000172,
            "dark": 0.0816800147295
        },
        "probability": 0.918320000172,
        "value": "bright"
    },
    "tonal_atonal": {
        "all": {
            "atonal": 0.0883966460824,
            "tonal": 0.911603331566
        },
        "probability": 0.911603331566,
        "value": "tonal"
    },
    "voice_instrumental": {
        "all": {
            "instrumental": 0.341460049152,
            "voice": 0.658539950848
        },
        "probability": 0.658539950848,
        "value": "voice"
    }
},
"lowlevel": {
    "average_loudness": 0.978230297565,
    "barkbands_crest": {
        "dmean": 3.46395254135,
        "dmean2": 5.25694036484,
        "dvar": 10.6683206558,
        "dvar2": 23.1933231354,
        "max": 26.319272995,
        "mean": 15.4662742615,
        "median": 15.4866428375,
        "min": 3.00304484367,
        "var": 33.0707130432
    },
    "barkbands_flatness_db": {
        "dmean": 0.040903840214,
        "dmean2": 0.0569211170077,
        "dvar": 0.00171210581902,
        "dvar2": 0.00342204561457,
        "max": 0.516402065754,
        "mean": 0.209341973066,
        "median": 0.207673579454,
        "min": 0.0530637390912,
        "var": 0.00560666294768
    },
    "barkbands_kurtosis": {
        "dmean": 14.5349340439,
        "dmean2": 23.800201416,
        "dvar": 1482.86706543,
        "dvar2": 4243.46923828,
        "max": 641.109191895,
        "mean": 15.0712184906,
        "median": 3.78002929688,
        "min": -1.91589534283,
        "var": 1336.92346191
    },
    "barkbands_skewness": {
        "dmean": 1.26364243031,
        "dmean2": 1.88225293159,
        "dvar": 2.68808817863,
        "dvar2": 6.50311279297,
        "max": 17.9715137482,
        "mean": 2.66371130943,
        "median": 1.98117864132,
        "min": -1.34210145473,
        "var": 5.49849414825
    },
    "barkbands_spread": {
        "dmean": 8.28384971619,
        "dmean2": 12.3205852509,
        "dvar": 100.031806946,
        "dvar2": 220.184906006,
        "max": 110.266387939,
        "mean": 20.39336586,
        "median": 17.1115932465,
        "min": 0.134692788124,
        "var": 236.734893799
    },
    "dissonance": {
        "dmean": 0.0252695139498,
        "dmean2": 0.0409534275532,
        "dvar": 0.000660247460473,
        "dvar2": 0.00170443137176,
        "max": 0.499929428101,
        "mean": 0.451571732759,
        "median": 0.464344769716,
        "min": 0.269765436649,
        "var": 0.00160058657639
    },
    "dynamic_complexity": 2.51547670364,
    "erbbands_crest": {
        "dmean": 3.33302783966,
        "dmean2": 5.26789522171,
        "dvar": 9.51506519318,
        "dvar2": 22.4118862152,
        "max": 29.3712615967,
        "mean": 10.7279109955,
        "median": 9.89183330536,
        "min": 2.60983753204,
        "var": 24.2121944427
    },
    "erbbands_flatness_db": {
        "dmean": 0.0225187111646,
        "dmean2": 0.0318185277283,
        "dvar": 0.000518922810443,
        "dvar2": 0.00095610099379,
        "max": 0.32193723321,
        "mean": 0.165572404861,
        "median": 0.16235075891,
        "min": 0.0603697411716,
        "var": 0.00251481472515
    },
    "erbbands_kurtosis": {
        "dmean": 1.36940038204,
        "dmean2": 2.17535662651,
        "dvar": 4.13996934891,
        "dvar2": 9.94104576111,
        "max": 36.5265960693,
        "mean": 0.949578464031,
        "median": 0.200590372086,
        "min": -1.76815760136,
        "var": 7.18877410889
    },
    "erbbands_skewness": {
        "dmean": 0.493617206812,
        "dmean2": 0.747507512569,
        "dvar": 0.251096427441,
        "dvar2": 0.60532027483,
        "max": 4.93520879745,
        "mean": 0.359249562025,
        "median": 0.412542015314,
        "min": -2.50043392181,
        "var": 0.828858375549
    },
    "erbbands_spread": {
        "dmean": 13.6584253311,
        "dmean2": 20.7155170441,
        "dvar": 262.453430176,
        "dvar2": 571.19543457,
        "max": 171.909896851,
        "mean": 45.3260688782,
        "median": 39.1840286255,
        "min": 5.24077796936,
        "var": 775.689941406
    },
    "hfc": {
        "dmean": 12.1509914398,
        "dmean2": 17.4268131256,
        "dvar": 341.284637451,
        "dvar2": 773.738708496,
        "max": 131.899368286,
        "mean": 21.6279029846,
        "median": 15.2393732071,
        "min": 0.0827156752348,
        "var": 470.318603516
    },
    "melbands_crest": {
        "dmean": 3.62378716469,
        "dmean2": 5.72756242752,
        "dvar": 11.9291763306,
        "dvar2": 28.9382133484,
        "max": 35.6400604248,
        "mean": 19.1901454926,
        "median": 19.3293933868,
        "min": 3.76075792313,
        "var": 37.7508659363
    },
    "melbands_flatness_db": {
        "dmean": 0.0489842630923,
        "dmean2": 0.066633194685,
        "dvar": 0.00245615257882,
        "dvar2": 0.00491438712925,
        "max": 0.653592765331,
        "mean": 0.268148720264,
        "median": 0.263125807047,
        "min": 0.0665201172233,
        "var": 0.0091391922906
    },
    "melbands_kurtosis": {
        "dmean": 30.3440704346,
        "dmean2": 46.4958229065,
        "dvar": 2889.80078125,
        "dvar2": 6954.70507812,
        "max": 614.376037598,
        "mean": 41.2839126587,
        "median": 15.1726474762,
        "min": -1.16561305523,
        "var": 4659.66455078
    },
    "melbands_skewness": {
        "dmean": 1.59403514862,
        "dmean2": 2.36519670486,
        "dvar": 3.26180481911,
        "dvar2": 7.06980705261,
        "max": 20.561712265,
        "mean": 4.30363416672,
        "median": 3.37730407715,
        "min": -0.986479461193,
        "var": 10.2503128052
    },
    "melbands_spread": {
        "dmean": 8.20111560822,
        "dmean2": 12.3144226074,
        "dvar": 148.614761353,
        "dvar2": 331.750488281,
        "max": 202.030639648,
        "mean": 17.4054698944,
        "median": 13.463681221,
        "min": 0.293396800756,
        "var": 282.517974854
    },
    "pitch_salience": {
        "dmean": 0.0966728404164,
        "dmean2": 0.147638916969,
        "dvar": 0.00916776806116,
        "dvar2": 0.0206542052329,
        "max": 0.827248394489,
        "mean": 0.399765402079,
        "median": 0.395449787378,
        "min": 0.0491946861148,
        "var": 0.0290750768036
    },
    "silence_rate_20dB": {
        "dmean": 0,
        "dmean2": 0,
        "dvar": 0,
        "dvar2": 0,
        "max": 1,
        "mean": 1,
        "median": 1,
        "min": 1,
        "var": 0
    },
    "silence_rate_30dB": {
        "dmean": 0.0526315793395,
        "dmean2": 0.105344690382,
        "dvar": 0.0498610474169,
        "dvar2": 0.100445121527,
        "max": 1,
        "mean": 0.923433899879,
        "median": 1,
        "min": 0,
        "var": 0.0707033351064
    },
    "silence_rate_60dB": {
        "dmean": 0.0325077399611,
        "dmean2": 0.0642912462354,
        "dvar": 0.0314509123564,
        "dvar2": 0.0772001743317,
        "max": 1,
        "mean": 0.0255220420659,
        "median": 0,
        "min": 0,
        "var": 0.0248713046312
    },
    "spectral_centroid": {
        "dmean": 354.591308594,
        "dmean2": 526.648193359,
        "dvar": 164572.984375,
        "dvar2": 392433.53125,
        "max": 4025.95068359,
        "mean": 1333.8013916,
        "median": 1205.3059082,
        "min": 112.397514343,
        "var": 506631.46875
    },
    "spectral_complexity": {
        "dmean": 6.20665645599,
        "dmean2": 8.92176628113,
        "dvar": 62.4874267578,
        "dvar2": 126.197532654,
        "max": 55,
        "mean": 15.0433101654,
        "median": 12,
        "min": 1,
        "var": 112.881370544
    },
    "spectral_decrease": {
        "dmean": 4.37885150362e-09,
        "dmean2": 6.45650155562e-09,
        "dvar": 3.06658550909e-17,
        "dvar2": 6.06940465738e-17,
        "max": -8.83894693549e-11,
        "mean": -1.09045572572e-08,
        "median": -8.27433677131e-09,
        "min": -5.04975510296e-08,
        "var": 8.33119041432e-17
    },
    "spectral_energy": {
        "dmean": 0.0171850901097,
        "dmean2": 0.025411831215,
        "dvar": 0.000467351434054,
        "dvar2": 0.000913491006941,
        "max": 0.19339004159,
        "mean": 0.0431179590523,
        "median": 0.0326554141939,
        "min": 0.000341104896506,
        "var": 0.00126262695994
    },
    "spectral_energyband_high": {
        "dmean": 0.000841249420773,
        "dmean2": 0.00123298703693,
        "dvar": 2.32997012972e-06,
        "dvar2": 5.15070587426e-06,
        "max": 0.0116817587987,
        "mean": 0.00113797734957,
        "median": 0.000503450282849,
        "min": 2.20966285269e-07,
        "var": 3.00975625578e-06
    },
    "spectral_energyband_low": {
        "dmean": 0.0121333599091,
        "dmean2": 0.0182413067669,
        "dvar": 0.000376709591364,
        "dvar2": 0.000786155462265,
        "max": 0.184736669064,
        "mean": 0.0277904625982,
        "median": 0.0196978021413,
        "min": 8.78724932818e-08,
        "var": 0.00106251926627
    },
    "spectral_energyband_middle_high": {
        "dmean": 0.00255218986422,
        "dmean2": 0.00384750636294,
        "dvar": 1.23920899568e-05,
        "dvar2": 3.02538646793e-05,
        "max": 0.0286796670407,
        "mean": 0.00433219410479,
        "median": 0.00276464270428,
        "min": 8.7037551566e-06,
        "var": 2.2520453058e-05
    },
    "spectral_energyband_middle_low": {
        "dmean": 0.00624975236133,
        "dmean2": 0.00943646673113,
        "dvar": 0.000107926091005,
        "dvar2": 0.000248729862506,
        "max": 0.111980892718,
        "mean": 0.0103817395866,
        "median": 0.00589920859784,
        "min": 0.000131158085424,
        "var": 0.000159924224135
    },
    "spectral_entropy": {
        "dmean": 0.264711558819,
        "dmean2": 0.366150051355,
        "dvar": 0.0742082521319,
        "dvar2": 0.131727948785,
        "max": 8.59538650513,
        "mean": 7.391954422,
        "median": 7.40237760544,
        "min": 5.13973808289,
        "var": 0.288499295712
    },
    "spectral_flux": {
        "dmean": 0.0438661016524,
        "dmean2": 0.0706559866667,
        "dvar": 0.00208756770007,
        "dvar2": 0.00477583566681,
        "max": 0.374142348766,
        "mean": 0.103058837354,
        "median": 0.0848053693771,
        "min": 0.0109654618427,
        "var": 0.0045326128602
    },
    "spectral_kurtosis": {
        "dmean": 1.95079112053,
        "dmean2": 2.99506735802,
        "dvar": 11.1662797928,
        "dvar2": 23.9880332947,
        "max": 44.5970687866,
        "mean": 4.42287349701,
        "median": 3.5135550499,
        "min": -1.42898654938,
        "var": 19.4246444702
    },
    "spectral_rms": {
        "dmean": 0.00130303250626,
        "dmean2": 0.0018943840405,
        "dvar": 2.14631813833e-06,
        "dvar2": 4.0018276195e-06,
        "max": 0.0137358363718,
        "mean": 0.00597268110141,
        "median": 0.00564437266439,
        "min": 0.000576875463594,
        "var": 6.39336167296e-06
    },
    "spectral_rolloff": {
        "dmean": 606.947937012,
        "dmean2": 1028.92504883,
        "dvar": 1191661.5,
        "dvar2": 2538265,
        "max": 11907.8613281,
        "mean": 1064.18493652,
        "median": 624.462890625,
        "min": 64.599609375,
        "var": 1953649.5
    },
    "spectral_skewness": {
        "dmean": 0.305286735296,
        "dmean2": 0.445631444454,
        "dvar": 0.130689129233,
        "dvar2": 0.256258517504,
        "max": 5.14934444427,
        "mean": 1.58252608776,
        "median": 1.43823301792,
        "min": 0.0363440290093,
        "var": 0.403723210096
    },
    "spectral_spread": {
        "dmean": 879135.375,
        "dmean2": 1213504.25,
        "dvar": 1.40712607744e+12,
        "dvar2": 2.24567728538e+12,
        "max": 17417780,
        "mean": 5288559.5,
        "median": 4726944,
        "min": 1478927.5,
        "var": 4.69772376474e+12
    },
    "spectral_strongpeak": {
        "dmean": 0.348130077124,
        "dmean2": 0.582684695721,
        "dvar": 0.353911608458,
        "dvar2": 0.868692994118,
        "max": 7.50251197815,
        "mean": 0.731871545315,
        "median": 0.517361521721,
        "min": 0.0212993249297,
        "var": 0.591928243637
    },
    "zerocrossingrate": {
        "dmean": 0.0134405838326,
        "dmean2": 0.0151919387281,
        "dvar": 0.000304109154968,
        "dvar2": 0.000357978482498,
        "max": 0.32470703125,
        "mean": 0.0469120070338,
        "median": 0.04052734375,
        "min": 0.00244140625,
        "var": 0.00129580812063
    },
    "barkbands": {
        "dmean": [0.0003026718623, 0.011205136776, 0.00424639182165, 0.000708434788976, 0.00238884240389, 0.00160960142966, 0.000689454900566, 0.00139234063681, 0.0012839542469, 0.000590815325268, 0.000389717257349, 0.000368336972315, 0.000401085184421, 0.000367174507119, 0.000362384453183, 0.0001567065774, 0.000253469625022, 0.000338428595569, 0.000247854273766, 0.000210063473787, 0.000188388105016, 0.000156273454195, 0.000116464245366, 0.000155929577886, 0.000130303000333, 5.49066717213e-05, 7.37328704759e-08],
        "dmean2": [0.000506766198669, 0.017568577081, 0.00690533686429, 0.00123743398581, 0.00393609236926, 0.00259634386748, 0.00111892237328, 0.00226216227747, 0.00206595822237, 0.000869226292707, 0.00056788517395, 0.000577115337364, 0.000646894099191, 0.000594781711698, 0.000539910688531, 0.000248421827564, 0.000440336414613, 0.000547656149138, 0.000406292645494, 0.000323511863826, 0.000284380745143, 0.000246905838139, 0.000173368665855, 0.000234503124375, 0.000197205867153, 8.23576847324e-05, 1.32376086981e-07],
        "dvar": [6.37664186343e-07, 0.000393132213503, 0.000185839264304, 6.6401080403e-06, 4.24738063884e-05, 1.00447277873e-05, 2.15221962208e-06, 9.13483836484e-06, 9.15752025321e-06, 1.61036336976e-06, 1.04128639578e-06, 7.39321421861e-07, 1.00627164556e-06, 4.7969734851e-07, 3.87521282619e-07, 8.95840770454e-08, 3.71313660708e-07, 5.03826925069e-07, 2.62050377842e-07, 1.11576888173e-07, 1.06191848204e-07, 1.30077751237e-07, 5.03000343599e-08, 9.45353662019e-08, 1.00205546971e-07, 2.61699586446e-08, 1.17317193828e-13],
        "dvar2": [1.67680786944e-06, 0.000911307753995, 0.000443116266979, 1.83392385225e-05, 0.000107397565444, 2.40931385633e-05, 4.85299369757e-06, 2.33421978919e-05, 2.2647995138e-05, 3.07447112391e-06, 2.33995024246e-06, 1.83334077519e-06, 2.63921742771e-06, 1.19005517263e-06, 8.35198932236e-07, 2.02236662972e-07, 1.03829449927e-06, 1.24781638533e-06, 7.21016476746e-07, 2.652186879e-07, 2.33839898556e-07, 3.04700250808e-07, 1.01378134332e-07, 2.16701323552e-07, 2.24871030241e-07, 5.75309968553e-08, 3.2823738302e-13],
        "max": [0.0081304423511, 0.160535931587, 0.10749220103, 0.0416984818876, 0.0910537540913, 0.0508512072265, 0.0208183117211, 0.0327036306262, 0.0341173820198, 0.020495776087, 0.01368722599, 0.0131994113326, 0.0143929412588, 0.00601375987753, 0.00707150762901, 0.00455188611522, 0.00563083635643, 0.00628307275474, 0.00524337450042, 0.00381461298093, 0.00457028392702, 0.00384152843617, 0.00152362335939, 0.00258186878636, 0.00233993539587, 0.00150916236453, 5.06424385094e-06],
        "mean": [0.00040650201845, 0.02244425565, 0.0045351726003, 0.000713677960448, 0.0026456785854, 0.00235768547282, 0.000856276194099, 0.00185206322931, 0.0017062232364, 0.000882363587152, 0.000544635113329, 0.000473557010991, 0.000469663355034, 0.000446004880359, 0.000463938951725, 0.000185377750313, 0.000216619460844, 0.000385123945307, 0.000289018498734, 0.000290834723273, 0.000251857651165, 0.000141430136864, 0.000139229028719, 0.000202384762815, 0.00015895247634, 5.94474040554e-05, 4.6771926776e-08],
        "median": [3.50522714143e-05, 0.0166021548212, 0.000700825359672, 6.60556615912e-05, 0.000522221555002, 0.000693926238455, 0.000164532262716, 0.000307114853058, 0.000280930660665, 0.000177782421815, 9.1474808869e-05, 0.000111701818241, 0.000155140078277, 0.000123754391097, 0.000123783553136, 4.01019424316e-05, 4.34792636952e-05, 6.20535502094e-05, 9.9644625152e-05, 0.0001314622059, 8.03870425443e-05, 1.10722285172e-05, 1.54549452418e-05, 5.27727825101e-05, 3.7091471313e-05, 5.23124708707e-06, 6.8718308821e-10],
        "min": [2.36723335378e-10, 1.9250460781e-08, 1.96905851624e-08, 5.33206510056e-08, 1.52994516611e-06, 2.88548221761e-07, 6.50276604119e-07, 7.67741823893e-07, 6.33761203517e-07, 3.31152790523e-07, 1.9040110999e-07, 2.19112862965e-07, 3.9015543507e-07, 3.16140869927e-07, 2.66708156005e-07, 5.39871471972e-08, 4.56092870138e-08, 7.24820026221e-08, 6.8344881754e-08, 1.17073213346e-07, 5.10723481284e-08, 1.18744028499e-10, 5.22784882051e-09, 5.12973663547e-09, 1.94584295343e-08, 5.81734486971e-12, 7.05019939998e-12],
        "var": [9.94209017335e-07, 0.000737474358175, 0.000172202911926, 4.87532906845e-06, 4.0955896111e-05, 1.76671237568e-05, 3.59343653145e-06, 1.28580441014e-05, 1.60039344337e-05, 4.2273386498e-06, 2.19124831347e-06, 1.02883427644e-06, 9.97719439511e-07, 6.33975275832e-07, 6.78514709307e-07, 1.41837887213e-07, 2.55369116076e-07, 6.5162186047e-07, 2.28807920166e-07, 1.56982466137e-07, 1.66544936064e-07, 1.27345032297e-07, 6.92544404046e-08, 1.22078375853e-07, 1.18804976523e-07, 3.13678363284e-08, 7.23322836631e-14]
    },
    "erbbands": {
        "dmean": [0.301533997059, 2.80655288696, 4.851354599, 3.41327524185, 4.4496307373, 9.59086513519, 11.3763694763, 13.1683282852, 8.36896705627, 17.0526695251, 32.7181243896, 32.7465553284, 16.024187088, 18.3345489502, 14.369600296, 16.0953273773, 16.8478870392, 18.2166557312, 20.5708503723, 12.4140024185, 9.05326461792, 12.9255895615, 15.9268512726, 16.3412361145, 10.4647579193, 9.94908714294, 9.67756271362, 5.59893941879, 5.73760128021, 4.04174184799, 3.5360429287, 3.12338447571, 2.76746726036, 1.74395298958, 0.767195940018, 0.332390874624, 0.0782302692533, 0.00720909517258, 0.000150016421685, 2.58712680079e-05],
        "dmean2": [0.447983115911, 4.4766998291, 7.49105072021, 5.64823532104, 7.25766658783, 15.9498615265, 18.4302597046, 21.4293823242, 13.3329935074, 27.1732902527, 53.91588974, 52.2304954529, 25.0598068237, 26.4285984039, 20.9956111908, 24.6467418671, 26.7819099426, 29.177772522, 31.7019138336, 18.8639240265, 14.9170560837, 22.2177085876, 26.4972133636, 26.1902599335, 16.8836288452, 15.3097600937, 14.1203403473, 8.62999248505, 9.14484500885, 6.18148183823, 5.19331550598, 4.66259288788, 4.2737030983, 2.61128616333, 1.17521703243, 0.518859028816, 0.11425011605, 0.0111637739465, 0.000223804061534, 3.82102698495e-05],
        "dvar": [0.366158276796, 24.4050502777, 164.823028564, 125.448768616, 187.887084961, 701.990905762, 620.523376465, 808.44354248, 363.093902588, 1279.64538574, 5684.40429688, 6253.22412109, 1164.43310547, 1795.17858887, 803.510253906, 1259.1373291, 2020.09069824, 1326.71496582, 1460.77722168, 591.950866699, 318.435577393, 955.165649414, 1086.73254395, 1198.05444336, 471.81036377, 254.090286255, 233.279876709, 132.967178345, 178.422485352, 85.3081817627, 46.7230186462, 38.2062835693, 35.0653533936, 16.1465759277, 4.11163663864, 0.893216371536, 0.05735386163, 0.000633597024716, 2.20106926463e-07, 1.7117888218e-09],
        "dvar2": [0.748282432556, 65.7714614868, 367.094116211, 320.820465088, 480.054168701, 1772.15588379, 1577.95922852, 1925.04980469, 788.203063965, 2822.38061523, 15183.3554688, 15282.2080078, 2433.21191406, 3319.49389648, 1614.50292969, 3043.17993164, 5349.56542969, 3245.46875, 3098.58984375, 1415.46777344, 810.303283691, 2685.21630859, 2915.76245117, 3193.76855469, 1259.43798828, 610.373474121, 461.086669922, 321.339050293, 422.755371094, 184.490539551, 97.7370529175, 89.448387146, 79.830039978, 36.4444046021, 9.52225112915, 2.00223970413, 0.121896959841, 0.00157239602413, 5.20849994246e-07, 3.42848127666e-09],
        "max": [4.9540719986, 41.948135376, 110.752838135, 140.754974365, 167.188812256, 366.839569092, 407.481964111, 342.121124268, 327.066894531, 406.29876709, 1007.50140381, 1026.15161133, 531.839355469, 722.070495605, 444.092468262, 496.53894043, 763.964355469, 424.543395996, 422.866699219, 317.468505859, 173.382751465, 273.586883545, 292.649261475, 293.924560547, 211.980987549, 169.683013916, 208.931167603, 154.208129883, 170.361862183, 67.8135223389, 47.8378181458, 51.4186820984, 61.4380989075, 39.9617233276, 20.44389534, 6.91921424866, 2.76946473122, 0.257884293795, 0.00443591643125, 0.000343084597262],
        "mean": [0.515000879765, 5.35058546066, 7.29108285904, 3.41080927849, 4.18204021454, 10.2250032425, 16.537979126, 19.0897369385, 11.807220459, 23.4053974152, 42.778629303, 44.9565696716, 22.1192207336, 29.7573661804, 21.6273174286, 22.1666355133, 21.0908699036, 23.6814231873, 28.0878791809, 16.1641597748, 9.71612358093, 11.4625835419, 17.5340099335, 20.0676364899, 11.9311285019, 13.9707632065, 14.6339836121, 6.16124296188, 5.14359283447, 4.01552343369, 4.26071166992, 3.97833180428, 3.55757784843, 2.15630483627, 0.881532430649, 0.352943003178, 0.0908502489328, 0.00723375845701, 0.000173538253875, 5.96281206526e-05],
        "median": [0.253603339195, 3.76413440704, 2.46445679665, 0.615935266018, 0.45105060935, 1.69870960712, 6.35037326813, 4.3506436348, 2.70761394501, 5.18012475967, 10.6250009537, 8.4191570282, 7.07032251358, 6.82910585403, 6.58584499359, 6.78874969482, 7.54080963135, 7.76440525055, 8.27562713623, 4.74557495117, 2.34749698639, 2.56174135208, 3.56206560135, 5.20368814468, 4.48257350922, 6.4340672493, 5.88171958923, 1.49349534512, 0.462359577417, 0.371949791908, 0.486004799604, 0.781316876411, 1.04033303261, 0.538545906544, 0.173771306872, 0.038689468056, 0.00849683769047, 0.000456729962025, 3.46799351973e-05, 4.06576400565e-05],
        "min": [1.71750832578e-06, 1.44134592119e-05, 0.00011600794096, 0.000698408868629, 0.000656925840303, 0.00896172598004, 0.00884058326483, 0.0174179077148, 0.0395270138979, 0.0141052072868, 0.0505173616111, 0.0265598334372, 0.0135368769988, 0.0212351605296, 0.0112989442423, 0.0109010981396, 0.0185636505485, 0.0215184856206, 0.0230914205313, 0.012388956733, 0.00358174182475, 0.00298157893121, 0.00392880197614, 0.00623521395028, 0.00274636619724, 0.00464117154479, 0.00369795761071, 0.000972775917035, 0.000331986317178, 0.000147918603034, 0.000135648646392, 0.000113373767817, 8.67322378326e-05, 0.000315138604492, 0.000111774759716, 1.09057291411e-05, 1.64772848166e-06, 1.38194508281e-07, 2.00116417659e-07, 3.81676670713e-07],
        "var": [0.618601620197, 40.8346862793, 200.13760376, 102.048751831, 160.00491333, 682.857666016, 899.217102051, 1385.60571289, 672.13067627, 2442.09985352, 6625.87255859, 11175.1679688, 2182.90820312, 5158.96142578, 2053.63061523, 1964.86132812, 1976.22558594, 1680.89672852, 2561.61889648, 913.165893555, 329.908294678, 656.405700684, 1080.11901855, 1311.49328613, 408.319274902, 357.239379883, 463.027984619, 146.008865356, 171.128005981, 92.2024765015, 63.7746582031, 49.9049491882, 42.0937004089, 19.3441104889, 4.5518078804, 1.00643444061, 0.0752023458481, 0.000627619097941, 2.41778536747e-07, 3.58507157294e-09]
    },
    "gfcc": {
        "mean": [-14.9748477936, 88.4718399048, -104.776878357, 35.375995636, -57.7968826294, 24.375164032, -32.953830719, 23.3339881897, -25.2077941895, 15.7639484406, -0.64450019598, -7.10307216644, 1.13613295555],
        "cov": [[5234.06640625, -966.419921875, -402.931152344, 300.110992432, -258.984161377, 223.61428833, -91.1621780396, 107.17754364, -111.889450073, -44.8032188416, -440.608154297, 139.506027222, -286.570220947], [-966.419921875, 1483.39074707, 191.825363159, -100.947044373, 427.21496582, 51.3175048828, 429.836975098, 34.0665168762, 176.361495972, 55.3169631958, 118.653129578, -272.759918213, 115.905281067], [-402.931152344, 191.825363159, 1490.09777832, 553.803161621, 424.487670898, 353.388122559, 160.317199707, 101.507537842, 144.398757935, 27.8286743164, 38.4544334412, 122.351669312, -188.965744019], [300.110992432, -100.947044373, 553.803161621, 997.918518066, 350.904937744, 221.819412231, 120.831863403, 88.3871154785, 207.737472534, -129.650238037, 93.2699356079, 177.888763428, -152.3644104], [-258.984161377, 427.21496582, 424.487670898, 350.904937744, 615.170471191, 249.313400269, 265.404449463, 192.578094482, 148.931289673, 21.1422748566, 64.4871063232, -10.496884346, -29.0428848267], [223.61428833, 51.3175048828, 353.388122559, 221.819412231, 249.313400269, 527.562683105, 269.230895996, 71.6984176636, 87.3978118896, 57.8088722229, 23.6695766449, -23.4482822418, -26.0426654816], [-91.1621780396, 429.836975098, 160.317199707, 120.831863403, 265.404449463, 269.230895996, 449.16229248, 107.883499146, 81.9520874023, 63.0965499878, 45.2530555725, -82.0242080688, 2.13107061386], [107.17754364, 34.0665168762, 101.507537842, 88.3871154785, 192.578094482, 71.6984176636, 107.883499146, 273.862335205, 67.6918029785, 16.3505573273, 37.2880477905, -0.577593684196, -18.8534011841], [-111.889450073, 176.361495972, 144.398757935, 207.737472534, 148.931289673, 87.3978118896, 81.9520874023, 67.6918029785, 244.984176636, 10.7186574936, -2.07423567772, 12.0901842117, -34.0347709656], [-44.8032188416, 55.3169631958, 27.8286743164, -129.650238037, 21.1422748566, 57.8088722229, 63.0965499878, 16.3505573273, 10.7186574936, 169.111465454, 2.22682023048, -33.6411056519, 46.3771820068], [-440.608154297, 118.653129578, 38.4544334412, 93.2699356079, 64.4871063232, 23.6695766449, 45.2530555725, 37.2880477905, -2.07423567772, 2.22682023048, 242.134933472, 24.4967632294, 37.2990226746], [139.506027222, -272.759918213, 122.351669312, 177.888763428, -10.496884346, -23.4482822418, -82.0242080688, -0.577593684196, 12.0901842117, -33.6411056519, 24.4967632294, 217.631866455, -65.396522522], [-286.570220947, 115.905281067, -188.965744019, -152.3644104, -29.0428848267, -26.0426654816, 2.13107061386, -18.8534011841, -34.0347709656, 46.3771820068, 37.2990226746, -65.396522522, 223.518737793]],
        "icov": [[0.000378032127628, -0.000226412754273, 0.000327367306454, -0.000480365968542, 0.000403269194067, -0.000519650988281, 0.000312557531288, -0.000582227949053, 0.000648358312901, -0.00041501907981, 0.000878912396729, -0.000304598972434, 0.000440202536993], [-0.000226412754273, 0.00291484221816, -0.00085132435197, 0.00153811345808, -0.0020687431097, 0.00217634811997, -0.00265256431885, 0.00222930195741, -0.0025877840817, 0.00153446011245, -0.00194986606948, 0.00247962959111, -0.000936472322792], [0.000327367306454, -0.00085132435197, 0.00155602372251, -0.00103954027873, 0.000243420465267, -0.00132580311038, 0.00110210338607, -0.000808821350802, 0.00118968205061, -0.00122728571296, 0.00108764064498, -0.00103174243122, 0.00121889438014], [-0.000480365968542, 0.00153811345808, -0.00103954027873, 0.00353260198608, -0.00201946380548, 0.00107575661968, -0.00166075781453, 0.0019000461325, -0.00305806100368, 0.00294771580957, -0.00235464982688, 6.75990595482e-05, -0.00050976924831], [0.000403269194067, -0.0020687431097, 0.000243420465267, -0.00201946380548, 0.0051127076149, -0.00197557173669, 0.000944470695686, -0.00332954386249, 0.00163602747489, -0.00129964621738, 0.00175257539377, -0.00132484571077, 0.000401960482122], [-0.000519650988281, 0.00217634811997, -0.00132580311038, 0.00107575661968, -0.00197557173669, 0.00523899169639, -0.00359002430923, 0.00223385472782, -0.0023318962194, 0.000690712535288, -0.00194273097441, 0.00215869257227, -0.0011485820869], [0.000312557531288, -0.00265256431885, 0.00110210338607, -0.00166075781453, 0.000944470695686, -0.00359002430923, 0.00667761964723, -0.00257271016017, 0.00233875936829, -0.00234657968394, 0.00150599109475, -0.000879596802406, 0.00133397837635], [-0.000582227949053, 0.00222930195741, -0.000808821350802, 0.0019000461325, -0.00332954386249, 0.00223385472782, -0.00257271016017, 0.00709373829886, -0.00313444854692, 0.00138328096364, -0.0028136218898, 0.0017121816054, -0.000634373282082], [0.000648358312901, -0.0025877840817, 0.00118968205061, -0.00305806100368, 0.00163602747489, -0.0023318962194, 0.00233875936829, -0.00313444854692, 0.00851564574987, -0.00288875540718, 0.00334068853408, -0.00196889368817, 0.00151106668636], [-0.00041501907981, 0.00153446011245, -0.00122728571296, 0.00294771580957, -0.00129964621738, 0.000690712535288, -0.00234657968394, 0.00138328096364, -0.00288875540718, 0.00938472803682, -0.0017975269584, 0.000762332754675, -0.00216941442341], [0.000878912396729, -0.00194986606948, 0.00108764064498, -0.00235464982688, 0.00175257539377, -0.00194273097441, 0.00150599109475, -0.0028136218898, 0.00334068853408, -0.0017975269584, 0.00758685078472, -0.00255500082858, 7.01312965248e-05], [-0.000304598972434, 0.00247962959111, -0.00103174243122, 6.75990595482e-05, -0.00132484571077, 0.00215869257227, -0.000879596802406, 0.0017121816054, -0.00196889368817, 0.000762332754675, -0.00255500082858, 0.00886707380414, 0.000292366486974], [0.000440202536993, -0.000936472322792, 0.00121889438014, -0.00050976924831, 0.000401960482122, -0.0011485820869, 0.00133397837635, -0.000634373282082, 0.00151106668636, -0.00216941442341, 7.01312965248e-05, 0.000292366486974, 0.00681308750063]]
    },
    "melbands": {
        "dmean": [0.00286053586751, 0.00264992984012, 0.000600066501647, 0.000536649138667, 0.000390543194953, 0.000291330274194, 0.000129208012368, 0.000204619267606, 0.000278246850939, 0.000188019272173, 7.74751388235e-05, 7.61992123444e-05, 5.23735434399e-05, 4.24343088525e-05, 4.17066221416e-05, 3.57259741577e-05, 3.51449998561e-05, 3.50213085767e-05, 2.18915865844e-05, 1.3069612578e-05, 1.17095241876e-05, 1.39563017001e-05, 1.31563974719e-05, 1.84318632819e-05, 1.33274106702e-05, 8.93399737834e-06, 6.7159212449e-06, 6.87894544171e-06, 6.93320589562e-06, 4.62219168185e-06, 2.88234582513e-06, 3.30151215167e-06, 3.04551531372e-06, 1.92891570805e-06, 1.92507718566e-06, 2.17018464355e-06, 1.96344717551e-06, 1.94729454961e-06, 1.89896957181e-06, 1.43905049299e-06],
        "dmean2": [0.0043513989076, 0.00416132900864, 0.000977469491772, 0.000884549925104, 0.000632589042652, 0.000472481391625, 0.000206181313843, 0.00032628927147, 0.000459366856376, 0.000299601000734, 0.000120477860037, 0.000109869455628, 7.64984652051e-05, 6.54613613733e-05, 6.64255567244e-05, 5.77881692152e-05, 5.63653957215e-05, 5.43457172171e-05, 3.35970180458e-05, 2.01349812414e-05, 1.97624485736e-05, 2.45478622674e-05, 2.20497004193e-05, 3.05474932247e-05, 2.14026258618e-05, 1.45811254697e-05, 1.1174987776e-05, 1.04998071038e-05, 1.01797377283e-05, 7.03975319993e-06, 4.5131691877e-06, 5.38380845683e-06, 4.81092547489e-06, 2.98124200526e-06, 2.88493492917e-06, 3.21798643199e-06, 3.00714918922e-06, 3.00915780826e-06, 2.91204673886e-06, 2.14587043956e-06],
        "dvar": [2.69756837952e-05, 2.60979413724e-05, 3.13701207233e-06, 2.70565328719e-06, 6.89427452016e-07, 3.65870533869e-07, 8.40040286221e-08, 1.82028955464e-07, 4.10422217101e-07, 1.99464807338e-07, 2.83304419924e-08, 3.28619123025e-08, 1.50503698393e-08, 1.00200390207e-08, 8.7327549636e-09, 7.2946626517e-09, 4.58249482804e-09, 4.521777619e-09, 1.42058098618e-09, 7.19157344786e-10, 6.11589889843e-10, 1.18898801915e-09, 7.87419685011e-10, 1.54795487539e-09, 7.94553700612e-10, 3.57468749046e-10, 1.95229069022e-10, 1.22976365202e-10, 1.15390370869e-10, 8.06870126269e-11, 3.951017985e-11, 6.19079995601e-11, 5.3107185316e-11, 1.90941932404e-11, 1.44351596648e-11, 1.68592362293e-11, 1.70789857951e-11, 1.50592333742e-11, 2.06570455186e-11, 1.11146439274e-11],
        "dvar2": [5.59345789952e-05, 5.71181371924e-05, 7.87501630839e-06, 6.71639736538e-06, 1.80124914095e-06, 8.71610552622e-07, 1.79486931984e-07, 4.07557905646e-07, 1.10605219561e-06, 4.85043699427e-07, 5.91363473745e-08, 5.89467425982e-08, 3.02107245886e-08, 2.46011175875e-08, 2.30061782958e-08, 1.8387853018e-08, 1.11974243211e-08, 1.00575689999e-08, 3.24351323577e-09, 1.61068391957e-09, 1.6009500392e-09, 3.32985838902e-09, 2.10872941331e-09, 4.0037315685e-09, 2.13064454968e-09, 9.57399270973e-10, 5.22115572998e-10, 2.90877044673e-10, 2.23675591937e-10, 1.80515977166e-10, 9.86740411602e-11, 1.49501688806e-10, 1.25161297992e-10, 3.9526076856e-11, 3.0628822395e-11, 3.72024806794e-11, 4.09527481371e-11, 3.40299871615e-11, 4.84701445647e-11, 2.48919686946e-11],
        "max": [0.0432649180293, 0.0419366471469, 0.0212569087744, 0.0233543720096, 0.0122403204441, 0.00813747569919, 0.00474933115765, 0.00501490710303, 0.00876054819673, 0.00573958922178, 0.00262435246259, 0.00323310075328, 0.00207149144262, 0.00180776440538, 0.00114005210344, 0.00118606665637, 0.000725606281776, 0.0007613733178, 0.000417976436438, 0.00043609063141, 0.000230857316637, 0.000304542452795, 0.000269305455731, 0.000374134629965, 0.000229377619689, 0.000216980115511, 0.000172278116224, 0.000131706779939, 0.000133492590976, 0.000133389141411, 6.45075269858e-05, 9.55081050051e-05, 7.97098400653e-05, 3.25479995809e-05, 2.55317918345e-05, 3.73779075744e-05, 4.22578013968e-05, 3.94588932977e-05, 7.14215348125e-05, 2.70523651125e-05],
        "mean": [0.00560810230672, 0.00525162462145, 0.000599499209784, 0.000536862236913, 0.000567026028875, 0.000423587887781, 0.00017534957442, 0.000285380956484, 0.000365274725482, 0.000251432211371, 0.000103136619146, 0.00012183679064, 7.78621179052e-05, 5.50755139557e-05, 5.30811412318e-05, 4.25398538937e-05, 4.37136768596e-05, 4.58572103526e-05, 2.74270478258e-05, 1.65913334058e-05, 1.07161849883e-05, 1.13854584924e-05, 1.30136104417e-05, 2.06439726753e-05, 1.61356474564e-05, 9.9703156593e-06, 7.45348279452e-06, 9.71776808001e-06, 1.05993531179e-05, 5.67656934436e-06, 2.79248115476e-06, 2.87757802653e-06, 2.71591534329e-06, 1.96943278752e-06, 2.21150639845e-06, 2.78339280158e-06, 2.3577263164e-06, 2.51091455539e-06, 2.23513961828e-06, 1.7300167201e-06],
        "median": [0.00420585367829, 0.00288535840809, 0.000102552759927, 5.5237676861e-05, 0.000205600779736, 0.000101872057712, 3.52471033693e-05, 5.95737255935e-05, 9.73167625489e-05, 4.20027281507e-05, 2.76062346529e-05, 2.304075133e-05, 1.51662388816e-05, 1.39206358654e-05, 1.78999416676e-05, 1.42687204061e-05, 1.23978024931e-05, 1.26193390315e-05, 8.08913318906e-06, 3.46554429598e-06, 1.99791998057e-06, 2.2464828362e-06, 2.65617040895e-06, 3.31533237841e-06, 4.01560191676e-06, 3.13077202918e-06, 2.91967285193e-06, 4.39325140178e-06, 4.20813603341e-06, 1.50568746449e-06, 4.13159341406e-07, 2.11722309018e-07, 1.88330744777e-07, 1.71643421254e-07, 2.46586580488e-07, 3.02628450299e-07, 4.85735483835e-07, 6.86262637828e-07, 6.32339094864e-07, 3.8249180534e-07],
        "min": [4.72684824615e-09, 1.13640901134e-08, 3.72740522891e-08, 1.41732414249e-07, 4.40685056446e-07, 8.42476595153e-08, 4.45373643743e-07, 1.34683247666e-07, 3.45548841096e-07, 8.38544735871e-08, 4.635084494e-08, 7.75635982109e-08, 2.90454416074e-08, 2.97963076434e-08, 3.24773985483e-08, 4.11063254546e-08, 3.68188466382e-08, 3.29365583696e-08, 1.89421847097e-08, 5.17603648831e-09, 1.75686176718e-09, 2.52427634351e-09, 1.90736049177e-09, 2.74914868648e-09, 5.03487784798e-09, 1.63941948905e-09, 4.37270930576e-09, 2.57485677224e-09, 2.66387778503e-09, 2.91040386236e-10, 2.7799593183e-10, 1.3751567593e-11, 8.56040986794e-13, 1.47359676544e-11, 1.46847065757e-11, 2.88691865552e-11, 1.52624735766e-11, 1.61162853896e-11, 4.60715354755e-11, 1.00820907178e-10],
