{
"highlevel": {
    "danceability": {
        "all": {
            "danceable": 0.122529700398,
            "not_danceable": 0.877470314503
        },
        "probability": 0.877470314503,
        "value": "not_danceable"
    },
    "gender": {
        "all": {
            "female": 0.153007432818,
            "male": 0.84699255228
        },
        "probability": 0.84699255228,
        "value": "male"
    },
    "genre_dortmund": {
        "all": {
            "alternative": 0.0751113444567,
            "blues": 0.46052646637,
            "electronic": 0.00694020465016,
            "folkcountry": 0.112590931356,
            "funksoulrnb": 0.00370684685186,
            "jazz": 0.0465902537107,
            "pop": 0.0176544692367,
            "raphiphop": 0.00111731188372,
            "rock": 0.275762170553
        },
        "probability": 0.46052646637,
        "value": "blues"
    },
    "genre_electronic": {
        "all": {
            "ambient": 0.476700127125,
            "dnb": 0.380143642426,
            "house": 0.0694069564342,
            "techno": 0.0196089539677,
            "trance": 0.0541403256357
        },
        "probability": 0.476700127125,
        "value": "ambient"
    },
    "genre_rosamerica": {
        "all": {
            "cla": 0.170209795237,
            "dan": 0.0350844450295,
            "hip": 0.0769563913345,
            "jaz": 0.123327925801,
            "pop": 0.0736881420016,
            "rhy": 0.0931462645531,
            "roc": 0.397792607546,
            "spe": 0.0297944303602
        },
        "probability": 0.397792607546,
        "value": "roc"
    },
    "genre_tzanetakis": {
        "all": {
            "blu": 0.0549161247909,
            "cla": 0.0304910223931,
            "cou": 0.0914882570505,
            "dis": 0.0552077032626,
            "hip": 0.27475476265,
            "jaz": 0.275140851736,
            "met": 0.0392635688186,
            "pop": 0.0549622178078,
            "reg": 0.0688151866198,
            "roc": 0.0549603179097
        },
        "probability": 0.275140851736,
        "value": "jaz"
    },
    "ismir04_rhythm": {
        "all": {
            "ChaChaCha": 0.0834940224886,
            "Jive": 0.137410327792,
            "Quickstep": 0.0576000697911,
            "Rumba-American": 0.00749648176134,
            "Rumba-International": 0.00537818856537,
            "Rumba-Misc": 0.00359511421993,
            "Samba": 0.0107726939023,
            "Tango": 0.409951865673,
            "VienneseWaltz": 0.276961416006,
            "Waltz": 0.00733984354883
        },
        "probability": 0.409951865673,
        "value": "Tango"
    },
    "mood_acoustic": {
        "all": {
            "acoustic": 0.0155814401805,
            "not_acoustic": 0.984418570995
        },
        "probability": 0.984418570995,
        "value": "not_acoustic"
    },
    "mood_aggressive": {
        "all": {
            "aggressive": 0.662775576115,
            "not_aggressive": 0.337224453688
        },
        "probability": 0.662775576115,
        "value": "aggressive"
    },
    "mood_electronic": {
        "all": {
            "electronic": 0.109123878181,
            "not_electronic": 0.890876114368
        },
        "probability": 0.890876114368,
        "value": "not_electronic"
    },
    "mood_happy": {
        "all": {
            "happy": 0.717203259468,
            "not_happy": 0.282796770334
        },
        "probability": 0.717203259468,
        "value": "happy"
    },
    "mood_party": {
        "all": {
            "not_party": 0.417380094528,
            "party": 0.582619905472
        },
        "probability": 0.582619905472,
        "value": "party"
    },
    "mood_relaxed": {
        "all": {
            "not_relaxed": 0.985921502113,
            "relaxed": 0.0140785174444
        },
        "probability": 0.985921502113,
        "value": "not_relaxed"
    },
    "mood_sad": {
        "all": {
            "not_sad": 0.885406911373,
            "sad": 0.114593118429
        },
        "probability": 0.885406911373,
        "value": "not_sad"
    },
    "moods_mirex": {
        "all": {
            "Cluster1": 0.408542156219,
            "Cluster2": 0.153069809079,
            "Cluster3": 0.228051945567,
            "Cluster4": 0.0908875390887,
            "Cluster5": 0.119448564947
        },
        "probability": 0.408542156219,
        "value": "Cluster1"
    },
    "timbre": {
        "all": {
            "bright": 0.971169054508,
            "dark": 0.028830954805
        },
        "probability": 0.971169054508,
        "value": "bright"
    },
    "tonal_atonal": {
        "all": {
            "atonal": 0.330225139856,
            "tonal": 0.669774830341
        },
        "probability": 0.669774830341,
        "value": "tonal"
    },
    "voice_instrumental": {
        "all": {
            "instrumental": 0.203392103314,
            "voice": 0.796607911587
        },
        "probability": 0.796607911587,
        "value": "voice"
    }
},
"lowlevel": {
    "average_loudness": 0.977670967579,
    "barkbands_crest": {
        "dmean": 2.04614305496,
        "dmean2": 3.1751844883,
        "dvar": 3.67551827431,
        "dvar2": 8.42974948883,
        "max": 20.6468544006,
        "mean": 8.16015052795,
        "median": 7.2595705986,
        "min": 2.70246887207,
        "var": 13.2758979797
    },
    "barkbands_flatness_db": {
        "dmean": 0.0196406599134,
        "dmean2": 0.0293378047645,
        "dvar": 0.000316293124342,
        "dvar2": 0.000656711228658,
        "max": 0.34021705389,
        "mean": 0.159578412771,
        "median": 0.156072199345,
        "min": 0.0754749327898,
        "var": 0.00127630948555
    },
    "barkbands_kurtosis": {
        "dmean": 1.60726046562,
        "dmean2": 2.51099872589,
        "dvar": 20.7293872833,
        "dvar2": 55.2443237305,
        "max": 98.2189712524,
        "mean": 0.991980910301,
        "median": -0.904234409332,
        "min": -1.79016387463,
        "var": 43.9591712952
    },
    "barkbands_skewness": {
        "dmean": 0.479851514101,
        "dmean2": 0.710628509521,
        "dvar": 0.262485593557,
        "dvar2": 0.567256033421,
        "max": 7.93296527863,
        "mean": 0.771244227886,
        "median": 0.467836976051,
        "min": -1.48406052589,
        "var": 1.46832954884
    },
    "barkbands_spread": {
        "dmean": 5.10509061813,
        "dmean2": 7.87870645523,
        "dvar": 20.2551422119,
        "dvar2": 45.194568634,
        "max": 58.5951118469,
        "mean": 31.4419898987,
        "median": 31.45470047,
        "min": 1.35296881199,
        "var": 126.57673645
    },
    "dissonance": {
        "dmean": 0.00909723062068,
        "dmean2": 0.0153582151979,
        "dvar": 7.99484114395e-05,
        "dvar2": 0.000222363421926,
        "max": 0.499551534653,
        "mean": 0.484368592501,
        "median": 0.48692458868,
        "min": 0.404728651047,
        "var": 0.000133046167321
    },
    "dynamic_complexity": 1.87992835045,
    "erbbands_crest": {
        "dmean": 2.02688765526,
        "dmean2": 3.35379481316,
        "dvar": 3.8381152153,
        "dvar2": 9.71725463867,
        "max": 24.5034198761,
        "mean": 8.03905773163,
        "median": 7.36306333542,
        "min": 2.82188677788,
        "var": 9.69121646881
    },
    "erbbands_flatness_db": {
        "dmean": 0.0169247128069,
        "dmean2": 0.0253807492554,
        "dvar": 0.000269408337772,
        "dvar2": 0.000580464722589,
        "max": 0.306293070316,
        "mean": 0.200020253658,
        "median": 0.202392891049,
        "min": 0.0841699317098,
        "var": 0.0012869843049
    },
    "erbbands_kurtosis": {
        "dmean": 0.786129534245,
        "dmean2": 1.19130337238,
        "dvar": 0.589363396168,
        "dvar2": 1.4444476366,
        "max": 7.54328918457,
        "mean": 0.884223818779,
        "median": 0.465137004852,
        "min": -1.80745148659,
        "var": 3.01925730705
    },
    "erbbands_skewness": {
        "dmean": 0.283418178558,
        "dmean2": 0.437338024378,
        "dvar": 0.0619153752923,
        "dvar2": 0.14409942925,
        "max": 1.59879827499,
        "mean": -0.76984423399,
        "median": -0.753896713257,
        "min": -2.30883002281,
        "var": 0.31288343668
    },
    "erbbands_spread": {
        "dmean": 5.76652145386,
        "dmean2": 8.71126747131,
        "dvar": 40.709777832,
        "dvar2": 87.4145584106,
        "max": 109.540313721,
        "mean": 30.0283679962,
        "median": 26.973651886,
        "min": 10.0902585983,
        "var": 182.367126465
    },
    "hfc": {
        "dmean": 5.88631343842,
        "dmean2": 8.30250072479,
        "dvar": 73.1936645508,
        "dvar2": 151.063110352,
        "max": 123.307235718,
        "mean": 21.0672264099,
        "median": 17.1611404419,
        "min": 0.746845722198,
        "var": 246.618408203
    },
    "melbands_crest": {
        "dmean": 3.14483904839,
        "dmean2": 5.07958221436,
        "dvar": 7.09878873825,
        "dvar2": 20.1730499268,
        "max": 30.1767044067,
        "mean": 13.5656852722,
        "median": 13.1499071121,
        "min": 3.87895178795,
        "var": 22.7240791321
    },
    "melbands_flatness_db": {
        "dmean": 0.0252399854362,
        "dmean2": 0.0371314585209,
        "dvar": 0.000573437428102,
        "dvar2": 0.00111868605018,
        "max": 0.430533587933,
        "mean": 0.191771015525,
        "median": 0.18277451396,
        "min": 0.0760910436511,
        "var": 0.00311730359681
    },
    "melbands_kurtosis": {
        "dmean": 4.95160293579,
        "dmean2": 7.51717710495,
        "dvar": 138.963607788,
        "dvar2": 342.996887207,
        "max": 207.60093689,
        "mean": 7.92072534561,
        "median": 1.67254304886,
        "min": -1.64883887768,
        "var": 385.864593506
    },
    "melbands_skewness": {
        "dmean": 0.665720105171,
        "dmean2": 0.997640013695,
        "dvar": 0.547254264355,
        "dvar2": 1.16618001461,
        "max": 11.8203468323,
        "mean": 2.120251894,
        "median": 1.62730765343,
        "min": -0.365094840527,
        "var": 2.92255735397
    },
    "melbands_spread": {
        "dmean": 9.31994342804,
        "dmean2": 13.9852523804,
        "dvar": 74.4054870605,
        "dvar2": 160.460037231,
        "max": 105.904838562,
        "mean": 40.9384498596,
        "median": 39.1546287537,
        "min": 0.869367718697,
        "var": 485.033782959
    },
    "pitch_salience": {
        "dmean": 0.0699950233102,
        "dmean2": 0.113351278007,
        "dvar": 0.00360055756755,
        "dvar2": 0.00897798035294,
        "max": 0.803028047085,
        "mean": 0.527058720589,
        "median": 0.524267911911,
        "min": 0.220788821578,
        "var": 0.00950224045664
    },
    "silence_rate_20dB": {
        "dmean": 0,
        "dmean2": 0,
        "dvar": 0,
        "dvar2": 0,
        "max": 1,
        "mean": 1,
        "median": 1,
        "min": 1,
        "var": 0
    },
    "silence_rate_30dB": {
        "dmean": 0,
        "dmean2": 0,
        "dvar": 0,
        "dvar2": 0,
        "max": 1,
        "mean": 1,
        "median": 1,
        "min": 1,
        "var": 0
    },
    "silence_rate_60dB": {
        "dmean": 0,
        "dmean2": 0,
        "dvar": 0,
        "dvar2": 0,
        "max": 0,
        "mean": 0,
        "median": 0,
        "min": 0,
        "var": 0
    },
    "spectral_centroid": {
        "dmean": 231.603988647,
        "dmean2": 344.194335938,
        "dvar": 45845.0859375,
        "dvar2": 85482.40625,
        "max": 3251.69897461,
        "mean": 2021.19140625,
        "median": 2050.87036133,
        "min": 284.52822876,
        "var": 358223.15625
    },
    "spectral_complexity": {
        "dmean": 4.63080501556,
        "dmean2": 6.51665353775,
        "dvar": 19.2531318665,
        "dvar2": 32.3040008545,
        "max": 50,
        "mean": 23.9992275238,
        "median": 24,
        "min": 1,
        "var": 92.0302200317
    },
    "spectral_decrease": {
        "dmean": 1.25036858645e-09,
        "dmean2": 1.86587501005e-09,
        "dvar": 1.6069767007e-18,
        "dvar2": 3.70710959042e-18,
        "max": -4.76821360174e-10,
        "mean": -4.69989025476e-09,
        "median": -4.41100267423e-09,
        "min": -1.2744441058e-08,
        "var": 4.44608793426e-18
    },
    "spectral_energy": {
        "dmean": 0.00511230621487,
        "dmean2": 0.00757980067283,
        "dvar": 2.80975255009e-05,
        "dvar2": 6.27939371043e-05,
        "max": 0.05757015571,
        "mean": 0.0196493081748,
        "median": 0.0183076802641,
        "min": 0.00186737440526,
        "var": 8.05093077361e-05
    },
    "spectral_energyband_high": {
        "dmean": 0.000166289144545,
        "dmean2": 0.000251937628491,
        "dvar": 7.6559132367e-08,
        "dvar2": 1.7006701114e-07,
        "max": 0.00504462234676,
        "mean": 0.000493864004966,
        "median": 0.0002256706357,
        "min": 4.1679440983e-06,
        "var": 3.88477644719e-07
    },
    "spectral_energyband_low": {
        "dmean": 0.00303842592984,
        "dmean2": 0.00491376640275,
        "dvar": 1.03917373053e-05,
        "dvar2": 2.99155326502e-05,
        "max": 0.0353154838085,
        "mean": 0.00719480356202,
        "median": 0.0060496982187,
        "min": 0.000275997357676,
        "var": 2.59427251876e-05
    },
    "spectral_energyband_middle_high": {
        "dmean": 0.00252385507338,
        "dmean2": 0.00352853955701,
        "dvar": 1.1351199646e-05,
        "dvar2": 2.23060014832e-05,
        "max": 0.0428027957678,
        "mean": 0.00774625316262,
        "median": 0.00674961553887,
        "min": 8.42245281092e-05,
        "var": 3.32659583364e-05
    },
    "spectral_energyband_middle_low": {
        "dmean": 0.00212909886613,
        "dmean2": 0.00327535532415,
        "dvar": 6.15645876678e-06,
        "dvar2": 1.47023065438e-05,
        "max": 0.0258581340313,
        "mean": 0.00524567486718,
        "median": 0.00416893791407,
        "min": 0.000390609231545,
        "var": 1.43183906403e-05
    },
    "spectral_entropy": {
        "dmean": 0.117480024695,
        "dmean2": 0.170340806246,
        "dvar": 0.0122696533799,
        "dvar2": 0.0258381124586,
        "max": 8.09943675995,
        "mean": 7.44760990143,
        "median": 7.48283338547,
        "min": 6.55555057526,
        "var": 0.0533341690898
    },
    "spectral_flux": {
        "dmean": 0.017100604251,
        "dmean2": 0.025634277612,
        "dvar": 0.000299510109471,
        "dvar2": 0.000644589890726,
        "max": 0.210166588426,
        "mean": 0.0688149034977,
        "median": 0.0650468543172,
        "min": 0.0169328190386,
        "var": 0.000729264924303
    },
    "spectral_kurtosis": {
        "dmean": 2.52833271027,
        "dmean2": 4.4436044693,
        "dvar": 5.81997919083,
        "dvar2": 17.710144043,
        "max": 21.7914276123,
        "mean": 5.32788133621,
        "median": 4.84220409393,
        "min": 0.403319120407,
        "var": 8.16287612915
    },
    "spectral_rms": {
        "dmean": 0.000579234154429,
        "dmean2": 0.000850570271723,
        "dvar": 3.23080314502e-07,
        "dvar2": 7.26518749161e-07,
        "max": 0.00749439839274,
        "mean": 0.00426203943789,
        "median": 0.00422624545172,
        "min": 0.00134975137189,
        "var": 1.00509612366e-06
    },
    "spectral_rolloff": {
        "dmean": 410.613586426,
        "dmean2": 672.582946777,
        "dvar": 211819.609375,
        "dvar2": 435367.21875,
        "max": 4112.84179688,
        "mean": 2126.45654297,
        "median": 2304.05273438,
        "min": 107.666015625,
        "var": 1032268.3125
    },
    "spectral_skewness": {
        "dmean": 0.315823972225,
        "dmean2": 0.520888924599,
        "dvar": 0.0713411420584,
        "dvar2": 0.200400158763,
        "max": 2.6955883503,
        "mean": 1.16194951534,
        "median": 1.11628520489,
        "min": 0.0921422243118,
        "var": 0.207247331738
    },
    "spectral_spread": {
        "dmean": 323049.625,
        "dmean2": 526090,
        "dvar": 191177785344,
        "dvar2": 486017368064,
        "max": 8258320,
        "mean": 2755272.5,
        "median": 2624793.75,
        "min": 1576037.25,
        "var": 387767631872
    },
    "spectral_strongpeak": {
        "dmean": 0.743676364422,
        "dmean2": 1.31317687035,
        "dvar": 2.81498980522,
        "dvar2": 7.55248689651,
        "max": 14.9736852646,
        "mean": 0.953353106976,
        "median": 0.29587289691,
        "min": 0.0401491783559,
        "var": 3.218105793
    },
    "zerocrossingrate": {
        "dmean": 0.00727282091975,
        "dmean2": 0.00880494806916,
        "dvar": 4.22598131991e-05,
        "dvar2": 5.27425036125e-05,
        "max": 0.119140625,
        "mean": 0.0639818385243,
        "median": 0.06396484375,
        "min": 0.009765625,
        "var": 0.000489283003844
    },
    "barkbands": {
        "dmean": [9.08234233066e-06, 0.00172456575092, 0.00153138372116, 0.00104432203807, 0.000846090959385, 0.000406014849432, 0.000225642914302, 0.000307869893732, 0.000258587911958, 0.000248682859819, 0.000314685690682, 0.00053228874458, 0.00050983246183, 0.000246982701356, 0.000362258171663, 0.000386663887184, 0.000453282293165, 0.000649402965792, 0.000313682394335, 0.000211800797842, 6.27672634437e-05, 2.11052047234e-05, 1.33545945573e-05, 1.1302963685e-05, 1.0096454389e-05, 1.67979987964e-06, 2.13945949845e-09],
        "dmean2": [1.52727498062e-05, 0.00278291385621, 0.00252826884389, 0.00168847478926, 0.00135128456168, 0.00066017039353, 0.000372434849851, 0.000475773646031, 0.000411573040765, 0.000375735166017, 0.000506990822032, 0.000790288264398, 0.000786657561548, 0.000389634078601, 0.000580892839935, 0.000608599395491, 0.000708168372512, 0.00102889118716, 0.000483590265503, 0.000332825904479, 9.91920896922e-05, 3.26375666191e-05, 2.02304254344e-05, 1.76727808139e-05, 1.61622810992e-05, 2.90020784632e-06, 2.77751466271e-09],
        "dvar": [3.40327405146e-10, 4.47824459116e-06, 3.20762092088e-06, 1.53205405695e-06, 1.22834046579e-06, 1.00086924704e-06, 2.18520028739e-07, 4.81114454942e-07, 6.12672238276e-07, 3.19942841998e-07, 2.18470447066e-07, 7.10016706762e-07, 5.81588665227e-07, 1.3520838138e-07, 2.41315603944e-07, 2.86522919168e-07, 4.30965997111e-07, 1.91743674804e-06, 5.13614281772e-07, 1.02736265717e-07, 1.30508324148e-08, 2.05344630189e-09, 4.89452867125e-10, 8.92674656416e-10, 7.16857517791e-10, 2.94325536165e-11, 2.02358203978e-15],
        "dvar2": [8.43285830054e-10, 1.27356779558e-05, 9.22020535654e-06, 3.9195424506e-06, 3.16317368743e-06, 2.4463677164e-06, 5.63234834772e-07, 1.11315875984e-06, 1.5843975234e-06, 6.69997916702e-07, 5.09930202952e-07, 1.58201441991e-06, 1.32660443342e-06, 3.19479568134e-07, 5.91500622704e-07, 6.52369180898e-07, 1.00288525573e-06, 4.47607499154e-06, 1.25579276755e-06, 2.52871586781e-07, 3.0445047372e-08, 3.89316889837e-09, 1.0910758963e-09, 2.4043411706e-09, 1.87713977695e-09, 8.02954855383e-11, 2.02510627557e-15],
        "max": [0.000512059603352, 0.0216046217829, 0.0191595330834, 0.0111128073186, 0.0135328164324, 0.0101350545883, 0.00615017022938, 0.0119288880378, 0.018384097144, 0.010140741244, 0.00534431962296, 0.0140386233106, 0.0100342612714, 0.00468158908188, 0.00518338382244, 0.00727977184579, 0.00827259290963, 0.0190423224121, 0.0123863127083, 0.00406712992117, 0.00174480490386, 0.0010161557002, 0.000256187136983, 0.000471742008813, 0.000386395520763, 6.93479596521e-05, 1.60592571774e-06],
        "mean": [1.18343750728e-05, 0.00348141975701, 0.00271940999664, 0.00177945580799, 0.00134531885851, 0.000479162146803, 0.000350492744474, 0.000735259556677, 0.000461956107756, 0.00048468800378, 0.00047121103853, 0.000848914496601, 0.000889777671546, 0.000404075020924, 0.00062484969385, 0.000720955082215, 0.00111192010809, 0.00124519539531, 0.000660736637656, 0.000558278814424, 0.000160504860105, 4.97242253914e-05, 2.64652117039e-05, 1.48965100379e-05, 1.13496016638e-05, 1.47332605138e-06, 2.00596383948e-09],
        "median": [4.41825204689e-06, 0.00238380185328, 0.00188472936861, 0.00112267688382, 0.000959236640483, 0.000199508707738, 0.000168610029505, 0.000105210740003, 0.000138847230119, 0.000162044525496, 0.000251411343925, 0.000380714191124, 0.000479760521557, 0.000241107249167, 0.000441404205048, 0.000478652189486, 0.000560078944545, 0.000772186554968, 0.000381368939998, 0.00024685219978, 5.13201375725e-05, 1.78722530109e-05, 1.12764637379e-05, 6.1287923927e-06, 3.60414560419e-06, 1.45734787793e-07, 2.67316724312e-10],
        "min": [8.65007709905e-09, 3.10710947815e-06, 6.34082152828e-06, 3.94095468437e-06, 2.58737709373e-05, 2.36272330767e-06, 1.69321720023e-06, 1.21613447845e-06, 2.78418087873e-06, 1.18312357245e-06, 3.36766538567e-06, 3.06911761072e-06, 4.24437803304e-06, 2.52888162322e-06, 5.67308325117e-06, 5.68015457247e-06, 4.15346630689e-06, 6.32987394056e-06, 7.19067611499e-06, 3.08038011099e-06, 8.38174472051e-08, 3.52179529983e-09, 6.49643838724e-10, 1.33887857398e-11, 3.15346776469e-11, 2.40008395103e-11, 2.9831997983e-11],
        "var": [8.60275961578e-10, 1.2632637663e-05, 7.45457145968e-06, 3.31556952915e-06, 1.71216436229e-06, 9.25440417632e-07, 2.71931071438e-07, 2.21272944145e-06, 1.10833047984e-06, 1.05801814243e-06, 3.7883683035e-07, 1.74665967734e-06, 1.37955873925e-06, 2.28133544056e-07, 4.09293221537e-07, 6.59338866171e-07, 1.83954614386e-06, 2.96696907753e-06, 1.07512164504e-06, 4.93418042424e-07, 6.12138606471e-08, 7.075720454e-09, 1.33888744536e-09, 7.97454602353e-10, 6.30782981403e-10, 2.3108398875e-11, 2.02297217606e-15]
    },
    "erbbands": {
        "dmean": [0.0219928678125, 0.481105417013, 1.6714630127, 2.57633137703, 2.91136002541, 3.00399017334, 2.14544868469, 4.23363399506, 2.67800450325, 3.92903661728, 8.60417461395, 6.06190061569, 4.33282136917, 9.78584289551, 14.6125221252, 22.8863391876, 23.3028259277, 13.3470497131, 17.6762180328, 15.9407625198, 23.1797275543, 24.2324123383, 28.1487159729, 28.8396205902, 12.7173166275, 11.1690855026, 4.04262495041, 1.456122756, 0.873973429203, 0.520342230797, 0.360460191965, 0.255203306675, 0.188484564424, 0.12926274538, 0.064143486321, 0.0134944040328, 0.0023542966228, 0.00017178482085, 6.26017526884e-06, 6.34329717286e-06],
        "dmean2": [0.0349293127656, 0.778593719006, 2.76278162003, 4.14414644241, 4.64807224274, 4.88432407379, 3.39453363419, 6.97512674332, 4.30644607544, 6.56416940689, 13.3772630692, 9.63446426392, 6.71796274185, 15.0388250351, 22.7638511658, 33.6231231689, 35.3965950012, 20.2888507843, 27.9762439728, 25.0949115753, 37.2254562378, 37.5276451111, 44.8306846619, 46.2238807678, 19.4422149658, 17.746723175, 6.25376605988, 2.31916260719, 1.34470617771, 0.802892446518, 0.554959177971, 0.408188521862, 0.299176812172, 0.203810617328, 0.105673767626, 0.022737910971, 0.00419555138797, 0.000310224597342, 9.85594942904e-06, 9.38990251598e-06],
        "dvar": [0.00087586423615, 0.340730458498, 4.05249595642, 8.08360767365, 14.4042806625, 16.2921600342, 11.0709686279, 138.904418945, 29.9480133057, 65.6436767578, 406.12286377, 282.900115967, 65.4508132935, 388.298187256, 478.208679199, 1409.65527344, 1209.95849609, 482.358123779, 733.574157715, 497.88961792, 986.65045166, 1244.03662109, 3493.95654297, 7087.68359375, 387.210174561, 315.318389893, 43.6424064636, 8.90773868561, 4.03861618042, 0.850286364555, 0.397197961807, 0.661086499691, 0.172651603818, 0.113965839148, 0.0287496931851, 0.00136474496685, 8.45818431117e-05, 6.43139685508e-07, 2.89265000841e-10, 4.93747022434e-11],
        "dvar2": [0.00218452047557, 0.985267758369, 11.9075889587, 21.993970871, 36.2592124939, 41.9802627563, 23.8626441956, 352.071838379, 74.3078308105, 169.217971802, 941.239562988, 730.94152832, 151.167022705, 851.551330566, 1117.04150391, 3003.95800781, 2676.05297852, 1143.71081543, 1813.50195312, 1103.15234375, 2430.16015625, 2820.15112305, 8247.99511719, 17479.8496094, 875.475769043, 785.151062012, 105.959671021, 20.0820026398, 7.0444817543, 1.88330328465, 0.927993476391, 1.84560406208, 0.426558077335, 0.294827133417, 0.0779448971152, 0.0036480599083, 0.0002388858411, 1.84476050435e-06, 7.21759874089e-10, 1.06314311521e-10],
        "max": [0.438145458698, 5.88569259644, 20.7430858612, 29.4776649475, 42.3276672363, 45.4467391968, 47.7670898438, 112.412498474, 60.2478790283, 121.431312561, 314.727294922, 391.641571045, 123.140190125, 344.580505371, 258.081817627, 687.97253418, 443.429840088, 370.104217529, 290.8984375, 418.750244141, 378.796875, 515.759094238, 1043.8182373, 1510.5098877, 443.711517334, 250.333633423, 109.264732361, 48.5955314636, 53.4278450012, 14.7921876907, 8.22296905518, 15.1214227676, 4.57221794128, 5.61349725723, 2.39928770065, 0.475255548954, 0.141535446048, 0.0140453595668, 0.000266727205599, 7.93548460933e-05],
        "mean": [0.0476533770561, 0.973362922668, 3.21835565567, 4.75701093674, 5.04161739349, 4.62064647675, 3.36626839638, 4.41449356079, 4.11371994019, 7.31488513947, 20.2934379578, 12.2630052567, 9.10069274902, 18.2385082245, 23.7868461609, 39.4361000061, 42.1668891907, 24.5860328674, 27.8342151642, 34.1438140869, 46.0021286011, 62.4130477905, 61.0845413208, 53.2930488586, 32.5432357788, 28.5588569641, 11.5766963959, 3.58713960648, 2.04961681366, 1.13256657124, 0.66539901495, 0.333825826645, 0.244951665401, 0.152358591557, 0.0637833178043, 0.0128212329, 0.0019472267013, 0.000133545006975, 1.57947197295e-05, 2.48489577643e-05],
        "median": [0.0277362391353, 0.691317439079, 2.3102581501, 3.5204706192, 3.5738530159, 3.05427718163, 1.92466330528, 1.58791828156, 2.24299168587, 2.60552024841, 3.28301024437, 4.38913059235, 3.92125034332, 8.214594841, 14.2892799377, 18.0552253723, 23.3073883057, 14.6750850677, 16.8624973297, 22.8021564484, 35.4173469543, 32.3445510864, 41.3781051636, 29.9665546417, 18.9972610474, 12.4104890823, 4.27111053467, 1.40514183044, 0.701958596706, 0.427863687277, 0.29382443428, 0.149495482445, 0.0998522639275, 0.0533981472254, 0.0153631651774, 0.00184290844481, 0.000164380951901, 1.47026648847e-05, 1.26614067995e-05, 2.30419336731e-05],
        "min": [0.000193361061974, 0.00620972970501, 0.114955112338, 0.0991175994277, 0.10958776623, 0.142864793539, 0.0834311321378, 0.0809685438871, 0.0573807582259, 0.0609408281744, 0.086000867188, 0.0816576182842, 0.0843272283673, 0.145603969693, 0.150997966528, 0.191275835037, 0.27270513773, 0.321227073669, 0.216355830431, 0.377934247255, 0.291239976883, 0.266278922558, 0.363703846931, 0.431106984615, 0.312782675028, 0.144316971302, 0.03938902542, 0.00621527666226, 0.0014509439934, 0.0017757388996, 0.00149652978871, 0.000404104706831, 0.000432068132795, 0.000164976721862, 2.19102585106e-05, 6.14421060163e-06, 1.97147346626e-06, 4.15106313767e-07, 1.05295168851e-06, 2.13261637327e-06],
        "var": [0.00302555877715, 0.919020056725, 9.05033302307, 17.3711051941, 23.0126991272, 23.8484420776, 21.535326004, 113.944656372, 34.5303001404, 122.977050781, 1685.09265137, 627.948974609, 233.487548828, 1020.44714355, 786.630187988, 3781.8503418, 2990.06884766, 822.79107666, 1007.79553223, 1480.0802002, 1913.25500488, 6206.80859375, 5821.58740234, 8319.875, 1913.18835449, 1364.69030762, 269.297546387, 24.09856987, 13.9483757019, 2.89556002617, 0.863883495331, 0.501076102257, 0.185334920883, 0.103863120079, 0.0236460976303, 0.00119030487258, 5.86859350733e-05, 4.00940308509e-07, 2.64656130344e-10, 1.43538805841e-10]
    },
    "gfcc": {
        "mean": [-20.6651439667, 122.209518433, -162.052825928, 60.2071418762, -33.6788711548, 13.1557502747, -30.1114444733, 8.82664203644, -26.0325012207, -12.5085878372, -3.775629282, -15.1887359619, -6.66501951218],
        "cov": [[1735.98254395, -571.382751465, -249.093200684, -44.8204498291, -228.889144897, 2.6496784687, -179.015182495, 22.5985050201, -102.543632507, 191.824020386, -92.3808441162, 86.453086853, -16.7716636658], [-571.382751465, 571.701660156, -34.442653656, -114.991943359, 111.045448303, -69.0477600098, 155.011138916, -50.6315116882, 55.3588867188, -162.787628174, 83.8400115967, -74.5988845825, 24.4884662628], [-249.093200684, -34.442653656, 617.735229492, -94.7415237427, 50.0284690857, 174.196975708, -139.593292236, 172.366485596, -121.236488342, 56.1488227844, -35.0896911621, 55.7217674255, -27.4696063995], [-44.8204498291, -114.991943359, -94.7415237427, 424.424438477, 23.3946743011, 17.4265575409, 116.915390015, -101.198303223, 161.721466064, -4.05574655533, 0.444956600666, -18.7285881042, 59.9840126038], [-228.889144897, 111.045448303, 50.0284690857, 23.3946743011, 203.288284302, 46.7977752686, 57.0112304688, -8.92870140076, -11.2840499878, -12.7254123688, -8.7372303009, 13.6648874283, 23.8266849518], [2.6496784687, -69.0477600098, 174.196975708, 17.4265575409, 46.7977752686, 199.72227478, -48.0099830627, 38.7525024414, -31.2473182678, 8.10623645782, -5.15106344223, 32.3202285767, 49.6306610107], [-179.015182495, 155.011138916, -139.593292236, 116.915390015, 57.0112304688, -48.0099830627, 213.828704834, -50.1690177917, 86.962387085, -55.3777503967, 21.0025615692, -30.3211040497, 16.5129833221], [22.5985050201, -50.6315116882, 172.366485596, -101.198303223, -8.92870140076, 38.7525024414, -50.1690177917, 159.461013794, -46.875415802, 45.0117073059, -13.0069990158, 14.8491210938, -22.7450447083], [-102.543632507, 55.3588867188, -121.236488342, 161.721466064, -11.2840499878, -31.2473182678, 86.962387085, -46.875415802, 175.508804321, -25.1661071777, 24.1497936249, -32.6559562683, 9.31288814545], [191.824020386, -162.787628174, 56.1488227844, -4.05574655533, -12.7254123688, 8.10623645782, -55.3777503967, 45.0117073059, -25.1661071777, 121.610366821, -31.3174095154, 31.9365921021, -13.6683568954], [-92.3808441162, 83.8400115967, -35.0896911621, 0.444956600666, -8.7372303009, -5.15106344223, 21.0025615692, -13.0069990158, 24.1497936249, -31.3174095154, 80.096572876, -8.77756786346, 10.3220424652], [86.453086853, -74.5988845825, 55.7217674255, -18.7285881042, 13.6648874283, 32.3202285767, -30.3211040497, 14.8491210938, -32.6559562683, 31.9365921021, -8.77756786346, 89.4500808716, 20.0887832642], [-16.7716636658, 24.4884662628, -27.4696063995, 59.9840126038, 23.8266849518, 49.6306610107, 16.5129833221, -22.7450447083, 9.31288814545, -13.6683568954, 10.3220424652, 20.0887832642, 102.992759705]],
        "icov": [[0.00131539208815, -0.000112142210128, 0.00149339088239, -0.000489880505484, 0.00131864473224, -0.00113095203415, 0.000536140811164, -0.000606657529715, 0.00116705300752, -0.00138152320869, 0.00101733068004, -0.00105968140997, 0.000760340655688], [-0.000112142210128, 0.014127580449, -0.00680459709838, 0.011305029504, -0.00642936769873, 0.00751683628187, -0.00747556565329, 0.00662880251184, -0.00895502697676, 0.00859742984176, -0.00683619407937, 0.00842155236751, -0.0102555584162], [0.00149339088239, -0.00680459709838, 0.00857276562601, -0.00689791282639, 0.00362837594002, -0.00699291750789, 0.00545931933448, -0.00701474351808, 0.00688837189227, -0.00470075942576, 0.00443956488743, -0.00602820934728, 0.00775509001687], [-0.000489880505484, 0.011305029504, -0.00689791282639, 0.0145448874682, -0.00515511352569, 0.00549479201436, -0.00796837452799, 0.00874533969909, -0.0117427008227, 0.00497464975342, -0.00448626978323, 0.00778660876676, -0.0106721194461], [0.00131864473224, -0.00642936769873, 0.00362837594002, -0.00515511352569, 0.010634245351, -0.00582514237612, 0.000846761045977, -0.0023058350198, 0.00597843714058, -0.00535542331636, 0.00497516430914, -0.00529843335971, 0.0046989955008], [-0.00113095203415, 0.00751683628187, -0.00699291750789, 0.00549479201436, -0.00582514237612, 0.0138624031097, -0.00260830996558, 0.00327444798313, -0.00564594380558, 0.00653426069766, -0.00468422658741, 0.00478442152962, -0.0103139663115], [0.000536140811164, -0.00747556565329, 0.00545931933448, -0.00796837452799, 0.000846761045977, -0.00260830996558, 0.0129730068147, -0.00552541716024, 0.00355297676288, -0.00194344727788, 0.0034290314652, -0.00464801630005, 0.00570624042302], [-0.000606657529715, 0.00662880251184, -0.00701474351808, 0.00874533969909, -0.0023058350198, 0.00327444798313, -0.00552541716024, 0.0154017591849, -0.00619872380048, 0.00042883088463, -0.00349832698703, 0.00553225260228, -0.0055074878037], [0.00116705300752, -0.00895502697676, 0.00688837189227, -0.0117427008227, 0.00597843714058, -0.00564594380558, 0.00355297676288, -0.00619872380048, 0.0181528758258, -0.00572720868513, 0.00277388631366, -0.00499299308285, 0.00868898350745], [-0.00138152320869, 0.00859742984176, -0.00470075942576, 0.00497464975342, -0.00535542331636, 0.00653426069766, -0.00194344727788, 0.00042883088463, -0.00572720868513, 0.0193597730249, -0.00208503985777, 0.00212722062133, -0.0050425468944], [0.00101733068004, -0.00683619407937, 0.00443956488743, -0.00448626978323, 0.00497516430914, -0.00468422658741, 0.0034290314652, -0.00349832698703, 0.00277388631366, -0.00208503985777, 0.0188535694033, -0.00498873926699, 0.00392797170207], [-0.00105968140997, 0.00842155236751, -0.00602820934728, 0.00778660876676, -0.00529843335971, 0.00478442152962, -0.00464801630005, 0.00553225260228, -0.00499299308285, 0.00212722062133, -0.00498873926699, 0.0204132683575, -0.0101784151047], [0.000760340655688, -0.0102555584162, 0.00775509001687, -0.0106721194461, 0.0046989955008, -0.0103139663115, 0.00570624042302, -0.0055074878037, 0.00868898350745, -0.0050425468944, 0.00392797170207, -0.0101784151047, 0.0224442724138]]
    },
    "melbands": {
        "dmean": [0.000339721533237, 0.000782429822721, 0.000430769170634, 0.000217289998545, 8.0520301708e-05, 8.69330688147e-05, 4.33154018538e-05, 4.24665704486e-05, 7.16443246347e-05, 3.49797446688e-05, 2.25398507609e-05, 4.08119522035e-05, 4.71465064038e-05, 6.09610833635e-05, 5.75373160245e-05, 4.45725054306e-05, 2.45133651333e-05, 2.90496354864e-05, 2.26626034419e-05, 2.43262675212e-05, 2.87138464046e-05, 2.77769413515e-05, 2.25373587455e-05, 3.68218461517e-05, 2.38202246692e-05, 1.1356954019e-05, 8.11249356047e-06, 7.62306717661e-06, 3.55080578629e-06, 1.36360313263e-06, 7.89356818132e-07, 6.07527624652e-07, 3.334664882e-07, 3.08157268591e-07, 2.45082873107e-07, 1.65851517409e-07, 1.63084138194e-07, 1.29657919956e-07, 1.49212795009e-07, 1.00060340458e-07],
        "dmean2": [0.000545016548131, 0.00127816724125, 0.000685322913341, 0.000349141657352, 0.000126313141664, 0.000142575911013, 7.01397948433e-05, 7.083833043e-05, 0.000112020017696, 5.53706850042e-05, 3.4990869608e-05, 6.28821580904e-05, 7.50329418224e-05, 9.1911853815e-05, 8.78739592736e-05, 6.81158417137e-05, 3.87876825698e-05, 4.61764720967e-05, 3.58559773304e-05, 3.81231293431e-05, 4.64514414489e-05, 4.34589601355e-05, 3.57538374374e-05, 5.86151072639e-05, 3.84284248867e-05, 1.72395375557e-05, 1.31272145154e-05, 1.21781858979e-05, 5.53174641027e-06, 2.21047366722e-06, 1.28472095184e-06, 9.5551808954e-07, 5.32164619926e-07, 4.76085148193e-07, 3.84237779372e-07, 2.66436671836e-07, 2.64526647697e-07, 2.10110016496e-07, 2.38391706375e-07, 1.61258938647e-07],
        "dvar": [1.83434949008e-07, 8.07414210158e-07, 2.20166043619e-07, 8.530417972e-08, 1.16680203277e-08, 5.49804006766e-08, 7.84428788592e-09, 6.21053786176e-09, 2.95030009312e-08, 8.65491056601e-09, 1.81914727726e-09, 7.56677476232e-09, 4.68665950493e-09, 1.04262811718e-08, 6.58283694221e-09, 6.14590067727e-09, 1.71081160349e-09, 1.89417925789e-09, 8.42973746362e-10, 1.38090761048e-09, 1.62902291656e-09, 1.85044990442e-09, 1.09221431899e-09, 8.01416000229e-09, 5.81492187735e-09, 4.48154402477e-10, 1.44852782547e-10, 1.67652114413e-10, 3.43984146722e-11, 7.73661169851e-12, 2.51745564499e-12, 2.37550972816e-12, 3.96210164287e-13, 2.79000103185e-13, 1.63539971496e-13, 2.0788121116e-13, 2.20916018226e-13, 7.44552125032e-14, 1.49765562365e-13, 6.53800811775e-14],
        "dvar2": [4.90913407702e-07, 2.45430851464e-06, 5.76082356929e-07, 2.17576129558e-07, 2.53863881028e-08, 1.383388053e-07, 1.98925391715e-08, 1.55184363138e-08, 7.07634129071e-08, 2.22538520944e-08, 4.18188284002e-09, 1.65147664433e-08, 1.09123332592e-08, 2.38972486244e-08, 1.46190686223e-08, 1.39831417556e-08, 4.13173628644e-09, 4.75295802715e-09, 1.94266247533e-09, 2.88175106e-09, 4.07348643705e-09, 4.27942570269e-09, 2.50362131027e-09, 1.87364115334e-08, 1.45066305635e-08, 1.02985575623e-09, 3.84820314503e-10, 4.27531871017e-10, 8.80140405002e-11, 1.84410230142e-11, 5.6206506463e-12, 4.46349337699e-12, 8.79314253788e-13, 6.49286234587e-13, 3.82415643206e-13, 5.59557174901e-13, 6.15906956512e-13, 1.83062075156e-13, 3.85969413982e-13, 1.67711995008e-13],
        "max": [0.00423089414835, 0.00930566247553, 0.00458478461951, 0.00359316077083, 0.00144676177297, 0.00224393582903, 0.000859541702084, 0.00112016370986, 0.00237270770594, 0.00211881939322, 0.0006472900277, 0.00156191934366, 0.000771592720412, 0.00170266744681, 0.000921106955502, 0.0013180647511, 0.000617040903307, 0.000452418578789, 0.000252900092164, 0.000823819136713, 0.000601902371272, 0.000597824109718, 0.000399474025471, 0.00145087053534, 0.00139263784513, 0.00055302149849, 0.000151825181092, 0.000214111758396, 0.000102249308839, 3.55565753125e-05, 2.58790914813e-05, 4.10666216339e-05, 1.33350995384e-05, 6.77143816574e-06, 4.8305864766e-06, 7.42063366488e-06, 8.66454138304e-06, 2.96112057185e-06, 7.08445350028e-06, 3.87414365832e-06],
        "mean": [0.000720086332876, 0.00160408881493, 0.000850491691381, 0.000357270386303, 0.000131472974317, 9.36194774113e-05, 6.57792479615e-05, 8.84032197064e-05, 0.000161035161, 6.71485249768e-05, 4.50080879091e-05, 7.41630137782e-05, 7.22271215636e-05, 9.68090316746e-05, 9.9794830021e-05, 8.10861529317e-05, 4.02680743719e-05, 4.28773673775e-05, 4.03948070016e-05, 4.97486144013e-05, 5.21620859217e-05, 6.64297767798e-05, 5.09363017045e-05, 6.64240942569e-05, 3.92932888644e-05, 2.57963074546e-05, 1.934901411e-05, 1.83204556379e-05, 8.93248670764e-06, 2.94632059195e-06, 1.67549217167e-06, 1.28708938973e-06, 6.92874209562e-07, 6.07637048233e-07, 4.41601883949e-07, 2.20296840325e-07, 1.9034409604e-07, 1.60713597097e-07, 1.77961936743e-07, 1.11269322645e-07],
        "median": [0.000473516556667, 0.00124568759929, 0.000662760052364, 0.000257587700617, 8.06113166618e-05, 3.53233372152e-05, 3.54927287844e-05, 2.74588292086e-05, 2.73348414339e-05, 2.10083253478e-05, 1.75499953912e-05, 2.98527193081e-05, 4.15988215536e-05, 4.11436412833e-05, 6.02610998612e-05, 4.02748701163e-05, 2.34105791606e-05, 2.38166958297e-05, 2.72688739642e-05, 3.16147561534e-05, 3.93778282159e-05, 3.22451305692e-05, 2.95288627967e-05, 3.94906419388e-05, 1.87393034139e-05, 1.26085151351e-05, 1.0035084415e-05, 7.6100059232e-06, 3.15496686198e-06, 1.06815411982e-06, 6.66461232868e-07, 4.21034741294e-07, 2.40473639224e-07, 2.26811835091e-07, 1.7444689604e-07, 9.19731419913e-08, 7.53230509076e-08, 6.27813605547e-08, 6.96591797578e-08, 3.2543251649e-08],
        "min": [5.84785254887e-07, 4.93564511999e-05, 1.86734996532e-05, 4.86751605422e-06, 2.67671748588e-06, 1.11101019229e-06, 7.42111808449e-07, 5.05919615534e-07, 6.60605678604e-07, 3.94327457798e-07, 2.41806105805e-07, 3.58790856581e-07, 4.23934153559e-07, 3.09787481001e-07, 6.47272315746e-07, 5.56419081477e-07, 4.49307066219e-07, 2.01829507773e-07, 4.30681893704e-07, 4.47198914344e-07, 3.08863803866e-07, 2.40767803916e-07, 3.55896730753e-07, 2.66214385647e-07, 2.87235678798e-07, 2.67311008884e-07, 1.2301805441e-07, 6.59547580995e-08, 1.52348231808e-08, 1.14404674623e-09, 1.17919585207e-09, 8.71502956606e-12, 4.55515174191e-11, 9.49935009126e-12, 8.97343657713e-12, 6.96037032264e-13, 1.71307372042e-13, 1.68343163303e-13, 1.43010852726e-12, 3.49003811961e-13],
