{
"highlevel": {
    "danceability": {
        "all": {
            "danceable": 0.999950945377,
            "not_danceable": 4.90587153763e-05
        },
        "probability": 0.999950945377,
        "value": "danceable"
    },
    "gender": {
        "all": {
            "female": 0.347736090422,
            "male": 0.652263879776
        },
        "probability": 0.652263879776,
        "value": "male"
    },
    "genre_dortmund": {
        "all": {
            "alternative": 0.0846881046891,
            "blues": 0.014508199878,
            "electronic": 0.0913927778602,
            "folkcountry": 0.00703611550853,
            "funksoulrnb": 0.0165676698089,
            "jazz": 0.043060336262,
            "pop": 0.0488828197122,
            "raphiphop": 0.367512047291,
            "rock": 0.32635191083
        },
        "probability": 0.367512047291,
        "value": "raphiphop"
    },
    "genre_electronic": {
        "all": {
            "ambient": 0.0816883221269,
            "dnb": 0.158241689205,
            "house": 0.0294925682247,
            "techno": 0.0131654003635,
            "trance": 0.717412054539
        },
        "probability": 0.717412054539,
        "value": "trance"
    },
    "genre_rosamerica": {
        "all": {
            "cla": 1.25756178022e-05,
            "dan": 0.979476809502,
            "hip": 0.010262559168,
            "jaz": 1.44542136695e-05,
            "pop": 0.00312540563755,
            "rhy": 0.000421092438046,
            "roc": 0.00667469343171,
            "spe": 1.24391199279e-05
        },
        "probability": 0.979476809502,
        "value": "dan"
    },
    "genre_tzanetakis": {
        "all": {
            "blu": 0.0631970837712,
            "cla": 0.0351076424122,
            "cou": 0.105340525508,
            "dis": 0.0632559657097,
            "hip": 0.158187583089,
            "jaz": 0.316573172808,
            "met": 0.0527318492532,
            "pop": 0.063265889883,
            "reg": 0.0632615014911,
            "roc": 0.0790787860751
        },
        "probability": 0.316573172808,
        "value": "jaz"
    },
    "ismir04_rhythm": {
        "all": {
            "ChaChaCha": 0.385681003332,
            "Jive": 0.227165624499,
            "Quickstep": 0.0076772319153,
            "Rumba-American": 0.00679491693154,
            "Rumba-International": 0.0087179960683,
            "Rumba-Misc": 0.00161501939874,
            "Samba": 0.35283523798,
            "Tango": 0.00231997622177,
            "VienneseWaltz": 0.00613394100219,
            "Waltz": 0.00105905288365
        },
        "probability": 0.385681003332,
        "value": "ChaChaCha"
    },
    "mood_acoustic": {
        "all": {
            "acoustic": 1.72144325461e-06,
            "not_acoustic": 0.999998271465
        },
        "probability": 0.999998271465,
        "value": "not_acoustic"
    },
    "mood_aggressive": {
        "all": {
            "aggressive": 0.902748465538,
            "not_aggressive": 0.0972515046597
        },
        "probability": 0.902748465538,
        "value": "aggressive"
    },
    "mood_electronic": {
        "all": {
            "electronic": 0.926206290722,
            "not_electronic": 0.0737937241793
        },
        "probability": 0.926206290722,
        "value": "electronic"
    },
    "mood_happy": {
        "all": {
            "happy": 0.151971742511,
            "not_happy": 0.848028242588
        },
        "probability": 0.848028242588,
        "value": "not_happy"
    },
    "mood_party": {
        "all": {
            "not_party": 0.135988771915,
            "party": 0.864011228085
        },
        "probability": 0.864011228085,
        "value": "party"
    },
    "mood_relaxed": {
        "all": {
            "not_relaxed": 0.989207208157,
            "relaxed": 0.0107928197831
        },
        "probability": 0.989207208157,
        "value": "not_relaxed"
    },
    "mood_sad": {
        "all": {
            "not_sad": 0.960918605328,
            "sad": 0.0390813797712
        },
        "probability": 0.960918605328,
        "value": "not_sad"
    },
    "moods_mirex": {
        "all": {
            "Cluster1": 0.225721597672,
            "Cluster2": 0.0438339225948,
            "Cluster3": 0.0715623497963,
            "Cluster4": 0.132232606411,
            "Cluster5": 0.526649534702
        },
        "probability": 0.526649534702,
        "value": "Cluster5"
    },
    "timbre": {
        "all": {
            "bright": 0.111631371081,
            "dark": 0.888368606567
        },
        "probability": 0.888368606567,
        "value": "dark"
    },
    "tonal_atonal": {
        "all": {
            "atonal": 0.339487880468,
            "tonal": 0.660512089729
        },
        "probability": 0.660512089729,
        "value": "tonal"
    },
    "voice_instrumental": {
        "all": {
            "instrumental": 0.0145635716617,
            "voice": 0.985436439514
        },
        "probability": 0.985436439514,
        "value": "voice"
    }
},
"lowlevel": {
    "average_loudness": 0.972262322903,
    "barkbands_crest": {
        "dmean": 2.96680593491,
        "dmean2": 4.6117272377,
        "dvar": 10.476723671,
        "dvar2": 22.3423690796,
        "max": 24.6403694153,
        "mean": 12.2625179291,
        "median": 11.0052394867,
        "min": 2.39613866806,
        "var": 35.9782714844
    },
    "barkbands_flatness_db": {
        "dmean": 0.0270028244704,
        "dmean2": 0.0362817384303,
        "dvar": 0.000695690221619,
        "dvar2": 0.0011108944891,
        "max": 0.432832151651,
        "mean": 0.144569024444,
        "median": 0.12858389318,
        "min": 0.0415134467185,
        "var": 0.00426649022847
    },
    "barkbands_kurtosis": {
        "dmean": 6.01960611343,
        "dmean2": 8.00857830048,
        "dvar": 253.553329468,
        "dvar2": 384.363830566,
        "max": 439.367919922,
        "mean": 9.64845943451,
        "median": 1.10559558868,
        "min": -1.96134495735,
        "var": 1097.44091797
    },
    "barkbands_skewness": {
        "dmean": 0.747648954391,
        "dmean2": 1.02351748943,
        "dvar": 0.945107161999,
        "dvar2": 1.5720154047,
        "max": 18.4009513855,
        "mean": 2.01925730705,
        "median": 1.41199052334,
        "min": -1.6412127018,
        "var": 4.90764331818
    },
    "barkbands_spread": {
        "dmean": 9.8663482666,
        "dmean2": 14.0248174667,
        "dvar": 148.719284058,
        "dvar2": 289.296569824,
        "max": 123.751876831,
        "mean": 31.3396587372,
        "median": 28.7991161346,
        "min": 0.563239276409,
        "var": 380.946502686
    },
    "dissonance": {
        "dmean": 0.0144740287215,
        "dmean2": 0.0236215740442,
        "dvar": 0.000208456709515,
        "dvar2": 0.000505793082993,
        "max": 0.499955236912,
        "mean": 0.474570721388,
        "median": 0.480179697275,
        "min": 0.328402549028,
        "var": 0.000435495923739
    },
    "dynamic_complexity": 1.42762815952,
    "erbbands_crest": {
        "dmean": 2.63883590698,
        "dmean2": 4.32974433899,
        "dvar": 7.15805721283,
        "dvar2": 17.6381263733,
        "max": 27.6692028046,
        "mean": 7.42158031464,
        "median": 6.35673713684,
        "min": 2.67306447029,
        "var": 14.7946367264
    },
    "erbbands_flatness_db": {
        "dmean": 0.0176224391907,
        "dmean2": 0.0253041516989,
        "dvar": 0.000273487734376,
        "dvar2": 0.000562507368159,
        "max": 0.293360263109,
        "mean": 0.130500495434,
        "median": 0.124700948596,
        "min": 0.0549164563417,
        "var": 0.00124433578458
    },
    "erbbands_kurtosis": {
        "dmean": 0.843269109726,
        "dmean2": 1.32305133343,
        "dvar": 1.47512173653,
        "dvar2": 3.22771239281,
        "max": 20.3656902313,
        "mean": 0.084430038929,
        "median": -0.263454198837,
        "min": -1.87369287014,
        "var": 2.70237135887
    },
    "erbbands_skewness": {
        "dmean": 0.424543827772,
        "dmean2": 0.636954784393,
        "dvar": 0.166471406817,
        "dvar2": 0.345516592264,
        "max": 3.85362386703,
        "mean": 0.0327748507261,
        "median": 0.077074944973,
        "min": -2.96586537361,
        "var": 0.516147315502
    },
    "erbbands_spread": {
        "dmean": 12.2144355774,
        "dmean2": 18.0304050446,
        "dvar": 151.969909668,
        "dvar2": 354.88684082,
        "max": 179.771865845,
        "mean": 50.4570159912,
        "median": 45.7573928833,
        "min": 6.71690320969,
        "var": 491.620880127
    },
    "hfc": {
        "dmean": 20.439704895,
        "dmean2": 30.1119346619,
        "dvar": 860.103210449,
        "dvar2": 2024.65063477,
        "max": 259.772460938,
        "mean": 45.7578887939,
        "median": 35.7131690979,
        "min": 2.63937211037,
        "var": 1231.04370117
    },
    "melbands_crest": {
        "dmean": 3.86608934402,
        "dmean2": 5.70489501953,
        "dvar": 16.559343338,
        "dvar2": 35.5220298767,
        "max": 36.7865371704,
        "mean": 19.897108078,
        "median": 18.1851634979,
        "min": 3.64210367203,
        "var": 87.4383010864
    },
    "melbands_flatness_db": {
        "dmean": 0.0336767286062,
        "dmean2": 0.0444188117981,
        "dvar": 0.00102788966615,
        "dvar2": 0.00177521805745,
        "max": 0.515186548233,
        "mean": 0.186618566513,
        "median": 0.170018881559,
        "min": 0.0263576414436,
        "var": 0.00788819603622
    },
    "melbands_kurtosis": {
        "dmean": 21.2117290497,
        "dmean2": 29.2238578796,
        "dvar": 4340.16650391,
        "dvar2": 6901.62060547,
        "max": 2174.77490234,
        "mean": 39.9470481873,
        "median": 10.0025014877,
        "min": -1.56050419807,
        "var": 17026.3554688
    },
    "melbands_skewness": {
        "dmean": 1.19392573833,
        "dmean2": 1.68784034252,
        "dvar": 2.89087128639,
        "dvar2": 5.11343288422,
        "max": 38.9971389771,
        "mean": 4.04539060593,
        "median": 2.87833070755,
        "min": -0.648813188076,
        "var": 14.3979597092
    },
    "melbands_spread": {
        "dmean": 11.0981683731,
        "dmean2": 16.4220237732,
        "dvar": 220.8152771,
        "dvar2": 502.325622559,
        "max": 181.748321533,
        "mean": 28.8369159698,
        "median": 24.3217391968,
        "min": 0.273295074701,
        "var": 547.99432373
    },
    "pitch_salience": {
        "dmean": 0.0911296010017,
        "dmean2": 0.140190914273,
        "dvar": 0.00927483849227,
        "dvar2": 0.0206692367792,
        "max": 0.874851107597,
        "mean": 0.464024335146,
        "median": 0.4967045784,
        "min": 0.0283129196614,
        "var": 0.0344653055072
    },
    "silence_rate_20dB": {
        "dmean": 0,
        "dmean2": 0,
        "dvar": 0,
        "dvar2": 0,
        "max": 1,
        "mean": 1,
        "median": 1,
        "min": 1,
        "var": 0
    },
    "silence_rate_30dB": {
        "dmean": 0.0820433422923,
        "dmean2": 0.16421379149,
        "dvar": 0.0753117799759,
        "dvar2": 0.166681140661,
        "max": 1,
        "mean": 0.847641170025,
        "median": 1,
        "min": 0,
        "var": 0.129144564271
    },
    "silence_rate_60dB": {
        "dmean": 0.00464396271855,
        "dmean2": 0.00929511990398,
        "dvar": 0.00462232436985,
        "dvar2": 0.0138564361259,
        "max": 1,
        "mean": 0.00232018553652,
        "median": 0,
        "min": 0,
        "var": 0.00231479573995
    },
    "spectral_centroid": {
        "dmean": 380.23223877,
        "dmean2": 562.956481934,
        "dvar": 154471.234375,
        "dvar2": 340922.90625,
        "max": 4383.87060547,
        "mean": 1816.18737793,
        "median": 1783.43981934,
        "min": 415.19644165,
        "var": 392520.21875
    },
    "spectral_complexity": {
        "dmean": 6.07507753372,
        "dmean2": 8.3253288269,
        "dvar": 36.1917533875,
        "dvar2": 58.2351799011,
        "max": 57,
        "mean": 28.1979885101,
        "median": 29,
        "min": 1,
        "var": 162.081344604
    },
    "spectral_decrease": {
        "dmean": 3.18700399404e-09,
        "dmean2": 4.38970859662e-09,
        "dvar": 1.44706298072e-17,
        "dvar2": 2.33029136635e-17,
        "max": -1.96279326126e-10,
        "mean": -1.43661811336e-08,
        "median": -1.18135092819e-08,
        "min": -3.60522101062e-08,
        "var": 9.30710868892e-17
    },
    "spectral_energy": {
        "dmean": 0.0125984996557,
        "dmean2": 0.0176639258862,
        "dvar": 0.000212954430026,
        "dvar2": 0.000352622097125,
        "max": 0.146438792348,
        "mean": 0.058371540159,
        "median": 0.0498575009406,
        "min": 0.00115461030509,
        "var": 0.00131639221217
    },
    "spectral_energyband_high": {
        "dmean": 0.00213903049007,
        "dmean2": 0.00324464333244,
        "dvar": 1.22730380099e-05,
        "dvar2": 2.92387812806e-05,
        "max": 0.0287798307836,
        "mean": 0.00327733275481,
        "median": 0.00177352491301,
        "min": 1.51301155711e-05,
        "var": 1.5432946384e-05
    },
    "spectral_energyband_low": {
        "dmean": 0.0100811831653,
        "dmean2": 0.0136282611638,
        "dvar": 0.000235020692344,
        "dvar2": 0.000367139058653,
        "max": 0.132432326674,
        "mean": 0.0367268063128,
        "median": 0.0178826916963,
        "min": 3.79233924264e-08,
        "var": 0.00148793624248
    },
    "spectral_energyband_middle_high": {
        "dmean": 0.00298576662317,
        "dmean2": 0.00436674803495,
        "dvar": 1.3056734133e-05,
        "dvar2": 3.03631295537e-05,
        "max": 0.0470916964114,
        "mean": 0.00819191616029,
        "median": 0.00689629325643,
        "min": 4.40649891971e-05,
        "var": 3.73319126084e-05
    },
    "spectral_energyband_middle_low": {
        "dmean": 0.0054441653192,
        "dmean2": 0.00896751135588,
        "dvar": 5.61264387215e-05,
        "dvar2": 0.000148639606778,
        "max": 0.0668091401458,
        "mean": 0.0108979837969,
        "median": 0.00886885263026,
        "min": 0.000110253982712,
        "var": 8.44752357807e-05
    },
    "spectral_entropy": {
        "dmean": 0.173456013203,
        "dmean2": 0.240014612675,
        "dvar": 0.0318116098642,
        "dvar2": 0.0612260140479,
        "max": 8.8023557663,
        "mean": 7.97343873978,
        "median": 7.99522066116,
        "min": 6.73860311508,
        "var": 0.117337919772
    },
    "spectral_flux": {
        "dmean": 0.0370111726224,
        "dmean2": 0.0510954558849,
        "dvar": 0.00136542238761,
        "dvar2": 0.00259410892613,
        "max": 0.318156391382,
        "mean": 0.113680586219,
        "median": 0.100541144609,
        "min": 0.0158010516316,
        "var": 0.00299296271987
    },
    "spectral_kurtosis": {
        "dmean": 0.999156355858,
        "dmean2": 1.49220240116,
        "dvar": 1.07158017159,
        "dvar2": 2.16206479073,
        "max": 15.7285728455,
        "mean": 2.33866548538,
        "median": 2.23039960861,
        "min": -1.1827507019,
        "var": 2.98022055626
    },
    "spectral_rms": {
        "dmean": 0.000874115212355,
        "dmean2": 0.00121888995636,
        "dvar": 9.56430312726e-07,
        "dvar2": 1.52291886479e-06,
        "max": 0.0119527028874,
        "mean": 0.0071298382245,
        "median": 0.00697434321046,
        "min": 0.00106134300586,
        "var": 6.1132409428e-06
    },
    "spectral_rolloff": {
        "dmean": 1074.39428711,
        "dmean2": 1704.12451172,
        "dvar": 2614483.25,
        "dvar2": 4829281,
        "max": 11843.2617188,
        "mean": 2282.63427734,
        "median": 1507.32421875,
        "min": 64.599609375,
        "var": 6050452
    },
    "spectral_skewness": {
        "dmean": 0.204287216067,
        "dmean2": 0.307304650545,
        "dvar": 0.0404308885336,
        "dvar2": 0.0771209523082,
        "max": 3.29567289352,
        "mean": 1.23320496082,
        "median": 1.24706172943,
        "min": 0.00508601916954,
        "var": 0.125834241509
    },
    "spectral_spread": {
        "dmean": 896825.1875,
        "dmean2": 1256069,
        "dvar": 977924194304,
        "dvar2": 1.89901740442e+12,
        "max": 16328638,
        "mean": 5885072.5,
        "median": 5480804,
        "min": 2394231,
        "var": 3.49191431782e+12
    },
    "spectral_strongpeak": {
        "dmean": 0.436294496059,
        "dmean2": 0.726251900196,
        "dvar": 0.518108606339,
        "dvar2": 1.29290413857,
        "max": 8.26564311981,
        "mean": 0.853198766708,
        "median": 0.695550262928,
        "min": 0.0536881089211,
        "var": 0.659178972244
    },
    "zerocrossingrate": {
        "dmean": 0.0205645021051,
        "dmean2": 0.0228123031557,
        "dvar": 0.00051656953292,
        "dvar2": 0.000599805789534,
        "max": 0.32373046875,
        "mean": 0.081525221467,
        "median": 0.0751953125,
        "min": 0.0029296875,
        "var": 0.00307078077458
    },
    "barkbands": {
        "dmean": [0.00112371321302, 0.00868861842901, 0.00227791909128, 0.00123476062436, 0.00200891797431, 0.000737785710953, 0.00186200125609, 0.00104170804843, 0.0012023251038, 0.00120331731159, 0.000491299550049, 0.000576091231778, 0.000457144749817, 0.000528205477167, 0.000481679337099, 0.000384808692615, 0.000428569386713, 0.000313195661874, 0.000226940624998, 0.000250478333328, 0.000250638724538, 0.000460733397631, 0.000388060288969, 0.000564599700738, 0.000445047480753, 0.000149231462274, 2.64748621248e-07],
        "dmean2": [0.00131283560768, 0.0120633132756, 0.00355818215758, 0.00212629046291, 0.00332015915774, 0.00120860419702, 0.0030589743983, 0.00173557258677, 0.00191778794397, 0.0019508486148, 0.000797040760517, 0.000953229493462, 0.000709424144588, 0.000865421199705, 0.000693428504746, 0.000582512002438, 0.000697882496752, 0.000479040230857, 0.000354463874828, 0.000399208423914, 0.00040650376468, 0.0007440734189, 0.000610318675172, 0.000869630079251, 0.000679971766658, 0.00022298937256, 4.75039712455e-07],
        "dvar": [4.59788134322e-06, 0.00022392491519, 1.86630823009e-05, 5.06025799041e-06, 1.02252433862e-05, 1.30278465349e-06, 1.46449092426e-05, 6.10710822002e-06, 6.26687733529e-06, 4.44973147751e-06, 9.13146891435e-07, 1.64877872066e-06, 9.1904121291e-07, 9.06800948997e-07, 6.80945106524e-07, 3.47992170191e-07, 3.41374772006e-07, 1.46820681834e-07, 8.65379661263e-08, 1.19655652497e-07, 1.25496313785e-07, 6.9601406949e-07, 4.26931961783e-07, 8.99255041986e-07, 7.1910102406e-07, 7.3366791753e-08, 6.53572573665e-13],
        "dvar2": [4.46633612228e-06, 0.00035714104888, 4.32093547715e-05, 1.40305301102e-05, 2.6514813726e-05, 3.16393084177e-06, 3.94778471673e-05, 1.54592416948e-05, 1.48736371557e-05, 1.02636859083e-05, 2.05569108402e-06, 3.77111405214e-06, 1.82823566774e-06, 2.50303855864e-06, 1.35861921535e-06, 7.66968298649e-07, 8.81381481577e-07, 3.31518975827e-07, 2.11429252772e-07, 2.97846270314e-07, 3.09985921376e-07, 1.76162564003e-06, 1.0719132888e-06, 2.13055727727e-06, 1.68391693478e-06, 1.42531945357e-07, 1.76442421871e-12],
        "max": [0.0198042169213, 0.118782900274, 0.0476702563465, 0.0195491928607, 0.0386428795755, 0.00972738023847, 0.0390611924231, 0.0358022712171, 0.0360388271511, 0.0356921553612, 0.0193218365312, 0.0188762620091, 0.0185769796371, 0.0176476445049, 0.0162230413407, 0.00899541936815, 0.00484239589423, 0.00385855999775, 0.00282040261663, 0.00534768169746, 0.00314472964965, 0.00858103297651, 0.00630199396983, 0.00766605557874, 0.0103435413912, 0.00303979311138, 9.90901753539e-06],
        "mean": [0.00354145071469, 0.0283249597996, 0.00437487754971, 0.00132148293778, 0.00289974361658, 0.000984268495813, 0.00247536320239, 0.00116732006427, 0.00164714909624, 0.00172617461067, 0.000713095825631, 0.000822751608212, 0.000762128445785, 0.0008092384669, 0.000895317294635, 0.000637654564343, 0.000686666171532, 0.000579383631703, 0.000441916199634, 0.000498470675666, 0.000433702836744, 0.000573691737372, 0.00052897707792, 0.000784751959145, 0.0005562970764, 0.000184573655133, 1.83495686201e-07],
        "median": [2.89710405923e-05, 0.0073535842821, 0.00132541079074, 0.000620043254457, 0.00130830018315, 0.000445886078523, 0.000879690633155, 0.000440300500486, 0.000579482701141, 0.000781349604949, 0.00034640514059, 0.000379440403776, 0.000392335961806, 0.000456534267869, 0.000467108679004, 0.000376966083422, 0.000493572559208, 0.000389893772081, 0.000342866755091, 0.000385756342439, 0.000300230778521, 0.000262139859842, 0.000282962195342, 0.000370782625396, 0.000175545690581, 4.42689452029e-05, 3.49168916003e-09],
        "min": [1.39756051176e-09, 7.57297891063e-10, 2.7354940535e-09, 3.91669949806e-08, 8.94553068065e-07, 1.66737834206e-07, 3.54695202986e-06, 1.70400653587e-06, 5.18371098224e-06, 1.05608307877e-06, 2.25395024245e-06, 1.55687462211e-06, 2.66222309619e-06, 1.82101621249e-06, 2.8391145861e-06, 3.22973346556e-06, 1.96599830815e-06, 1.37463291594e-06, 2.36512687479e-06, 3.63150661542e-06, 8.51198706187e-07, 1.23438098854e-07, 3.21078164234e-06, 1.9824260562e-06, 5.7764958683e-07, 5.04650821131e-10, 1.01256164911e-11],
        "var": [3.14296376018e-05, 0.00113020441495, 5.37264531886e-05, 4.45752903033e-06, 1.40625616041e-05, 1.86653517176e-06, 1.83580123121e-05, 6.47728529657e-06, 1.12711704787e-05, 8.70719941304e-06, 1.5110986169e-06, 2.47064963332e-06, 1.59825106039e-06, 1.14277418106e-06, 1.69950760665e-06, 6.23993287263e-07, 5.12370604611e-07, 3.29053079895e-07, 1.5812740628e-07, 2.50840031413e-07, 2.18770679794e-07, 6.88172008267e-07, 4.83443727717e-07, 1.19666981391e-06, 9.13468340968e-07, 1.17537418021e-07, 4.45812684728e-13]
    },
    "erbbands": {
        "dmean": [0.401486814022, 1.64398384094, 2.96265149117, 2.85003662109, 7.10253763199, 6.25019359589, 5.18021821976, 6.66931724548, 18.2505931854, 34.8894767761, 20.4794960022, 25.1676216125, 38.9232597351, 22.5749664307, 18.7598781586, 23.3486537933, 19.5300693512, 24.6438617706, 26.0127677917, 22.512878418, 20.1846427917, 23.9366950989, 18.017118454, 12.508102417, 12.1677694321, 11.2943325043, 10.3959388733, 10.4862098694, 18.0106620789, 12.7095212936, 11.1363162994, 12.0348205566, 9.06653213501, 6.507771492, 2.38905501366, 0.937879920006, 0.238419517875, 0.0147217242047, 0.000340743572451, 3.6287416151e-05],
        "dmean2": [0.468154251575, 2.50366711617, 4.47005367279, 4.90713214874, 11.8429574966, 10.6679172516, 8.5433549881, 10.937494278, 29.852640152, 58.3984603882, 33.0568313599, 40.3925971985, 61.994934082, 37.28931427, 30.478635788, 36.7529792786, 30.0764427185, 40.2447013855, 40.141494751, 32.1226806641, 30.7671070099, 38.4555015564, 27.807050705, 19.856803894, 19.1388511658, 17.9968986511, 16.7375850677, 17.3108291626, 29.7220420837, 19.7583427429, 17.5995311737, 18.8314990997, 14.1693849564, 10.2835855484, 3.59796452522, 1.39035773277, 0.356515556574, 0.0231968928128, 0.000521705893334, 5.3766212659e-05],
        "dvar": [0.592599987984, 8.62680244446, 28.7287483215, 27.6646499634, 130.878799438, 129.651916504, 79.0755310059, 120.785202026, 1264.5814209, 8699.87695312, 1527.20629883, 3527.9934082, 4434.21533203, 1215.48986816, 1632.76147461, 2666.06005859, 1476.69494629, 2340.17211914, 2777.10791016, 1245.18334961, 814.4609375, 1054.09960938, 514.600402832, 227.41418457, 242.73147583, 265.959472656, 218.977172852, 228.098098755, 1193.97106934, 424.546966553, 364.358062744, 410.501739502, 232.158401489, 166.844497681, 18.2810249329, 3.11995196342, 0.163764134049, 0.000591412070207, 3.19702991192e-07, 2.65285993173e-09],
        "dvar2": [0.631871938705, 18.9951095581, 66.2009124756, 76.5958709717, 339.836303711, 337.243743896, 189.760452271, 297.994659424, 3197.03955078, 23480.4824219, 3575.28271484, 8710.20800781, 10403.1279297, 2904.68823242, 3878.546875, 6047.03027344, 2947.23071289, 6084.60546875, 6529.44628906, 2615.59765625, 1864.86816406, 2653.69580078, 1158.35375977, 553.444152832, 549.938110352, 700.135864258, 549.193725586, 575.410949707, 3106.49047852, 1027.19274902, 930.198852539, 980.821960449, 551.630310059, 413.208618164, 37.4409065247, 5.91991662979, 0.357169389725, 0.00139517243952, 7.30739770916e-07, 6.08845818206e-09],
        "max": [6.83327245712, 23.1220188141, 56.0908699036, 42.8602027893, 107.586090088, 183.707382202, 139.109817505, 108.402198792, 449.404998779, 1198.36254883, 550.571105957, 972.87310791, 781.348205566, 529.418457031, 918.30670166, 885.547119141, 704.422790527, 1007.61761475, 922.647766113, 553.543273926, 352.051483154, 318.934265137, 226.97164917, 189.556671143, 200.307266235, 292.616516113, 137.165740967, 138.614349365, 340.05456543, 176.803344727, 185.163452148, 181.363632202, 128.960098267, 156.971862793, 46.6632957458, 24.4055290222, 3.59766244888, 0.183377474546, 0.00426903087646, 0.000438923918409],
        "mean": [1.37835252285, 4.02026176453, 6.10765790939, 3.87282586098, 9.25229263306, 8.42256546021, 6.59227180481, 8.9378490448, 24.3268089294, 43.4293174744, 26.6109008789, 33.5717697144, 55.0493392944, 35.9141921997, 29.0624637604, 34.9438514709, 34.1619491577, 41.6703872681, 45.0748291016, 43.1906585693, 35.9647331238, 40.647983551, 33.6063461304, 24.2085094452, 24.6243209839, 22.5374088287, 19.0260696411, 16.2384166718, 21.1399269104, 17.29271698, 15.2666072845, 16.3853683472, 12.4970340729, 7.62992954254, 3.20668148994, 1.19192242622, 0.277074068785, 0.0162518117577, 0.000426862097811, 0.000101645455288],
        "median": [0.0622683502734, 2.05633640289, 2.35380172729, 2.29378271103, 4.23003959656, 4.21620225906, 2.92313432693, 3.88543319702, 10.5849952698, 10.596698761, 12.6124801636, 13.4858312607, 26.1510868073, 19.818780899, 14.9422006607, 16.3569393158, 17.9331760406, 24.7809734344, 25.4131278992, 24.2001895905, 22.4478988647, 30.0077037811, 21.9577617645, 18.9534378052, 18.6745204926, 17.4885673523, 12.9939422607, 10.7380104065, 9.33810997009, 9.07623767853, 8.09028244019, 7.29917383194, 5.46843767166, 2.32428050041, 1.06063103676, 0.304537147284, 0.0678032487631, 0.00396383134648, 0.000146420279634, 9.8624099337e-05],
        "min": [2.06222807719e-06, 1.37514725793e-05, 0.000149872299517, 0.0023886570707, 0.0106958150864, 0.00449751922861, 0.00412815855816, 0.0145217115059, 0.0305292177945, 0.0870957300067, 0.105044960976, 0.13967640698, 0.0639908537269, 0.0951676741242, 0.083393663168, 0.0739748850465, 0.121358565986, 0.0983228161931, 0.0538321733475, 0.255802124739, 0.150473713875, 0.125819012523, 0.0939957201481, 0.088881008327, 0.104085408151, 0.182833358645, 0.0801280215383, 0.0172936730087, 0.0101303365082, 0.0435603223741, 0.0892734825611, 0.0933369249105, 0.0207685865462, 0.00953786354512, 0.00128750922158, 6.53447423247e-05, 5.41999361303e-06, 1.11311283035e-06, 1.95045709006e-06, 3.39176767739e-06],
        "var": [4.00763988495, 19.7908477783, 83.2087097168, 25.3754825592, 167.866958618, 159.418579102, 107.455085754, 169.83895874, 1677.78845215, 10239.8955078, 2158.84887695, 5085.94921875, 7455.78271484, 2407.90576172, 2681.38330078, 4260.23046875, 2756.98876953, 2990.05615234, 4768.13330078, 3257.15771484, 1553.07446289, 1717.17907715, 1119.32495117, 478.86026001, 583.443359375, 495.530548096, 423.454040527, 314.723236084, 1063.1340332, 501.400024414, 412.19619751, 525.053100586, 309.448028564, 180.030990601, 30.0981254578, 5.71218824387, 0.218659549952, 0.000707669300027, 4.03942806315e-07, 4.56455806486e-09]
    },
    "gfcc": {
        "mean": [53.2191314697, 56.8358154297, -115.510475159, 40.2379646301, -63.743976593, 31.9682598114, -40.1722946167, 21.3887825012, -21.8665122986, 3.91664409637, -16.4071502686, -2.96189308167, -9.86249542236],
        "cov": [[2397.02758789, -413.819274902, 81.3384628296, -37.2263946533, 30.698682785, -8.84328556061, -155.044006348, 7.48283290863, -171.745651245, 187.679336548, -183.713043213, 197.143325806, -215.64642334], [-413.819274902, 1423.45983887, 57.1504020691, 311.967224121, 546.755737305, 143.825363159, 318.426483154, 83.104927063, 212.612854004, -64.167098999, 290.830078125, -99.0281600952, 221.314285278], [81.3384628296, 57.1504020691, 845.277587891, 352.582611084, 257.006408691, 306.585083008, 190.699172974, 104.782165527, 88.1003875732, 94.6923522949, 50.804069519, 74.9555740356, 53.0702171326], [-37.2263946533, 311.967224121, 352.582611084, 488.918334961, 315.531402588, 224.704071045, 183.452850342, 42.4866867065, 116.857467651, -16.4323787689, 80.4250946045, -28.8249435425, 117.499725342], [30.698682785, 546.755737305, 257.006408691, 315.531402588, 616.584838867, 296.247009277, 277.980255127, 145.039749146, 169.027297974, 44.4748802185, 139.098724365, 33.2184562683, 119.987594604], [-8.84328556061, 143.825363159, 306.585083008, 224.704071045, 296.247009277, 431.834503174, 309.729309082, 125.80166626, 87.0609512329, 27.5659503937, 63.9052658081, -3.59141969681, 69.389793396], [-155.044006348, 318.426483154, 190.699172974, 183.452850342, 277.980255127, 309.729309082, 429.741546631, 153.807510376, 101.24647522, 39.293598175, 102.178009033, -12.4374961853, 80.0400085449], [7.48283290863, 83.104927063, 104.782165527, 42.4866867065, 145.039749146, 125.80166626, 153.807510376, 161.450531006, 96.5846099854, 57.9014358521, 43.1099395752, 16.8582992554, 36.6220779419], [-171.745651245, 212.612854004, 88.1003875732, 116.857467651, 169.027297974, 87.0609512329, 101.24647522, 96.5846099854, 224.18977356, 63.3664131165, 95.7895889282, -8.44641113281, 60.8105583191], [187.679336548, -64.167098999, 94.6923522949, -16.4323787689, 44.4748802185, 27.5659503937, 39.293598175, 57.9014358521, 63.3664131165, 151.393417358, 37.9811515808, 62.5299491882, -18.0727348328], [-183.713043213, 290.830078125, 50.804069519, 80.4250946045, 139.098724365, 63.9052658081, 102.178009033, 43.1099395752, 95.7895889282, 37.9811515808, 191.273651123, 30.3764476776, 73.3526000977], [197.143325806, -99.0281600952, 74.9555740356, -28.8249435425, 33.2184562683, -3.59141969681, -12.4374961853, 16.8582992554, -8.44641113281, 62.5299491882, 30.3764476776, 127.139122009, 3.96816730499], [-215.64642334, 221.314285278, 53.0702171326, 117.499725342, 119.987594604, 69.389793396, 80.0400085449, 36.6220779419, 60.8105583191, -18.0727348328, 73.3526000977, 3.96816730499, 158.633239746]],
        "icov": [[0.000881231215317, -0.000486120872665, 0.000485699769342, -0.000910858623683, 0.000204276453587, -0.000698107876815, 0.00083870801609, -0.000819663342554, 0.000978981610388, -0.00141251680907, 0.00124708388466, -0.00169705238659, 0.00123482744675], [-0.000486120872665, 0.00274690822698, -0.000651502690744, 0.00117793609388, -0.00242406013422, 0.0022932253778, -0.00183251022827, 0.00152639381122, -0.00072708009975, 0.00183255237062, -0.00321197137237, 0.00373701727949, -0.00186578917783], [0.000485699769342, -0.000651502690744, 0.00282227573916, -0.00258207460865, 0.000964877835941, -0.00199404056184, 0.00115816213656, -0.00143951619975, 0.000883804284967, -0.0019729656633, 0.00136533158366, -0.00285198818892, 0.00130437372718], [-0.000910858623683, 0.00117793609388, -0.00258207460865, 0.00672341929749, -0.00265666237101, 0.00115892768372, -0.0019332638476, 0.00396559434012, -0.00252134539187, 0.00282125337981, -0.00180211290717, 0.0043707494624, -0.00342342630029], [0.000204276453587, -0.00242406013422, 0.000964877835941, -0.00265666237101, 0.00600820127875, -0.00312135671265, 0.00116955093108, -0.00253466097638, -0.000424247584306, -0.000926054548472, 0.00197030324489, -0.00467013893649, 0.00138333684299], [-0.000698107876815, 0.0022932253778, -0.00199404056184, 0.00115892768372, -0.00312135671265, 0.00849504489452, -0.00507637532428, 0.000985505525023, -0.000668869121, 0.00246306811459, -0.00227789836936, 0.00408211536705, -0.00187262799591], [0.00083870801609, -0.00183251022827, 0.00115816213656, -0.0019332638476, 0.00116955093108, -0.00507637532428, 0.00822104141116, -0.00518809026107, 0.00258157658391, -0.00275352806784, 0.00060134427622, -0.00147307757288, 0.00158231006935], [-0.000819663342554, 0.00152639381122, -0.00143951619975, 0.00396559434012, -0.00253466097638, 0.000985505525023, -0.00518809026107, 0.0155579643324, -0.00549595197663, 3.77435062546e-05, 7.34478862796e-06, 0.00203952216543, -0.00313071347773], [0.000978981610388, -0.00072708009975, 0.000883804284967, -0.00252134539187, -0.000424247584306, -0.000668869121, 0.00258157658391, -0.00549595197663, 0.0107608744875, -0.00543207116425, -0.00145155063365, 0.00161756121088, 0.000383594480809], [-0.00141251680907, 0.00183255237062, -0.0019729656633, 0.00282125337981, -0.000926054548472, 0.00246306811459, -0.00275352806784, 3.77435062546e-05, -0.00543207116425, 0.015106683597, -0.00381016451865, -0.00144455814734, 0.000698545540217], [0.00124708388466, -0.00321197137237, 0.00136533158366, -0.00180211290717, 0.00197030324489, -0.00227789836936, 0.00060134427622, 7.34478862796e-06, -0.00145155063365, -0.00381016451865, 0.0132212135941, -0.00756584620103, 0.000453534477856], [-0.00169705238659, 0.00373701727949, -0.00285198818892, 0.0043707494624, -0.00467013893649, 0.00408211536705, -0.00147307757288, 0.00203952216543, 0.00161756121088, -0.00144455814734, -0.00756584620103, 0.0198002327234, -0.00556615833193], [0.00123482744675, -0.00186578917783, 0.00130437372718, -0.00342342630029, 0.00138333684299, -0.00187262799591, 0.00158231006935, -0.00313071347773, 0.000383594480809, 0.000698545540217, 0.000453534477856, -0.00556615833193, 0.0122440978885]]
    },
    "melbands": {
        "dmean": [0.00283886189573, 0.00166515028104, 0.000611134339124, 0.000493865110911, 0.000192817446077, 0.000156058114953, 0.000298757455312, 0.000350693648215, 0.000172439045855, 0.000163840260939, 0.00020516589575, 0.000106510487967, 6.590000703e-05, 5.67244132981e-05, 6.66028936394e-05, 4.57509740954e-05, 4.86599710712e-05, 4.66094934382e-05, 3.3503427403e-05, 2.9387016184e-05, 2.51003566518e-05, 2.67405139311e-05, 2.22693251999e-05, 1.47320452015e-05, 1.05932185761e-05, 9.52968275669e-06, 1.00591832961e-05, 7.40748009775e-06, 6.8934009505e-06, 6.11230916547e-06, 6.45107820674e-06, 9.74418162514e-06, 1.01148525573e-05, 6.6255861384e-06, 6.52560765957e-06, 7.13471581548e-06, 7.76295746618e-06, 6.6746115408e-06, 6.44278225082e-06, 5.31122941538e-06],
        "dmean2": [0.00354954740033, 0.00247975811362, 0.00103254150599, 0.000816225190647, 0.000321624742355, 0.000254391605267, 0.000490027130581, 0.000588052440435, 0.000276183447568, 0.000262302928604, 0.000325797765981, 0.00017398109776, 0.000107158062747, 9.30860696826e-05, 0.000108084102976, 7.08432780812e-05, 8.01011265139e-05, 7.39566748962e-05, 4.89025478601e-05, 4.34464200225e-05, 3.93941918446e-05, 4.34591092926e-05, 3.56556447514e-05, 2.28931494348e-05, 1.73923745024e-05, 1.51358981384e-05, 1.61109564942e-05, 1.20878485177e-05, 1.12652205644e-05, 9.7238116723e-06, 1.07674477476e-05, 1.63219301612e-05, 1.63496442838e-05, 1.02843687273e-05, 1.04973778434e-05, 1.14531867439e-05, 1.21467073768e-05, 1.05645476651e-05, 1.05130675365e-05, 8.37818333821e-06],
        "dvar": [2.51843957813e-05, 7.81021662988e-06, 1.08894482764e-06, 6.20455068656e-07, 1.08969707924e-07, 6.24027336471e-08, 3.10805972958e-07, 8.44747603423e-07, 1.07294773954e-07, 1.44479813002e-07, 1.24499095477e-07, 3.18792494625e-08, 1.76503078819e-08, 1.74475598413e-08, 2.48229969912e-08, 6.54231646635e-09, 8.75122463384e-09, 8.80032757777e-09, 2.485171402e-09, 2.60087418269e-09, 1.34710287369e-09, 1.3352328132e-09, 8.58931148429e-10, 3.91128518462e-10, 1.73349820609e-10, 1.5927549557e-10, 2.14385439956e-10, 1.10976262901e-10, 8.55885709528e-11, 7.87084286635e-11, 8.92106180594e-11, 3.29033550406e-10, 3.369737267e-10, 1.09021576489e-10, 1.18374074431e-10, 1.5006877685e-10, 1.8385072631e-10, 1.20713453122e-10, 1.53873178088e-10, 1.15520204513e-10],
        "dvar2": [3.24909015035e-05, 1.83204556379e-05, 3.00298461298e-06, 1.6195946273e-06, 2.6936797326e-07, 1.54444265377e-07, 8.15457667613e-07, 2.26924248636e-06, 2.51461898415e-07, 3.44940616515e-07, 2.90362095257e-07, 7.56796367796e-08, 4.053612912e-08, 4.33915374742e-08, 5.35470690011e-08, 1.33474946651e-08, 2.36247661434e-08, 2.13789643766e-08, 4.8287960297e-09, 5.87339865632e-09, 3.3486782236e-09, 3.381908531e-09, 2.15986606378e-09, 8.88829954082e-10, 4.46843506641e-10, 3.90079302193e-10, 5.10665454367e-10, 2.87803808563e-10, 2.17137252623e-10, 1.94048027646e-10, 2.30304830762e-10, 8.51844095262e-10, 8.62774629518e-10, 2.64778032832e-10, 3.04920727556e-10, 3.75834030564e-10, 4.41765568571e-10, 2.87808693544e-10, 3.82803039267e-10, 2.86790646786e-10],
        "max": [0.0429582297802, 0.0275829266757, 0.00930422078818, 0.00972177926451, 0.00409033661708, 0.00222305441275, 0.00692212255672, 0.0116608627141, 0.00474509224296, 0.00678647076711, 0.00439378013834, 0.00295632844791, 0.00280606537126, 0.00243176426739, 0.00261055375449, 0.00101912743412, 0.00193764443975, 0.00135097384918, 0.000787835684605, 0.000885176705196, 0.000464057113277, 0.000358120480087, 0.000311575306114, 0.000203645759029, 0.000160657364177, 0.000126227037981, 0.000202840106795, 0.000171684790985, 0.000106584455352, 8.3466678916e-05, 8.46664988785e-05, 0.000172921834746, 0.000196420267457, 9.2530513939e-05, 0.000113618298201, 9.84470898402e-05, 0.000125706836116, 0.000102780773886, 9.89470136119e-05, 0.000151169631863],
        "mean": [0.00953725911677, 0.00382288941182, 0.00086205417756, 0.000697422714438, 0.000244896305958, 0.000213467239519, 0.00039742665831, 0.000425694801379, 0.000218445376959, 0.000217443783185, 0.000287101545837, 0.000162031021318, 9.81236153166e-05, 8.08036638773e-05, 9.37554359552e-05, 7.80869449954e-05, 7.54904613132e-05, 7.33388806111e-05, 6.19537531747e-05, 4.93676379847e-05, 4.00673307013e-05, 4.22736047767e-05, 3.69485824194e-05, 2.5489138352e-05, 1.86309207493e-05, 1.73073676706e-05, 1.85824974324e-05, 1.37344150062e-05, 1.20944787341e-05, 1.00827537608e-05, 9.03557884158e-06, 1.11810441012e-05, 1.21157127069e-05, 8.81972209754e-06, 8.59174997458e-06, 9.04099397303e-06, 1.05536546471e-05, 9.16313820198e-06, 7.59859449317e-06, 6.00992780164e-06],
        "median": [0.00135692604817, 0.00261255959049, 0.000519371125847, 0.000318631995469, 0.000109032509499, 9.68231033767e-05, 0.000175609267899, 0.000101339588582, 8.75828263815e-05, 7.65594668337e-05, 0.000133096211357, 8.27616968309e-05, 4.89197409479e-05, 3.67018183169e-05, 4.15503564e-05, 3.83641126973e-05, 4.26175356552e-05, 3.49942201865e-05, 3.45181288139e-05, 2.7604675779e-05, 2.50079956459e-05, 2.819295878e-05, 2.37528620346e-05, 1.6120086002e-05, 1.3979398318e-05, 1.26256027215e-05, 1.31191136461e-05, 1.03014745036e-05, 8.21548928798e-06, 6.90303841111e-06, 5.67829192732e-06, 4.93372181154e-06, 5.29322142029e-06, 4.66620713269e-06, 4.46497324447e-06, 4.19830575993e-06, 4.45632031187e-06, 4.20210926677e-06, 2.63783022092e-06, 1.66397182966e-06],
        "min": [4.15156881095e-10, 9.78976677501e-10, 1.67411151608e-08, 1.15149674684e-07, 1.35161926096e-07, 2.56629739681e-08, 5.26064297901e-07, 7.07745641648e-07, 6.92868809438e-07, 7.49417779389e-07, 2.79315372609e-07, 3.86223092619e-07, 3.16558896429e-07, 1.65044809819e-07, 1.68630535313e-07, 2.60712681666e-07, 1.78381199589e-07, 6.42794830696e-08, 2.61104872834e-07, 2.3231049795e-07, 1.56484730951e-07, 1.44448321748e-07, 7.27053190985e-08, 5.95929208203e-08, 6.21285494162e-08, 8.60627693555e-08, 8.78188188835e-08, 7.88899541249e-08, 5.00872445741e-08, 9.62101687207e-09, 4.044324875e-09, 1.98921923378e-09, 2.99534042014e-09, 2.27236274242e-09, 2.68575899298e-08, 2.20573337373e-08, 3.70794630555e-08, 4.92532370444e-09, 1.37853941595e-08, 2.0494534958e-09],
