{
"highlevel": {
    "danceability": {
        "all": {
            "danceable": 0.469321370125,
            "not_danceable": 0.530678629875
        },
        "probability": 0.530678629875,
        "value": "not_danceable"
    },
    "gender": {
        "all": {
            "female": 0.811952292919,
            "male": 0.18804769218
        },
        "probability": 0.811952292919,
        "value": "female"
    },
    "genre_dortmund": {
        "all": {
            "alternative": 0.237263709307,
            "blues": 0.0149594396353,
            "electronic": 0.156459346414,
            "folkcountry": 0.224767252803,
            "funksoulrnb": 0.0200729891658,
            "jazz": 0.126279190183,
            "pop": 0.107478894293,
            "raphiphop": 0.0302720088512,
            "rock": 0.0824471637607
        },
        "probability": 0.237263709307,
        "value": "alternative"
    },
    "genre_electronic": {
        "all": {
            "ambient": 0.85787910223,
            "dnb": 0.00717094866559,
            "house": 0.0369910262525,
            "techno": 0.00443070428446,
            "trance": 0.0935282111168
        },
        "probability": 0.85787910223,
        "value": "ambient"
    },
    "genre_rosamerica": {
        "all": {
            "cla": 0.0636818185449,
            "dan": 0.0508019402623,
            "hip": 0.0050335410051,
            "jaz": 0.0522300601006,
            "pop": 0.625407457352,
            "rhy": 0.116318553686,
            "roc": 0.0749960020185,
            "spe": 0.0115306405351
        },
        "probability": 0.625407457352,
        "value": "pop"
    },
    "genre_tzanetakis": {
        "all": {
            "blu": 0.047830093652,
            "cla": 0.0558069422841,
            "cou": 0.0837190896273,
            "dis": 0.083729930222,
            "hip": 0.0837366208434,
            "jaz": 0.334959089756,
            "met": 0.0837414115667,
            "pop": 0.111646428704,
            "reg": 0.0669842362404,
            "roc": 0.0478461496532
        },
        "probability": 0.334959089756,
        "value": "jaz"
    },
    "ismir04_rhythm": {
        "all": {
            "ChaChaCha": 0.0229395329952,
            "Jive": 0.0107561079785,
            "Quickstep": 0.0168808959424,
            "Rumba-American": 0.0467353463173,
            "Rumba-International": 0.263578295708,
            "Rumba-Misc": 0.0186851583421,
            "Samba": 0.0175637826324,
            "Tango": 0.224068522453,
            "VienneseWaltz": 0.273731410503,
            "Waltz": 0.105060942471
        },
        "probability": 0.273731410503,
        "value": "VienneseWaltz"
    },
    "mood_acoustic": {
        "all": {
            "acoustic": 0.91790252924,
            "not_acoustic": 0.0820974931121
        },
        "probability": 0.91790252924,
        "value": "acoustic"
    },
    "mood_aggressive": {
        "all": {
            "aggressive": 7.18115927612e-07,
            "not_aggressive": 0.999999284744
        },
        "probability": 0.999999284744,
        "value": "not_aggressive"
    },
    "mood_electronic": {
        "all": {
            "electronic": 0.714803218842,
            "not_electronic": 0.285196810961
        },
        "probability": 0.714803218842,
        "value": "electronic"
    },
    "mood_happy": {
        "all": {
            "happy": 0.762049734592,
            "not_happy": 0.237950250506
        },
        "probability": 0.762049734592,
        "value": "happy"
    },
    "mood_party": {
        "all": {
            "not_party": 0.967664182186,
            "party": 0.032335806638
        },
        "probability": 0.967664182186,
        "value": "not_party"
    },
    "mood_relaxed": {
        "all": {
            "not_relaxed": 0.076095931232,
            "relaxed": 0.923904061317
        },
        "probability": 0.923904061317,
        "value": "relaxed"
    },
    "mood_sad": {
        "all": {
            "not_sad": 0.0410703644156,
            "sad": 0.958929657936
        },
        "probability": 0.958929657936,
        "value": "sad"
    },
    "moods_mirex": {
        "all": {
            "Cluster1": 0.138353303075,
            "Cluster2": 0.152773350477,
            "Cluster3": 0.381582289934,
            "Cluster4": 0.310164034367,
            "Cluster5": 0.0171270184219
        },
        "probability": 0.381582289934,
        "value": "Cluster3"
    },
    "timbre": {
        "all": {
            "bright": 0.965592205524,
            "dark": 0.0344078242779
        },
        "probability": 0.965592205524,
        "value": "bright"
    },
    "tonal_atonal": {
        "all": {
            "atonal": 0.000187452445971,
            "tonal": 0.999812543392
        },
        "probability": 0.999812543392,
        "value": "tonal"
    },
    "voice_instrumental": {
        "all": {
            "instrumental": 0.329604297876,
            "voice": 0.670395672321
        },
        "probability": 0.670395672321,
        "value": "voice"
    }
},
"lowlevel": {
    "average_loudness": 0.960455775261,
    "barkbands_crest": {
        "dmean": 2.07803606987,
        "dmean2": 3.07131719589,
        "dvar": 4.43615245819,
        "dvar2": 10.1790685654,
        "max": 22.8683738708,
        "mean": 9.41944026947,
        "median": 8.54629993439,
        "min": 3.16971755028,
        "var": 13.3215055466
    },
    "barkbands_flatness_db": {
        "dmean": 0.0165044851601,
        "dmean2": 0.0242611747235,
        "dvar": 0.000247170508374,
        "dvar2": 0.000508984085172,
        "max": 0.290742486715,
        "mean": 0.177194550633,
        "median": 0.178540498018,
        "min": 0.0833445936441,
        "var": 0.00134363758843
    },
    "barkbands_kurtosis": {
        "dmean": 1.50063574314,
        "dmean2": 2.28757834435,
        "dvar": 3.82987260818,
        "dvar2": 8.40897274017,
        "max": 25.5138626099,
        "mean": 1.95206928253,
        "median": 1.09708309174,
        "min": -1.79140114784,
        "var": 8.9076089859
    },
    "barkbands_skewness": {
        "dmean": 0.379633247852,
        "dmean2": 0.549560546875,
        "dvar": 0.121242761612,
        "dvar2": 0.241358920932,
        "max": 4.49202728271,
        "mean": 1.10136938095,
        "median": 1.02926135063,
        "min": -0.672982811928,
        "var": 0.499677747488
    },
    "barkbands_spread": {
        "dmean": 3.69884085655,
        "dmean2": 5.23686695099,
        "dvar": 27.5264663696,
        "dvar2": 42.6232719421,
        "max": 77.0833358765,
        "mean": 16.1025791168,
        "median": 13.7414064407,
        "min": 3.29895734787,
        "var": 111.865646362
    },
    "dissonance": {
        "dmean": 0.0265616346151,
        "dmean2": 0.0439139679074,
        "dvar": 0.00051048694877,
        "dvar2": 0.00134988490026,
        "max": 0.498330503702,
        "mean": 0.422410666943,
        "median": 0.424068003893,
        "min": 0.279329538345,
        "var": 0.0011489513563
    },
    "dynamic_complexity": 1.41754889488,
    "erbbands_crest": {
        "dmean": 3.26428556442,
        "dmean2": 5.13664388657,
        "dvar": 7.40633678436,
        "dvar2": 17.2890071869,
        "max": 28.0076313019,
        "mean": 12.2064990997,
        "median": 11.3701171875,
        "min": 3.70029449463,
        "var": 22.1772670746
    },
    "erbbands_flatness_db": {
        "dmean": 0.01667560637,
        "dmean2": 0.023462459445,
        "dvar": 0.000243165850407,
        "dvar2": 0.000439830648247,
        "max": 0.306651651859,
        "mean": 0.209369838238,
        "median": 0.211262255907,
        "min": 0.104702584445,
        "var": 0.00121177069377
    },
    "erbbands_kurtosis": {
        "dmean": 0.997934520245,
        "dmean2": 1.57532012463,
        "dvar": 1.02981483936,
        "dvar2": 2.42131209373,
        "max": 13.0044994354,
        "mean": 0.725606679916,
        "median": 0.294805526733,
        "min": -1.6312340498,
        "var": 2.55027246475
    },
    "erbbands_skewness": {
        "dmean": 0.35875838995,
        "dmean2": 0.556152760983,
        "dvar": 0.0878913477063,
        "dvar2": 0.219039857388,
        "max": 2.59300971031,
        "mean": 0.601992964745,
        "median": 0.573379516602,
        "min": -1.24924516678,
        "var": 0.311507403851
    },
    "erbbands_spread": {
        "dmean": 5.5881357193,
        "dmean2": 8.39122104645,
        "dvar": 51.0839653015,
        "dvar2": 94.4640426636,
        "max": 97.817741394,
        "mean": 24.8657131195,
        "median": 22.0532073975,
        "min": 5.93966197968,
        "var": 164.444351196
    },
    "hfc": {
        "dmean": 9.51720809937,
        "dmean2": 14.0689210892,
        "dvar": 484.221618652,
        "dvar2": 968.309448242,
        "max": 262.941375732,
        "mean": 25.0649337769,
        "median": 18.4879016876,
        "min": 4.89639663696,
        "var": 758.474853516
    },
    "melbands_crest": {
        "dmean": 2.3679561615,
        "dmean2": 3.39724683762,
        "dvar": 4.66468906403,
        "dvar2": 9.21085262299,
        "max": 29.0395126343,
        "mean": 12.2046003342,
        "median": 11.1672945023,
        "min": 4.26614618301,
        "var": 19.2360153198
    },
    "melbands_flatness_db": {
        "dmean": 0.0184690542519,
        "dmean2": 0.026197437197,
        "dvar": 0.00046172644943,
        "dvar2": 0.000844832567964,
        "max": 0.38853225112,
        "mean": 0.221079006791,
        "median": 0.222941622138,
        "min": 0.0655100122094,
        "var": 0.00279770768248
    },
    "melbands_kurtosis": {
        "dmean": 2.55998158455,
        "dmean2": 3.8146739006,
        "dvar": 12.6877527237,
        "dvar2": 27.608083725,
        "max": 56.8010177612,
        "mean": 4.76295423508,
        "median": 3.22962474823,
        "min": -1.06995975971,
        "var": 29.0476341248
    },
    "melbands_skewness": {
        "dmean": 0.44168689847,
        "dmean2": 0.640611171722,
        "dvar": 0.189594179392,
        "dvar2": 0.357117772102,
        "max": 6.1483168602,
        "mean": 1.56637001038,
        "median": 1.40853333473,
        "min": -0.134265273809,
        "var": 0.728448271751
    },
    "melbands_spread": {
        "dmean": 4.84777545929,
        "dmean2": 7.06026935577,
        "dvar": 39.0490112305,
        "dvar2": 73.5124435425,
        "max": 108.712226868,
        "mean": 19.9085922241,
        "median": 17.7039718628,
        "min": 2.69770073891,
        "var": 130.074432373
    },
    "pitch_salience": {
        "dmean": 0.0620211772621,
        "dmean2": 0.0984531193972,
        "dvar": 0.00477889785543,
        "dvar2": 0.0124881975353,
        "max": 0.806538522243,
        "mean": 0.49637183547,
        "median": 0.490847498178,
        "min": 0.19033677876,
        "var": 0.00819469615817
    },
    "silence_rate_20dB": {
        "dmean": 0,
        "dmean2": 0,
        "dvar": 0,
        "dvar2": 0,
        "max": 1,
        "mean": 1,
        "median": 1,
        "min": 1,
        "var": 0
    },
    "silence_rate_30dB": {
        "dmean": 0.0340557284653,
        "dmean2": 0.0681642144918,
        "dvar": 0.0328958295286,
        "dvar2": 0.0650669485331,
        "max": 1,
        "mean": 0.955143094063,
        "median": 1,
        "min": 0,
        "var": 0.0428441800177
    },
    "silence_rate_60dB": {
        "dmean": 0,
        "dmean2": 0,
        "dvar": 0,
        "dvar2": 0,
        "max": 0,
        "mean": 0,
        "median": 0,
        "min": 0,
        "var": 0
    },
    "spectral_centroid": {
        "dmean": 160.491195679,
        "dmean2": 244.687652588,
        "dvar": 28348.7871094,
        "dvar2": 60874.5585938,
        "max": 3111.93994141,
        "mean": 1029.65356445,
        "median": 963.117736816,
        "min": 301.474090576,
        "var": 114375.757812
    },
    "spectral_complexity": {
        "dmean": 2.33359122276,
        "dmean2": 3.77846622467,
        "dvar": 5.22386980057,
        "dvar2": 12.0903539658,
        "max": 33,
        "mean": 17.2034034729,
        "median": 17,
        "min": 8,
        "var": 11.4613656998
    },
    "spectral_decrease": {
        "dmean": 2.71872879765e-09,
        "dmean2": 3.83226828049e-09,
        "dvar": 3.62259977324e-17,
        "dvar2": 8.32078051175e-17,
        "max": -1.50056123083e-09,
        "mean": -8.56498338919e-09,
        "median": -6.55023058016e-09,
        "min": -6.97550959217e-08,
        "var": 6.0336373677e-17
    },
    "spectral_energy": {
        "dmean": 0.0109562687576,
        "dmean2": 0.0154354562983,
        "dvar": 0.000533827987965,
        "dvar2": 0.00122888758779,
        "max": 0.268592119217,
        "mean": 0.0345997363329,
        "median": 0.0269021913409,
        "min": 0.00644039129838,
        "var": 0.000890079245437
    },
    "spectral_energyband_high": {
        "dmean": 0.000539153406862,
        "dmean2": 0.000768816214986,
        "dvar": 5.35119079359e-06,
        "dvar2": 1.1116024325e-05,
        "max": 0.0252251438797,
        "mean": 0.000749063445255,
        "median": 0.00011448701116,
        "min": 2.58207037405e-05,
        "var": 7.58018722991e-06
    },
    "spectral_energyband_low": {
        "dmean": 0.0048939017579,
        "dmean2": 0.00659549701959,
        "dvar": 0.000322822306771,
        "dvar2": 0.000684079830535,
        "max": 0.181239664555,
        "mean": 0.00881255604327,
        "median": 0.00244716950692,
        "min": 9.1526618462e-07,
        "var": 0.000509320700075
    },
    "spectral_energyband_middle_high": {
        "dmean": 0.00288881943561,
        "dmean2": 0.00469239149243,
        "dvar": 1.5273973986e-05,
        "dvar2": 4.13768611907e-05,
        "max": 0.041821539402,
        "mean": 0.00715915858746,
        "median": 0.00575087079778,
        "min": 0.00116473960225,
        "var": 2.39586042881e-05
    },
    "spectral_energyband_middle_low": {
        "dmean": 0.00640674913302,
        "dmean2": 0.00982880219817,
        "dvar": 0.00019002953195,
        "dvar2": 0.000540451146662,
        "max": 0.161207690835,
        "mean": 0.0194867197424,
        "median": 0.0160883609205,
        "min": 0.00224939989857,
        "var": 0.000226417119848
    },
    "spectral_entropy": {
        "dmean": 0.14905898273,
        "dmean2": 0.214390814304,
        "dvar": 0.0345341674984,
        "dvar2": 0.0669036209583,
        "max": 8.43330574036,
        "mean": 6.91259670258,
        "median": 6.83270835876,
        "min": 6.03445100784,
        "var": 0.161385193467
    },
    "spectral_flux": {
        "dmean": 0.0267323125154,
        "dmean2": 0.0418916977942,
        "dvar": 0.00224954122677,
        "dvar2": 0.004175436683,
        "max": 0.474137365818,
        "mean": 0.0758612304926,
        "median": 0.0598118491471,
        "min": 0.0262235049158,
        "var": 0.00328284827992
    },
    "spectral_kurtosis": {
        "dmean": 3.07568764687,
        "dmean2": 5.34646892548,
        "dvar": 7.86248970032,
        "dvar2": 24.2991580963,
        "max": 31.1059112549,
        "mean": 7.83849859238,
        "median": 7.35506248474,
        "min": -0.42111492157,
        "var": 16.9409198761
    },
    "spectral_rms": {
        "dmean": 0.000780442380346,
        "dmean2": 0.00107336079236,
        "dvar": 1.37963138513e-06,
        "dvar2": 2.95524660032e-06,
        "max": 0.0161876827478,
        "mean": 0.00549834594131,
        "median": 0.00512308906764,
        "min": 0.00250665284693,
        "var": 3.52401912096e-06
    },
    "spectral_rolloff": {
        "dmean": 475.53125,
        "dmean2": 746.441650391,
        "dvar": 1187500.625,
        "dvar2": 1906148.625,
        "max": 10852.734375,
        "mean": 1454.98461914,
        "median": 1033.59375,
        "min": 86.1328125,
        "var": 2910658
    },
    "spectral_skewness": {
        "dmean": 0.314313918352,
        "dmean2": 0.530231833458,
        "dvar": 0.068857870996,
        "dvar2": 0.191895753145,
        "max": 4.05395889282,
        "mean": 2.0098335743,
        "median": 1.98805344105,
        "min": 0.647463977337,
        "var": 0.210048168898
    },
    "spectral_spread": {
        "dmean": 467270.59375,
        "dmean2": 659438.9375,
        "dvar": 659327418368,
        "dvar2": 930798895104,
        "max": 13690926,
        "mean": 3496857.75,
        "median": 2836054,
        "min": 1785893.875,
        "var": 3.3006789591e+12
    },
    "spectral_strongpeak": {
        "dmean": 0.741223096848,
        "dmean2": 1.23655033112,
        "dvar": 1.45364832878,
        "dvar2": 3.92311620712,
        "max": 19.939912796,
        "mean": 1.8305773735,
        "median": 1.68308711052,
        "min": 0.0874250754714,
        "var": 1.82261574268
    },
    "zerocrossingrate": {
        "dmean": 0.00896933395416,
        "dmean2": 0.009755034931,
        "dvar": 0.000296672718832,
        "dvar2": 0.00032673671376,
        "max": 0.2890625,
        "mean": 0.0519851483405,
        "median": 0.04248046875,
        "min": 0.0087890625,
        "var": 0.00151464156806
    },
    "barkbands": {
        "dmean": [4.02563018724e-05, 0.00382543541491, 0.0016166290734, 0.00134878663812, 0.00166370975785, 0.00155769777484, 0.00139277835842, 0.00138142891228, 0.000649259367492, 0.00131068262272, 0.000922944920603, 0.00067974528065, 0.000323881802615, 0.000462249299744, 0.00103817565832, 0.000122801284306, 0.000234629158513, 0.00012561956828, 0.000100462777482, 5.84931767662e-05, 4.07501029258e-05, 5.9218131355e-05, 0.000137271024869, 1.89983438759e-05, 0.000284882786218, 4.30802538176e-05, 5.07685893325e-09],
        "dmean2": [5.08429220645e-05, 0.00513019040227, 0.0029213654343, 0.00248273089528, 0.00281740678474, 0.00214837188832, 0.00202389829792, 0.00183621735778, 0.000883415516, 0.00169295049272, 0.00138587062247, 0.00112122879364, 0.000504726078361, 0.000816744228359, 0.00179003935773, 0.000212371742236, 0.000409604952438, 0.000213761930354, 0.000176529429154, 0.000100964229205, 6.75473420415e-05, 9.92990317172e-05, 0.000214577303268, 2.71522239927e-05, 0.000418707670178, 6.44445608486e-05, 6.35135233296e-09],
        "dvar": [1.88508657573e-08, 0.000228984921705, 4.27377599408e-05, 3.82197322324e-05, 3.20602630381e-05, 6.61969579596e-06, 4.68828466182e-06, 7.2982884376e-06, 1.07244295577e-06, 4.38718370788e-06, 2.73777641269e-06, 1.42384340052e-06, 2.44426956897e-07, 1.02976218841e-06, 4.25306325269e-06, 1.11081021714e-07, 1.55033504257e-07, 1.66839786431e-08, 1.65577223044e-08, 5.65943913955e-09, 5.48063816552e-09, 4.34623714796e-08, 3.59275617257e-07, 3.68212593749e-09, 1.98119823835e-06, 3.61071279542e-08, 1.17638214233e-14],
        "dvar2": [3.44207471414e-08, 0.000500651600305, 0.000125265942188, 0.000113246322144, 9.50759131229e-05, 1.40587781061e-05, 1.07039759314e-05, 1.28753881654e-05, 1.90928813026e-06, 7.92769151303e-06, 5.7231172832e-06, 3.97691610488e-06, 6.66121195536e-07, 2.94902679343e-06, 1.21573320939e-05, 3.18189563586e-07, 4.30256704931e-07, 4.71612224828e-08, 4.73140602253e-08, 1.61158428824e-08, 1.20854588559e-08, 1.00690542126e-07, 8.25660833925e-07, 6.96031454694e-09, 4.47640513812e-06, 8.14780207747e-08, 1.1768593607e-14],
        "max": [0.00195424584672, 0.160009533167, 0.0711465328932, 0.0603993982077, 0.0611053034663, 0.0408648103476, 0.0331568010151, 0.0773087590933, 0.0167597569525, 0.035500138998, 0.0210729427636, 0.0128822149709, 0.00602058460936, 0.00802248995751, 0.0226072054356, 0.00759285036474, 0.00473237363622, 0.00135532859713, 0.00137880921829, 0.000778704707045, 0.000887407106347, 0.00213661324233, 0.0072930934839, 0.000834685110021, 0.0166212171316, 0.00210450170562, 3.81363292945e-06],
        "mean": [6.76425042911e-05, 0.0057396995835, 0.00252788700163, 0.00127732485998, 0.00306285289116, 0.00424087094143, 0.00347004644573, 0.00375189632177, 0.00126357516274, 0.00287918350659, 0.00139832531568, 0.000949858687818, 0.000512969621923, 0.00053975766059, 0.0012537810253, 0.000161127361935, 0.000322504725773, 0.000212622253457, 0.00015275759506, 9.64788196143e-05, 7.25921345293e-05, 8.90463343239e-05, 0.000184238495422, 3.19057653542e-05, 0.000291824311716, 4.89603480673e-05, 4.79753792249e-09],
        "median": [2.83524741462e-06, 0.000595986377448, 0.001448208699, 0.000388688058592, 0.0018305539852, 0.00280317896977, 0.00191721483134, 0.00114557472989, 0.000662696489599, 0.000717012095265, 0.000335484655807, 0.000402002275223, 0.000298027269309, 0.000210631391383, 0.00077213003533, 7.88063480286e-05, 0.000163863689522, 0.000174663728103, 0.00010258887778, 6.74391703797e-05, 3.77101023332e-05, 2.32027578022e-05, 1.11871813715e-05, 4.62056277684e-06, 1.89737761502e-06, 7.75375212925e-07, 5.53030399253e-10],
        "min": [1.70809366651e-09, 8.85505642145e-08, 1.14911287596e-07, 7.03800196789e-07, 3.9615566493e-05, 3.48820831277e-05, 9.36944252317e-06, 5.24503320776e-06, 8.06911430118e-06, 1.35263890115e-05, 3.38512336384e-06, 7.33185743229e-06, 2.07056109502e-06, 5.48418393009e-06, 1.25490005303e-05, 2.94403662338e-06, 8.65444872034e-06, 7.6806609286e-06, 9.33916453505e-06, 2.18325612877e-06, 6.12403982814e-06, 2.97156952911e-06, 5.07183415266e-07, 9.66750874909e-08, 6.73023450304e-08, 4.83861735401e-11, 2.41569889092e-11],
        "var": [4.16106828993e-08, 0.000334671931341, 2.7141701139e-05, 2.14658466575e-05, 2.22252347157e-05, 2.08148194361e-05, 1.74530068762e-05, 4.15078757214e-05, 3.20580352309e-06, 2.19555458898e-05, 6.04844672125e-06, 2.14722922465e-06, 4.12061751831e-07, 8.70364090133e-07, 3.25660425915e-06, 8.61497611027e-08, 2.32199809602e-07, 2.59023114069e-08, 2.24867982013e-08, 8.90861695524e-09, 1.24546861713e-08, 6.96389292898e-08, 4.80682729176e-07, 8.68464145043e-09, 2.18264585783e-06, 4.27845989748e-08, 1.17656501675e-14]
    },
    "erbbands": {
        "dmean": [0.10665512085, 0.896687328815, 1.77841389179, 3.28925704956, 5.90310621262, 4.66864347458, 8.06755161285, 13.1695051193, 20.2392730713, 15.3299646378, 37.0582466125, 19.8962211609, 48.7009162903, 37.3974075317, 16.8309555054, 34.2088890076, 14.5215568542, 21.9443874359, 49.433757782, 25.240524292, 10.7555952072, 6.61183691025, 7.02648496628, 4.89717483521, 5.24809503555, 2.5187356472, 1.74218463898, 1.32191562653, 1.82005476952, 5.60117530823, 1.70641636848, 0.506849884987, 0.463071316481, 2.51951432228, 2.2159948349, 0.37587594986, 0.0235077030957, 0.0010999222286, 5.3051404393e-05, 1.91804811038e-05],
        "dmean2": [0.130271196365, 1.27322030067, 3.15579509735, 6.10738372803, 10.2756147385, 8.10234355927, 11.2399053574, 18.6318874359, 28.923406601, 21.6636199951, 49.3448448181, 26.4385261536, 61.1213798523, 55.7233924866, 26.6789741516, 56.3650131226, 22.7653846741, 37.0485801697, 85.9240112305, 44.4115524292, 18.5484619141, 11.5256538391, 11.9413347244, 8.53975963593, 9.21375274658, 4.33339881897, 2.95404648781, 2.16658473015, 3.09258270264, 9.09430027008, 2.58747577667, 0.803075432777, 0.708114027977, 3.73584127426, 3.25001478195, 0.553502321243, 0.0358745157719, 0.00172367400955, 7.82891947892e-05, 2.69888041657e-05],
        "dvar": [0.163292497396, 13.1717424393, 48.9119262695, 242.39541626, 488.512908936, 291.856781006, 296.588562012, 526.881347656, 1545.44665527, 376.83770752, 5583.29931641, 933.214477539, 6960.42089844, 3935.93188477, 972.686157227, 3646.125, 434.595489502, 1287.14221191, 15045, 1998.02258301, 304.168029785, 118.309379578, 66.5748672485, 54.3844985962, 54.438999176, 12.6999750137, 6.80279874802, 14.7794618607, 41.3237724304, 582.188964844, 48.7787857056, 3.25063419342, 2.87473511696, 153.548843384, 118.681114197, 2.95964670181, 0.00600596563891, 1.19933120004e-05, 3.8872023822e-08, 1.80979009556e-09],
        "dvar2": [0.303490459919, 30.8490543365, 138.197647095, 715.073547363, 1457.65942383, 858.353210449, 606.414916992, 1189.59069824, 3421.34545898, 769.419372559, 9866.27246094, 1661.06335449, 12614.8134766, 8096.55859375, 2592.49853516, 10161.9697266, 1155.26464844, 3526.47680664, 43180.078125, 5689.28955078, 836.009460449, 318.518859863, 189.021347046, 155.844604492, 159.913040161, 34.7539672852, 17.5051021576, 34.3390274048, 109.217224121, 1236.08752441, 95.5805664062, 7.60342168808, 5.83406925201, 352.946807861, 263.362945557, 6.68986606598, 0.0115359853953, 2.67094565061e-05, 8.22590706662e-08, 3.94556431971e-09],
        "max": [3.67057180405, 39.6029930115, 72.6923675537, 158.634002686, 274.839508057, 150.977706909, 375.834075928, 364.351043701, 654.168518066, 249.280776978, 2138.18945312, 494.835388184, 1314.7590332, 840.241638184, 595.720581055, 653.228637695, 253.122161865, 310.40536499, 1393.21032715, 332.157318115, 237.175064087, 137.234634399, 87.6000671387, 118.939048767, 85.2812652588, 36.9010238647, 35.4542770386, 42.3597259521, 76.4909515381, 295.047607422, 81.551651001, 23.9561023712, 19.9608974457, 141.06288147, 132.054748535, 18.0181331635, 0.766530334949, 0.035683453083, 0.00217191874981, 0.000433848385001],
        "mean": [0.172168940306, 1.27696871758, 2.91924166679, 3.46000123024, 9.59702777863, 7.34892034531, 18.975566864, 33.1216621399, 52.7869606018, 38.9968147278, 101.218696594, 46.8696022034, 108.559516907, 63.1384429932, 27.0736408234, 48.4282188416, 24.5753631592, 33.0701446533, 60.2404098511, 30.4622459412, 16.2911720276, 10.470290184, 12.0270767212, 8.10520172119, 8.40050697327, 4.33207702637, 3.13924527168, 2.31809401512, 2.61843419075, 8.17052459717, 2.67462015152, 0.837813973427, 0.708792626858, 2.52315211296, 2.36804986, 0.426154792309, 0.0285401344299, 0.00117706251331, 7.29443781893e-05, 4.7981950047e-05],
        "median": [0.00741470651701, 0.193950667977, 1.62896072865, 1.29723072052, 3.86842894554, 4.43790960312, 8.88991832733, 21.2774391174, 26.1578273773, 25.0476589203, 30.0474758148, 29.551618576, 21.8251037598, 24.2009677887, 15.1817121506, 20.4299716949, 15.8305797577, 20.3182487488, 34.4015922546, 15.0210542679, 9.59062004089, 6.29945707321, 9.51116466522, 5.26055145264, 5.51374864578, 2.88165807724, 1.97917556763, 1.00967609882, 0.966647028923, 0.526460468769, 0.270046591759, 0.12372828275, 0.0561226904392, 0.0297006182373, 0.0127599518746, 0.00513730989769, 0.00120200857054, 5.8316571085e-05, 1.88865324162e-05, 3.36878256348e-05],
        "min": [9.38537596085e-06, 8.00943598733e-05, 0.000488514895551, 0.0105274226516, 0.0392678901553, 0.173821657896, 0.333108842373, 0.512511610985, 0.364843279123, 0.680885970592, 0.79155164957, 0.915598988533, 0.975777924061, 0.60853010416, 0.512282013893, 0.656383514404, 0.630083739758, 1.19978117943, 1.43296980858, 1.35341286659, 0.831463992596, 0.680778741837, 0.705438315868, 0.829419493675, 0.716490864754, 0.37790247798, 0.309181451797, 0.135198459029, 0.120673514903, 0.0613892115653, 0.0317284651101, 0.0160102136433, 0.00423082103953, 0.0027170276735, 0.000140190400998, 2.91640662908e-05, 6.73738486512e-06, 1.71879958089e-06, 4.97268365507e-06, 9.79993183137e-06],
        "var": [0.311973631382, 16.3374462128, 35.149520874, 137.756896973, 344.96206665, 180.622375488, 945.201171875, 1518.50024414, 5290.60742188, 1516.88208008, 31136.4277344, 3040.12280273, 33294.0117188, 9185.765625, 1339.33569336, 5447.75830078, 748.67578125, 1483.47167969, 10268.2392578, 1767.08837891, 460.36541748, 168.628936768, 101.313316345, 67.5010223389, 76.8236541748, 18.7288742065, 12.9671821594, 23.7047996521, 45.99061203, 918.901123047, 85.6498718262, 6.19590234756, 5.37515449524, 165.003890991, 136.432830811, 3.49416851997, 0.00939863920212, 1.54488097905e-05, 5.04334423113e-08, 2.5733934983e-09]
    },
    "gfcc": {
        "mean": [-0.782725870609, 123.967697144, -143.609115601, 15.8785266876, -65.5121383667, 4.13955974579, -38.9507598877, 3.22311687469, -19.4977874756, 2.33544492722, -14.4459104538, -6.91621637344, -9.0189704895],
        "cov": [[995.412719727, -753.424499512, 388.662750244, -113.784240723, -153.606201172, 246.044525146, -189.174087524, 113.093254089, -96.0992202759, 139.141098022, -157.952575684, 124.282447815, -58.3592071533], [-753.424499512, 1771.36914062, -110.603340149, 438.595581055, 606.170166016, -191.024124146, 601.958862305, -97.4754562378, 304.45916748, -200.487594604, 295.698181152, -188.289489746, 156.517242432], [388.662750244, -110.603340149, 397.827728271, 84.5313873291, 33.2700195312, 139.524002075, 14.7687864304, 68.2984695435, -6.47840881348, 72.5974121094, -40.6262512207, 46.0938987732, -10.8177595139], [-113.784240723, 438.595581055, 84.5313873291, 335.767059326, 239.868026733, 50.4820480347, 209.458450317, -3.57996630669, 121.778663635, -30.1843852997, 95.6420059204, -60.0314445496, 49.7255363464], [-153.606201172, 606.170166016, 33.2700195312, 239.868026733, 369.627746582, 27.2438163757, 235.282394409, 2.26028490067, 133.01385498, -28.8782329559, 100.280700684, -51.4864845276, 17.4729042053], [246.044525146, -191.024124146, 139.524002075, 50.4820480347, 27.2438163757, 186.329788208, 11.7323617935, 52.8157844543, 5.46640253067, 42.7382354736, -27.918138504, 29.6748924255, -18.127784729], [-189.174087524, 601.958862305, 14.7687864304, 209.458450317, 235.282394409, 11.7323617935, 318.354064941, 10.1278390884, 127.078521729, -55.8512001038, 101.603752136, -58.4090118408, 66.8281707764], [113.093254089, -97.4754562378, 68.2984695435, -3.57996630669, 2.26028490067, 52.8157844543, 10.1278390884, 88.2542953491, 19.4312019348, 28.9927825928, -21.3379306793, 24.8057918549, -15.1614093781], [-96.0992202759, 304.45916748, -6.47840881348, 121.778663635, 133.01385498, 5.46640253067, 127.078521729, 19.4312019348, 145.158660889, -6.41011095047, 61.774143219, -33.283290863, 32.9645652771], [139.141098022, -200.487594604, 72.5974121094, -30.1843852997, -28.8782329559, 42.7382354736, -55.8512001038, 28.9927825928, -6.41011095047, 104.177330017, -14.1422634125, 34.908706665, -27.5299129486], [-157.952575684, 295.698181152, -40.6262512207, 95.6420059204, 100.280700684, -27.918138504, 101.603752136, -21.3379306793, 61.774143219, -14.1422634125, 119.364379883, -11.7347326279, 33.8400840759], [124.282447815, -188.289489746, 46.0938987732, -60.0314445496, -51.4864845276, 29.6748924255, -58.4090118408, 24.8057918549, -33.283290863, 34.908706665, -11.7347326279, 100.335990906, 15.3186845779], [-58.3592071533, 156.517242432, -10.8177595139, 49.7255363464, 17.4729042053, -18.127784729, 66.8281707764, -15.1614093781, 32.9645652771, -27.5299129486, 33.8400840759, 15.3186845779, 109.892318726]],
        "icov": [[0.00311445863917, 0.00139989156742, -0.00259111286141, 0.00140135816764, -0.00116327486467, -0.00114025326911, -0.000218793953536, 0.000308110640617, -0.000822229136247, 0.000445456214948, 0.000313374737743, 6.65066327201e-05, -0.000804153154604], [0.00139989156742, 0.0120880957693, -0.00544499559328, 0.00516980327666, -0.0109673049301, 0.00937798246741, -0.00918956845999, 0.00584126031026, -0.0059702238068, 0.00869592186064, -0.00794141646475, 0.00603974191472, -0.00409068772569], [-0.00259111286141, -0.00544499559328, 0.00828420650214, -0.00501809129491, 0.00489518372342, -0.00411105761304, 0.00297010201029, -0.00378107535653, 0.00426231976599, -0.00588218262419, 0.00479736551642, -0.00370396766812, 0.00196782685816], [0.00140135816764, 0.00516980327666, -0.00501809129491, 0.0114231705666, -0.0076247882098, 0.00110575940926, -0.00404344219714, 0.00351576972753, -0.00427040550858, 0.00468293298036, -0.00641936575994, 0.00652136607096, -0.00442133750767], [-0.00116327486467, -0.0109673049301, 0.00489518372342, -0.0076247882098, 0.0174902379513, -0.00848935730755, 0.00472566811368, -0.00365656148642, 0.00280278595164, -0.00765227759257, 0.00679797492921, -0.00758051639423, 0.00758070824668], [-0.00114025326911, 0.00937798246741, -0.00411105761304, 0.00110575940926, -0.00848935730755, 0.0179381724447, -0.00855109188706, 0.00255088857375, -0.00424772826955, 0.00567353423685, -0.00447231112048, 0.00258261780255, -0.0012937906431], [-0.000218793953536, -0.00918956845999, 0.00297010201029, -0.00404344219714, 0.00472566811368, -0.00855109188706, 0.0172300636768, -0.00821998249739, 0.00351395411417, -0.00385205517523, 0.00268046883866, -0.000704260310158, -0.00142608582973], [0.000308110640617, 0.00584126031026, -0.00378107535653, 0.00351576972753, -0.00365656148642, 0.00255088857375, -0.00821998249739, 0.022394856438, -0.00908170174807, 0.00299176760018, 0.000502183043864, -0.002939022379, 0.00270045315847], [-0.000822229136247, -0.0059702238068, 0.00426231976599, -0.00427040550858, 0.00280278595164, -0.00424772826955, 0.00351395411417, -0.00908170174807, 0.0184260979295, -0.00739306071773, 0.000891423376743, 0.00137552374508, -0.00196335487999], [0.000445456214948, 0.00869592186064, -0.00588218262419, 0.00468293298036, -0.00765227759257, 0.00567353423685, -0.00385205517523, 0.00299176760018, -0.00739306071773, 0.0217081904411, -0.00861699879169, 0.0016499053454, 0.000140519288834], [0.000313374737743, -0.00794141646475, 0.00479736551642, -0.00641936575994, 0.00679797492921, -0.00447231112048, 0.00268046883866, 0.000502183043864, 0.000891423376743, -0.00861699879169, 0.0229198634624, -0.00962274242193, 0.003332140157], [6.65066327201e-05, 0.00603974191472, -0.00370396766812, 0.00652136607096, -0.00758051639423, 0.00258261780255, -0.000704260310158, -0.002939022379, 0.00137552374508, 0.0016499053454, -0.00962274242193, 0.0228364653885, -0.0104477368295], [-0.000804153154604, -0.00409068772569, 0.00196782685816, -0.00442133750767, 0.00758070824668, -0.0012937906431, -0.00142608582973, 0.00270045315847, -0.00196335487999, 0.000140519288834, 0.003332140157, -0.0104477368295, 0.0175688751042]]
    },
    "melbands": {
        "dmean": [0.00103263952769, 0.000940186961088, 0.000651947048027, 0.000392886606278, 0.00024838783429, 0.000317745521897, 0.000313161523081, 0.000160683717695, 0.000280862936052, 0.000129562802613, 0.000237146305153, 0.000140201853355, 7.35619323677e-05, 8.04307637736e-05, 3.86765241274e-05, 4.40878575318e-05, 4.29166029789e-05, 7.21346441424e-05, 7.53709537094e-05, 1.19684355013e-05, 1.61365642271e-05, 1.04133005152e-05, 5.17627813679e-06, 5.9194694586e-06, 4.04440697821e-06, 4.33647937825e-06, 2.80419567389e-06, 1.57464933181e-06, 8.32008311136e-07, 1.51536494286e-06, 7.31224531592e-07, 1.11885697152e-06, 1.36267260586e-06, 4.48682294518e-06, 1.01244233974e-06, 7.2168808174e-07, 1.75634951916e-07, 2.63171443748e-07, 3.82310759051e-07, 3.21829111272e-06],
        "dmean2": [0.00133142701816, 0.00150065799244, 0.00118411809672, 0.000682376674376, 0.000360421428923, 0.00044215444359, 0.000443231023382, 0.000225364725338, 0.00037370013888, 0.000170117549715, 0.000297688558931, 0.000210169397178, 0.000112832814921, 0.00013306621986, 6.33745294181e-05, 6.86951025273e-05, 7.33403940103e-05, 0.000126453713165, 0.000130399654154, 2.12168833968e-05, 2.79479245364e-05, 1.81561445061e-05, 8.90738738235e-06, 1.00490451587e-05, 7.05758247932e-06, 7.63659681979e-06, 4.87774696012e-06, 2.71899057225e-06, 1.43481020132e-06, 2.54120777754e-06, 1.19972344237e-06, 2.00183649213e-06, 2.16214880311e-06, 7.10226822775e-06, 1.53849134676e-06, 1.17010097256e-06, 2.69363624739e-07, 4.12073262623e-07, 6.44254214421e-07, 4.81170309286e-06],
        "dvar": [1.61658990692e-05, 1.31757260533e-05, 8.47648425406e-06, 2.10449070437e-06, 3.22156438415e-07, 3.24223293546e-07, 2.99902836787e-07, 3.48937376771e-08, 3.3542872302e-07, 4.07386089307e-08, 1.712621156e-07, 5.47094103354e-08, 1.63635291983e-08, 1.953488038e-08, 4.19418411113e-09, 4.64248417487e-09, 5.88810866731e-09, 4.02605806471e-08, 1.84392803249e-08, 1.0886764823e-09, 7.23429205429e-10, 3.08886249911e-10, 4.63817317886e-11, 3.9165611726e-11, 4.8862369012e-11, 5.5327357279e-11, 1.33949691616e-11, 5.39561928123e-12, 1.38079001358e-12, 6.98041060718e-12, 6.26979154358e-12, 1.66918458222e-11, 2.52819102459e-11, 3.71919217645e-10, 1.59831783225e-11, 8.49653507273e-12, 2.50687193443e-13, 8.61730337694e-13, 2.99450655245e-12, 2.58934179653e-10],
        "dvar2": [3.30790353473e-05, 3.34419237333e-05, 2.51819546975e-05, 6.2539420469e-06, 7.57340558266e-07, 7.06389528204e-07, 6.59334602915e-07, 7.01199454056e-08, 5.94576533786e-07, 7.20472712601e-08, 3.10529259195e-07, 1.13540131963e-07, 3.76283821879e-08, 5.50577929914e-08, 1.14586624633e-08, 1.26578454385e-08, 1.6031751926e-08, 1.16080244084e-07, 5.28296162372e-08, 3.1187779026e-09, 1.97622251896e-09, 8.413814645e-10, 1.31730099051e-10, 1.05665927397e-10, 1.40338823895e-10, 1.62887120458e-10, 3.90267540507e-11, 1.47101740511e-11, 3.63347221234e-12, 1.66044226979e-11, 1.61501801516e-11, 4.71337274766e-11, 5.70780644971e-11, 8.17504508532e-10, 3.02775859939e-11, 2.12132134775e-11, 5.52906190884e-13, 1.91744623651e-12, 7.97538771136e-12, 6.07040973044e-10],
        "max": [0.0382615923882, 0.037364769727, 0.0293268822134, 0.0161816496402, 0.0102524990216, 0.00960966572165, 0.00896481703967, 0.00236098305322, 0.0167047269642, 0.00330847851001, 0.00662698736414, 0.00307933660224, 0.00167385768145, 0.00144202320371, 0.000727979524527, 0.000815586943645, 0.000698386051226, 0.00221271906048, 0.00111482397188, 0.000738348870073, 0.0003683938412, 0.000217105844058, 7.33609849703e-05, 0.000101214936876, 0.00011192963575, 8.22727597551e-05, 3.63849576388e-05, 2.10060716199e-05, 1.483890901e-05, 3.13975251629e-05, 2.94757828669e-05, 4.48930404673e-05, 6.23078813078e-05, 0.00024061066506, 4.92191611556e-05, 3.7438578147e-05, 6.18858666712e-06, 1.18818470582e-05, 1.96369419427e-05, 0.000180921939318],
        "mean": [0.00158351811115, 0.00158975005616, 0.000818833417725, 0.000625683635008, 0.000548858079128, 0.000814527098555, 0.000835308921523, 0.000425541424192, 0.000757929694373, 0.000270634831395, 0.000522605027072, 0.000225744472118, 0.000112881483801, 0.000115879221994, 5.65593982174e-05, 6.94203481544e-05, 5.83051623835e-05, 8.34851598484e-05, 8.82263266249e-05, 1.39316680361e-05, 2.31459962379e-05, 1.47769314935e-05, 7.69834878156e-06, 1.04330174509e-05, 5.73017950956e-06, 6.43178782411e-06, 4.52288941233e-06, 2.44031821239e-06, 1.41074951898e-06, 2.54684300671e-06, 9.75023681349e-07, 1.33396622459e-06, 1.96893847715e-06, 6.01849342274e-06, 1.43902911987e-06, 1.018256512e-06, 2.72897977993e-07, 3.86872073932e-07, 4.50085764214e-07, 3.05682760882e-06],
        "median": [0.000114812013635, 0.000681026489474, 0.000386192870792, 0.000289232062642, 0.000254741578829, 0.000508338853251, 0.000434660032624, 0.000309392664349, 0.000210171434446, 0.000154182707774, 8.88704526005e-05, 8.65105903358e-05, 3.98837328248e-05, 5.09700803377e-05, 2.61856785073e-05, 3.88029657188e-05, 2.53207508649e-05, 3.99216951337e-05, 4.31321095675e-05, 6.17430987404e-06, 1.19736369015e-05, 7.89808655099e-06, 5.04512854604e-06, 8.18161788629e-06, 2.52166319115e-06, 2.71588464784e-06, 2.9887544315e-06, 1.50074629346e-06, 9.29293776153e-07, 1.34700485432e-06, 3.10565724249e-07, 6.24537392468e-07, 2.36982330648e-07, 2.74315425486e-07, 1.55167725779e-07, 1.09658699898e-07, 5.93100253354e-08, 3.88809304752e-08, 3.27811235934e-08, 2.43897684271e-08],
        "min": [2.4913486385e-08, 1.42961241067e-07, 3.33354336135e-07, 3.43781516676e-06, 8.27288477012e-06, 6.47399474474e-06, 4.62864318251e-06, 2.43475369643e-06, 1.23858694678e-06, 2.41448742599e-06, 1.46281672642e-06, 1.63037452694e-06, 4.54619538459e-07, 7.24815777176e-07, 1.23767995319e-06, 3.79071281031e-07, 1.01469311176e-06, 1.41262569286e-06, 6.35836556739e-07, 1.87518708117e-07, 8.39968663513e-07, 3.94137998683e-07, 9.05219437186e-08, 5.80969469866e-07, 8.66944702693e-08, 6.59029026906e-08, 1.48772443254e-07, 1.91251530168e-08, 1.02285845571e-07, 1.11873148967e-07, 2.73803890671e-09, 7.15442425303e-08, 1.49276431216e-08, 7.17041848119e-09, 1.1484158513e-08, 4.96565011332e-09, 5.28961541235e-09, 1.11377018719e-10, 1.05854283672e-11, 6.78843092849e-10],
