{
"highlevel": {
    "danceability": {
        "all": {
            "danceable": 0.71413064003,
            "not_danceable": 0.28586935997
        },
        "probability": 0.71413064003,
        "value": "danceable"
    },
    "gender": {
        "all": {
            "female": 0.337544292212,
            "male": 0.662455677986
        },
        "probability": 0.662455677986,
        "value": "male"
    },
    "genre_dortmund": {
        "all": {
            "alternative": 0.207171201706,
            "blues": 0.0320282652974,
            "electronic": 0.0611486658454,
            "folkcountry": 0.0457816720009,
            "funksoulrnb": 0.00356035516597,
            "jazz": 0.00896855257452,
            "pop": 0.0274417456239,
            "raphiphop": 0.0307168085128,
            "rock": 0.583182752132
        },
        "probability": 0.583182752132,
        "value": "rock"
    },
    "genre_electronic": {
        "all": {
            "ambient": 0.340999156237,
            "dnb": 0.125372499228,
            "house": 0.0494004786015,
            "techno": 0.0184729602188,
            "trance": 0.465754896402
        },
        "probability": 0.465754896402,
        "value": "trance"
    },
    "genre_rosamerica": {
        "all": {
            "cla": 0.00408989842981,
            "dan": 0.209142789245,
            "hip": 0.00689950212836,
            "jaz": 0.00269050197676,
            "pop": 0.0748993754387,
            "rhy": 0.0110028143972,
            "roc": 0.689159631729,
            "spe": 0.00211549154483
        },
        "probability": 0.689159631729,
        "value": "roc"
    },
    "genre_tzanetakis": {
        "all": {
            "blu": 0.0626541376114,
            "cla": 0.0348133966327,
            "cou": 0.0783501937985,
            "dis": 0.104547761381,
            "hip": 0.15693578124,
            "jaz": 0.313987255096,
            "met": 0.044816005975,
            "pop": 0.0627349764109,
            "reg": 0.0627352520823,
            "roc": 0.0784252434969
        },
        "probability": 0.313987255096,
        "value": "jaz"
    },
    "ismir04_rhythm": {
        "all": {
            "ChaChaCha": 0.0965754464269,
            "Jive": 0.681382834911,
            "Quickstep": 0.00740999076515,
            "Rumba-American": 0.0249106660485,
            "Rumba-International": 0.0234315972775,
            "Rumba-Misc": 0.0062765381299,
            "Samba": 0.0686552003026,
            "Tango": 0.0258862059563,
            "VienneseWaltz": 0.0586579628289,
            "Waltz": 0.00681354291737
        },
        "probability": 0.681382834911,
        "value": "Jive"
    },
    "mood_acoustic": {
        "all": {
            "acoustic": 0.0110850734636,
            "not_acoustic": 0.988914906979
        },
        "probability": 0.988914906979,
        "value": "not_acoustic"
    },
    "mood_aggressive": {
        "all": {
            "aggressive": 0.802654087543,
            "not_aggressive": 0.197345882654
        },
        "probability": 0.802654087543,
        "value": "aggressive"
    },
    "mood_electronic": {
        "all": {
            "electronic": 0.276779919863,
            "not_electronic": 0.723220050335
        },
        "probability": 0.723220050335,
        "value": "not_electronic"
    },
    "mood_happy": {
        "all": {
            "happy": 0.311501801014,
            "not_happy": 0.688498198986
        },
        "probability": 0.688498198986,
        "value": "not_happy"
    },
    "mood_party": {
        "all": {
            "not_party": 0.443388342857,
            "party": 0.556611657143
        },
        "probability": 0.556611657143,
        "value": "party"
    },
    "mood_relaxed": {
        "all": {
            "not_relaxed": 0.906040668488,
            "relaxed": 0.0939593613148
        },
        "probability": 0.906040668488,
        "value": "not_relaxed"
    },
    "mood_sad": {
        "all": {
            "not_sad": 0.886801838875,
            "sad": 0.113198138773
        },
        "probability": 0.886801838875,
        "value": "not_sad"
    },
    "moods_mirex": {
        "all": {
            "Cluster1": 0.146631941199,
            "Cluster2": 0.0399402044713,
            "Cluster3": 0.139550983906,
            "Cluster4": 0.0613703094423,
            "Cluster5": 0.612506568432
        },
        "probability": 0.612506568432,
        "value": "Cluster5"
    },
    "timbre": {
        "all": {
            "bright": 0.626021504402,
            "dark": 0.373978465796
        },
        "probability": 0.626021504402,
        "value": "bright"
    },
    "tonal_atonal": {
        "all": {
            "atonal": 0.0106133213267,
            "tonal": 0.989386677742
        },
        "probability": 0.989386677742,
        "value": "tonal"
    },
    "voice_instrumental": {
        "all": {
            "instrumental": 0.00480833416805,
            "voice": 0.995191693306
        },
        "probability": 0.995191693306,
        "value": "voice"
    }
},
"lowlevel": {
    "average_loudness": 0.969254672527,
    "barkbands_crest": {
        "dmean": 2.37880277634,
        "dmean2": 3.83968448639,
        "dvar": 4.86611366272,
        "dvar2": 11.3239498138,
        "max": 20.8769493103,
        "mean": 9.73170852661,
        "median": 9.24619579315,
        "min": 3.17845463753,
        "var": 14.1356716156
    },
    "barkbands_flatness_db": {
        "dmean": 0.0196915399283,
        "dmean2": 0.0305606368929,
        "dvar": 0.000400196877308,
        "dvar2": 0.000796362757683,
        "max": 0.372546255589,
        "mean": 0.136116057634,
        "median": 0.122219629586,
        "min": 0.0555782727897,
        "var": 0.00276490417309
    },
    "barkbands_kurtosis": {
        "dmean": 3.03026795387,
        "dmean2": 4.88766050339,
        "dvar": 48.56042099,
        "dvar2": 112.281867981,
        "max": 109.413291931,
        "mean": 4.65982866287,
        "median": 1.26656389236,
        "min": -1.73009037971,
        "var": 114.003890991
    },
    "barkbands_skewness": {
        "dmean": 0.523333311081,
        "dmean2": 0.823049962521,
        "dvar": 0.351188570261,
        "dvar2": 0.761254072189,
        "max": 7.70864152908,
        "mean": 1.64401805401,
        "median": 1.33933758736,
        "min": -0.451617509127,
        "var": 1.47714400291
    },
    "barkbands_spread": {
        "dmean": 5.48840999603,
        "dmean2": 8.4226398468,
        "dvar": 36.2922973633,
        "dvar2": 82.1485519409,
        "max": 83.7270355225,
        "mean": 23.7116832733,
        "median": 23.7681236267,
        "min": 0.982068777084,
        "var": 134.307769775
    },
    "dissonance": {
        "dmean": 0.0141870388761,
        "dmean2": 0.0237140301615,
        "dvar": 0.000154600536916,
        "dvar2": 0.000394993519876,
        "max": 0.49972820282,
        "mean": 0.472036838531,
        "median": 0.476412534714,
        "min": 0.353558629751,
        "var": 0.000362698890967
    },
    "dynamic_complexity": 2.40610265732,
    "erbbands_crest": {
        "dmean": 2.20082616806,
        "dmean2": 3.60930085182,
        "dvar": 4.12721347809,
        "dvar2": 10.5184144974,
        "max": 24.8378314972,
        "mean": 7.9176568985,
        "median": 6.94120645523,
        "min": 2.51080012321,
        "var": 14.4914007187
    },
    "erbbands_flatness_db": {
        "dmean": 0.0131238447502,
        "dmean2": 0.0189345385879,
        "dvar": 0.000137280323543,
        "dvar2": 0.000269762706012,
        "max": 0.294226706028,
        "mean": 0.145145729184,
        "median": 0.133460909128,
        "min": 0.067927621305,
        "var": 0.00211942638271
    },
    "erbbands_kurtosis": {
        "dmean": 0.600656509399,
        "dmean2": 0.942865610123,
        "dvar": 0.518018603325,
        "dvar2": 1.21738731861,
        "max": 8.47115135193,
        "mean": 0.0270254481584,
        "median": -0.287700653076,
        "min": -1.87660956383,
        "var": 1.69509291649
    },
    "erbbands_skewness": {
        "dmean": 0.285408198833,
        "dmean2": 0.44582849741,
        "dvar": 0.0624297223985,
        "dvar2": 0.145250603557,
        "max": 2.88330459595,
        "mean": 0.203065991402,
        "median": 0.0892725065351,
        "min": -1.41568255424,
        "var": 0.403822898865
    },
    "erbbands_spread": {
        "dmean": 8.11265277863,
        "dmean2": 12.1401348114,
        "dvar": 80.012550354,
        "dvar2": 167.420288086,
        "max": 128.575317383,
        "mean": 41.9796485901,
        "median": 36.6596183777,
        "min": 9.95087242126,
        "var": 388.493652344
    },
    "hfc": {
        "dmean": 5.82737112045,
        "dmean2": 7.99880838394,
        "dvar": 71.9138412476,
        "dvar2": 128.106002808,
        "max": 121.532058716,
        "mean": 25.3307209015,
        "median": 24.1209888458,
        "min": 1.26097893715,
        "var": 340.272674561
    },
    "melbands_crest": {
        "dmean": 3.85714673996,
        "dmean2": 5.99150466919,
        "dvar": 13.829117775,
        "dvar2": 32.1091499329,
        "max": 35.7579536438,
        "mean": 15.8780736923,
        "median": 15.6759958267,
        "min": 3.65173387527,
        "var": 32.4541244507
    },
    "melbands_flatness_db": {
        "dmean": 0.0243030507118,
        "dmean2": 0.036246728152,
        "dvar": 0.000628040928859,
        "dvar2": 0.00122262979858,
        "max": 0.484969317913,
        "mean": 0.189907342196,
        "median": 0.177273765206,
        "min": 0.0681086778641,
        "var": 0.00453171040863
    },
    "melbands_kurtosis": {
        "dmean": 8.08761978149,
        "dmean2": 13.04246521,
        "dvar": 219.500747681,
        "dvar2": 528.733520508,
        "max": 190.957565308,
        "mean": 15.8730335236,
        "median": 7.62521934509,
        "min": -0.876240253448,
        "var": 536.169067383
    },
    "melbands_skewness": {
        "dmean": 0.769673645496,
        "dmean2": 1.19350612164,
        "dvar": 0.772799730301,
        "dvar2": 1.7461836338,
        "max": 11.1941480637,
        "mean": 2.92558765411,
        "median": 2.49153184891,
        "min": -0.0453316122293,
        "var": 3.17000722885
    },
    "melbands_spread": {
        "dmean": 5.85194587708,
        "dmean2": 9.25252532959,
        "dvar": 40.040222168,
        "dvar2": 92.5932693481,
        "max": 73.7010040283,
        "mean": 22.4391155243,
        "median": 21.2065086365,
        "min": 0.819367825985,
        "var": 147.441726685
    },
    "pitch_salience": {
        "dmean": 0.0655521228909,
        "dmean2": 0.104546263814,
        "dvar": 0.00344331632368,
        "dvar2": 0.0084529677406,
        "max": 0.764925062656,
        "mean": 0.535512506962,
        "median": 0.540038824081,
        "min": 0.131363421679,
        "var": 0.00841947086155
    },
    "silence_rate_20dB": {
        "dmean": 0,
        "dmean2": 0,
        "dvar": 0,
        "dvar2": 0,
        "max": 1,
        "mean": 1,
        "median": 1,
        "min": 1,
        "var": 0
    },
    "silence_rate_30dB": {
        "dmean": 0.0154798757285,
        "dmean2": 0.0309837330133,
        "dvar": 0.0152403190732,
        "dvar2": 0.0455156415701,
        "max": 1,
        "mean": 0.992266058922,
        "median": 1,
        "min": 0,
        "var": 0.00767413154244
    },
    "silence_rate_60dB": {
        "dmean": 0.0147058824077,
        "dmean2": 0.0286599528044,
        "dvar": 0.0144894337282,
        "dvar2": 0.0324857831001,
        "max": 1,
        "mean": 0.0355761796236,
        "median": 0,
        "min": 0,
        "var": 0.0343107283115
    },
    "spectral_centroid": {
        "dmean": 228.006088257,
        "dmean2": 358.145477295,
        "dvar": 51377.8476562,
        "dvar2": 125684.523438,
        "max": 2957.77636719,
        "mean": 1395.57678223,
        "median": 1436.3717041,
        "min": 177.144607544,
        "var": 231439.09375
    },
    "spectral_complexity": {
        "dmean": 3.76780176163,
        "dmean2": 5.64291238785,
        "dvar": 13.8578901291,
        "dvar2": 26.65558815,
        "max": 56,
        "mean": 25.2552204132,
        "median": 28,
        "min": 2,
        "var": 158.356185913
    },
    "spectral_decrease": {
        "dmean": 3.13453818457e-09,
        "dmean2": 4.85603868228e-09,
        "dvar": 2.15113661881e-17,
        "dvar2": 4.32853059724e-17,
        "max": -3.0704447318e-10,
        "mean": -9.13271502867e-09,
        "median": -8.07520983415e-09,
        "min": -3.70642787573e-08,
        "var": 4.20062895308e-17
    },
    "spectral_energy": {
        "dmean": 0.0121228750795,
        "dmean2": 0.0186508279294,
        "dvar": 0.000314389384585,
        "dvar2": 0.000629135407507,
        "max": 0.141291186213,
        "mean": 0.0367665924132,
        "median": 0.033214636147,
        "min": 0.00135978066828,
        "var": 0.000643407402094
    },
    "spectral_energyband_high": {
        "dmean": 0.000538468186278,
        "dmean2": 0.000678495329339,
        "dvar": 8.80413153936e-07,
        "dvar2": 1.64432651673e-06,
        "max": 0.0125354900956,
        "mean": 0.00119364506099,
        "median": 0.000658906821627,
        "min": 2.86492831947e-06,
        "var": 2.38913798967e-06
    },
    "spectral_energyband_low": {
        "dmean": 0.00900275819004,
        "dmean2": 0.0140664670616,
        "dvar": 0.000251334364293,
        "dvar2": 0.000501799979247,
        "max": 0.133377313614,
        "mean": 0.0176826007664,
        "median": 0.0119939278811,
        "min": 3.41468080478e-06,
        "var": 0.000424117664807
    },
    "spectral_energyband_middle_high": {
        "dmean": 0.00163302535657,
        "dmean2": 0.00250244629569,
        "dvar": 4.57983924207e-06,
        "dvar2": 1.05072249426e-05,
        "max": 0.037267845124,
        "mean": 0.00684394454584,
        "median": 0.00611968291923,
        "min": 4.29985193477e-05,
        "var": 3.47271816281e-05
    },
    "spectral_energyband_middle_low": {
        "dmean": 0.00598339457065,
        "dmean2": 0.00947917252779,
        "dvar": 0.000115709546662,
        "dvar2": 0.000279012689134,
        "max": 0.0954845771194,
        "mean": 0.0138571225107,
        "median": 0.0108380289748,
        "min": 0.000518436718266,
        "var": 0.000164702170878
    },
    "spectral_entropy": {
        "dmean": 0.126021236181,
        "dmean2": 0.178273946047,
        "dvar": 0.0190499406308,
        "dvar2": 0.0366965085268,
        "max": 8.53240013123,
        "mean": 7.66929674149,
        "median": 7.72347164154,
        "min": 5.83263301849,
        "var": 0.12867513299
    },
    "spectral_flux": {
        "dmean": 0.029801312834,
        "dmean2": 0.0476546920836,
        "dvar": 0.00139059568755,
        "dvar2": 0.00307079753838,
        "max": 0.307637542486,
        "mean": 0.0986637100577,
        "median": 0.0890628397465,
        "min": 0.0150320539251,
        "var": 0.00314139574766
    },
    "spectral_kurtosis": {
        "dmean": 1.59850692749,
        "dmean2": 2.5922088623,
        "dvar": 4.65836715698,
        "dvar2": 12.848739624,
        "max": 33.6116333008,
        "mean": 4.23429965973,
        "median": 3.79524850845,
        "min": -0.253587722778,
        "var": 9.6708612442
    },
    "spectral_rms": {
        "dmean": 0.000881735177245,
        "dmean2": 0.00134112662636,
        "dvar": 1.28575925373e-06,
        "dvar2": 2.42697183239e-06,
        "max": 0.0117407431826,
        "mean": 0.00560048688203,
        "median": 0.00569249689579,
        "min": 0.00115178781562,
        "var": 4.5044403123e-06
    },
    "spectral_rolloff": {
        "dmean": 461.815002441,
        "dmean2": 764.071594238,
        "dvar": 453461.78125,
        "dvar2": 1089293.125,
        "max": 8204.15039062,
        "mean": 1302.08459473,
        "median": 1313.52539062,
        "min": 64.599609375,
        "var": 798685.1875
    },
    "spectral_skewness": {
        "dmean": 0.218696832657,
        "dmean2": 0.33792412281,
        "dvar": 0.0535671599209,
        "dvar2": 0.133537575603,
        "max": 4.40782356262,
        "mean": 1.43926811218,
        "median": 1.4491686821,
        "min": 0.352647811174,
        "var": 0.184373468161
    },
    "spectral_spread": {
        "dmean": 452736.9375,
        "dmean2": 648507.4375,
        "dvar": 270985805824,
        "dvar2": 491741052928,
        "max": 11680070,
        "mean": 4284707.5,
        "median": 4101533,
        "min": 1725433.125,
        "var": 1.44064341606e+12
    },
    "spectral_strongpeak": {
        "dmean": 0.371774792671,
        "dmean2": 0.641808688641,
        "dvar": 0.303410083055,
        "dvar2": 0.756946742535,
        "max": 5.30929327011,
        "mean": 0.682349324226,
        "median": 0.520166039467,
        "min": 0,
        "var": 0.395353674889
    },
    "zerocrossingrate": {
        "dmean": 0.00891982484609,
        "dmean2": 0.0108140492812,
        "dvar": 7.13535264367e-05,
        "dvar2": 9.38120356295e-05,
        "max": 0.16748046875,
        "mean": 0.0583290271461,
        "median": 0.05712890625,
        "min": 0.00439453125,
        "var": 0.000548381649423
    },
    "barkbands": {
        "dmean": [0.00162005738821, 0.00503441877663, 0.00323850964196, 0.0038409284316, 0.00210007838905, 0.00058894866379, 0.000876509118825, 0.000707857252564, 0.000800396606792, 0.00068210111931, 0.000487874640385, 0.000355795840733, 0.000500485068187, 0.000377159682103, 0.0002965334279, 0.000310045841616, 0.000254671263974, 0.000183924363228, 0.00020533335919, 0.000165146877407, 0.000137900249683, 0.000147046070197, 0.000109061977128, 9.12777686608e-05, 6.34628086118e-05, 2.79808427877e-05, 2.11313211373e-09],
        "dmean2": [0.00261934893206, 0.00762503268197, 0.00561367766932, 0.0062213097699, 0.00350868795067, 0.000962805759627, 0.00144605932292, 0.00111068831757, 0.00127884128597, 0.00113732903264, 0.000784193864092, 0.000547370873392, 0.000827461713925, 0.000621865619905, 0.000482469971757, 0.000523298687767, 0.000414137146436, 0.000299110222841, 0.000335689634085, 0.000255658786045, 0.000200470487471, 0.000202649345738, 0.000142521064845, 0.000131727792905, 9.96682720142e-05, 4.45801015303e-05, 3.62332963633e-09],
        "dvar": [1.51163385453e-05, 0.00011678213923, 4.09860731452e-05, 7.01534881955e-05, 1.65395777003e-05, 1.07509185909e-06, 3.70032330466e-06, 1.7490879145e-06, 1.80752158485e-06, 2.39121641243e-06, 7.2419385333e-07, 5.0009663255e-07, 8.6010686573e-07, 4.78122672121e-07, 1.62457112651e-07, 1.79104901576e-07, 1.18355188761e-07, 6.16687785282e-08, 9.64216297916e-08, 8.3415635288e-08, 5.61544766242e-08, 7.03659921442e-08, 4.23181560905e-08, 5.55707977412e-08, 3.0541620788e-08, 2.23555951528e-09, 1.34915235785e-16],
        "dvar2": [3.53812501999e-05, 0.000224936782615, 0.000117046707601, 0.000168284052052, 4.36718801211e-05, 2.60875049207e-06, 9.7567371995e-06, 4.06115123042e-06, 4.5660917749e-06, 6.31940292806e-06, 1.78269533535e-06, 1.10856274205e-06, 2.28895692089e-06, 1.22432527405e-06, 4.03274270866e-07, 4.91691366733e-07, 3.08970527385e-07, 1.54563977617e-07, 2.48619755894e-07, 1.88124190004e-07, 1.12548796949e-07, 1.32213500592e-07, 7.87562370874e-08, 1.36902485792e-07, 7.53813296228e-08, 5.27638199799e-09, 2.06782527053e-16],
        "max": [0.0278740283102, 0.0942724719644, 0.0623941197991, 0.0750836730003, 0.0438836440444, 0.0151210613549, 0.0269776526839, 0.0191141627729, 0.0237399432808, 0.0219461899251, 0.0130174867809, 0.00923386774957, 0.0125038605183, 0.0105579197407, 0.00548824155703, 0.00540243694559, 0.00374951795675, 0.00273185526021, 0.00345858605579, 0.00344974477775, 0.0031435189303, 0.00264309975319, 0.00230637821369, 0.00421829847619, 0.00339955068193, 0.000585102068726, 3.38613659778e-07],
        "mean": [0.00146974332165, 0.00788688287139, 0.00563589204103, 0.00555872404948, 0.00295133888721, 0.00105369649827, 0.00141580903437, 0.00128151720855, 0.00137706415262, 0.00108601769898, 0.000838182750158, 0.000668593682349, 0.000853835546877, 0.000676113064401, 0.000585582514759, 0.000652228191029, 0.000535569502972, 0.000409607309848, 0.000454749009805, 0.000332315801643, 0.000280141597614, 0.000264236645307, 0.000185580094694, 0.00015064861509, 0.000107460291474, 5.505073932e-05, 1.68536207212e-09],
        "median": [0.000288226350676, 0.0034100455232, 0.00273932982236, 0.0026177293621, 0.00146182766184, 0.000679558841512, 0.000737515510991, 0.000519888941199, 0.000740596908145, 0.000404152466217, 0.000347805122146, 0.00020701813628, 0.000386745319702, 0.000345474603819, 0.000420944270445, 0.000466886209324, 0.000402410281822, 0.000349043693859, 0.000361751357559, 0.000209948062547, 0.000135529335239, 9.90620537777e-05, 5.91810203332e-05, 6.85222621541e-05, 5.88946422795e-05, 2.93789125863e-05, 4.18642231992e-10],
        "min": [3.96957688054e-07, 3.65900916677e-07, 1.25439470366e-07, 3.06190827359e-07, 8.1252264863e-06, 5.83196833759e-06, 1.89482398127e-06, 5.00643909618e-06, 5.22094023836e-06, 4.33122340837e-06, 1.96557425625e-06, 1.35097832299e-06, 2.33358400692e-06, 1.53283315285e-06, 2.85462238026e-06, 1.49069137478e-06, 2.99647945212e-06, 1.71224337464e-06, 1.69046563769e-06, 9.66322659224e-07, 3.1473797435e-07, 5.02089562815e-07, 1.83703136258e-07, 1.32383021878e-07, 1.76476444569e-09, 4.01817468187e-11, 1.0201646819e-11],
        "var": [1.44041086969e-05, 0.000175849432708, 6.11630894127e-05, 7.93949729996e-05, 1.87090026884e-05, 2.00289696295e-06, 5.29880435352e-06, 3.75371860173e-06, 3.69415715795e-06, 3.66711583411e-06, 1.64625612342e-06, 1.4681685343e-06, 1.6723142835e-06, 1.36503695103e-06, 3.68582533383e-07, 4.8407059694e-07, 2.77549304428e-07, 1.43062422353e-07, 2.02027379714e-07, 1.56212976776e-07, 1.41904052953e-07, 1.72597736992e-07, 1.02237265764e-07, 7.32162348527e-08, 3.65886698717e-08, 5.9637388361e-09, 1.19395673132e-16]
    },
    "erbbands": {
        "dmean": [0.266219824553, 0.937198340893, 3.27026128769, 8.4790430069, 10.2063951492, 6.17132997513, 3.95285367966, 5.41386508942, 11.595662117, 15.003068924, 11.3731307983, 20.4107036591, 13.740855217, 22.5838565826, 19.8232460022, 14.9511880875, 22.8580226898, 18.4901199341, 15.5881280899, 11.1483697891, 18.1849422455, 11.8259973526, 10.2601604462, 10.7009000778, 9.27367782593, 7.66441249847, 5.50776386261, 5.74943876266, 5.26191663742, 4.42933082581, 2.90431809425, 1.92350971699, 1.57120358944, 0.92470908165, 0.363680958748, 0.123367577791, 0.0620278939605, 0.00713430624455, 0.000120309217891, 1.63219210663e-05],
        "dmean2": [0.403887301683, 1.59002685547, 5.71598815918, 13.9195814133, 16.8071918488, 9.99162006378, 6.42233276367, 8.77407264709, 19.1429767609, 24.2057857513, 17.678106308, 32.5127372742, 22.2961292267, 37.1428451538, 31.4504203796, 22.5585613251, 37.6082000732, 30.050069809, 25.0561904907, 18.0617923737, 30.6665439606, 19.367389679, 16.7464351654, 17.7220478058, 14.8407821655, 11.9205188751, 8.21166706085, 8.16620445251, 7.48200798035, 5.95736694336, 3.84210729599, 2.81262731552, 2.29714727402, 1.42363131046, 0.583815455437, 0.198311775923, 0.100797347724, 0.0117882844061, 0.000194061984075, 2.41064444708e-05],
        "dvar": [0.420019626617, 4.03582954407, 46.8378219604, 250.535629272, 471.828887939, 120.771636963, 43.0893783569, 101.383605957, 825.631652832, 642.75970459, 549.101501465, 1445.35424805, 1006.76177979, 2302.31005859, 1094.00549316, 994.127319336, 1817.20031738, 1192.77416992, 500.257354736, 202.751403809, 677.706054688, 251.976593018, 177.530059814, 277.737060547, 237.665969849, 178.110229492, 89.8393630981, 109.530487061, 89.5701217651, 70.9927978516, 29.5215892792, 21.3423995972, 16.8950538635, 7.21515989304, 0.853136181831, 0.0421242378652, 0.0134861757979, 0.000200879192562, 5.32241699602e-08, 4.97260399523e-10],
        "dvar2": [0.851100623608, 10.8802309036, 135.160675049, 597.526855469, 1214.28515625, 310.081665039, 110.716598511, 242.338592529, 2144.36767578, 1616.38720703, 1277.37854004, 3674.02392578, 2427.31347656, 6087.58935547, 2779.34082031, 2279.625, 4842.48291016, 2902.91723633, 1240.75817871, 523.896057129, 1847.72387695, 655.195068359, 458.68270874, 722.545227051, 570.332641602, 404.986785889, 198.32522583, 221.312347412, 180.077270508, 126.819740295, 56.1652603149, 52.5016098022, 39.7908668518, 17.9464530945, 2.16315436363, 0.0972818508744, 0.0337801389396, 0.000524814007804, 1.36687205554e-07, 9.7847896452e-10],
        "max": [5.27462100983, 17.368888855, 70.4975738525, 135.418869019, 174.562942505, 126.412437439, 87.9984512329, 187.826797485, 405.496063232, 407.087554932, 501.010162354, 698.617858887, 519.173034668, 749.988464355, 531.244628906, 425.595031738, 661.907287598, 518.480285645, 344.469451904, 214.067718506, 344.346923828, 175.807785034, 160.615585327, 196.919647217, 194.210708618, 164.168991089, 109.719688416, 131.21522522, 99.9086227417, 80.9605636597, 71.9660339355, 100.430007935, 74.3368606567, 56.7145423889, 14.1083469391, 2.54788351059, 1.73177802563, 0.264071911573, 0.00434145098552, 0.000262558372924],
        "mean": [0.305256396532, 1.49655735493, 5.78377580643, 13.717423439, 14.7768154144, 8.73113059998, 7.11157417297, 9.02601718903, 18.1077671051, 29.4395942688, 21.3426780701, 35.0760498047, 25.2204914093, 38.3194351196, 36.711555481, 30.0182857513, 41.1523399353, 37.6433448792, 32.3141174316, 26.0058097839, 40.4471626282, 28.3545436859, 23.3904762268, 24.2375278473, 20.7391777039, 15.821313858, 11.6432228088, 11.1549367905, 9.39081668854, 7.64434480667, 4.94520139694, 3.15972137451, 2.53555226326, 1.53992509842, 0.571127712727, 0.236437946558, 0.110267147422, 0.0107764648274, 0.00021291228768, 5.33154852747e-05],
        "median": [0.0829945132136, 0.813652813435, 3.09516620636, 7.9781703949, 7.39417123795, 4.02397155762, 4.03893232346, 5.57393598557, 8.46807575226, 17.5318069458, 11.7606906891, 19.22681427, 12.2267837524, 16.4173297882, 17.8052558899, 12.3973417282, 19.6547718048, 20.2294807434, 21.538936615, 21.2464065552, 28.3092784882, 22.9009227753, 20.4943618774, 20.2770080566, 16.4809169769, 10.4723367691, 6.76975154877, 4.34254789352, 3.55760931969, 2.64650225639, 1.62564766407, 1.34299945831, 1.10395801067, 0.778363347054, 0.318180292845, 0.136966273189, 0.0489283576608, 0.00453436328098, 0.000115986709716, 4.84724623675e-05],
        "min": [2.12707291212e-05, 8.56482001836e-05, 0.000190370003111, 0.00226006703451, 0.0140076661482, 0.0251539479941, 0.0553827993572, 0.0669657513499, 0.0610333494842, 0.101481944323, 0.169775024056, 0.211054876447, 0.185135960579, 0.272582858801, 0.0884151607752, 0.0973055958748, 0.108136758208, 0.101548485458, 0.155425772071, 0.117172725499, 0.0855527073145, 0.158049151301, 0.117230005562, 0.0809179246426, 0.0679958984256, 0.0403567925096, 0.0212437119335, 0.0119507079944, 0.0117480233312, 0.0196233913302, 0.00522224698216, 0.00382765382528, 0.00077331950888, 0.000162393698702, 3.01256641251e-05, 1.35251484608e-05, 4.15531985709e-06, 7.37482139357e-07, 1.05819401597e-06, 1.98469547286e-06],
        "var": [0.501355707645, 4.57288742065, 64.0229873657, 321.22543335, 515.50579834, 157.989486694, 82.5116729736, 184.323471069, 1146.08618164, 1308.01708984, 943.794067383, 2449.93041992, 1862.66186523, 4072.03710938, 2614.40649414, 2673.12231445, 3707.20605469, 3939.26635742, 1282.27294922, 572.637634277, 1866.45166016, 656.238037109, 428.428649902, 552.964599609, 468.719604492, 337.361419678, 211.901947021, 282.304138184, 210.016601562, 169.742797852, 71.2400512695, 30.7738609314, 22.3593978882, 8.37742996216, 1.02150225639, 0.107461586595, 0.0296405125409, 0.000292595621431, 8.74006005347e-08, 1.32109212458e-09]
    },
    "gfcc": {
        "mean": [24.1799201965, 89.1897277832, -121.610717773, 37.0275650024, -53.9756240845, 17.9627285004, -36.7423210144, 14.962975502, -23.1468372345, 2.77683115005, -18.814332962, -3.18060278893, -14.2804298401],
        "cov": [[5449.23730469, -1385.02929688, 915.984313965, 483.33190918, 389.13885498, 607.939697266, -96.4706344604, 304.133789062, -462.543640137, 261.828796387, -387.034820557, 215.072875977, -563.516052246], [-1385.02929688, 903.088623047, -167.447174072, -86.733215332, 136.135116577, -199.565994263, 88.6318435669, -71.5086746216, 165.303024292, -123.626968384, 171.662628174, -84.9844970703, 209.841384888], [915.984313965, -167.447174072, 931.757751465, 424.123748779, 208.099700928, 136.735992432, -83.6233444214, 140.100906372, -49.7759857178, 82.9532012939, -29.7376976013, 18.4181919098, -190.685287476], [483.33190918, -86.733215332, 424.123748779, 515.729736328, 79.9884414673, 47.4277000427, -28.4347667694, 34.8910255432, 15.0382156372, -3.70757246017, 36.4253005981, -37.6078948975, -62.1074295044], [389.13885498, 136.135116577, 208.099700928, 79.9884414673, 316.754516602, 38.1517906189, 15.2657337189, 84.2870254517, -7.18903207779, 32.1686935425, 8.21090602875, 37.7734603882, -24.2430801392], [607.939697266, -199.565994263, 136.735992432, 47.4277000427, 38.1517906189, 210.721389771, 34.7031173706, 43.8256111145, -36.9421691895, 42.7840957642, -41.1056365967, 10.6720428467, -75.6730575562], [-96.4706344604, 88.6318435669, -83.6233444214, -28.4347667694, 15.2657337189, 34.7031173706, 130.438430786, -8.43210983276, 34.1512069702, -6.85809087753, 4.19910955429, -7.04763031006, 17.533454895], [304.133789062, -71.5086746216, 140.100906372, 34.8910255432, 84.2870254517, 43.8256111145, -8.43210983276, 155.063812256, 12.3345804214, 63.4918861389, 5.66416978836, 13.0425624847, -43.6228942871], [-462.543640137, 165.303024292, -49.7759857178, 15.0382156372, -7.18903207779, -36.9421691895, 34.1512069702, 12.3345804214, 135.108139038, 0.505719184875, 67.1837615967, -30.1747989655, 53.3781013489], [261.828796387, -123.626968384, 82.9532012939, -3.70757246017, 32.1686935425, 42.7840957642, -6.85809087753, 63.4918861389, 0.505719184875, 101.795036316, -5.55115413666, 25.2387218475, -45.6055183411], [-387.034820557, 171.662628174, -29.7376976013, 36.4253005981, 8.21090602875, -41.1056365967, 4.19910955429, 5.66416978836, 67.1837615967, -5.55115413666, 119.172149658, -15.1725959778, 64.2390823364], [215.072875977, -84.9844970703, 18.4181919098, -37.6078948975, 37.7734603882, 10.6720428467, -7.04763031006, 13.0425624847, -30.1747989655, 25.2387218475, -15.1725959778, 85.7044219971, -3.08368873596], [-563.516052246, 209.841384888, -190.685287476, -62.1074295044, -24.2430801392, -75.6730575562, 17.533454895, -43.6228942871, 53.3781013489, -45.6055183411, 64.2390823364, -3.08368873596, 152.27381897]],
        "icov": [[0.000741821539123, 0.000155753295985, 0.000396753894165, -0.000816640327685, -0.000536336621735, -0.00103387900162, 0.000267721654382, -0.000585702888202, 0.00123584456742, -0.000381175457733, 0.000882044492755, -0.000936482916586, 0.000958121847361], [0.000155753295985, 0.00646042311564, -0.00195110857021, 0.00304659246467, -0.00461220461875, 0.00352610088885, -0.00342839350924, 0.00222007953562, -0.00209553912282, 0.00434061838314, -0.00476272590458, 0.00576682109386, -0.00331772933714], [0.000396753894165, -0.00195110857021, 0.00374753284268, -0.0033063327428, 0.000129884356284, -0.00232084933668, 0.00266035809182, -0.00171077915002, 0.00120506703388, -0.00191216834355, 0.00212276959792, -0.00298222596757, 0.00362117448822], [-0.000816640327685, 0.00304659246467, -0.0033063327428, 0.00622008368373, -0.00170018046629, 0.00275762379169, -0.00209710374475, 0.00231952313334, -0.00284639955498, 0.00383126130328, -0.00493965670466, 0.00529663497582, -0.00248183519579], [-0.000536336621735, -0.00461220461875, 0.000129884356284, -0.00170018046629, 0.00805802363902, -0.0016284158919, 0.000747363723349, -0.00320836552419, 0.00141933944542, -0.00234718783759, 0.0023518349044, -0.0051568406634, 0.00101162609644], [-0.00103387900162, 0.00352610088885, -0.00232084933668, 0.00275762379169, -0.0016284158919, 0.0107541717589, -0.00557613978162, 0.0013599076774, -0.001312613138, 0.00144206162076, -0.00344075984322, 0.0049483673647, -0.00190627411939], [0.000267721654382, -0.00342839350924, 0.00266035809182, -0.00209710374475, 0.000747363723349, -0.00557613978162, 0.0126111963764, -0.000534955877811, -0.00203360733576, -0.00164348143153, 0.00406575854868, -0.00350699666888, 0.00236832303926], [-0.000585702888202, 0.00222007953562, -0.00171077915002, 0.00231952313334, -0.00320836552419, 0.0013599076774, -0.000534955877811, 0.0119956992567, -0.00363393942825, -0.00277460552752, -0.00328494491987, 0.00335696479306, -0.000863410125021], [0.00123584456742, -0.00209553912282, 0.00120506703388, -0.00284639955498, 0.00141933944542, -0.001312613138, -0.00203360733576, -0.00363393942825, 0.0162839386612, -0.00471300398931, -0.00155297003221, 8.67280323291e-05, 0.000113296751806], [-0.000381175457733, 0.00434061838314, -0.00191216834355, 0.00383126130328, -0.00234718783759, 0.00144206162076, -0.00164348143153, -0.00277460552752, -0.00471300398931, 0.0198769271374, -0.00546730170026, 6.54548712191e-05, 0.00142620899715], [0.000882044492755, -0.00476272590458, 0.00212276959792, -0.00493965670466, 0.0023518349044, -0.00344075984322, 0.00406575854868, -0.00328494491987, -0.00155297003221, -0.00546730170026, 0.0198071952909, -0.00482948916033, -0.00182054378092], [-0.000936482916586, 0.00576682109386, -0.00298222596757, 0.00529663497582, -0.0051568406634, 0.0049483673647, -0.00350699666888, 0.00335696479306, 8.67280323291e-05, 6.54548712191e-05, -0.00482948916033, 0.0224453210831, -0.00750204082578], [0.000958121847361, -0.00331772933714, 0.00362117448822, -0.00248183519579, 0.00101162609644, -0.00190627411939, 0.00236832303926, -0.000863410125021, 0.000113296751806, 0.00142620899715, -0.00182054378092, -0.00750204082578, 0.0179044026881]]
    },
    "melbands": {
        "dmean": [0.00178791792132, 0.0015088270884, 0.00150034180842, 0.00058058364084, 0.000147513797856, 0.000119959768199, 0.00017703899357, 0.000168537691934, 9.65562649071e-05, 0.000125860460685, 7.14547204552e-05, 9.78913594736e-05, 6.61808808218e-05, 4.64331678813e-05, 4.87031065859e-05, 4.44420220447e-05, 3.86980573239e-05, 2.63036235992e-05, 1.92446095753e-05, 1.8109118173e-05, 2.30145324167e-05, 1.43895722431e-05, 1.30377884489e-05, 8.68532879394e-06, 9.79117976385e-06, 7.79827951192e-06, 6.75601631883e-06, 5.16070804224e-06, 3.77068795387e-06, 3.5965342704e-06, 3.52126858161e-06, 3.27485645357e-06, 2.82068731394e-06, 2.48230230682e-06, 1.84396640179e-06, 1.33912021738e-06, 1.20981485452e-06, 1.14129147732e-06, 1.13677242553e-06, 7.36952017633e-07],
        "dmean2": [0.00261444505304, 0.00263537187129, 0.00245802733116, 0.000954946270213, 0.000239838584093, 0.000194519554498, 0.000290829164442, 0.000269433570793, 0.000151643995196, 0.000199143047212, 0.000117017043522, 0.000162221491337, 0.000105499988422, 7.06285281922e-05, 7.82807328505e-05, 7.21045871614e-05, 6.2429207901e-05, 4.29602441727e-05, 3.10619943775e-05, 3.03742854157e-05, 3.83326223528e-05, 2.3610145945e-05, 2.1303365429e-05, 1.44594923768e-05, 1.63785698533e-05, 1.26951563288e-05, 1.07264595499e-05, 8.11835070635e-06, 5.90455101701e-06, 5.34220816917e-06, 5.14478961122e-06, 4.7917565098e-06, 4.04550837629e-06, 3.52719962393e-06, 2.51132223639e-06, 1.97953249881e-06, 1.8327231146e-06, 1.70415182765e-06, 1.74813146714e-06, 1.18982075037e-06],
        "dvar": [1.660451926e-05, 1.04020591607e-05, 8.43863654154e-06, 1.35608127039e-06, 5.68963116621e-08, 4.43326158006e-08, 1.74798032049e-07, 8.15259397768e-08, 3.3309628833e-08, 5.03708115218e-08, 2.89490422745e-08, 4.55948274691e-08, 1.24638015464e-08, 7.78324960038e-09, 8.07640709866e-09, 6.664789165e-09, 5.28949728462e-09, 1.4443820584e-09, 7.08007319439e-10, 5.97069171882e-10, 1.03819575159e-09, 4.18504619848e-10, 3.0134955642e-10, 1.39954464684e-10, 2.38401215436e-10, 1.38180716869e-10, 1.81071657668e-10, 7.52010953509e-11, 4.41670137963e-11, 3.97252127027e-11, 4.13760518903e-11, 3.43448880447e-11, 2.95077538792e-11, 2.48722327456e-11, 1.23134471369e-11, 8.69305235435e-12, 8.5664288163e-12, 7.88243081917e-12, 1.04618249827e-11, 4.2606803502e-12],
        "dvar2": [3.18080019497e-05, 3.02887456201e-05, 2.03298259294e-05, 3.47027753378e-06, 1.44607525954e-07, 1.06872278138e-07, 4.54179854614e-07, 2.02517298931e-07, 7.78425572889e-08, 1.25426311115e-07, 6.99700848372e-08, 1.2248169412e-07, 3.16244204157e-08, 1.74104872741e-08, 2.03985557334e-08, 1.72317395908e-08, 1.29967627771e-08, 3.50567663787e-09, 1.73602721087e-09, 1.60491508971e-09, 2.82135670382e-09, 1.12129128205e-09, 7.6441919461e-10, 3.58727020311e-10, 6.31942054241e-10, 3.53540474674e-10, 4.15410428278e-10, 1.77857881201e-10, 1.05897811353e-10, 8.77828018608e-11, 8.43670897033e-11, 7.48881859303e-11, 5.68608667095e-11, 4.87749285405e-11, 2.33254717624e-11, 2.01978642145e-11, 2.20062752743e-11, 1.89313096449e-11, 2.45814878869e-11, 1.08102008248e-11],
        "max": [0.0359789505601, 0.0316593386233, 0.0262387692928, 0.0121232746169, 0.00363213638775, 0.00366845633835, 0.00560563942418, 0.00395712256432, 0.00362997758202, 0.00413269503042, 0.00278192618862, 0.00320080388337, 0.00177870190237, 0.00123374059331, 0.00108747545164, 0.00111961981747, 0.00110085168853, 0.000521929177921, 0.000371177418856, 0.000339086836902, 0.000409671396483, 0.000225665076869, 0.000214583153138, 0.000102965350379, 0.000173910404555, 0.00015175792214, 0.000175602675881, 0.00010225045844, 8.43360030558e-05, 8.41006039991e-05, 7.7884120401e-05, 6.75411065458e-05, 6.38767887722e-05, 4.93978259328e-05, 3.92716392525e-05, 5.99242375756e-05, 5.88887523918e-05, 4.77817993669e-05, 6.47831620881e-05, 4.17812043452e-05],
        "mean": [0.00243509095162, 0.00267237308435, 0.00248724943958, 0.000855663558468, 0.000255540944636, 0.000201948321774, 0.000279106578091, 0.000326606765157, 0.000174374683411, 0.000213800405618, 0.000122883429867, 0.000157640868565, 0.000117030424008, 8.81916857907e-05, 8.28882330097e-05, 7.97073807917e-05, 7.02107136021e-05, 5.14001912961e-05, 3.77030301024e-05, 3.82050093322e-05, 4.81036877318e-05, 2.99435778288e-05, 2.5117142286e-05, 1.86250272236e-05, 1.9752938897e-05, 1.62788055604e-05, 1.31000970214e-05, 9.74637623585e-06, 7.43541568227e-06, 6.41438509774e-06, 6.51049458611e-06, 5.43544365428e-06, 4.79098753203e-06, 3.99714372179e-06, 3.04364175463e-06, 2.12785494114e-06, 1.83611302873e-06, 1.73391265434e-06, 1.765976549e-06, 1.14561817099e-06],
        "median": [0.000912903866265, 0.00157040148042, 0.00153289129958, 0.000438487855718, 0.00016238950775, 0.000128995146952, 0.000129860913148, 0.000177856214577, 9.05647975742e-05, 0.00011297740275, 5.35734216101e-05, 6.33071904304e-05, 5.67455099372e-05, 3.0793256883e-05, 3.89412489312e-05, 3.47562454408e-05, 3.21551306115e-05, 3.27078378177e-05, 2.7377391234e-05, 2.88906539936e-05, 3.22677369695e-05, 2.24415380217e-05, 1.88104804693e-05, 1.57062495418e-05, 1.56322130351e-05, 1.25349597511e-05, 8.4157964011e-06, 5.95109167989e-06, 4.39616815129e-06, 2.94504275189e-06, 2.19901221499e-06, 1.93601113097e-06, 1.65110054695e-06, 1.27706198327e-06, 9.11329436803e-07, 7.70906353864e-07, 8.0903515709e-07, 7.37943821605e-07, 7.61397700444e-07, 5.74389332542e-07],
        "min": [3.81703614494e-07, 7.68467955936e-08, 6.76255979215e-07, 1.22704773275e-06, 1.50732341808e-06, 1.02019885162e-06, 4.604387982e-07, 1.03766092252e-06, 1.16217177037e-06, 7.83660027537e-07, 7.51058394144e-07, 9.73685587269e-07, 2.50464211149e-07, 1.9457601752e-07, 3.16014876489e-07, 1.82542876814e-07, 1.31401165504e-07, 2.38903453464e-07, 2.05354709237e-07, 1.16381734472e-07, 8.55777813058e-08, 1.40513179758e-07, 5.94574736112e-08, 7.20254504927e-08, 5.91001274586e-08, 4.48641195305e-08, 4.51965469495e-08, 1.55195518659e-08, 1.01333634817e-08, 2.94414959079e-09, 3.55485707537e-09, 5.3022937152e-09, 5.02127894819e-09, 8.83660522533e-09, 1.60536028915e-09, 1.19388510189e-09, 1.04322417371e-09, 3.14763465292e-10, 2.22974957942e-10, 4.99043254637e-12],
