{
"highlevel": {
    "danceability": {
        "all": {
            "danceable": 0.999998509884,
            "not_danceable": 1.51422079853e-06
        },
        "probability": 0.999998509884,
        "value": "danceable"
    },
    "gender": {
        "all": {
            "female": 0.683141708374,
            "male": 0.316858261824
        },
        "probability": 0.683141708374,
        "value": "female"
    },
    "genre_dortmund": {
        "all": {
            "alternative": 0.00489735603333,
            "blues": 0.00700234109536,
            "electronic": 0.27860185504,
            "folkcountry": 0.00529786851257,
            "funksoulrnb": 0.00600140308961,
            "jazz": 0.0306283961982,
            "pop": 0.0315091535449,
            "raphiphop": 0.628997683525,
            "rock": 0.00706393411383
        },
        "probability": 0.628997683525,
        "value": "raphiphop"
    },
    "genre_electronic": {
        "all": {
            "ambient": 0.091813787818,
            "dnb": 0.513010799885,
            "house": 0.243549630046,
            "techno": 0.049717772752,
            "trance": 0.101907975972
        },
        "probability": 0.513010799885,
        "value": "dnb"
    },
    "genre_rosamerica": {
        "all": {
            "cla": 0.00172289682087,
            "dan": 0.261584788561,
            "hip": 0.616017282009,
            "jaz": 0.00207326863892,
            "pop": 0.0292247086763,
            "rhy": 0.0751387253404,
            "roc": 0.0123397381976,
            "spe": 0.00189856160432
        },
        "probability": 0.616017282009,
        "value": "hip"
    },
    "genre_tzanetakis": {
        "all": {
            "blu": 0.0656644701958,
            "cla": 0.0364695340395,
            "cou": 0.0820628255606,
            "dis": 0.0821015685797,
            "hip": 0.10950666666,
            "jaz": 0.328603833914,
            "met": 0.065705023706,
            "pop": 0.0656858757138,
            "reg": 0.0547322966158,
            "roc": 0.109467886388
        },
        "probability": 0.328603833914,
        "value": "jaz"
    },
    "ismir04_rhythm": {
        "all": {
            "ChaChaCha": 0.818831145763,
            "Jive": 0.0101817315444,
            "Quickstep": 0.00736166723073,
            "Rumba-American": 0.00690407445654,
            "Rumba-International": 0.0574776306748,
            "Rumba-Misc": 0.00987550150603,
            "Samba": 0.0646377652884,
            "Tango": 0.0144676053897,
            "VienneseWaltz": 0.00787491351366,
            "Waltz": 0.00238798954524
        },
        "probability": 0.818831145763,
        "value": "ChaChaCha"
    },
    "mood_acoustic": {
        "all": {
            "acoustic": 2.21372697951e-08,
            "not_acoustic": 1
        },
        "probability": 1,
        "value": "not_acoustic"
    },
    "mood_aggressive": {
        "all": {
            "aggressive": 0.147408097982,
            "not_aggressive": 0.852591872215
        },
        "probability": 0.852591872215,
        "value": "not_aggressive"
    },
    "mood_electronic": {
        "all": {
            "electronic": 0.972637832165,
            "not_electronic": 0.0273621659726
        },
        "probability": 0.972637832165,
        "value": "electronic"
    },
    "mood_happy": {
        "all": {
            "happy": 0.326629430056,
            "not_happy": 0.673370540142
        },
        "probability": 0.673370540142,
        "value": "not_happy"
    },
    "mood_party": {
        "all": {
            "not_party": 0.0820242390037,
            "party": 0.917975783348
        },
        "probability": 0.917975783348,
        "value": "party"
    },
    "mood_relaxed": {
        "all": {
            "not_relaxed": 0.957270145416,
            "relaxed": 0.0427298508584
        },
        "probability": 0.957270145416,
        "value": "not_relaxed"
    },
    "mood_sad": {
        "all": {
            "not_sad": 0.880465805531,
            "sad": 0.119534172118
        },
        "probability": 0.880465805531,
        "value": "not_sad"
    },
    "moods_mirex": {
        "all": {
            "Cluster1": 0.18693447113,
            "Cluster2": 0.10940232873,
            "Cluster3": 0.0788346752524,
            "Cluster4": 0.110737770796,
            "Cluster5": 0.514090776443
        },
        "probability": 0.514090776443,
        "value": "Cluster5"
    },
    "timbre": {
        "all": {
            "bright": 0.020754525438,
            "dark": 0.979245483875
        },
        "probability": 0.979245483875,
        "value": "dark"
    },
    "tonal_atonal": {
        "all": {
            "atonal": 0.978684306145,
            "tonal": 0.0213156975806
        },
        "probability": 0.978684306145,
        "value": "atonal"
    },
    "voice_instrumental": {
        "all": {
            "instrumental": 0.000537955784239,
            "voice": 0.999462068081
        },
        "probability": 0.999462068081,
        "value": "voice"
    }
},
"lowlevel": {
    "average_loudness": 0.93369448185,
    "barkbands_crest": {
        "dmean": 2.66843700409,
        "dmean2": 4.03548526764,
        "dvar": 8.89130210876,
        "dvar2": 23.3019618988,
        "max": 25.8144416809,
        "mean": 13.5539417267,
        "median": 13.5125045776,
        "min": 3.30676531792,
        "var": 21.7780666351
    },
    "barkbands_flatness_db": {
        "dmean": 0.0368095189333,
        "dmean2": 0.0488752387464,
        "dvar": 0.00131043896545,
        "dvar2": 0.00225174054503,
        "max": 0.520452678204,
        "mean": 0.234180182219,
        "median": 0.218960255384,
        "min": 0.0582802854478,
        "var": 0.0066941534169
    },
    "barkbands_kurtosis": {
        "dmean": 18.6884822845,
        "dmean2": 27.6438617706,
        "dvar": 1159.0526123,
        "dvar2": 2593.22119141,
        "max": 405.345123291,
        "mean": 29.7438182831,
        "median": 11.9033527374,
        "min": -1.82080614567,
        "var": 2391.62890625
    },
    "barkbands_skewness": {
        "dmean": 1.3142645359,
        "dmean2": 1.88062000275,
        "dvar": 2.41056537628,
        "dvar2": 5.21001005173,
        "max": 17.2793655396,
        "mean": 3.71097111702,
        "median": 3.1905362606,
        "min": -5.62007331848,
        "var": 9.4452419281
    },
    "barkbands_spread": {
        "dmean": 7.19132900238,
        "dmean2": 10.6755342484,
        "dvar": 100.664581299,
        "dvar2": 197.313400269,
        "max": 107.336723328,
        "mean": 16.4490127563,
        "median": 11.2292900085,
        "min": 0.269091308117,
        "var": 287.361846924
    },
    "dissonance": {
        "dmean": 0.0235060472041,
        "dmean2": 0.0388744883239,
        "dvar": 0.000607968540862,
        "dvar2": 0.00160193978809,
        "max": 0.49998241663,
        "mean": 0.462109684944,
        "median": 0.471783727407,
        "min": 0.277951389551,
        "var": 0.00111568823922
    },
    "dynamic_complexity": 2.8035223484,
    "erbbands_crest": {
        "dmean": 3.05971074104,
        "dmean2": 4.99399137497,
        "dvar": 7.94397306442,
        "dvar2": 20.514623642,
        "max": 28.8107967377,
        "mean": 9.2074508667,
        "median": 8.44248104095,
        "min": 2.67864990234,
        "var": 16.2236633301
    },
    "erbbands_flatness_db": {
        "dmean": 0.0222462322563,
        "dmean2": 0.0323171578348,
        "dvar": 0.000411263754359,
        "dvar2": 0.00079764763359,
        "max": 0.316793739796,
        "mean": 0.154526695609,
        "median": 0.141807153821,
        "min": 0.0570169873536,
        "var": 0.00296729267575
    },
    "erbbands_kurtosis": {
        "dmean": 1.68192744255,
        "dmean2": 2.55344080925,
        "dvar": 8.36932754517,
        "dvar2": 14.36191082,
        "max": 45.8225326538,
        "mean": 1.22361326218,
        "median": -0.112376928329,
        "min": -1.86826121807,
        "var": 19.7236175537
    },
    "erbbands_skewness": {
        "dmean": 0.548901796341,
        "dmean2": 0.802051663399,
        "dvar": 0.368925392628,
        "dvar2": 0.702238380909,
        "max": 2.75382041931,
        "mean": 0.0635630786419,
        "median": 0.154260084033,
        "min": -6.23183822632,
        "var": 1.18613517284
    },
    "erbbands_spread": {
        "dmean": 16.4363365173,
        "dmean2": 24.3570976257,
        "dvar": 368.705810547,
        "dvar2": 751.726501465,
        "max": 218.586624146,
        "mean": 52.3132972717,
        "median": 43.994228363,
        "min": 4.33623886108,
        "var": 1259.99133301
    },
    "hfc": {
        "dmean": 15.8182811737,
        "dmean2": 22.1567211151,
        "dvar": 712.702758789,
        "dvar2": 1425.88085938,
        "max": 288.99395752,
        "mean": 27.8706684113,
        "median": 17.136631012,
        "min": 0.0189166031778,
        "var": 1213.79223633
    },
    "melbands_crest": {
        "dmean": 3.73891282082,
        "dmean2": 5.67107152939,
        "dvar": 17.369304657,
        "dvar2": 38.5075874329,
        "max": 38.1370697021,
        "mean": 26.208530426,
        "median": 30.1789646149,
        "min": 3.95065689087,
        "var": 82.8600387573
    },
    "melbands_flatness_db": {
        "dmean": 0.0413610003889,
        "dmean2": 0.0526133403182,
        "dvar": 0.0016936364118,
        "dvar2": 0.00282476493157,
        "max": 0.665878355503,
        "mean": 0.294841736555,
        "median": 0.286417126656,
        "min": 0.0600433088839,
        "var": 0.0122275529429
    },
    "melbands_kurtosis": {
        "dmean": 64.9986343384,
        "dmean2": 91.6705627441,
        "dvar": 17014.5957031,
        "dvar2": 29804.828125,
        "max": 2223.9375,
        "mean": 114.02835083,
        "median": 36.3035354614,
        "min": -1.46288442612,
        "var": 49593.5351562
    },
    "melbands_skewness": {
        "dmean": 2.21218538284,
        "dmean2": 3.03634881973,
        "dvar": 8.13502216339,
        "dvar2": 15.5383396149,
        "max": 34.2285308838,
        "mean": 6.74133348465,
        "median": 5.28212499619,
        "min": -3.73393988609,
        "var": 35.5002250671
    },
    "melbands_spread": {
        "dmean": 6.52418518066,
        "dmean2": 9.28232765198,
        "dvar": 109.908233643,
        "dvar2": 236.175598145,
        "max": 172.764038086,
        "mean": 14.6212205887,
        "median": 8.60074234009,
        "min": 0.153698444366,
        "var": 290.100280762
    },
    "pitch_salience": {
        "dmean": 0.0863833203912,
        "dmean2": 0.1333104074,
        "dvar": 0.0104115186259,
        "dvar2": 0.0260260421783,
        "max": 0.843980431557,
        "mean": 0.382217407227,
        "median": 0.326652139425,
        "min": 0.0401036292315,
        "var": 0.0322375893593
    },
    "silence_rate_20dB": {
        "dmean": 0.0433436520398,
        "dmean2": 0.0867544561625,
        "dvar": 0.0414643138647,
        "dvar2": 0.110209874809,
        "max": 1,
        "mean": 0.972157776356,
        "median": 1,
        "min": 0,
        "var": 0.0270667206496
    },
    "silence_rate_30dB": {
        "dmean": 0.141640871763,
        "dmean2": 0.282726556063,
        "dvar": 0.121580153704,
        "dvar2": 0.250818639994,
        "max": 1,
        "mean": 0.68600153923,
        "median": 1,
        "min": 0,
        "var": 0.215405836701
    },
    "silence_rate_60dB": {
        "dmean": 0.0216718260199,
        "dmean2": 0.0433772280812,
        "dvar": 0.0212018359452,
        "dvar2": 0.0414949804544,
        "max": 1,
        "mean": 0.0649651959538,
        "median": 0,
        "min": 0,
        "var": 0.0607437752187
    },
    "spectral_centroid": {
        "dmean": 395.762390137,
        "dmean2": 556.395141602,
        "dvar": 227603.6875,
        "dvar2": 391205.09375,
        "max": 6666.19335938,
        "mean": 1522.13220215,
        "median": 1377.51000977,
        "min": 157.104324341,
        "var": 930099.375
    },
    "spectral_complexity": {
        "dmean": 4.43498468399,
        "dmean2": 5.81642150879,
        "dvar": 31.5476398468,
        "dvar2": 38.7559928894,
        "max": 59,
        "mean": 13.9319410324,
        "median": 13,
        "min": 0,
        "var": 102.610954285
    },
    "spectral_decrease": {
        "dmean": 7.40013339495e-09,
        "dmean2": 9.88509185618e-09,
        "dvar": 1.61151128414e-16,
        "dvar2": 2.61783605632e-16,
        "max": -5.02894514226e-12,
        "mean": -2.29183676481e-08,
        "median": -1.87658155681e-08,
        "min": -1.10991315694e-07,
        "var": 4.68329810493e-16
    },
    "spectral_energy": {
        "dmean": 0.0287664160132,
        "dmean2": 0.0383667685091,
        "dvar": 0.00234516803175,
        "dvar2": 0.00380207900889,
        "max": 0.422379761934,
        "mean": 0.0890271738172,
        "median": 0.0732709243894,
        "min": 2.06961940421e-05,
        "var": 0.00681462232023
    },
    "spectral_energyband_high": {
        "dmean": 0.00131134421099,
        "dmean2": 0.00195396365598,
        "dvar": 6.52761673336e-06,
        "dvar2": 1.36007920446e-05,
        "max": 0.0241809524596,
        "mean": 0.001731491182,
        "median": 0.000576406135224,
        "min": 6.82096299442e-08,
        "var": 1.02971680462e-05
    },
    "spectral_energyband_low": {
        "dmean": 0.0253347512335,
        "dmean2": 0.0335349775851,
        "dvar": 0.00229078670964,
        "dvar2": 0.00392879219726,
        "max": 0.409500747919,
        "mean": 0.0741328075528,
        "median": 0.0601842030883,
        "min": 7.23871949049e-08,
        "var": 0.00601967982948
    },
    "spectral_energyband_middle_high": {
        "dmean": 0.00280978903174,
        "dmean2": 0.00358587922528,
        "dvar": 2.45628016273e-05,
        "dvar2": 4.26032856922e-05,
        "max": 0.0728721171618,
        "mean": 0.00530584715307,
        "median": 0.0024020653218,
        "min": 8.45212070999e-06,
        "var": 6.02075488132e-05
    },
    "spectral_energyband_middle_low": {
        "dmean": 0.00664206175134,
        "dmean2": 0.0114454366267,
        "dvar": 0.000318594975397,
        "dvar2": 0.000872320670169,
        "max": 0.135311082006,
        "mean": 0.0075907134451,
        "median": 0.00368205481209,
        "min": 6.27761983196e-06,
        "var": 0.000227454685955
    },
    "spectral_entropy": {
        "dmean": 0.243118315935,
        "dmean2": 0.342589795589,
        "dvar": 0.0662141740322,
        "dvar2": 0.126941621304,
        "max": 8.84394836426,
        "mean": 7.60918474197,
        "median": 7.61155748367,
        "min": 5.56074333191,
        "var": 0.269865304232
    },
    "spectral_flux": {
        "dmean": 0.0505479089916,
        "dmean2": 0.0724249109626,
        "dvar": 0.00521916430444,
        "dvar2": 0.00815523695201,
        "max": 0.616853356361,
        "mean": 0.13113167882,
        "median": 0.0921100378036,
        "min": 0.00238204095513,
        "var": 0.0132685648277
    },
    "spectral_kurtosis": {
        "dmean": 1.95963823795,
        "dmean2": 3.11314630508,
        "dvar": 9.08862495422,
        "dvar2": 23.0278015137,
        "max": 44.7199859619,
        "mean": 3.50978040695,
        "median": 2.50835180283,
        "min": -1.13589739799,
        "var": 15.3971719742
    },
    "spectral_rms": {
        "dmean": 0.00133397814352,
        "dmean2": 0.00177842343692,
        "dvar": 3.52863412445e-06,
        "dvar2": 5.92780088482e-06,
        "max": 0.0202996991575,
        "mean": 0.00830891542137,
        "median": 0.00845481082797,
        "min": 0.000142096483614,
        "var": 1.78176051122e-05
    },
    "spectral_rolloff": {
        "dmean": 405.213043213,
        "dmean2": 637.42401123,
        "dvar": 864525,
        "dvar2": 1596495.875,
        "max": 9302.34375,
        "mean": 926.249023438,
        "median": 150.732421875,
        "min": 43.06640625,
        "var": 2593119.5
    },
    "spectral_skewness": {
        "dmean": 0.325919240713,
        "dmean2": 0.486394256353,
        "dvar": 0.128348425031,
        "dvar2": 0.286462187767,
        "max": 5.45474147797,
        "mean": 1.36961901188,
        "median": 1.32027232647,
        "min": -0.467518001795,
        "var": 0.435864835978
    },
    "spectral_spread": {
        "dmean": 1203856.25,
        "dmean2": 1661229.875,
        "dvar": 2.32115929088e+12,
        "dvar2": 4.63394779955e+12,
        "max": 19190790,
        "mean": 5764733,
        "median": 4629342.5,
        "min": 1759777.5,
        "var": 7.03517058662e+12
    },
    "spectral_strongpeak": {
        "dmean": 0.241660356522,
        "dmean2": 0.384937345982,
        "dvar": 0.269295811653,
        "dvar2": 0.579927742481,
        "max": 8.60009002686,
        "mean": 0.588898181915,
        "median": 0.396927535534,
        "min": 0,
        "var": 0.51420468092
    },
    "zerocrossingrate": {
        "dmean": 0.0132425501943,
        "dmean2": 0.015617435798,
        "dvar": 0.000266279821517,
        "dvar2": 0.000264073925791,
        "max": 0.3583984375,
        "mean": 0.0505497604609,
        "median": 0.041015625,
        "min": 0.00146484375,
        "var": 0.00203547650017
    },
    "barkbands": {
        "dmean": [0.00621931673959, 0.0237761419266, 0.00739378109574, 0.00251843780279, 0.00268129608594, 0.000810568104498, 0.000683940364979, 0.000541638757568, 0.000535768689588, 0.000570936943404, 0.000637583318166, 0.000694909947924, 0.000785777985584, 0.000439852068666, 0.000264441448962, 0.000277132261544, 0.00017676736752, 0.000201707560336, 0.000193717860384, 0.000154067878611, 0.000159878778504, 0.000152869746671, 0.000338782410836, 0.000435507739894, 0.000196964523639, 0.000103780024801, 9.94227136175e-08],
        "dmean2": [0.00974700786173, 0.0331652536988, 0.0137400766835, 0.00466179242358, 0.00459480332211, 0.00142914371099, 0.00111674633808, 0.000824684801046, 0.000831488054246, 0.000888517068233, 0.000957964744885, 0.000998797477223, 0.00107394449878, 0.000651531037875, 0.000410414038925, 0.000415322632762, 0.000262722285697, 0.000306033529341, 0.000277659477433, 0.000231355239521, 0.000218293862417, 0.000216009604628, 0.000540657085367, 0.000699252588674, 0.000297662045341, 0.000151362706674, 1.56084269065e-07],
        "dvar": [9.96714225039e-05, 0.00246614543721, 0.000581844185945, 6.96286660968e-05, 4.84555021103e-05, 5.54786538487e-06, 1.98292741516e-06, 2.06760614674e-06, 8.61789942519e-07, 1.22057360841e-06, 2.72763327303e-06, 3.70039083464e-06, 3.01939599012e-06, 7.18940327715e-07, 3.8313459072e-07, 7.46909051941e-07, 1.754873864e-07, 2.0693127567e-07, 1.44982976735e-07, 1.72716880797e-07, 1.33608068609e-07, 1.00481052812e-07, 4.28095859206e-07, 8.30338706237e-07, 1.94946935039e-07, 1.10510185891e-07, 5.9757049569e-13],
        "dvar2": [0.000213883147808, 0.00515350606292, 0.00166075991001, 0.000198613270186, 0.000126604703837, 1.53711225721e-05, 4.97011433254e-06, 4.57524674857e-06, 2.05501874007e-06, 2.52838958659e-06, 5.12436736244e-06, 6.8243602982e-06, 6.05549394095e-06, 1.43436557209e-06, 9.51365279889e-07, 1.73167029516e-06, 4.06341456483e-07, 4.7936697456e-07, 3.19222351663e-07, 4.12067464595e-07, 2.68570630624e-07, 1.8872533758e-07, 1.01462649127e-06, 1.96962582777e-06, 3.8836043359e-07, 2.08579848504e-07, 1.08261858679e-12],
        "max": [0.0906839668751, 0.395702958107, 0.160654351115, 0.0575981214643, 0.0567521974444, 0.0161306038499, 0.0186652150005, 0.0175641719252, 0.00774943968281, 0.0170448515564, 0.0231433808804, 0.037829965353, 0.019700312987, 0.0120098022744, 0.00622451258823, 0.0158260557801, 0.0041432515718, 0.0053418953903, 0.00470791384578, 0.00505022983998, 0.00385884195566, 0.00353301828727, 0.00571952806786, 0.0089915515855, 0.0045974268578, 0.0042178388685, 1.54796034622e-05],
        "mean": [0.0169173125178, 0.0510547459126, 0.00658936379477, 0.00176998821553, 0.00274098804221, 0.0007001896156, 0.000814826460555, 0.000584148452617, 0.000666352338158, 0.000796764856204, 0.000798266322818, 0.000892421929166, 0.00100670359097, 0.000516572210472, 0.000300902582239, 0.000313741446007, 0.000219510082388, 0.000249745178735, 0.000265379203483, 0.000175177192432, 0.00021674168238, 0.00023969639733, 0.000391480862163, 0.000458487833384, 0.000245532632107, 0.000102036239696, 8.04534536769e-08],
        "median": [0.0146336648613, 0.0345573872328, 0.00264471489936, 0.000294418190606, 0.000858097453602, 0.000150654930621, 0.000230945559451, 0.000115064074635, 0.000235745974351, 0.000219696579734, 0.000156743059051, 0.000146794540342, 0.000119886019093, 0.000129359250423, 7.76110900915e-05, 5.23636299476e-05, 5.18622546224e-05, 6.98177391314e-05, 7.58454552852e-05, 4.23165110988e-05, 7.50392937334e-05, 8.3382044977e-05, 8.64332178026e-05, 5.94063858443e-05, 2.86132053589e-05, 8.41448309075e-06, 1.12607190239e-09],
        "min": [1.94465374359e-10, 1.80965251673e-08, 3.00211366877e-09, 6.15567197215e-09, 2.81093321064e-07, 1.78702936893e-08, 1.47873265632e-07, 8.85942910145e-08, 2.22307235731e-07, 7.13056564905e-08, 3.83389036074e-08, 1.22158922977e-07, 1.13447370609e-07, 6.59878907072e-08, 2.64089514701e-08, 1.73805876358e-08, 2.56191974302e-08, 3.47764022024e-08, 4.15722638536e-08, 1.39293554469e-08, 1.9157386788e-08, 1.45527021544e-08, 1.13865947782e-08, 4.38434399896e-09, 2.01031213898e-09, 6.70376740231e-11, 1.26154373406e-11],
        "var": [0.000226812146138, 0.00406260509044, 0.000341148988809, 4.10333377658e-05, 3.9444596041e-05, 3.65488176612e-06, 2.45087176154e-06, 2.3375564524e-06, 1.13902422072e-06, 2.24804762183e-06, 4.20221795139e-06, 6.06740377407e-06, 5.387382771e-06, 1.05127799088e-06, 4.46295331358e-07, 8.40590359985e-07, 2.38996506141e-07, 2.56484895544e-07, 2.29457000955e-07, 1.85676626074e-07, 1.90674185774e-07, 1.8183085615e-07, 5.72961880607e-07, 1.12628049465e-06, 3.10066099019e-07, 1.45937235629e-07, 5.79351399754e-13]
    },
    "erbbands": {
        "dmean": [1.11554718018, 4.9123544693, 8.84926891327, 8.21920776367, 7.94132709503, 8.9178943634, 10.8267126083, 4.78312587738, 8.81405448914, 10.9696149826, 9.68687725067, 12.4663534164, 17.2649002075, 15.5137758255, 29.3468952179, 25.7333221436, 37.2012329102, 22.987537384, 13.7061071396, 14.0278682709, 12.1125860214, 9.70233154297, 11.2425918579, 8.98043441772, 9.22825050354, 7.50031661987, 8.08334159851, 4.56559085846, 5.00085449219, 7.10771608353, 11.8859224319, 11.3184747696, 5.2637052536, 2.40732979774, 1.3946877718, 0.632015705109, 0.167680054903, 0.0107670165598, 0.000246370706009, 4.54874134448e-05],
        "dmean2": [1.6692700386, 7.73135471344, 15.6550483704, 15.3310813904, 13.603386879, 15.2207927704, 19.2403831482, 8.06683921814, 14.9488782883, 17.2933006287, 14.4329481125, 19.5197658539, 25.4393005371, 24.3347053528, 43.0774345398, 34.8371353149, 50.5417137146, 33.2253456116, 19.4253578186, 21.0365333557, 17.7716598511, 14.1738739014, 16.6116390228, 12.6608495712, 13.0753154755, 11.3162126541, 11.6339483261, 6.36396217346, 7.08725738525, 10.4370937347, 19.6584701538, 18.3561077118, 8.37448501587, 3.71822357178, 2.04012179375, 0.894615888596, 0.247739434242, 0.0167754497379, 0.000367689557606, 6.12575604464e-05],
        "dvar": [5.583527565, 146.590194702, 726.565551758, 747.928955078, 612.143005371, 406.610931396, 1031.43505859, 157.478363037, 500.891937256, 539.557373047, 441.782073975, 582.037414551, 1445.27038574, 858.994262695, 7390.86669922, 4401.91699219, 6748.45605469, 2123.24731445, 732.583374023, 1543.15808105, 1145.57250977, 568.353759766, 662.496459961, 319.682434082, 481.298950195, 484.786132812, 384.409118652, 113.143417358, 130.22277832, 167.885620117, 612.450195312, 607.400512695, 113.082695007, 25.3738155365, 10.9976158142, 3.82817363739, 0.321592599154, 0.000691986002494, 3.72066097043e-07, 5.30800026155e-09],
        "dvar2": [12.5195417404, 346.702301025, 1970.06408691, 2132.58007812, 1638.81811523, 1061.62194824, 2892.47900391, 417.65032959, 1355.85229492, 1159.61169434, 998.571350098, 1444.92614746, 2646.13842773, 1992.40380859, 14783.8867188, 7747.02539062, 13438.8007812, 4344.21240234, 1410.75976562, 3200.6550293, 2730.83984375, 1262.55944824, 1560.36547852, 656.155822754, 1050.61975098, 1211.56762695, 836.670288086, 198.841567993, 256.492767334, 329.156463623, 1552.15014648, 1477.03625488, 263.988250732, 53.2890701294, 21.4118022919, 7.03602457047, 0.633375525475, 0.00141340494156, 7.22246454643e-07, 8.893069392e-09],
        "max": [17.0292682648, 84.8775558472, 179.197189331, 181.10887146, 206.332092285, 167.943222046, 239.45980835, 104.557167053, 282.09197998, 270.351013184, 232.50227356, 219.573974609, 594.24987793, 385.529724121, 1292.11535645, 1108.42150879, 839.207214355, 679.151000977, 339.85333252, 803.110839844, 669.35345459, 290.770629883, 294.150787354, 205.128646851, 297.495544434, 272.435241699, 205.084136963, 117.638389587, 142.932952881, 144.483901978, 229.244247437, 282.97543335, 92.4217376709, 61.1639137268, 40.4977912903, 24.7439002991, 7.17291641235, 0.376183956861, 0.00841881707311, 0.000745303928852],
        "mean": [2.86903834343, 5.92271757126, 8.44419384003, 6.45239448547, 6.74400901794, 9.5798368454, 9.58067893982, 4.65789270401, 9.76253890991, 14.0215950012, 11.6066446304, 15.2635679245, 24.1024456024, 24.312374115, 40.06407547, 35.1608123779, 47.6607894897, 29.6997814178, 18.2093334198, 18.2695617676, 15.015001297, 13.1283111572, 14.1333150864, 13.2246398926, 12.2953701019, 8.41162967682, 10.4408073425, 6.54386281967, 7.59514856339, 11.0583162308, 12.1942472458, 11.3193998337, 5.87501382828, 3.04015612602, 1.61305654049, 0.645702123642, 0.160104542971, 0.0104446643963, 0.00027848748141, 0.000116938674182],
        "median": [2.25618481636, 2.22153663635, 3.17991614342, 2.14642047882, 1.61812007427, 3.06839179993, 1.92236554623, 1.15093755722, 2.61553049088, 4.05144739151, 3.7097401619, 6.0443687439, 6.9680352211, 8.59147357941, 9.0452337265, 5.94629669189, 5.92983961105, 7.11818599701, 5.57099580765, 4.2932100296, 2.83929109573, 3.09776806831, 3.97293019295, 4.12366580963, 3.72906780243, 2.32939267159, 3.42700195312, 2.37888860703, 2.75677108765, 3.37586784363, 2.17717123032, 0.941664636135, 0.891190826893, 0.372583389282, 0.178848877549, 0.0625607743859, 0.0117069110274, 0.000644827610813, 6.9785368396e-05, 9.22062099562e-05],
        "min": [2.61016657532e-06, 1.80992865353e-05, 1.29418458528e-05, 3.56683231075e-05, 0.000463939533802, 0.000848579453304, 0.000278326915577, 0.0013529349817, 0.00462874397635, 0.003483974142, 0.00411091838032, 0.00386947253719, 0.00219992105849, 0.00322739593685, 0.00508265616372, 0.00643111718819, 0.00519125303254, 0.00645657954738, 0.00232702074572, 0.00143008038867, 0.00107379606925, 0.00199980568141, 0.0020614429377, 0.00135871663224, 0.00241778534837, 0.000868126167916, 0.000785498938058, 0.00066625548061, 0.000565772817936, 0.000499161775224, 0.000321437197272, 0.000126905812067, 5.50976983504e-05, 3.07102418446e-05, 6.46642592983e-06, 1.96438691091e-06, 7.7954254607e-08, 1.27140902251e-08, 1.36566287168e-08, 2.49401281849e-08],
        "var": [9.36905860901, 145.244522095, 491.856933594, 436.072998047, 436.486602783, 369.189056396, 693.891174316, 123.171768188, 484.254699707, 797.803344727, 519.915771484, 661.671569824, 2867.58300781, 1602.41235352, 11377.0244141, 8009.55126953, 12006.5351562, 3215.62768555, 1257.60461426, 2222.71142578, 1350.96594238, 815.451660156, 842.663757324, 581.580322266, 675.224121094, 460.425598145, 482.148864746, 188.843261719, 211.556747437, 342.418395996, 655.021850586, 792.185302734, 157.717025757, 41.809337616, 16.1881809235, 5.28543138504, 0.393730282784, 0.000876314763445, 4.95680808399e-07, 1.24475629804e-08]
    },
    "gfcc": {
        "mean": [-18.4557723999, 78.6476211548, -100.211517334, 43.1080551147, -54.1981277466, 35.3139305115, -25.1207809448, 13.8995370865, -19.1872291565, 3.533680439, -9.85426998138, 1.33513736725, -8.0685377121],
        "cov": [[8499.78515625, -894.054077148, 597.40020752, 174.523620605, 274.31854248, 990.811218262, 6.00365781784, 614.505493164, 3.13700342178, 215.781494141, -14.9243507385, 423.147216797, -62.2872200012], [-894.054077148, 2543.59448242, 54.0047950745, -27.2706871033, 619.723571777, -578.940551758, 384.199859619, -195.727645874, 212.958908081, -115.037704468, 247.380096436, -95.8228988647, 190.45526123], [597.40020752, 54.0047950745, 2391.48681641, 930.770324707, 685.897949219, 785.804016113, 398.909423828, 419.211120605, 240.607437134, 194.554855347, 96.1235580444, 213.140090942, 229.703735352], [174.523620605, -27.2706871033, 930.770324707, 1010.45715332, 444.245300293, 272.916656494, 322.031646729, 226.515472412, 275.624725342, 97.1263809204, 82.8722000122, 38.889705658, 263.386199951], [274.31854248, 619.723571777, 685.897949219, 444.245300293, 826.696960449, 265.128051758, 415.220245361, 237.533599854, 224.398849487, 99.1935501099, 102.524742126, 83.0826797485, 182.950057983], [990.811218262, -578.940551758, 785.804016113, 272.916656494, 265.128051758, 816.248352051, 235.456130981, 271.804077148, 67.8834381104, 151.442977905, 23.8832263947, 123.850631714, 23.3103618622], [6.00365781784, 384.199859619, 398.909423828, 322.031646729, 415.220245361, 235.456130981, 531.373657227, 142.610824585, 129.690292358, 57.0582809448, 103.202011108, 39.0433387756, 139.467147827], [614.505493164, -195.727645874, 419.211120605, 226.515472412, 237.533599854, 271.804077148, 142.610824585, 300.961120605, 95.5269470215, 56.5172042847, 0.723833322525, 99.4172744751, 55.2285346985], [3.13700342178, 212.958908081, 240.607437134, 275.624725342, 224.398849487, 67.8834381104, 129.690292358, 95.5269470215, 258.217651367, 47.929725647, 33.6499519348, 6.50747442245, 104.16594696], [215.781494141, -115.037704468, 194.554855347, 97.1263809204, 99.1935501099, 151.442977905, 57.0582809448, 56.5172042847, 47.929725647, 155.130477905, -1.77766668797, 20.3750839233, 1.63159632683], [-14.9243507385, 247.380096436, 96.1235580444, 82.8722000122, 102.524742126, 23.8832263947, 103.202011108, 0.723833322525, 33.6499519348, -1.77766668797, 148.687210083, 3.4713742733, 33.5150184631], [423.147216797, -95.8228988647, 213.140090942, 38.889705658, 83.0826797485, 123.850631714, 39.0433387756, 99.4172744751, 6.50747442245, 20.3750839233, 3.4713742733, 114.294563293, 18.3586521149], [-62.2872200012, 190.45526123, 229.703735352, 263.386199951, 182.950057983, 23.3103618622, 139.467147827, 55.2285346985, 104.16594696, 1.63159632683, 33.5150184631, 18.3586521149, 159.227844238]],
        "icov": [[0.000182727482752, -0.000141855256516, 0.000149025916471, -0.000175293826032, 8.94412951311e-05, -0.000305681751342, 0.000217810011236, -0.000294695724733, 0.000146799517097, -0.000139225521707, 4.21046534029e-05, -0.000571557378862, 0.000131980050355], [-0.000141855256516, 0.00178218865767, -0.000734155240934, 0.001441024011, -0.00144637539051, 0.00181375874672, -0.00105423096102, 0.00134233490098, -0.00120945903473, 0.000788766483311, -0.00146253581624, 0.0012637010077, -0.000712347507942], [0.000149025916471, -0.000734155240934, 0.0013464060612, -0.00131585553754, 0.000252276309766, -0.00139514205512, 0.000733179040253, -0.000600138388108, 0.00070847774623, -0.000467180798296, 0.000451348081697, -0.0016472657444, 0.00028729357291], [-0.000175293826032, 0.001441024011, -0.00131585553754, 0.00399265810847, -0.000935582560487, 0.00153661391232, -0.000998729141429, 0.000260819098912, -0.00179824000224, 4.04156489822e-05, -0.00152574013919, 0.00281621934846, -0.0036916253157], [8.94412951311e-05, -0.00144637539051, 0.000252276309766, -0.000935582560487, 0.00399433355778, -0.00116102176253, -0.000457271526102, -0.00197704136372, 0.000127918174258, -0.0013322714949, 0.000616761099081, -0.00118196045514, -0.000448082690127], [-0.000305681751342, 0.00181375874672, -0.00139514205512, 0.00153661391232, -0.00116102176253, 0.00459117768332, -0.00199184124358, 0.000260232482105, -0.00103426561691, -0.000398504227633, -0.00143446610309, 0.0011721753981, 0.000345540756825], [0.000217810011236, -0.00105423096102, 0.000733179040253, -0.000998729141429, -0.000457271526102, -0.00199184124358, 0.00457988120615, -0.00124697294086, 0.00108622014523, -0.000645875115879, -0.000619195343461, -0.000418290612288, -0.00134687277023], [-0.000294695724733, 0.00134233490098, -0.000600138388108, 0.000260819098912, -0.00197704136372, 0.000260232482105, -0.00124697294086, 0.00866332184523, -0.00231918599457, 0.00141186860856, 0.000564096320886, -0.00296658906154, 0.000760317489039], [0.000146799517097, -0.00120945903473, 0.00070847774623, -0.00179824000224, 0.000127918174258, -0.00103426561691, 0.00108622014523, -0.00231918599457, 0.0075995340012, -0.0018899483839, 0.000561496359296, 0.00058737245854, -0.00182410376146], [-0.000139225521707, 0.000788766483311, -0.000467180798296, 4.04156489822e-05, -0.0013322714949, -0.000398504227633, -0.000645875115879, 0.00141186860856, -0.0018899483839, 0.009247103706, 0.000390881381463, 0.00050886371173, 0.0022749863565], [4.21046534029e-05, -0.00146253581624, 0.000451348081697, -0.00152574013919, 0.000616761099081, -0.00143446610309, -0.000619195343461, 0.000564096320886, 0.000561496359296, 0.000390881381463, 0.00957985501736, -0.00147408735938, 0.00126877380535], [-0.000571557378862, 0.0012637010077, -0.0016472657444, 0.00281621934846, -0.00118196045514, 0.0011721753981, -0.000418290612288, -0.00296658906154, 0.00058737245854, 0.00050886371173, -0.00147408735938, 0.0168263241649, -0.00345463701524], [0.000131980050355, -0.000712347507942, 0.00028729357291, -0.0036916253157, -0.000448082690127, 0.000345540756825, -0.00134687277023, 0.000760317489039, -0.00182410376146, 0.0022749863565, 0.00126877380535, -0.00345463701524, 0.0155575443059]]
    },
    "melbands": {
        "dmean": [0.00758934766054, 0.00481073837727, 0.00142330327071, 0.000608162372373, 0.000370540074073, 0.000116495109978, 0.000137690076372, 0.000124585712911, 7.91935017332e-05, 7.86673190305e-05, 8.79155631992e-05, 6.31338625681e-05, 8.71404772624e-05, 8.60529398778e-05, 7.54688517191e-05, 7.49277678551e-05, 4.35830697825e-05, 2.46199815592e-05, 2.11734368349e-05, 2.0412460799e-05, 1.31189417516e-05, 1.05213403003e-05, 1.01327113953e-05, 9.37215099839e-06, 7.48030515751e-06, 7.31605405235e-06, 6.4888840825e-06, 4.63044943899e-06, 5.37780169907e-06, 3.41116924574e-06, 2.69750421467e-06, 2.82254450212e-06, 3.41206282428e-06, 4.11292239733e-06, 6.63290893499e-06, 7.200158052e-06, 6.86003431838e-06, 3.95565712097e-06, 2.67433119916e-06, 1.89882041468e-06],
        "dmean2": [0.0107547342777, 0.0079553918913, 0.00261530675925, 0.00104426569305, 0.000651748967357, 0.000198424022528, 0.000229015815421, 0.000191781378817, 0.000118548836326, 0.000123326593894, 0.000130058731884, 9.9144752312e-05, 0.000131310007419, 0.000122219847981, 0.000106640844024, 0.000105448925751, 6.45848267595e-05, 3.54388757842e-05, 3.24384927808e-05, 3.02448388538e-05, 1.96238324861e-05, 1.5917194105e-05, 1.46363290696e-05, 1.44684227052e-05, 1.07928572106e-05, 1.03146066976e-05, 9.8238378996e-06, 7.12289556759e-06, 7.9584078776e-06, 4.62928665002e-06, 3.85301973438e-06, 3.94584731112e-06, 5.06434116687e-06, 5.9492190303e-06, 1.1000581253e-05, 1.17884783322e-05, 1.13048099593e-05, 6.37362563793e-06, 4.21672120865e-06, 2.95076984003e-06],
        "dvar": [0.000244024646236, 0.000171412146301, 2.18390287046e-05, 2.59741318587e-06, 1.01674856978e-06, 9.62837134466e-08, 1.04622884578e-07, 8.00328052719e-08, 2.46393003778e-08, 2.08517842992e-08, 3.66463162038e-08, 1.43085214788e-08, 5.89640158921e-08, 6.11122814576e-08, 3.36917942434e-08, 2.89411836718e-08, 7.46233563831e-09, 2.81024825632e-09, 2.75221867518e-09, 4.6271435572e-09, 1.32337529823e-09, 6.95232760251e-10, 5.16862053157e-10, 4.53589721339e-10, 2.38048858403e-10, 2.3482865652e-10, 3.37269351336e-10, 2.00226515923e-10, 1.83131440568e-10, 6.14771636376e-11, 3.77502473725e-11, 4.18587942086e-11, 4.42565879777e-11, 5.92829257906e-11, 1.87508092386e-10, 2.45383241504e-10, 2.29515864647e-10, 6.35122440751e-11, 2.94000275514e-11, 1.66289308712e-11],
        "dvar2": [0.000511764665134, 0.000412366178352, 6.15324825048e-05, 6.71529824103e-06, 2.80573976852e-06, 2.58750390003e-07, 2.78667499742e-07, 1.74511441742e-07, 5.75100322919e-08, 5.05062303091e-08, 6.75982647635e-08, 3.44711494904e-08, 1.10440332435e-07, 1.18016302508e-07, 6.90173465046e-08, 5.88577400151e-08, 1.52009427268e-08, 5.38379119064e-09, 6.68333344223e-09, 1.01381187889e-08, 3.14370640631e-09, 1.63270008624e-09, 1.11139031311e-09, 1.06800701616e-09, 4.94371543702e-10, 5.19906007135e-10, 7.94768806323e-10, 5.06080177765e-10, 4.16203016496e-10, 1.16140284889e-10, 6.838325739e-11, 7.96326546371e-11, 9.42956268624e-11, 1.19703746915e-10, 4.8051523871e-10, 5.88225634868e-10, 5.62928870185e-10, 1.49703610619e-10, 6.65406618694e-11, 3.58364136976e-11],
        "max": [0.121922336519, 0.0876984968781, 0.0304177273065, 0.0136090898886, 0.00741204805672, 0.00233415770344, 0.00418173708022, 0.00342615414411, 0.00151834986173, 0.00124817108735, 0.00306588690728, 0.00150000827853, 0.00354570406489, 0.00511301262304, 0.00313174095936, 0.00249353004619, 0.00153013668023, 0.000707528030034, 0.000543374801055, 0.00150284846313, 0.000652397517115, 0.000312595831929, 0.000255798600847, 0.00027197835152, 0.000177376990905, 0.000200734270038, 0.000250655808486, 0.000176539935637, 0.000156631576829, 8.27807525638e-05, 6.89855296514e-05, 8.50077485666e-05, 8.025355055e-05, 9.00928862393e-05, 0.000130368134705, 0.000162029173225, 0.00019559073553, 7.61976189096e-05, 5.49012802367e-05, 5.25467075931e-05],
        "mean": [0.0196551755071, 0.00536629324779, 0.0011533627985, 0.000601491716225, 0.000358893536031, 0.000110014188976, 0.000155809000717, 0.000154030232807, 9.45958818193e-05, 9.62625199463e-05, 0.000119485186588, 9.39956662478e-05, 0.000119408985483, 0.000115673414257, 9.17622237466e-05, 9.43932100199e-05, 5.16434156452e-05, 3.02423359244e-05, 2.45629398705e-05, 2.39657711063e-05, 1.56764308485e-05, 1.32324430524e-05, 1.34284500746e-05, 1.13219430204e-05, 1.06485131255e-05, 9.8554755823e-06, 7.503094821e-06, 4.87687020723e-06, 6.65270090394e-06, 4.71191333418e-06, 3.62411219612e-06, 4.11184601035e-06, 5.18099432156e-06, 6.19012644165e-06, 6.78909373164e-06, 7.05233696863e-06, 6.77983598507e-06, 4.33557625001e-06, 3.06084825752e-06, 2.37927247326e-06],
        "median": [0.015901396051, 0.00235366262496, 0.000390446541132, 0.000185757686268, 8.26408431749e-05, 2.62562080025e-05, 4.27699342254e-05, 4.21104195993e-05, 2.41357101913e-05, 3.61335842172e-05, 3.10438481392e-05, 2.99244493362e-05, 2.63825859292e-05, 1.92091756617e-05, 1.44060604725e-05, 1.00465567812e-05, 1.27554667415e-05, 8.02789418231e-06, 6.41945007374e-06, 3.72539648197e-06, 2.93565494758e-06, 3.06045808429e-06, 3.2197795008e-06, 3.08192466036e-06, 2.68552798843e-06, 2.86024396701e-06, 1.79293249403e-06, 1.17467448035e-06, 2.05021274269e-06, 1.46275147017e-06, 1.24218718156e-06, 1.49665436311e-06, 1.64072071129e-06, 1.83140730314e-06, 1.14468309675e-06, 4.84675979351e-07, 5.36406389529e-07, 6.29391024631e-07, 3.94035652107e-07, 2.70495263521e-07],
        "min": [1.07154489726e-08, 5.58922863547e-09, 1.09315889674e-08, 7.01015920868e-08, 7.85300624528e-09, 8.65066063227e-09, 6.71375133265e-08, 2.16923652374e-08, 2.513788111e-08, 2.24494058898e-08, 7.01764424349e-09, 1.26165184966e-08, 9.78257830297e-09, 2.13655599879e-08, 9.55079926257e-09, 8.67316973796e-09, 7.42912620311e-09, 2.84730550248e-09, 2.09619899216e-09, 9.58760071335e-10, 1.30925070785e-09, 1.90173077286e-09, 2.09579176236e-09, 1.15098175435e-09, 9.74980762791e-10, 1.80801174032e-09, 8.30085777892e-10, 2.65442973157e-10, 3.02932678942e-10, 4.33007796286e-10, 3.64203250891e-10, 2.51675208451e-10, 3.80153380997e-10, 2.20189061428e-10, 1.52719809021e-10, 1.82507845642e-11, 2.10766785969e-11, 6.310701961e-12, 1.57400724399e-11, 1.55701701532e-11],
