{
"highlevel": {
    "danceability": {
        "all": {
            "danceable": 1.14172371468e-06,
            "not_danceable": 0.999998867512
        },
        "probability": 0.999998867512,
        "value": "not_danceable"
    },
    "gender": {
        "all": {
            "female": 0.657396972179,
            "male": 0.342603027821
        },
        "probability": 0.657396972179,
        "value": "female"
    },
    "genre_dortmund": {
        "all": {
            "alternative": 0.137174531817,
            "blues": 0.0342892184854,
            "electronic": 0.0312503278255,
            "folkcountry": 0.151698440313,
            "funksoulrnb": 0.00433174474165,
            "jazz": 0.00964372511953,
            "pop": 0.0868584737182,
            "raphiphop": 0.00129630870651,
            "rock": 0.543457210064
        },
        "probability": 0.543457210064,
        "value": "rock"
    },
    "genre_electronic": {
        "all": {
            "ambient": 0.247834071517,
            "dnb": 0.200058981776,
            "house": 0.185043722391,
            "techno": 0.0318888388574,
            "trance": 0.335174381733
        },
        "probability": 0.335174381733,
        "value": "trance"
    },
    "genre_rosamerica": {
        "all": {
            "cla": 0.00684624630958,
            "dan": 0.00181367481127,
            "hip": 0.00145085377153,
            "jaz": 0.00196784664877,
            "pop": 0.0429883599281,
            "rhy": 0.00279261311516,
            "roc": 0.941402792931,
            "spe": 0.00073758821236
        },
        "probability": 0.941402792931,
        "value": "roc"
    },
    "genre_tzanetakis": {
        "all": {
            "blu": 0.0626613423228,
            "cla": 0.0348169617355,
            "cou": 0.104475811124,
            "dis": 0.0784321576357,
            "hip": 0.15692435205,
            "jaz": 0.313974827528,
            "met": 0.0448166541755,
            "pop": 0.0627359300852,
            "reg": 0.0627360641956,
            "roc": 0.0784258767962
        },
        "probability": 0.313974827528,
        "value": "jaz"
    },
    "ismir04_rhythm": {
        "all": {
            "ChaChaCha": 0.0728343576193,
            "Jive": 0.298566192389,
            "Quickstep": 0.0184804406017,
            "Rumba-American": 0.00653234682977,
            "Rumba-International": 0.0209813714027,
            "Rumba-Misc": 0.00392829114571,
            "Samba": 0.0443054512143,
            "Tango": 0.058073092252,
            "VienneseWaltz": 0.464642077684,
            "Waltz": 0.011656364426
        },
        "probability": 0.464642077684,
        "value": "VienneseWaltz"
    },
    "mood_acoustic": {
        "all": {
            "acoustic": 0.100178688765,
            "not_acoustic": 0.899821341038
        },
        "probability": 0.899821341038,
        "value": "not_acoustic"
    },
    "mood_aggressive": {
        "all": {
            "aggressive": 0.856822013855,
            "not_aggressive": 0.143178001046
        },
        "probability": 0.856822013855,
        "value": "aggressive"
    },
    "mood_electronic": {
        "all": {
            "electronic": 0.102071851492,
            "not_electronic": 0.897928118706
        },
        "probability": 0.897928118706,
        "value": "not_electronic"
    },
    "mood_happy": {
        "all": {
            "happy": 0.840409874916,
            "not_happy": 0.159590125084
        },
        "probability": 0.840409874916,
        "value": "happy"
    },
    "mood_party": {
        "all": {
            "not_party": 0.527263402939,
            "party": 0.472736597061
        },
        "probability": 0.527263402939,
        "value": "not_party"
    },
    "mood_relaxed": {
        "all": {
            "not_relaxed": 0.827165484428,
            "relaxed": 0.172834515572
        },
        "probability": 0.827165484428,
        "value": "not_relaxed"
    },
    "mood_sad": {
        "all": {
            "not_sad": 0.797973036766,
            "sad": 0.202026978135
        },
        "probability": 0.797973036766,
        "value": "not_sad"
    },
    "moods_mirex": {
        "all": {
            "Cluster1": 0.65459048748,
            "Cluster2": 0.166328921914,
            "Cluster3": 0.06079185009,
            "Cluster4": 0.0671145319939,
            "Cluster5": 0.0511742345989
        },
        "probability": 0.65459048748,
        "value": "Cluster1"
    },
    "timbre": {
        "all": {
            "bright": 0.994347691536,
            "dark": 0.0056523247622
        },
        "probability": 0.994347691536,
        "value": "bright"
    },
    "tonal_atonal": {
        "all": {
            "atonal": 0.0502351894975,
            "tonal": 0.949764788151
        },
        "probability": 0.949764788151,
        "value": "tonal"
    },
    "voice_instrumental": {
        "all": {
            "instrumental": 0.00357597437687,
            "voice": 0.996424019337
        },
        "probability": 0.996424019337,
        "value": "voice"
    }
},
"lowlevel": {
    "average_loudness": 0.974363565445,
    "barkbands_crest": {
        "dmean": 2.48282074928,
        "dmean2": 3.96238541603,
        "dvar": 5.58945941925,
        "dvar2": 13.1504297256,
        "max": 21.7173500061,
        "mean": 7.79458856583,
        "median": 6.92714929581,
        "min": 2.55497741699,
        "var": 10.8149576187
    },
    "barkbands_flatness_db": {
        "dmean": 0.0176747702062,
        "dmean2": 0.0277832429856,
        "dvar": 0.000270942779025,
        "dvar2": 0.000654339208268,
        "max": 0.258446037769,
        "mean": 0.133865490556,
        "median": 0.132459253073,
        "min": 0.0592115856707,
        "var": 0.000775936874561
    },
    "barkbands_kurtosis": {
        "dmean": 1.01356601715,
        "dmean2": 1.56735217571,
        "dvar": 1.63942921162,
        "dvar2": 3.83100318909,
        "max": 12.1775770187,
        "mean": 0.354276895523,
        "median": -0.0749018192291,
        "min": -1.7070325613,
        "var": 2.71452903748
    },
    "barkbands_skewness": {
        "dmean": 0.365505814552,
        "dmean2": 0.558711409569,
        "dvar": 0.115483738482,
        "dvar2": 0.259498357773,
        "max": 3.39962506294,
        "mean": 0.939686477184,
        "median": 0.881093144417,
        "min": -0.418233901262,
        "var": 0.32376486063
    },
    "barkbands_spread": {
        "dmean": 4.8926243782,
        "dmean2": 7.56481313705,
        "dvar": 20.2111797333,
        "dvar2": 45.8794555664,
        "max": 73.2446136475,
        "mean": 27.5690402985,
        "median": 26.8288021088,
        "min": 9.1756696701,
        "var": 68.8109741211
    },
    "dissonance": {
        "dmean": 0.0117051117122,
        "dmean2": 0.0199693143368,
        "dvar": 0.000125028644106,
        "dvar2": 0.00034907142981,
        "max": 0.499477237463,
        "mean": 0.478952348232,
        "median": 0.482728809118,
        "min": 0.398488283157,
        "var": 0.000230128280236
    },
    "dynamic_complexity": 1.40420603752,
    "erbbands_crest": {
        "dmean": 2.42373204231,
        "dmean2": 3.89739394188,
        "dvar": 5.15621805191,
        "dvar2": 12.8391647339,
        "max": 25.0649242401,
        "mean": 8.28325271606,
        "median": 7.29052639008,
        "min": 2.90092086792,
        "var": 14.0402135849
    },
    "erbbands_flatness_db": {
        "dmean": 0.0126539282501,
        "dmean2": 0.0188716631383,
        "dvar": 0.000122963247122,
        "dvar2": 0.000257885374594,
        "max": 0.251092910767,
        "mean": 0.180356815457,
        "median": 0.182370513678,
        "min": 0.0944733843207,
        "var": 0.000747978512663
    },
    "erbbands_kurtosis": {
        "dmean": 0.459059298038,
        "dmean2": 0.735545575619,
        "dvar": 0.202074036002,
        "dvar2": 0.511707961559,
        "max": 4.11795043945,
        "mean": -0.271412074566,
        "median": -0.443749904633,
        "min": -1.50450909138,
        "var": 0.537617862225
    },
    "erbbands_skewness": {
        "dmean": 0.257582336664,
        "dmean2": 0.397207826376,
        "dvar": 0.0455240830779,
        "dvar2": 0.109350770712,
        "max": 1.91372954845,
        "mean": -0.0445468500257,
        "median": -0.0939554721117,
        "min": -1.24825406075,
        "var": 0.222538173199
    },
    "erbbands_spread": {
        "dmean": 5.71567773819,
        "dmean2": 8.73919963837,
        "dvar": 22.3915691376,
        "dvar2": 53.8532218933,
        "max": 72.9525299072,
        "mean": 35.529510498,
        "median": 34.8631134033,
        "min": 11.3468008041,
        "var": 97.4905090332
    },
    "hfc": {
        "dmean": 6.37656927109,
        "dmean2": 9.5601606369,
        "dvar": 45.4174880981,
        "dvar2": 101.661972046,
        "max": 98.8921356201,
        "mean": 28.8817005157,
        "median": 26.4431915283,
        "min": 5.72567033768,
        "var": 164.326843262
    },
    "melbands_crest": {
        "dmean": 2.97389268875,
        "dmean2": 4.84603023529,
        "dvar": 7.42232942581,
        "dvar2": 17.4766197205,
        "max": 27.4785060883,
        "mean": 11.5799779892,
        "median": 10.7004451752,
        "min": 3.68150353432,
        "var": 16.7288532257
    },
    "melbands_flatness_db": {
        "dmean": 0.0235233679414,
        "dmean2": 0.0353988558054,
        "dvar": 0.000509481295012,
        "dvar2": 0.00120030657854,
        "max": 0.327014803886,
        "mean": 0.172721430659,
        "median": 0.171753227711,
        "min": 0.0497669242322,
        "var": 0.0015078370925
    },
    "melbands_kurtosis": {
        "dmean": 2.86626267433,
        "dmean2": 4.47087955475,
        "dvar": 15.1799154282,
        "dvar2": 34.7278137207,
        "max": 41.7438926697,
        "mean": 4.91171073914,
        "median": 3.60873794556,
        "min": -0.909434080124,
        "var": 26.754196167
    },
    "melbands_skewness": {
        "dmean": 0.497328728437,
        "dmean2": 0.768313884735,
        "dvar": 0.242297932506,
        "dvar2": 0.52911233902,
        "max": 5.87848806381,
        "mean": 1.9334038496,
        "median": 1.8325278759,
        "min": -0.0634333193302,
        "var": 0.718716979027
    },
    "melbands_spread": {
        "dmean": 7.2109670639,
        "dmean2": 11.2636203766,
        "dvar": 46.3993225098,
        "dvar2": 104.475502014,
        "max": 109.916618347,
        "mean": 31.0183048248,
        "median": 29.4590988159,
        "min": 6.61433172226,
        "var": 142.668991089
    },
    "pitch_salience": {
        "dmean": 0.0673094540834,
        "dmean2": 0.110100291669,
        "dvar": 0.0033917282708,
        "dvar2": 0.00855262950063,
        "max": 0.81411588192,
        "mean": 0.573429048061,
        "median": 0.575694620609,
        "min": 0.277622878551,
        "var": 0.00757140479982
    },
    "silence_rate_20dB": {
        "dmean": 0,
        "dmean2": 0,
        "dvar": 0,
        "dvar2": 0,
        "max": 1,
        "mean": 1,
        "median": 1,
        "min": 1,
        "var": 0
    },
    "silence_rate_30dB": {
        "dmean": 0,
        "dmean2": 0,
        "dvar": 0,
        "dvar2": 0,
        "max": 1,
        "mean": 1,
        "median": 1,
        "min": 1,
        "var": 0
    },
    "silence_rate_60dB": {
        "dmean": 0,
        "dmean2": 0,
        "dvar": 0,
        "dvar2": 0,
        "max": 0,
        "mean": 0,
        "median": 0,
        "min": 0,
        "var": 0
    },
    "spectral_centroid": {
        "dmean": 250.751251221,
        "dmean2": 393.637329102,
        "dvar": 45194.9335938,
        "dvar2": 106677.171875,
        "max": 3281.46386719,
        "mean": 1732.3157959,
        "median": 1707.2532959,
        "min": 761.501464844,
        "var": 156470.21875
    },
    "spectral_complexity": {
        "dmean": 4.83823537827,
        "dmean2": 7.53989171982,
        "dvar": 18.9111537933,
        "dvar2": 41.2274246216,
        "max": 56,
        "mean": 31.8507347107,
        "median": 32,
        "min": 12,
        "var": 40.5523681641
    },
    "spectral_decrease": {
        "dmean": 2.42878139822e-09,
        "dmean2": 3.6948737403e-09,
        "dvar": 8.13191003161e-18,
        "dvar2": 1.88427111328e-17,
        "max": -2.05933203823e-09,
        "mean": -8.73010286284e-09,
        "median": -7.80957787327e-09,
        "min": -3.29545315481e-08,
        "var": 1.93047295552e-17
    },
    "spectral_energy": {
        "dmean": 0.00951228197664,
        "dmean2": 0.0144153283909,
        "dvar": 0.000119172887935,
        "dvar2": 0.0002767717815,
        "max": 0.127527013421,
        "mean": 0.0355691127479,
        "median": 0.0321959033608,
        "min": 0.00853751506656,
        "var": 0.000296824378893
    },
    "spectral_energyband_high": {
        "dmean": 0.000430897023762,
        "dmean2": 0.000661328842398,
        "dvar": 3.40055208881e-07,
        "dvar2": 7.31874081339e-07,
        "max": 0.0126429777592,
        "mean": 0.00116282957606,
        "median": 0.000900578452274,
        "min": 9.37123768381e-05,
        "var": 1.05659125893e-06
    },
    "spectral_energyband_low": {
        "dmean": 0.00642538815737,
        "dmean2": 0.0101211685687,
        "dvar": 0.000103572041553,
        "dvar2": 0.000240750043304,
        "max": 0.103851921856,
        "mean": 0.0121475681663,
        "median": 0.00765422033146,
        "min": 0.000504354189616,
        "var": 0.000163550488651
    },
    "spectral_energyband_middle_high": {
        "dmean": 0.00255653797649,
        "dmean2": 0.00395283894613,
        "dvar": 8.64436697157e-06,
        "dvar2": 2.03347444767e-05,
        "max": 0.0512363538146,
        "mean": 0.00943769421428,
        "median": 0.00781598966569,
        "min": 0.00161680334713,
        "var": 2.95412901323e-05
    },
    "spectral_energyband_middle_low": {
        "dmean": 0.00461242347956,
        "dmean2": 0.00738094002008,
        "dvar": 2.06535132747e-05,
        "dvar2": 5.25343566551e-05,
        "max": 0.0584672167897,
        "mean": 0.0147676197812,
        "median": 0.0128487274051,
        "min": 0.00206379080191,
        "var": 6.8656874646e-05
    },
    "spectral_entropy": {
        "dmean": 0.115331180394,
        "dmean2": 0.167314529419,
        "dvar": 0.0107155414298,
        "dvar2": 0.0231723990291,
        "max": 8.33929347992,
        "mean": 7.63650035858,
        "median": 7.62712717056,
        "min": 7.11708927155,
        "var": 0.0385121442378
    },
    "spectral_flux": {
        "dmean": 0.02400097996,
        "dmean2": 0.0377033092082,
        "dvar": 0.000528971955646,
        "dvar2": 0.00125280988868,
        "max": 0.250022381544,
        "mean": 0.0993216261268,
        "median": 0.0920861214399,
        "min": 0.0323086753488,
        "var": 0.00121936469804
    },
    "spectral_kurtosis": {
        "dmean": 1.59065425396,
        "dmean2": 2.81959247589,
        "dvar": 2.32892942429,
        "dvar2": 7.35285758972,
        "max": 15.8591499329,
        "mean": 2.78535270691,
        "median": 2.50771856308,
        "min": -0.51987361908,
        "var": 2.88492512703
    },
    "spectral_rms": {
        "dmean": 0.000743860437069,
        "dmean2": 0.00111386179924,
        "dvar": 5.35631386356e-07,
        "dvar2": 1.18884213407e-06,
        "max": 0.0111542195082,
        "mean": 0.00573944160715,
        "median": 0.00560451950878,
        "min": 0.00288604991511,
        "var": 1.76038963673e-06
    },
    "spectral_rolloff": {
        "dmean": 448.847290039,
        "dmean2": 725.190734863,
        "dvar": 282796.96875,
        "dvar2": 633472.625,
        "max": 7515.08789062,
        "mean": 1702.60595703,
        "median": 1571.92382812,
        "min": 150.732421875,
        "var": 662928.75
    },
    "spectral_skewness": {
        "dmean": 0.206990197301,
        "dmean2": 0.350929349661,
        "dvar": 0.0341720469296,
        "dvar2": 0.096495769918,
        "max": 2.78584265709,
        "mean": 0.977807939053,
        "median": 0.981169760227,
        "min": 0.149370089173,
        "var": 0.0739816054702
    },
    "spectral_spread": {
        "dmean": 238727.28125,
        "dmean2": 350262.9375,
        "dvar": 139185946624,
        "dvar2": 187149058048,
        "max": 12917259,
        "mean": 3362129.25,
        "median": 3158376.5,
        "min": 2360664.5,
        "var": 530567102464
    },
    "spectral_strongpeak": {
        "dmean": 0.663766562939,
        "dmean2": 1.1321914196,
        "dvar": 1.03207111359,
        "dvar2": 2.47068715096,
        "max": 8.1077003479,
        "mean": 1.12062561512,
        "median": 0.534824848175,
        "min": 0.0493029542267,
        "var": 1.63264143467
    },
    "zerocrossingrate": {
        "dmean": 0.00758083118126,
        "dmean2": 0.00912492163479,
        "dvar": 4.91717619298e-05,
        "dvar2": 6.07187757851e-05,
        "max": 0.20849609375,
        "mean": 0.0614539533854,
        "median": 0.05859375,
        "min": 0.02001953125,
        "var": 0.000341145147104
    },
    "barkbands": {
        "dmean": [0.000180657705641, 0.0049439589493, 0.00210326351225, 0.00153530098032, 0.00198504584841, 0.00130752148107, 0.000635089643765, 0.00140137283597, 0.000927033426706, 0.00081525137648, 0.000350827729562, 0.000700668315403, 0.000527159660123, 0.000667817541398, 0.000684549217112, 0.000332862138748, 0.000381077756174, 0.000191576415091, 0.000317267520586, 0.000334419484716, 0.000195191678358, 7.20814059605e-05, 4.94179294037e-05, 3.79317752959e-05, 1.0444237887e-05, 1.17673175737e-06, 5.14828535358e-09],
        "dmean2": [0.000271631026408, 0.00757121527568, 0.00360410450958, 0.00265920255333, 0.00322896428406, 0.00206620176323, 0.000987323699519, 0.00221164501272, 0.00139802042395, 0.00129238981754, 0.000563297246117, 0.0011040745303, 0.000826707109809, 0.00106983154546, 0.00109610997606, 0.000537813932169, 0.000624603650067, 0.000312088697683, 0.00051342183724, 0.000530891993549, 0.000310160918161, 0.00011586688197, 7.55891087465e-05, 5.45057991985e-05, 1.51518679559e-05, 1.88748447272e-06, 7.67734675833e-09],
        "dvar": [1.22262463265e-07, 8.79977087607e-05, 1.32846025735e-05, 3.27197631123e-06, 5.64770289202e-06, 3.40969995705e-06, 2.39609130404e-06, 8.48792478791e-06, 4.10315624322e-06, 3.5465595829e-06, 2.87213339334e-07, 1.31876151954e-06, 1.07441019281e-06, 9.13112955914e-07, 1.02407329905e-06, 2.47415357535e-07, 3.51466383108e-07, 8.8507775331e-08, 1.25715786226e-07, 1.56050177225e-07, 4.64164955361e-08, 1.93374756208e-08, 2.73547335894e-08, 2.17621138887e-08, 1.37256783717e-09, 6.90012760471e-12, 3.6959372093e-15],
        "dvar2": [2.54683669709e-07, 0.000205032571102, 3.6316941987e-05, 9.56267103902e-06, 1.33437461045e-05, 7.67816072766e-06, 5.02002376379e-06, 1.87862697203e-05, 8.25940605864e-06, 8.34271304484e-06, 6.68500490519e-07, 2.63794890998e-06, 2.69730071523e-06, 2.15177828977e-06, 2.3872487418e-06, 5.77858429551e-07, 8.24927894882e-07, 2.13448302588e-07, 2.94270847689e-07, 3.59581861176e-07, 1.19392936426e-07, 4.8148685039e-08, 4.49387052015e-08, 4.53702710956e-08, 2.73353784053e-09, 1.64156466198e-11, 3.84369871882e-15],
        "max": [0.00389689300209, 0.0907472074032, 0.03253756091, 0.0187629964203, 0.0463424958289, 0.027464909479, 0.03237112239, 0.050133664161, 0.0408032163978, 0.0420435927808, 0.00775554683059, 0.0273432452232, 0.0122367022559, 0.011184932664, 0.0113573689014, 0.00777359260246, 0.00936765503138, 0.00446236878633, 0.0057879681699, 0.00694707361981, 0.00379259721376, 0.00242281029932, 0.00494945375249, 0.00352778611705, 0.000707656843588, 3.86316787626e-05, 2.12583245229e-06],
        "mean": [0.000255771534285, 0.0070380801335, 0.00309791252948, 0.00255636195652, 0.00353407906368, 0.00277901510708, 0.00115143251605, 0.00246610818431, 0.00193151470739, 0.00169123965316, 0.000610378105193, 0.00134838314261, 0.000828578136861, 0.00120162975509, 0.00126536272001, 0.000585299974773, 0.000695956172422, 0.000319744372973, 0.000722665863577, 0.000723490607925, 0.000432214728789, 0.000144246543641, 9.83625068329e-05, 6.76448762533e-05, 2.15693671635e-05, 2.08833239412e-06, 4.36796954162e-09],
        "median": [0.000119689619169, 0.00355759402737, 0.00201227422804, 0.00195602909662, 0.00254146498628, 0.00173754361458, 0.000582845648751, 0.000961850513704, 0.000580181775149, 0.000785247073509, 0.000382180092856, 0.000861519307364, 0.00050096353516, 0.000767687743064, 0.000768313882872, 0.000363045779523, 0.00050176755758, 0.000180056202225, 0.00061174435541, 0.000580914726015, 0.00036932140938, 6.4803090936e-05, 3.21027764585e-05, 1.62377818924e-05, 3.78047934646e-06, 5.88132934354e-07, 5.95489990651e-10],
        "min": [1.82832010864e-07, 2.61461755144e-05, 3.64707848348e-05, 1.96660002985e-05, 5.44848444406e-05, 2.72474389931e-05, 2.34871895373e-05, 3.3459655242e-05, 2.945104643e-05, 4.10860302509e-05, 1.68194856087e-05, 5.91547141084e-05, 3.58849611075e-05, 2.98236591334e-05, 2.99754374282e-05, 1.08049898699e-05, 6.1054728576e-05, 2.26554911933e-05, 7.05913771526e-05, 6.70265653753e-05, 2.38142929447e-05, 1.89777483683e-06, 7.54964617045e-07, 3.15324406586e-08, 3.01785596513e-10, 8.10279187496e-12, 9.00982934093e-12],
        "var": [1.60763789836e-07, 0.000112804627861, 1.30043736135e-05, 4.92559456688e-06, 1.24811240312e-05, 9.94357924355e-06, 5.22716709384e-06, 2.00648792088e-05, 1.533183422e-05, 1.0283732081e-05, 6.17211867393e-07, 3.18226511808e-06, 1.41068619541e-06, 1.76364130766e-06, 2.03875924853e-06, 5.37305140824e-07, 5.1977616522e-07, 1.50212144945e-07, 2.46236538715e-07, 3.79932828309e-07, 8.89919746783e-08, 4.83640683058e-08, 6.87362557983e-08, 4.23406660843e-08, 3.61846930197e-09, 1.7281507822e-11, 3.6826663206e-15]
    },
    "erbbands": {
        "dmean": [0.155780047178, 1.09809160233, 2.22534680367, 4.15459346771, 5.141913414, 7.50099945068, 9.10302639008, 10.5171661377, 9.53591346741, 12.311463356, 34.8711700439, 19.4693546295, 21.1352806091, 26.2347412109, 14.5810823441, 30.5915431976, 20.0079746246, 35.2825965881, 40.2573547363, 14.8603277206, 21.6024913788, 19.1222457886, 11.303109169, 14.3249940872, 14.9884433746, 18.1373653412, 9.16407680511, 5.2392206192, 2.89042377472, 1.63755619526, 1.45709979534, 1.22792327404, 0.367234230042, 0.165784999728, 0.0510792210698, 0.00939050316811, 0.00184362928849, 0.00010902032227, 7.18769160812e-06, 1.09553247967e-05],
        "dmean2": [0.237920194864, 1.7329095602, 3.79102396965, 7.07596826553, 8.76507759094, 12.4921712875, 14.0453014374, 17.0154972076, 15.3827114105, 18.9204292297, 55.0583534241, 28.8878803253, 32.5089225769, 40.1516342163, 22.5019397736, 48.212436676, 31.842206955, 55.738609314, 64.1043930054, 23.4918518066, 35.1395874023, 30.7106533051, 18.2054519653, 23.4606437683, 23.7440223694, 29.3679714203, 14.6433877945, 8.44196033478, 4.73880338669, 2.54765939713, 2.2026116848, 1.7601429224, 0.553169071674, 0.233813822269, 0.0798313170671, 0.0146927367896, 0.00300776329823, 0.000174719491042, 1.07168907562e-05, 1.64708926604e-05],
        "dvar": [0.0953254550695, 4.30384302139, 15.7637548447, 26.7717685699, 32.982208252, 98.7852020264, 208.298477173, 326.495452881, 301.334686279, 1249.33349609, 5147.34423828, 1997.17358398, 3570.71118164, 2576.45263672, 666.89654541, 2033.49243164, 1560.28637695, 3126.28881836, 3185.12866211, 643.830322266, 845.670837402, 1055.84777832, 338.38583374, 206.470153809, 332.017608643, 450.747253418, 106.084159851, 40.4424552917, 34.6271476746, 9.99142456055, 31.7327423096, 28.2925415039, 1.91534256935, 0.405064493418, 0.0245663840324, 0.000461235962575, 2.56327330135e-05, 1.22904751265e-07, 1.69563349472e-10, 1.44847134287e-10],
        "dvar2": [0.213970914483, 10.1748991013, 42.487865448, 76.5689849854, 89.4099807739, 232.688293457, 448.345123291, 771.007507324, 659.990905762, 2331.10522461, 11692.5146484, 3787.29248047, 7691.21386719, 5612.14306641, 1421.98388672, 4390.57373047, 3946.00927734, 7562.31298828, 7471.92236328, 1519.13647461, 1986.63549805, 2540.34912109, 802.726196289, 517.707580566, 720.285095215, 1116.10571289, 274.355743408, 101.635444641, 92.3742599487, 21.200340271, 49.3252639771, 57.1889457703, 4.05260324478, 0.759976804256, 0.0595271661878, 0.00110446137842, 6.26566470601e-05, 2.79270807368e-07, 2.90822005367e-10, 3.38406108691e-10],
        "max": [2.73037648201, 19.5085525513, 38.3674621582, 57.8885040283, 79.3566436768, 198.349777222, 258.702911377, 347.489715576, 467.951385498, 603.678466797, 1090.55407715, 1285.85803223, 1396.69848633, 1170.77587891, 590.885070801, 646.149230957, 577.128173828, 804.766174316, 646.319030762, 535.362609863, 460.76083374, 550.450256348, 291.43258667, 144.589691162, 380.858825684, 270.691101074, 181.873779297, 115.057037354, 101.064613342, 78.3881072998, 171.87310791, 145.662155151, 27.4020175934, 12.4056510925, 2.31553435326, 0.265860468149, 0.0736047104001, 0.00794857461005, 0.000324711261783, 0.000145428843098],
        "mean": [0.212647303939, 1.53543663025, 3.38207244873, 7.47901248932, 8.23405075073, 12.4303197861, 20.1080474854, 20.2285671234, 17.6239318848, 23.3023605347, 63.9693222046, 42.876285553, 43.1871948242, 55.9201965332, 32.2081108093, 58.7550888062, 36.9771461487, 67.5574035645, 78.1685714722, 30.9577465057, 41.0791435242, 36.0638160706, 20.3537902832, 31.7986450195, 34.4782295227, 38.3836364746, 21.5108127594, 11.8311443329, 5.82446956635, 3.32973003387, 2.86982965469, 2.10084414482, 0.721538245678, 0.34047627449, 0.100556738675, 0.0189817771316, 0.0030287951231, 0.000156048961799, 2.62831963482e-05, 4.35831861978e-05],
        "median": [0.0899859517813, 0.780841827393, 2.12630605698, 5.73303985596, 6.37400627136, 8.59336280823, 9.88886260986, 11.9741172791, 11.4883069992, 10.9471940994, 24.525018692, 15.7058925629, 17.957983017, 28.2358875275, 23.2228450775, 37.4584732056, 24.3651714325, 45.2885169983, 49.4506568909, 21.5897369385, 28.5237426758, 25.2798995972, 11.7326345444, 27.1410655975, 27.7138957977, 30.1672267914, 18.5214748383, 9.76505374908, 2.80949354172, 1.29681515694, 0.908125162125, 0.545291364193, 0.166127920151, 0.0548408553004, 0.0209220685065, 0.00503200339153, 0.000737911032047, 3.9888858737e-05, 2.1618023311e-05, 3.99337732233e-05],
        "min": [0.000590634183027, 0.021704852581, 0.137009456754, 0.272650301456, 0.476661384106, 0.28439733386, 0.271892517805, 0.50096476078, 0.593177855015, 0.906603813171, 1.20949876308, 1.46745574474, 1.78436255455, 2.07346391678, 3.20815563202, 3.60797047615, 1.76392412186, 2.37402033806, 3.02495551109, 0.954021036625, 2.91102600098, 2.8940038681, 1.55725061893, 3.319886446, 3.57299661636, 4.04663848877, 1.84618735313, 0.493971019983, 0.106581151485, 0.0194171573967, 0.0225175861269, 0.0038995151408, 0.000281754793832, 8.29402706586e-05, 3.16505647788e-05, 1.11198769446e-05, 6.0259944803e-06, 1.52428344791e-06, 5.25983386979e-06, 1.05325652839e-05],
        "var": [0.120023295283, 5.28393363953, 15.5304965973, 41.163936615, 45.9794006348, 183.361724854, 782.112243652, 681.191162109, 617.356933594, 2545.32250977, 13659.8828125, 6979.12353516, 8642.60253906, 11215.1181641, 1302.61828613, 4935.43408203, 2146.97436523, 5323.33007812, 6452.03125, 1234.30273438, 1804.33239746, 1548.50170898, 585.176513672, 388.536315918, 959.422363281, 931.451782227, 180.104003906, 92.8992767334, 77.2284164429, 32.1184196472, 75.2085876465, 52.6926612854, 3.88479542732, 1.0392922163, 0.0593837536871, 0.00144794420339, 5.33279016963e-05, 1.87690460507e-07, 3.65830005178e-10, 3.97973043409e-10]
    },
    "gfcc": {
        "mean": [27.2164783478, 129.130554199, -157.583709717, 54.343334198, -56.8135223389, 10.3366889954, -22.9182167053, -1.70083534718, -20.0194549561, -0.601242005825, -7.00227165222, -14.0403060913, -1.28973305225],
        "cov": [[1044.72509766, -680.391052246, 295.075683594, -15.119310379, -184.242507935, 306.77734375, -263.212219238, 256.120330811, -43.4751625061, 73.3616943359, -124.858154297, 94.7475662231, -77.0123443604], [-680.391052246, 738.668762207, -216.240127563, 12.8137683868, 203.841094971, -265.72467041, 282.261444092, -193.690795898, 69.1236495972, -56.748916626, 144.958633423, -77.1941299438, 71.4979324341], [295.075683594, -216.240127563, 221.957748413, 18.4271144867, -68.5583190918, 111.975654602, -103.033935547, 83.4448318481, -24.3251266479, 52.580997467, -28.7246456146, 40.8327140808, -18.200958252], [-15.119310379, 12.8137683868, 18.4271144867, 163.632278442, 32.9447517395, 15.3849859238, 10.1205768585, -35.0871620178, 32.2003669739, -27.0462379456, 39.6232414246, 7.18689393997, 35.0528564453], [-184.242507935, 203.841094971, -68.5583190918, 32.9447517395, 154.576049805, -46.4685020447, 102.868431091, -31.7939147949, 21.9697971344, -12.0473613739, 31.4377593994, -3.8119354248, 18.3019962311], [306.77734375, -265.72467041, 111.975654602, 15.3849859238, -46.4685020447, 196.781860352, -68.1722183228, 95.9004745483, -9.12717437744, 20.9724445343, -32.0948944092, 34.7543907166, -15.1917858124], [-263.212219238, 282.261444092, -103.033935547, 10.1205768585, 102.868431091, -68.1722183228, 212.311843872, -41.0309333801, 35.3079986572, -19.6633090973, 45.8901519775, -17.0894012451, 24.8325157166], [256.120330811, -193.690795898, 83.4448318481, -35.0871620178, -31.7939147949, 95.9004745483, -41.0309333801, 141.009185791, 3.56181359291, 39.5776062012, -44.1266403198, 27.5255184174, -26.2248249054], [-43.4751625061, 69.1236495972, -24.3251266479, 32.2003669739, 21.9697971344, -9.12717437744, 35.3079986572, 3.56181359291, 84.9995193481, 0.1228941679, 19.8569355011, -17.7944507599, 5.62380123138], [73.3616943359, -56.748916626, 52.580997467, -27.0462379456, -12.0473613739, 20.9724445343, -19.6633090973, 39.5776062012, 0.1228941679, 74.4262008667, -0.429065257311, 13.7753753662, -14.1543169022], [-124.858154297, 144.958633423, -28.7246456146, 39.6232414246, 31.4377593994, -32.0948944092, 45.8901519775, -44.1266403198, 19.8569355011, -0.429065257311, 99.727432251, -0.922578811646, 22.8853282928], [94.7475662231, -77.1941299438, 40.8327140808, 7.18689393997, -3.8119354248, 34.7543907166, -17.0894012451, 27.5255184174, -17.7944507599, 13.7753753662, -0.922578811646, 74.2506103516, 14.2448205948], [-77.0123443604, 71.4979324341, -18.200958252, 35.0528564453, 18.3019962311, -15.1917858124, 24.8325157166, -26.2248249054, 5.62380123138, -14.1543169022, 22.8853282928, 14.2448205948, 65.4567718506]],
        "icov": [[0.00362576893531, -0.000428889004979, -0.000489134632517, -0.00128484901506, 0.00163048354443, -0.00233913771808, 0.00192942423746, -0.00352690787986, 0.000358460150892, 8.59743449837e-05, 0.00123345025349, -0.00207646936178, 0.00215101940557], [-0.000428889004979, 0.0213919822127, -0.00864174496382, 0.0123683977872, -0.0136042535305, 0.0139175346121, -0.0130395852029, 0.0113478144631, -0.00844048522413, 0.00762767763808, -0.0148991383612, 0.0104193976149, -0.0110538490117], [-0.000489134632517, -0.00864174496382, 0.013771859929, -0.00835419073701, 0.00717729469761, -0.00740609876812, 0.00675954809412, -0.00647111888975, 0.00583049189299, -0.00846894271672, 0.00624305615202, -0.00523085752502, 0.0049076997675], [-0.00128484901506, 0.0123683977872, -0.00835419073701, 0.0183383077383, -0.0108957318589, 0.00663026468828, -0.00690532056615, 0.0110458433628, -0.00960122141987, 0.00888749491423, -0.0113254133612, 0.00581649364904, -0.0100939115509], [0.00163048354443, -0.0136042535305, 0.00717729469761, -0.0108957318589, 0.0197702739388, -0.00884630344808, 0.00463863974437, -0.0089070443064, 0.00583443185315, -0.00616203527898, 0.00989516917616, -0.00851123780012, 0.0082582430914], [-0.00233913771808, 0.0139175346121, -0.00740609876812, 0.00663026468828, -0.00884630344808, 0.0199206471443, -0.00886500813067, 0.00365380849689, -0.00490878801793, 0.00647434266284, -0.0101939328015, 0.00668679457158, -0.00770957302302], [0.00192942423746, -0.0130395852029, 0.00675954809412, -0.00690532056615, 0.00463863974437, -0.00886500813067, 0.0173249039799, -0.00918086431921, 0.00360457599163, -0.00395360263065, 0.00749535486102, -0.00678339088336, 0.00617625517771], [-0.00352690787986, 0.0113478144631, -0.00647111888975, 0.0110458433628, -0.0089070443064, 0.00365380849689, -0.00918086431921, 0.0253994353116, -0.00941589102149, 0.000548990559764, -0.00452679488808, 0.00374449812807, -0.00556617975235], [0.000358460150892, -0.00844048522413, 0.00583049189299, -0.00960122141987, 0.00583443185315, -0.00490878801793, 0.00360457599163, -0.00941589102149, 0.0198611170053, -0.0054200142622, 0.00405204994604, 0.000436285306932, 0.00410345941782], [8.59743449837e-05, 0.00762767763808, -0.00846894271672, 0.00888749491423, -0.00616203527898, 0.00647434266284, -0.00395360263065, 0.000548990559764, -0.0054200142622, 0.0234618168324, -0.00919887144119, 0.00178098271135, -0.002031740034], [0.00123345025349, -0.0148991383612, 0.00624305615202, -0.0113254133612, 0.00989516917616, -0.0101939328015, 0.00749535486102, -0.00452679488808, 0.00405204994604, -0.00919887144119, 0.0252471193671, -0.00897865090519, 0.00652609113604], [-0.00207646936178, 0.0104193976149, -0.00523085752502, 0.00581649364904, -0.00851123780012, 0.00668679457158, -0.00678339088336, 0.00374449812807, 0.000436285306932, 0.00178098271135, -0.00897865090519, 0.0247680749744, -0.0122912945226], [0.00215101940557, -0.0110538490117, 0.0049076997675, -0.0100939115509, 0.0082582430914, -0.00770957302302, 0.00617625517771, -0.00556617975235, 0.00410345941782, -0.002031740034, 0.00652609113604, -0.0122912945226, 0.0275818631053]]
    },
    "melbands": {
        "dmean": [0.00141441414598, 0.00114108622074, 0.000669276400004, 0.000492876453791, 0.000284440000542, 0.000235638479353, 0.000146180362208, 0.000156727212016, 0.00027694288292, 0.000121156132082, 0.000108025888039, 0.000113093883556, 4.95777676406e-05, 7.72571511334e-05, 6.02553554927e-05, 5.45645707462e-05, 6.97222276358e-05, 6.54508912703e-05, 3.70895359083e-05, 1.77173642442e-05, 2.72564557235e-05, 2.12607701542e-05, 1.62815194926e-05, 8.45155864226e-06, 1.30092385007e-05, 1.31853576022e-05, 1.04439905044e-05, 1.37209963214e-05, 6.28982252238e-06, 6.82360860083e-06, 2.2834626634e-06, 1.90468824712e-06, 1.19449134672e-06, 8.91339254849e-07, 7.87416126968e-07, 1.00369061329e-06, 6.93420645348e-07, 2.76860134818e-07, 2.28093227861e-07, 1.28993377757e-07],
        "dmean2": [0.00215137354098, 0.00188440375496, 0.00114675180521, 0.000811098725535, 0.000447109021479, 0.000381792080589, 0.000233152852161, 0.000237729967921, 0.000437555427197, 0.000178653775947, 0.000166228113812, 0.000173945911229, 7.79154652264e-05, 0.000123773294035, 9.39534729696e-05, 8.47287665238e-05, 0.000110088061774, 0.000104078964796, 5.78755680181e-05, 2.8203428883e-05, 4.4552522013e-05, 3.49310466845e-05, 2.63608380919e-05, 1.3885251974e-05, 2.14897136175e-05, 2.13818439079e-05, 1.62339147209e-05, 2.25260591833e-05, 1.03107595351e-05, 1.10571018013e-05, 3.69799295186e-06, 3.187301445e-06, 1.89956767827e-06, 1.41346049531e-06, 1.19715252822e-06, 1.52810105192e-06, 1.01218074633e-06, 4.2399452127e-07, 3.45526387946e-07, 1.89913720305e-07],
        "dvar": [7.49678838474e-06, 3.73797342945e-06, 6.84922497385e-07, 3.77038247734e-07, 1.72540993049e-07, 1.41384049357e-07, 7.59718616905e-08, 1.65170277455e-07, 3.06233715719e-07, 8.43044887233e-08, 9.22566769646e-08, 4.89826987859e-08, 6.41612629693e-09, 1.75565304517e-08, 1.24640662236e-08, 1.02830242099e-08, 1.14035971777e-08, 8.15054690406e-09, 3.7370182504e-09, 1.02548880498e-09, 1.20241416823e-09, 1.20395526881e-09, 7.9131284858e-10, 1.62326999065e-10, 1.65874314284e-10, 1.97178467998e-10, 2.87246365582e-10, 2.69261363206e-10, 5.75434803973e-11, 5.27584538557e-11, 1.40812812799e-11, 1.7435429836e-11, 4.35310424859e-12, 3.05324905983e-12, 5.62755831518e-12, 2.49826253435e-11, 8.76957881313e-12, 8.69035312462e-13, 8.96109575432e-13, 2.04765173459e-13],
        "dvar2": [1.74694250745e-05, 9.30745136429e-06, 1.99108558263e-06, 8.72060127222e-07, 3.83541333804e-07, 3.28094131419e-07, 1.66247048128e-07, 3.26104867554e-07, 6.96326708294e-07, 1.59939745004e-07, 2.00410099183e-07, 1.08533200205e-07, 1.4121965819e-08, 3.39218786394e-08, 2.83979080251e-08, 2.51874201496e-08, 2.71857878431e-08, 1.88597493178e-08, 8.50411474573e-09, 2.35011277105e-09, 2.86976997721e-09, 2.89921087138e-09, 1.69952474316e-09, 3.90594195876e-10, 4.18870271801e-10, 4.91679919001e-10, 5.78007586238e-10, 6.83960055259e-10, 1.48828546709e-10, 1.37265601663e-10, 3.56053346529e-11, 4.88096091322e-11, 9.76984812495e-12, 7.09627539022e-12, 8.70929283553e-12, 4.27368071487e-11, 2.00844670756e-11, 1.90659424013e-12, 1.92818178958e-12, 3.93010602361e-13],
        "max": [0.0257408246398, 0.0175960063934, 0.00906305015087, 0.012861000374, 0.00838212296367, 0.00674012349918, 0.00737908901647, 0.00895062461495, 0.00781815499067, 0.00786332879215, 0.00726083386689, 0.00502489507198, 0.00125052058138, 0.00365705764852, 0.00165182701312, 0.00136614649091, 0.0013846399961, 0.00103926309384, 0.00100153766107, 0.000683183490764, 0.000495843705721, 0.000551105418708, 0.000404790655011, 0.000144997582538, 0.000130665444885, 0.000221905153012, 0.000369526736904, 0.000221929716645, 0.000136922462843, 7.26792568457e-05, 8.61218650243e-05, 7.07954386598e-05, 3.94076669181e-05, 4.16004040744e-05, 7.37325972295e-05, 0.000150528750964, 6.15150056547e-05, 1.81852519745e-05, 1.85910303117e-05, 8.66366917762e-06],
        "mean": [0.00194868573453, 0.00189921469428, 0.00123193964828, 0.000792243750766, 0.00063731498085, 0.000469990773126, 0.000266844464932, 0.000283888250124, 0.000514009792823, 0.000261408567894, 0.000213546154555, 0.000233818514971, 9.60632169154e-05, 0.000153239248903, 0.000105144150439, 8.64300018293e-05, 0.000128467494505, 0.000121824901726, 7.00619930285e-05, 3.17359445035e-05, 5.01574759255e-05, 3.75818308385e-05, 2.7046608011e-05, 1.46503898577e-05, 2.6733328923e-05, 2.71791795967e-05, 2.25106414291e-05, 2.64717000391e-05, 1.27989696921e-05, 1.25110937006e-05, 4.80468270325e-06, 3.48294702235e-06, 2.21017944568e-06, 1.66286656622e-06, 1.56742851232e-06, 1.70374369191e-06, 1.10838402634e-06, 4.84739985041e-07, 3.97310515154e-07, 2.52953498148e-07],
        "median": [0.00093977234792, 0.00116802426055, 0.000988640123978, 0.000586928392295, 0.000353375042323, 0.00029002156225, 0.000167274920386, 0.000133110923343, 0.000186759061762, 8.10253477539e-05, 8.4797226009e-05, 0.00011071159679, 6.11085488345e-05, 0.000100618504803, 6.56611446175e-05, 5.14503626619e-05, 7.92291029938e-05, 7.56670633564e-05, 4.58884969703e-05, 1.96290766326e-05, 3.63953113265e-05, 2.62700668827e-05, 1.51733465827e-05, 8.52754419611e-06, 2.25390303967e-05, 2.22315611609e-05, 1.57772974489e-05, 2.06771746889e-05, 1.07048317659e-05, 1.01167506728e-05, 3.33780485562e-06, 1.6494503825e-06, 7.65610366216e-07, 6.06695380156e-07, 5.17856562965e-07, 4.24491759077e-07, 2.55086320067e-07, 1.14465279921e-07, 5.971961059e-08, 3.62354377614e-08],
        "min": [5.66096878174e-06, 6.27657427685e-05, 5.70406082261e-05, 3.11299882014e-05, 1.10607534225e-05, 9.33208866627e-06, 8.76219291968e-06, 7.57397174311e-06, 8.5955243776e-06, 5.40780911251e-06, 6.58970384393e-06, 6.88392674419e-06, 4.59233160655e-06, 7.40112682251e-06, 5.32766625838e-06, 2.91122501039e-06, 2.04240313906e-06, 5.0617964007e-06, 1.58598015787e-06, 9.32803004616e-07, 2.35436891671e-06, 3.19469859278e-06, 8.23297625629e-07, 9.32780494622e-07, 2.54663427768e-06, 1.87479372471e-06, 1.87925093087e-06, 2.74926242128e-06, 8.6483044015e-07, 8.46225930218e-07, 1.18662697446e-07, 4.78739075049e-08, 1.5876432613e-08, 5.8907798639e-09, 1.23091963289e-08, 4.48918235918e-09, 5.9704113875e-10, 1.12499717875e-10, 2.71491822079e-11, 2.53143057731e-12],
