{
"highlevel": {
    "danceability": {
        "all": {
            "danceable": 0.93552416563,
            "not_danceable": 0.0644758492708
        },
        "probability": 0.93552416563,
        "value": "danceable"
    },
    "gender": {
        "all": {
            "female": 0.0908253565431,
            "male": 0.909174621105
        },
        "probability": 0.909174621105,
        "value": "male"
    },
    "genre_dortmund": {
        "all": {
            "alternative": 0.0511927455664,
            "blues": 0.149178728461,
            "electronic": 0.0136556467041,
            "folkcountry": 0.101815834641,
            "funksoulrnb": 0.0744369700551,
            "jazz": 0.0465889833868,
            "pop": 0.121442250907,
            "raphiphop": 0.0303047858179,
            "rock": 0.411384046078
        },
        "probability": 0.411384046078,
        "value": "rock"
    },
    "genre_electronic": {
        "all": {
            "ambient": 0.24773158133,
            "dnb": 0.189033254981,
            "house": 0.305127441883,
            "techno": 0.0338737182319,
            "trance": 0.224233999848
        },
        "probability": 0.305127441883,
        "value": "house"
    },
    "genre_rosamerica": {
        "all": {
            "cla": 0.00737763615325,
            "dan": 0.140967294574,
            "hip": 0.0474313870072,
            "jaz": 0.0101824989542,
            "pop": 0.521934270859,
            "rhy": 0.137358248234,
            "roc": 0.125346004963,
            "spe": 0.00940267834812
        },
        "probability": 0.521934270859,
        "value": "pop"
    },
    "genre_tzanetakis": {
        "all": {
            "blu": 0.0620671063662,
            "cla": 0.034474901855,
            "cou": 0.103433981538,
            "dis": 0.0620971247554,
            "hip": 0.15527240932,
            "jaz": 0.310666948557,
            "met": 0.044346679002,
            "pop": 0.0620793737471,
            "reg": 0.0620816536248,
            "roc": 0.103479810059
        },
        "probability": 0.310666948557,
        "value": "jaz"
    },
    "ismir04_rhythm": {
        "all": {
            "ChaChaCha": 0.195755124092,
            "Jive": 0.274754732847,
            "Quickstep": 0.207213997841,
            "Rumba-American": 0.00991418398917,
            "Rumba-International": 0.0161859448999,
            "Rumba-Misc": 0.00964943692088,
            "Samba": 0.235978454351,
            "Tango": 0.00992680713534,
            "VienneseWaltz": 0.0349502563477,
            "Waltz": 0.00567108206451
        },
        "probability": 0.274754732847,
        "value": "Jive"
    },
    "mood_acoustic": {
        "all": {
            "acoustic": 0.106668025255,
            "not_acoustic": 0.893332004547
        },
        "probability": 0.893332004547,
        "value": "not_acoustic"
    },
    "mood_aggressive": {
        "all": {
            "aggressive": 0.594205737114,
            "not_aggressive": 0.405794262886
        },
        "probability": 0.594205737114,
        "value": "aggressive"
    },
    "mood_electronic": {
        "all": {
            "electronic": 0.139816746116,
            "not_electronic": 0.860183238983
        },
        "probability": 0.860183238983,
        "value": "not_electronic"
    },
    "mood_happy": {
        "all": {
            "happy": 0.925889253616,
            "not_happy": 0.0741107687354
        },
        "probability": 0.925889253616,
        "value": "happy"
    },
    "mood_party": {
        "all": {
            "not_party": 0.5,
            "party": 0.5
        },
        "probability": 0.5,
        "value": "not_party"
    },
    "mood_relaxed": {
        "all": {
            "not_relaxed": 0.971718966961,
            "relaxed": 0.0282810479403
        },
        "probability": 0.971718966961,
        "value": "not_relaxed"
    },
    "mood_sad": {
        "all": {
            "not_sad": 0.807038724422,
            "sad": 0.192961260676
        },
        "probability": 0.807038724422,
        "value": "not_sad"
    },
    "moods_mirex": {
        "all": {
            "Cluster1": 0.413308411837,
            "Cluster2": 0.218140974641,
            "Cluster3": 0.0734350681305,
            "Cluster4": 0.172026053071,
            "Cluster5": 0.12308948487
        },
        "probability": 0.413308411837,
        "value": "Cluster1"
    },
    "timbre": {
        "all": {
            "bright": 0.915149271488,
            "dark": 0.0848506987095
        },
        "probability": 0.915149271488,
        "value": "bright"
    },
    "tonal_atonal": {
        "all": {
            "atonal": 0.0297040827572,
            "tonal": 0.970295906067
        },
        "probability": 0.970295906067,
        "value": "tonal"
    },
    "voice_instrumental": {
        "all": {
            "instrumental": 3.30863877025e-05,
            "voice": 0.999966919422
        },
        "probability": 0.999966919422,
        "value": "voice"
    }
},
"lowlevel": {
    "average_loudness": 0.979293167591,
    "barkbands_crest": {
        "dmean": 3.03658938408,
        "dmean2": 4.87748813629,
        "dvar": 7.50954341888,
        "dvar2": 17.6964492798,
        "max": 25.1018848419,
        "mean": 9.60412025452,
        "median": 8.4341173172,
        "min": 3.29542756081,
        "var": 18.8078384399
    },
    "barkbands_flatness_db": {
        "dmean": 0.0234306324273,
        "dmean2": 0.0351419039071,
        "dvar": 0.000424541271059,
        "dvar2": 0.000932031485718,
        "max": 0.323757261038,
        "mean": 0.131996154785,
        "median": 0.12535585463,
        "min": 0.0535819195211,
        "var": 0.00157448160462
    },
    "barkbands_kurtosis": {
        "dmean": 2.04776716232,
        "dmean2": 3.16208720207,
        "dvar": 10.1371297836,
        "dvar2": 24.2048587799,
        "max": 38.262172699,
        "mean": 1.83415257931,
        "median": 0.583786964417,
        "min": -1.89293849468,
        "var": 15.9192905426
    },
    "barkbands_skewness": {
        "dmean": 0.518921852112,
        "dmean2": 0.782588064671,
        "dvar": 0.289064139128,
        "dvar2": 0.624866127968,
        "max": 5.20431232452,
        "mean": 1.1621068716,
        "median": 1.06522166729,
        "min": -2.78607797623,
        "var": 0.867401242256
    },
    "barkbands_spread": {
        "dmean": 8.65328979492,
        "dmean2": 12.7895755768,
        "dvar": 88.4170761108,
        "dvar2": 185.62286377,
        "max": 110.953468323,
        "mean": 30.8790416718,
        "median": 28.3937835693,
        "min": 1.87327313423,
        "var": 252.466094971
    },
    "dissonance": {
        "dmean": 0.020834127441,
        "dmean2": 0.0351287536323,
        "dvar": 0.000437293114373,
        "dvar2": 0.00114761420991,
        "max": 0.500000059605,
        "mean": 0.463263809681,
        "median": 0.469269543886,
        "min": 0.293426215649,
        "var": 0.000730362953618
    },
    "dynamic_complexity": 1.34065914154,
    "erbbands_crest": {
        "dmean": 3.32324934006,
        "dmean2": 5.15564441681,
        "dvar": 10.0603904724,
        "dvar2": 22.4341087341,
        "max": 33.089969635,
        "mean": 9.94960212708,
        "median": 8.23052501678,
        "min": 2.57452821732,
        "var": 34.529586792
    },
    "erbbands_flatness_db": {
        "dmean": 0.0199558474123,
        "dmean2": 0.0286587662995,
        "dvar": 0.000416984374169,
        "dvar2": 0.00078680756269,
        "max": 0.385758668184,
        "mean": 0.15112131834,
        "median": 0.140262812376,
        "min": 0.0626351758838,
        "var": 0.00205790717155
    },
    "erbbands_kurtosis": {
        "dmean": 1.25654256344,
        "dmean2": 1.92720282078,
        "dvar": 7.3219332695,
        "dvar2": 13.9696865082,
        "max": 43.7986717224,
        "mean": 0.528380990028,
        "median": -0.451808929443,
        "min": -1.7894974947,
        "var": 12.2011651993
    },
    "erbbands_skewness": {
        "dmean": 0.446211308241,
        "dmean2": 0.666501700878,
        "dvar": 0.21239849925,
        "dvar2": 0.458628892899,
        "max": 5.80299425125,
        "mean": 0.268936753273,
        "median": 0.223123297095,
        "min": -2.88741326332,
        "var": 0.61330139637
    },
    "erbbands_spread": {
        "dmean": 10.4589824677,
        "dmean2": 15.5762748718,
        "dvar": 102.316612244,
        "dvar2": 216.193725586,
        "max": 106.869552612,
        "mean": 45.9204330444,
        "median": 44.8019523621,
        "min": 2.24916887283,
        "var": 422.154205322
    },
    "hfc": {
        "dmean": 14.8315973282,
        "dmean2": 21.8145389557,
        "dvar": 316.805023193,
        "dvar2": 660.290893555,
        "max": 240.739852905,
        "mean": 38.7872772217,
        "median": 31.4334049225,
        "min": 3.11400008202,
        "var": 745.821838379
    },
    "melbands_crest": {
        "dmean": 3.7125992775,
        "dmean2": 6.06842422485,
        "dvar": 11.4036827087,
        "dvar2": 28.1684532166,
        "max": 30.7034358978,
        "mean": 13.6640443802,
        "median": 12.788640976,
        "min": 4.35700893402,
        "var": 24.1853160858
    },
    "melbands_flatness_db": {
        "dmean": 0.0274048354477,
        "dmean2": 0.0406828373671,
        "dvar": 0.000590582552832,
        "dvar2": 0.00128178403247,
        "max": 0.347688108683,
        "mean": 0.162542298436,
        "median": 0.157197505236,
        "min": 0.038411591202,
        "var": 0.00222452916205
    },
    "melbands_kurtosis": {
        "dmean": 6.04346561432,
        "dmean2": 9.42451667786,
        "dvar": 95.4845504761,
        "dvar2": 231.024902344,
        "max": 122.85735321,
        "mean": 10.206902504,
        "median": 6.30118083954,
        "min": -1.83881545067,
        "var": 162.174468994
    },
    "melbands_skewness": {
        "dmean": 0.771171152592,
        "dmean2": 1.15665197372,
        "dvar": 0.654896318913,
        "dvar2": 1.36613333225,
        "max": 9.97730445862,
        "mean": 2.38807034492,
        "median": 2.1544303894,
        "min": -1.96081590652,
        "var": 2.23355865479
    },
    "melbands_spread": {
        "dmean": 10.3316574097,
        "dmean2": 15.761932373,
        "dvar": 178.352478027,
        "dvar2": 363.805877686,
        "max": 241.238357544,
        "mean": 32.0055503845,
        "median": 28.1006717682,
        "min": 2.71349215508,
        "var": 469.97467041
    },
    "pitch_salience": {
        "dmean": 0.0787384212017,
        "dmean2": 0.127377137542,
        "dvar": 0.00456154346466,
        "dvar2": 0.0110051250085,
        "max": 0.82503002882,
        "mean": 0.532312273979,
        "median": 0.533973574638,
        "min": 0.141951024532,
        "var": 0.0112966904417
    },
    "silence_rate_20dB": {
        "dmean": 0,
        "dmean2": 0,
        "dvar": 0,
        "dvar2": 0,
        "max": 1,
        "mean": 1,
        "median": 1,
        "min": 1,
        "var": 0
    },
    "silence_rate_30dB": {
        "dmean": 0.0061919502914,
        "dmean2": 0.0123934932053,
        "dvar": 0.00615351321176,
        "dvar2": 0.0184371266514,
        "max": 1,
        "mean": 0.996906399727,
        "median": 1,
        "min": 0,
        "var": 0.00308398716152
    },
    "silence_rate_60dB": {
        "dmean": 0.0030959751457,
        "dmean2": 0.00619674660265,
        "dvar": 0.00308638066053,
        "dvar2": 0.00770750036463,
        "max": 1,
        "mean": 0.00232018553652,
        "median": 0,
        "min": 0,
        "var": 0.00231481413357
    },
    "spectral_centroid": {
        "dmean": 334.365844727,
        "dmean2": 516.637634277,
        "dvar": 104798.726562,
        "dvar2": 230256.734375,
        "max": 4813.74023438,
        "mean": 1742.37451172,
        "median": 1689.11401367,
        "min": 325.026794434,
        "var": 337401.0625
    },
    "spectral_complexity": {
        "dmean": 6.2925696373,
        "dmean2": 9.27885341644,
        "dvar": 40.293712616,
        "dvar2": 83.1707458496,
        "max": 58,
        "mean": 23.5290031433,
        "median": 23,
        "min": 3,
        "var": 96.9359207153
    },
    "spectral_decrease": {
        "dmean": 3.18038506641e-09,
        "dmean2": 5.08961495171e-09,
        "dvar": 1.64773947887e-17,
        "dvar2": 3.84103666632e-17,
        "max": -2.09074757507e-10,
        "mean": -8.4631075481e-09,
        "median": -7.22050552682e-09,
        "min": -3.86728551405e-08,
        "var": 2.72207437926e-17
    },
    "spectral_energy": {
        "dmean": 0.012908234261,
        "dmean2": 0.0205167420208,
        "dvar": 0.000255384598859,
        "dvar2": 0.000597895588726,
        "max": 0.152035564184,
        "mean": 0.0354598686099,
        "median": 0.0305641647428,
        "min": 0.00119687442202,
        "var": 0.000420910539106
    },
    "spectral_energyband_high": {
        "dmean": 0.00133809121326,
        "dmean2": 0.00192589859944,
        "dvar": 3.94958078687e-06,
        "dvar2": 7.76014167059e-06,
        "max": 0.0285379569978,
        "mean": 0.00257564918138,
        "median": 0.00151193817146,
        "min": 2.08866349567e-05,
        "var": 9.37587537919e-06
    },
    "spectral_energyband_low": {
        "dmean": 0.00627340935171,
        "dmean2": 0.0104238158092,
        "dvar": 0.000170128565514,
        "dvar2": 0.000391262234189,
        "max": 0.119654223323,
        "mean": 0.0119751309976,
        "median": 0.00825220905244,
        "min": 1.13950693503e-06,
        "var": 0.000267455354333
    },
    "spectral_energyband_middle_high": {
        "dmean": 0.0031680255197,
        "dmean2": 0.00465014902875,
        "dvar": 1.12946963782e-05,
        "dvar2": 2.26821248361e-05,
        "max": 0.0418942496181,
        "mean": 0.00821509584785,
        "median": 0.00678994413465,
        "min": 0.000326482841047,
        "var": 3.63606559404e-05
    },
    "spectral_energyband_middle_low": {
        "dmean": 0.00706199882552,
        "dmean2": 0.0113318720832,
        "dvar": 7.7048985986e-05,
        "dvar2": 0.000191385028302,
        "max": 0.0698621273041,
        "mean": 0.0138819366693,
        "median": 0.0112287346274,
        "min": 5.06907199451e-05,
        "var": 0.000109452921606
    },
    "spectral_entropy": {
        "dmean": 0.175804123282,
        "dmean2": 0.255711942911,
        "dvar": 0.0290299002081,
        "dvar2": 0.0560348667204,
        "max": 8.74278068542,
        "mean": 7.7997546196,
        "median": 7.83371067047,
        "min": 6.52837610245,
        "var": 0.0990490093827
    },
    "spectral_flux": {
        "dmean": 0.0334600917995,
        "dmean2": 0.051948055625,
        "dvar": 0.00119533983525,
        "dvar2": 0.00240068370476,
        "max": 0.3427952528,
        "mean": 0.112420670688,
        "median": 0.101508565247,
        "min": 0.0198733862489,
        "var": 0.00233229994774
    },
    "spectral_kurtosis": {
        "dmean": 0.950912415981,
        "dmean2": 1.49509763718,
        "dvar": 0.945183157921,
        "dvar2": 2.26190876961,
        "max": 12.2686805725,
        "mean": 2.41718888283,
        "median": 2.11217403412,
        "min": -0.9443359375,
        "var": 2.81259918213
    },
    "spectral_rms": {
        "dmean": 0.00102852203418,
        "dmean2": 0.00159422249999,
        "dvar": 1.19720914427e-06,
        "dvar2": 2.67914606411e-06,
        "max": 0.0121789732948,
        "mean": 0.00566516257823,
        "median": 0.00546064972878,
        "min": 0.00108059355989,
        "var": 2.50085531661e-06
    },
    "spectral_rolloff": {
        "dmean": 958.795166016,
        "dmean2": 1536.99645996,
        "dvar": 1893210.75,
        "dvar2": 3875042.75,
        "max": 11735.5957031,
        "mean": 2287.22924805,
        "median": 1571.92382812,
        "min": 86.1328125,
        "var": 4179164.5
    },
    "spectral_skewness": {
        "dmean": 0.197744563222,
        "dmean2": 0.290675193071,
        "dvar": 0.0321405157447,
        "dvar2": 0.0673944577575,
        "max": 2.84112906456,
        "mean": 1.20424520969,
        "median": 1.17968165874,
        "min": 0.117997393012,
        "var": 0.141896873713
    },
    "spectral_spread": {
        "dmean": 708168.9375,
        "dmean2": 1064320.375,
        "dvar": 674917449728,
        "dvar2": 1.45902534656e+12,
        "max": 12695797,
        "mean": 5401071,
        "median": 5159964,
        "min": 2196614.25,
        "var": 1.7807254487e+12
    },
    "spectral_strongpeak": {
        "dmean": 0.865880429745,
        "dmean2": 1.42650640011,
        "dvar": 1.39505970478,
        "dvar2": 3.34233403206,
        "max": 11.4643697739,
        "mean": 1.48808026314,
        "median": 0.797533512115,
        "min": 0.0280222874135,
        "var": 3.05433702469
    },
    "zerocrossingrate": {
        "dmean": 0.0161979366094,
        "dmean2": 0.0183175448328,
        "dvar": 0.000371020956663,
        "dvar2": 0.000380995188607,
        "max": 0.3828125,
        "mean": 0.0846901759505,
        "median": 0.0751953125,
        "min": 0.01123046875,
        "var": 0.00202020304278
    },
    "barkbands": {
        "dmean": [0.000190559469047, 0.00443769665435, 0.00283674779348, 0.00156369886827, 0.00293370778672, 0.00134118832648, 0.00208434602246, 0.00162356265355, 0.00110564299393, 0.000674848211929, 0.000412872235756, 0.000744175864384, 0.000801561982371, 0.000555063073989, 0.000385538849514, 0.000221206079004, 0.000381310092052, 0.000468188663945, 0.000368017150322, 0.000370622408809, 0.000261265900917, 0.000272636039881, 0.000394225411583, 0.000308835413307, 0.000168594473507, 7.92039063526e-05, 4.48604211556e-08],
        "dmean2": [0.000287328119157, 0.00659686001018, 0.0050846436061, 0.00266943592578, 0.00488604232669, 0.00215353351086, 0.00340798613615, 0.00257300934754, 0.0017247434007, 0.00102156202774, 0.000643017992843, 0.00109672674444, 0.00116326252464, 0.000833629746921, 0.000597990758251, 0.000357868033461, 0.000599414750468, 0.000749609258492, 0.000595119548962, 0.000597036036197, 0.000427061837399, 0.000418015813921, 0.000578899285756, 0.000458779803012, 0.000262004206888, 0.000117847477668, 7.96784007662e-08],
        "dvar": [1.47899129388e-07, 8.68636125233e-05, 7.22210752429e-05, 1.07237447082e-05, 3.36033554049e-05, 4.84578322357e-06, 1.59148257808e-05, 1.37710103445e-05, 5.98884798819e-06, 1.67850112121e-06, 9.67024220699e-07, 2.25122334996e-06, 3.49611718775e-06, 1.83171869139e-06, 1.04070545603e-06, 2.3520549064e-07, 3.42977472201e-07, 4.6740544235e-07, 3.72893111944e-07, 2.69418080734e-07, 1.54044229816e-07, 1.64577727446e-07, 5.98619635639e-07, 4.80972744299e-07, 2.104128356e-07, 4.72305288213e-08, 1.83533252479e-14],
        "dvar2": [3.14203987273e-07, 0.000209086472751, 0.000207355886232, 2.86632457573e-05, 9.20460224734e-05, 1.17132940431e-05, 3.83004553441e-05, 3.32521485689e-05, 1.32827071866e-05, 3.50352092937e-06, 1.87227954029e-06, 4.44886245532e-06, 6.24887525191e-06, 3.56363011633e-06, 2.18320292333e-06, 5.85867894642e-07, 7.52838388962e-07, 1.1745531765e-06, 9.23542472719e-07, 6.80210973769e-07, 3.89086324049e-07, 3.19099513035e-07, 1.27075509226e-06, 9.67305595623e-07, 5.15376143539e-07, 9.05973891463e-08, 4.68827620226e-14],
        "max": [0.00464805588126, 0.0878436118364, 0.081261947751, 0.0333584584296, 0.0563577115536, 0.0215038321912, 0.0461338870227, 0.0576493218541, 0.0370110683143, 0.0212831385434, 0.0203377287835, 0.0223684832454, 0.0300622060895, 0.0303005687892, 0.0259994342923, 0.00942105613649, 0.00741041870788, 0.00602498836815, 0.00855316407979, 0.0050264839083, 0.00328834238462, 0.00446770712733, 0.0149685200304, 0.0109229180962, 0.0105742625892, 0.00377776101232, 1.68829365066e-06],
        "mean": [0.00024356416543, 0.00722860498354, 0.00346494023688, 0.00203485321254, 0.00333134154789, 0.00200206344016, 0.00246675056405, 0.00224120588973, 0.00153029698413, 0.00105253979564, 0.00067701790249, 0.00128994358238, 0.00139260850847, 0.000916892196983, 0.000579093350098, 0.000304002373014, 0.000570181931835, 0.000727407517843, 0.00055450736545, 0.000514748098794, 0.000395657145418, 0.000464436394395, 0.000653360097203, 0.000493787811138, 0.000233796206885, 9.62533376878e-05, 3.02985689871e-08],
        "median": [5.7397497585e-05, 0.00391727779061, 0.00168977805879, 0.00107268139254, 0.00164184358437, 0.000845255388413, 0.000906011206098, 0.000795861706138, 0.000477153866086, 0.000314507458825, 0.000133812805871, 0.000330058828695, 0.000262920366367, 0.000196049863007, 0.000221082853386, 0.000162712836755, 0.000333638308803, 0.00045275175944, 0.000348884408595, 0.000328479480231, 0.000235661907936, 0.000254022394074, 0.000277572980849, 0.000221571142902, 9.81408084044e-05, 2.15578729694e-05, 8.98079333123e-10],
        "min": [7.2398664841e-09, 1.74504720007e-07, 1.51904870904e-07, 5.05007733409e-07, 2.51015308095e-06, 2.27921168516e-06, 3.9144706534e-06, 3.84234999729e-06, 9.03078046122e-07, 8.26384791708e-07, 4.28765702054e-07, 1.69678605744e-06, 3.57176122634e-06, 2.72653005595e-06, 2.75727325061e-06, 3.02747093883e-06, 2.98454187941e-06, 6.70714825901e-06, 5.47802983419e-06, 4.76989953313e-06, 3.11650615004e-06, 2.59524131252e-06, 3.40464907822e-06, 2.91305627798e-06, 6.51642437788e-07, 9.01620444971e-10, 8.5167792957e-12],
        "var": [2.12823408674e-07, 0.000140283387736, 4.7078661737e-05, 1.1885148524e-05, 2.90882544505e-05, 8.09667744761e-06, 1.86814486369e-05, 2.34460676438e-05, 8.83436678123e-06, 3.9085057324e-06, 3.02805960928e-06, 6.14069540461e-06, 1.13401683848e-05, 5.73447596253e-06, 2.2948267997e-06, 2.45974348445e-07, 5.43458099855e-07, 6.43688792934e-07, 4.44603671212e-07, 3.18558221579e-07, 2.1411703699e-07, 3.4606648569e-07, 1.22932203794e-06, 9.44778832945e-07, 2.70624838095e-07, 8.32497306646e-08, 1.31476716653e-14]
    },
    "erbbands": {
        "dmean": [0.138392403722, 0.995519578457, 3.03330731392, 4.27525520325, 8.61178874969, 9.98774814606, 6.12391281128, 13.5473060608, 22.3038749695, 35.2156143188, 37.9163017273, 24.3653812408, 18.0373497009, 19.0160903931, 18.5336437225, 30.1776981354, 38.398021698, 28.7242927551, 24.6737728119, 12.1533613205, 12.6839380264, 19.3816738129, 25.260761261, 18.6484775543, 20.4329414368, 17.2125701904, 11.5893039703, 9.92887210846, 8.36086940765, 12.1794624329, 11.4778776169, 7.07127380371, 4.97345352173, 2.18817901611, 1.17138886452, 0.460860013962, 0.13087567687, 0.008914321661, 0.000186337274499, 2.48496071436e-05],
        "dmean2": [0.229785352945, 1.46395289898, 5.28323936462, 7.41668224335, 14.5558176041, 16.8873615265, 9.97827339172, 21.7249355316, 36.6518821716, 57.674369812, 58.4407310486, 37.2792053223, 28.0090370178, 28.6595783234, 27.2422504425, 45.6502952576, 55.135597229, 43.2303924561, 36.886089325, 19.4671020508, 20.2438735962, 29.8909301758, 39.5847091675, 30.4371852875, 32.868686676, 27.9435749054, 18.7672290802, 16.0403614044, 13.1332616806, 17.7939453125, 16.9463348389, 10.5641641617, 7.41932296753, 3.35066270828, 1.85723769665, 0.698533296585, 0.19283413887, 0.0130995390937, 0.000269567419309, 3.6476598325e-05],
        "dvar": [0.0910360366106, 4.43084335327, 73.854850769, 109.035964966, 265.623687744, 413.808624268, 182.132492065, 541.361999512, 1789.04931641, 4584.81054688, 10959.9013672, 2622.54345703, 1039.84863281, 1695.81689453, 1474.9621582, 3472.98999023, 9855.23632812, 4170.34912109, 3704.80102539, 656.017578125, 625.883361816, 875.891845703, 1183.09680176, 933.805725098, 1260.93444824, 638.50177002, 274.852081299, 219.906799316, 144.772338867, 359.292144775, 608.187438965, 250.048568726, 132.126678467, 24.0376358032, 20.94282341, 1.36264574528, 0.16114911437, 0.000861132226419, 2.95821990903e-07, 1.27811772277e-09],
        "dvar2": [0.253904908895, 9.61652755737, 203.687576294, 309.368011475, 723.945983887, 1135.39770508, 440.561737061, 1324.0480957, 4346.35498047, 11526.6992188, 26900.6699219, 5783.10351562, 2228.55566406, 3494.00805664, 2752.01245117, 7308.70556641, 17561.3574219, 8576.40332031, 7671.04199219, 1507.4588623, 1425.96777344, 1915.05078125, 2832.01831055, 2373.49853516, 3141.47265625, 1635.63500977, 687.172363281, 538.487243652, 314.781829834, 728.453430176, 1379.76635742, 531.383605957, 261.848754883, 47.8244400024, 56.780632019, 2.98731851578, 0.282900869846, 0.00149530440103, 5.20471189702e-07, 2.60126409302e-09],
        "max": [2.6027944088, 20.4583873749, 73.681350708, 103.55305481, 152.537139893, 214.484649658, 226.358230591, 244.786148071, 420.017486572, 737.134765625, 1528.02185059, 676.935180664, 365.718719482, 754.071044922, 717.887817383, 738.918334961, 1686.23999023, 1366.49743652, 1522.57531738, 436.3878479, 304.171386719, 380.940979004, 319.618499756, 319.281860352, 530.826416016, 251.800094604, 153.616287231, 138.195632935, 116.020729065, 203.409957886, 522.58001709, 290.876922607, 214.82862854, 80.7760772705, 120.064735413, 17.9936676025, 8.1766166687, 0.487978309393, 0.0091828070581, 0.000603645399678],
        "mean": [0.201357856393, 1.63837206364, 4.03706502914, 5.69179344177, 9.94836044312, 11.1075468063, 9.28925228119, 19.4781532288, 30.318397522, 40.7102203369, 54.2257652283, 35.5891189575, 28.9877700806, 33.0429039001, 36.711856842, 54.018989563, 71.9110183716, 52.847568512, 38.7480964661, 18.7168979645, 18.3361186981, 31.3232727051, 42.2425270081, 28.2882595062, 30.0417423248, 23.6351604462, 17.9284858704, 15.2557039261, 13.9753408432, 20.8854637146, 18.4542255402, 11.3676290512, 7.52181386948, 3.12695884705, 1.46808564663, 0.56248497963, 0.160328641534, 0.0101455086842, 0.000244676572038, 6.10806746408e-05],
        "median": [0.115931294858, 0.862289071083, 2.09369254112, 3.5192759037, 5.05690383911, 4.6021399498, 4.906727314, 7.68853902817, 12.1065502167, 18.1001930237, 17.9896602631, 13.2869548798, 11.2056941986, 11.5995159149, 10.7973327637, 17.8393249512, 14.3743238449, 14.669095993, 14.246928215, 10.2953996658, 10.2951841354, 19.9238929749, 28.4231834412, 17.1147174835, 19.1480293274, 14.5143108368, 11.3999700546, 8.26907634735, 8.07297325134, 9.87855434418, 7.80647087097, 5.1580862999, 3.24810099602, 1.25905799866, 0.598750829697, 0.154651015997, 0.0307995043695, 0.00155856995843, 7.04904887243e-05, 4.76704444736e-05],
        "min": [5.93246977587e-06, 6.12054864177e-05, 0.000154579305672, 0.00172415538691, 0.00515017425641, 0.0104779191315, 0.00919329561293, 0.013767503202, 0.0624789819121, 0.0500874295831, 0.107461415231, 0.0274183005095, 0.0481095127761, 0.03890754655, 0.100867561996, 0.131807342172, 0.287493944168, 0.38560038805, 0.280681997538, 0.271936297417, 0.212336331606, 0.276462942362, 0.40666744113, 0.242948487401, 0.284642696381, 0.271113365889, 0.200666278601, 0.0849244445562, 0.139534294605, 0.101742438972, 0.112939894199, 0.0493462309241, 0.0403429828584, 0.012652721256, 0.00913179572672, 0.0010475339368, 4.37214403064e-05, 6.56855900161e-06, 3.17864260069e-06, 5.12105452799e-06],
        "var": [0.107638306916, 7.84905052185, 56.2979621887, 87.6373748779, 238.103485107, 366.923217773, 270.886749268, 834.240539551, 2547.7746582, 4824.35009766, 16976.3730469, 4212.66064453, 2441.5690918, 3878.52734375, 4808.70849609, 8876.45898438, 32578.9882812, 15040.0556641, 8199.94921875, 871.873840332, 804.149963379, 1463.93383789, 1883.64794922, 1122.65673828, 1467.7623291, 707.062072754, 397.431182861, 327.355529785, 274.087646484, 849.721313477, 1043.4510498, 449.888092041, 261.86239624, 49.3678092957, 17.5993423462, 1.98864138126, 0.317629009485, 0.00160322443116, 5.6852849184e-07, 2.71531286344e-09]
    },
    "gfcc": {
        "mean": [43.7346229553, 64.1206893921, -121.534500122, 42.5131034851, -73.8728866577, 21.7804546356, -44.8189849854, 14.3949041367, -26.2346324921, 3.45970630646, -11.5344877243, -1.9206225872, -18.8899230957],
        "cov": [[1546.60412598, 14.4142971039, 303.717529297, 434.515472412, 73.7613601685, 62.4993209839, 114.790298462, 128.049636841, 154.644424438, 88.4492034912, -91.2009658813, 36.4860153198, -30.8346614838], [14.4142971039, 1217.60339355, 59.684967041, 240.519226074, 170.51385498, -10.4761228561, 244.632080078, 191.51953125, 189.448822021, -66.3614883423, 64.0839538574, 26.1779994965, 188.813613892], [303.717529297, 59.684967041, 685.031921387, 406.122711182, 173.286315918, 118.121253967, 75.0036621094, 72.0718460083, 85.2269821167, 108.30683136, -22.9832820892, 115.422531128, 54.4117355347], [434.515472412, 240.519226074, 406.122711182, 635.021118164, 207.21282959, 84.5000228882, 102.306671143, 41.5967330933, 182.34703064, 81.6656188965, -30.8194179535, 32.5127029419, 98.7533874512], [73.7613601685, 170.51385498, 173.286315918, 207.21282959, 268.76260376, 108.101951599, 66.0922470093, 36.2600212097, 63.2973632812, 64.5410308838, 34.1001281738, 19.1044960022, 33.5163154602], [62.4993209839, -10.4761228561, 118.121253967, 84.5000228882, 108.101951599, 255.403152466, 150.705581665, 43.0718193054, 51.8655776978, 43.5236282349, 31.2211875916, 21.7148323059, 12.6119499207], [114.790298462, 244.632080078, 75.0036621094, 102.306671143, 66.0922470093, 150.705581665, 292.6512146, 129.229644775, 80.4785232544, 6.4523601532, -6.03882646561, 49.3305091858, 56.0751686096], [128.049636841, 191.51953125, 72.0718460083, 41.5967330933, 36.2600212097, 43.0718193054, 129.229644775, 210.157913208, 112.124130249, 16.2414703369, -0.773761868477, 18.9228820801, 47.2087364197], [154.644424438, 189.448822021, 85.2269821167, 182.34703064, 63.2973632812, 51.8655776978, 80.4785232544, 112.124130249, 222.801544189, 85.4374237061, 10.7160711288, 6.89249277115, 50.778591156], [88.4492034912, -66.3614883423, 108.30683136, 81.6656188965, 64.5410308838, 43.5236282349, 6.4523601532, 16.2414703369, 85.4374237061, 173.221969604, 63.0574264526, 17.7754077911, -16.7887630463], [-91.2009658813, 64.0839538574, -22.9832820892, -30.8194179535, 34.1001281738, 31.2211875916, -6.03882646561, -0.773761868477, 10.7160711288, 63.0574264526, 201.463012695, 53.0989570618, -16.5986995697], [36.4860153198, 26.1779994965, 115.422531128, 32.5127029419, 19.1044960022, 21.7148323059, 49.3305091858, 18.9228820801, 6.89249277115, 17.7754077911, 53.0989570618, 148.48866272, 47.4789772034], [-30.8346614838, 188.813613892, 54.4117355347, 98.7533874512, 33.5163154602, 12.6119499207, 56.0751686096, 47.2087364197, 50.778591156, -16.7887630463, -16.5986995697, 47.4789772034, 157.966918945]],
        "icov": [[0.00103044486605, -6.84303158778e-05, 0.00035436952021, -0.0011415858753, 0.000447415892268, -0.000319104961818, 0.000315500947181, -0.00103057525121, 0.000426716520451, -0.000539757485967, 0.000800858717412, -0.000860039959662, 0.00114918930922], [-6.84303158778e-05, 0.00220722309314, -0.000661618891172, 0.000510805344675, -0.00155927124433, 0.00248187500983, -0.00251609878615, 0.000569940835703, -0.00201861956157, 0.00250094779767, -0.00220969109796, 0.00177105504554, -0.00173731881659], [0.00035436952021, -0.000661618891172, 0.004361780826, -0.00326965074055, 0.000511973572429, -0.00246972660534, 0.00258511910215, -0.00305592734367, 0.00308453314938, -0.0029180822894, 0.00270824064501, -0.00412796856835, 0.00170938565861], [-0.0011415858753, 0.000510805344675, -0.00326965074055, 0.00626840116456, -0.00270572397858, 0.002334787976, -0.00261944159865, 0.00449509546161, -0.00485532591119, 0.00233515817672, -0.00159741099924, 0.00312371202745, -0.00294949696399], [0.000447415892268, -0.00155927124433, 0.000511973572429, -0.00270572397858, 0.00747894961387, -0.00386880757287, 0.00233133812435, -0.00184001820162, 0.00283691496588, -0.0031269567553, 0.000919572601561, -0.0010036691092, 0.00106462370604], [-0.000319104961818, 0.00248187500983, -0.00246972660534, 0.002334787976, -0.00386880757287, 0.0104741025716, -0.0075093456544, 0.00333103118464, -0.00379069964401, 0.00305665656924, -0.0040158922784, 0.00399078754708, -0.00206098379567], [0.000315500947181, -0.00251609878615, 0.00258511910215, -0.00261944159865, 0.00233133812435, -0.0075093456544, 0.011122494936, -0.00565143348649, 0.00354710803367, -0.00289612775669, 0.00421545188874, -0.00529028149322, 0.00224666949362], [-0.00103057525121, 0.000569940835703, -0.00305592734367, 0.00449509546161, -0.00184001820162, 0.00333103118464, -0.00565143348649, 0.0119995577261, -0.00715685682371, 0.00326355407014, -0.00236540404148, 0.00328767043538, -0.00268466584384], [0.000426716520451, -0.00201861956157, 0.00308453314938, -0.00485532591119, 0.00283691496588, -0.00379069964401, 0.00354710803367, -0.00715685682371, 0.0138565162197, -0.00782002415508, 0.00297080073506, -0.00216210237704, 0.000726070604287], [-0.000539757485967, 0.00250094779767, -0.0029180822894, 0.00233515817672, -0.0031269567553, 0.00305665656924, -0.00289612775669, 0.00326355407014, -0.00782002415508, 0.0134886223823, -0.00565753830597, 0.00291350483894, -0.000600048166234], [0.000800858717412, -0.00220969109796, 0.00270824064501, -0.00159741099924, 0.000919572601561, -0.0040158922784, 0.00421545188874, -0.00236540404148, 0.00297080073506, -0.00565753830597, 0.0103125497699, -0.00651968969032, 0.00368623831309], [-0.000860039959662, 0.00177105504554, -0.00412796856835, 0.00312371202745, -0.0010036691092, 0.00399078754708, -0.00529028149322, 0.00328767043538, -0.00216210237704, 0.00291350483894, -0.00651968969032, 0.0140182906762, -0.00591972703114], [0.00114918930922, -0.00173731881659, 0.00170938565861, -0.00294949696399, 0.00106462370604, -0.00206098379567, 0.00224666949362, -0.00268466584384, 0.000726070604287, -0.000600048166234, 0.00368623831309, -0.00591972703114, 0.0116992909461]]
    },
    "melbands": {
        "dmean": [0.00123136781622, 0.0013673750218, 0.000808382814284, 0.000745563302189, 0.000229088560445, 0.000291886972263, 0.000365886284271, 0.000364194100257, 0.000316652614856, 0.000140574411489, 9.33579431148e-05, 8.11793579487e-05, 6.30307549727e-05, 8.99492079043e-05, 7.67045494285e-05, 7.69631515141e-05, 5.60785665584e-05, 4.28162384196e-05, 2.26142910833e-05, 1.56286987476e-05, 1.61295811267e-05, 1.92482002603e-05, 2.63572037511e-05, 2.31996127695e-05, 1.50448704517e-05, 1.48108301801e-05, 1.5659192286e-05, 1.10596447485e-05, 7.87166118243e-06, 6.96852748661e-06, 5.8113164414e-06, 4.74642592962e-06, 5.86363330513e-06, 7.51406332711e-06, 7.51157222112e-06, 5.13154418513e-06, 4.46130889031e-06, 4.06595881941e-06, 2.39151017922e-06, 1.79425273927e-06],
        "dmean2": [0.0019358349964, 0.00220301840454, 0.00138543627691, 0.00123888952658, 0.000377020216547, 0.000469373597298, 0.000602305284701, 0.000589630450122, 0.000490524165798, 0.000216292653931, 0.000145677739056, 0.000122727811686, 9.54704664764e-05, 0.000130670101498, 0.000115858420031, 0.000111578534415, 8.46213661134e-05, 6.4330510213e-05, 3.51454982592e-05, 2.57374595094e-05, 2.60029555648e-05, 3.01580912492e-05, 4.10401007684e-05, 3.78327713406e-05, 2.47286534432e-05, 2.40023582592e-05, 2.52892987191e-05, 1.81266459549e-05, 1.27889861687e-05, 1.16347155199e-05, 9.29820453166e-06, 7.56708050176e-06, 9.0829707915e-06, 1.11488807306e-05, 1.13666092147e-05, 7.76821525506e-06, 6.74470447848e-06, 6.14349346506e-06, 3.6008607367e-06, 2.82224095827e-06],
        "dvar": [7.24446636013e-06, 1.12164934762e-05, 2.96998859994e-06, 2.31810713558e-06, 1.93824860162e-07, 2.39811441816e-07, 4.59611527504e-07, 4.17711163436e-07, 8.04826527201e-07, 7.89600989037e-08, 2.81418586212e-08, 3.34086855958e-08, 2.28732925933e-08, 3.72729118681e-08, 2.40279653951e-08, 2.91809687525e-08, 1.90668085764e-08, 1.01092396676e-08, 2.98145308442e-09, 1.46506395904e-09, 1.0519057847e-09, 1.10261366704e-09, 1.28133992305e-09, 1.43192346869e-09, 6.24548690542e-10, 6.4700800273e-10, 6.64164501174e-10, 2.54805898603e-10, 1.21855109336e-10, 1.20172399809e-10, 7.81050710219e-11, 5.04613156815e-11, 7.54936113623e-11, 1.53932616653e-10, 2.5813429172e-10, 1.63206004267e-10, 9.40024030838e-11, 7.91622670193e-11, 3.99753563585e-11, 1.59646428022e-11],
        "dvar2": [1.92633378902e-05, 2.78041788988e-05, 8.31980014482e-06, 6.35516289549e-06, 4.80401467939e-07, 5.87036424804e-07, 1.097145514e-06, 1.03711579413e-06, 2.00827889785e-06, 1.69164906083e-07, 6.00158998054e-08, 6.82868801505e-08, 4.27712478768e-08, 7.27026687741e-08, 4.6636046136e-08, 5.4276643624e-08, 3.7078365267e-08, 2.0616516494e-08, 6.46889430911e-09, 3.77023701148e-09, 2.40720554601e-09, 2.38648278916e-09, 2.94802449119e-09, 3.71321107195e-09, 1.57810908785e-09, 1.61918733976e-09, 1.66149005665e-09, 6.53879062007e-10, 2.98633034967e-10, 3.12508491307e-10, 1.8445578398e-10, 1.15722709193e-10, 1.56152910047e-10, 3.2332342359e-10, 5.91073856526e-10, 3.89304366522e-10, 2.01438962733e-10, 1.60073676536e-10, 7.77046135769e-11, 3.43071161757e-11],
        "max": [0.0250369478017, 0.0287461839616, 0.0168552920222, 0.0148762790486, 0.0063462802209, 0.00520909717306, 0.00664647109807, 0.00655817054212, 0.0127191478387, 0.0036730717402, 0.00183585518971, 0.00339702097699, 0.00321196997538, 0.00305308774114, 0.00235064141452, 0.00290669151582, 0.00309093249962, 0.0021649277769, 0.00117175944615, 0.000850331038237, 0.000431887921877, 0.000532982230652, 0.000500796420965, 0.000328829162754, 0.000311244744807, 0.000384578772355, 0.00032638994162, 0.000148982289829, 9.83855134109e-05, 9.93939393084e-05, 0.000110148728709, 6.70761437505e-05, 0.000101496283605, 0.000160575233167, 0.000309021474095, 0.000277638115222, 0.000150113730342, 0.000158027891302, 0.000125409598695, 7.04580088495e-05],
        "mean": [0.0019165026024, 0.00218177377246, 0.00110871088691, 0.000829085649457, 0.000337226549163, 0.000425707577961, 0.000483817071654, 0.000437415437773, 0.000435892725363, 0.000204099458642, 0.000143765253597, 0.000135469934321, 0.000114334157843, 0.000155285815708, 0.000137381037348, 0.000133320500026, 9.45075807977e-05, 6.25990942353e-05, 3.33085445163e-05, 2.13637067645e-05, 2.14483970922e-05, 2.84925645246e-05, 4.33509303548e-05, 3.41132945323e-05, 2.10709167732e-05, 2.16605603782e-05, 2.06119930226e-05, 1.43602637763e-05, 1.16206920211e-05, 9.61641035246e-06, 8.67228663992e-06, 7.34785362511e-06, 9.48503566178e-06, 1.24209364003e-05, 1.17156259876e-05, 7.63906518841e-06, 6.73514750815e-06, 5.85315228818e-06, 3.41441796081e-06, 2.37730500885e-06],
        "median": [0.00107347348239, 0.00127812754363, 0.000661028781906, 0.00039308614214, 0.000176746034413, 0.000169006845681, 0.000191555387573, 0.000201054150239, 0.00012488484208, 6.81989622535e-05, 4.74700282211e-05, 4.33645036537e-05, 2.65014678007e-05, 3.75191339117e-05, 3.26291337842e-05, 2.61644236161e-05, 1.9766323021e-05, 2.03796935239e-05, 1.41146856549e-05, 1.11141134767e-05, 1.09243192128e-05, 1.61857024068e-05, 2.76338050753e-05, 1.95446973521e-05, 1.20178538054e-05, 1.36277985803e-05, 1.2048404642e-05, 8.60100499267e-06, 6.87301189828e-06, 5.22359368915e-06, 4.31594617112e-06, 4.08440382671e-06, 4.94858568345e-06, 5.2137743296e-06, 4.6689260671e-06, 3.09707934321e-06, 3.06669653583e-06, 2.43483282247e-06, 1.22291055504e-06, 9.33633828026e-07],
        "min": [4.10596960876e-08, 7.96539723069e-08, 3.45812452451e-07, 7.19866079635e-07, 4.55870747373e-07, 2.98879996308e-07, 1.1998613445e-06, 7.07824426627e-07, 7.69938822032e-07, 1.22006909464e-07, 1.56393227257e-07, 1.27012256712e-07, 7.78697213377e-08, 1.40308841878e-07, 2.18543718233e-07, 3.53827005029e-07, 1.38666251814e-07, 1.01877823511e-07, 1.86922761714e-07, 1.93304941831e-07, 1.60422459317e-07, 1.33254332013e-07, 3.54681446879e-07, 1.7075350911e-07, 1.22352730614e-07, 2.09832464293e-07, 7.33300637989e-08, 1.56504583515e-07, 1.1724270621e-07, 2.61795900514e-08, 3.31337020043e-08, 7.65966345906e-10, 3.32700764716e-08, 3.77336775159e-08, 6.46010889227e-08, 3.80724962668e-08, 1.51218060296e-09, 2.57188972341e-08, 2.52102089204e-10, 1.972272623e-10],
