{
"highlevel": {
    "danceability": {
        "all": {
            "danceable": 0.823238551617,
            "not_danceable": 0.176761433482
        },
        "probability": 0.823238551617,
        "value": "danceable"
    },
    "gender": {
        "all": {
            "female": 0.38729801774,
            "male": 0.612702012062
        },
        "probability": 0.612702012062,
        "value": "male"
    },
    "genre_dortmund": {
        "all": {
            "alternative": 0.0415985807776,
            "blues": 0.162249565125,
            "electronic": 0.00329718738794,
            "folkcountry": 0.414281278849,
            "funksoulrnb": 0.0358579754829,
            "jazz": 0.0664208680391,
            "pop": 0.181712850928,
            "raphiphop": 0.0223285574466,
            "rock": 0.0722531303763
        },
        "probability": 0.414281278849,
        "value": "folkcountry"
    },
    "genre_electronic": {
        "all": {
            "ambient": 0.32848751545,
            "dnb": 0.217976897955,
            "house": 0.394887953997,
            "techno": 0.0291212648153,
            "trance": 0.029526354745
        },
        "probability": 0.394887953997,
        "value": "house"
    },
    "genre_rosamerica": {
        "all": {
            "cla": 0.0144187100232,
            "dan": 0.0312045309693,
            "hip": 0.0462946072221,
            "jaz": 0.0305890161544,
            "pop": 0.331859022379,
            "rhy": 0.451796263456,
            "roc": 0.0484305471182,
            "spe": 0.0454072877765
        },
        "probability": 0.451796263456,
        "value": "rhy"
    },
    "genre_tzanetakis": {
        "all": {
            "blu": 0.0626541376114,
            "cla": 0.0348133966327,
            "cou": 0.0783501937985,
            "dis": 0.104547761381,
            "hip": 0.15693578124,
            "jaz": 0.313987255096,
            "met": 0.044816005975,
            "pop": 0.0627349764109,
            "reg": 0.0627352520823,
            "roc": 0.0784252434969
        },
        "probability": 0.313987255096,
        "value": "jaz"
    },
    "ismir04_rhythm": {
        "all": {
            "ChaChaCha": 0.0738304853439,
            "Jive": 0.0437334924936,
            "Quickstep": 0.150700002909,
            "Rumba-American": 0.0197704713792,
            "Rumba-International": 0.410924255848,
            "Rumba-Misc": 0.0200389884412,
            "Samba": 0.135562315583,
            "Tango": 0.0233267620206,
            "VienneseWaltz": 0.107153669,
            "Waltz": 0.0149595560506
        },
        "probability": 0.410924255848,
        "value": "Rumba-International"
    },
    "mood_acoustic": {
        "all": {
            "acoustic": 0.818464636803,
            "not_acoustic": 0.181535348296
        },
        "probability": 0.818464636803,
        "value": "acoustic"
    },
    "mood_aggressive": {
        "all": {
            "aggressive": 0.0148647036403,
            "not_aggressive": 0.985135316849
        },
        "probability": 0.985135316849,
        "value": "not_aggressive"
    },
    "mood_electronic": {
        "all": {
            "electronic": 0.2223764956,
            "not_electronic": 0.777623534203
        },
        "probability": 0.777623534203,
        "value": "not_electronic"
    },
    "mood_happy": {
        "all": {
            "happy": 0.971270024776,
            "not_happy": 0.0287299510092
        },
        "probability": 0.971270024776,
        "value": "happy"
    },
    "mood_party": {
        "all": {
            "not_party": 0.876279234886,
            "party": 0.123720787466
        },
        "probability": 0.876279234886,
        "value": "not_party"
    },
    "mood_relaxed": {
        "all": {
            "not_relaxed": 0.79234290123,
            "relaxed": 0.207657113671
        },
        "probability": 0.79234290123,
        "value": "not_relaxed"
    },
    "mood_sad": {
        "all": {
            "not_sad": 0.302754580975,
            "sad": 0.697245419025
        },
        "probability": 0.697245419025,
        "value": "sad"
    },
    "moods_mirex": {
        "all": {
            "Cluster1": 0.182411298156,
            "Cluster2": 0.5129545331,
            "Cluster3": 0.153412073851,
            "Cluster4": 0.110520161688,
            "Cluster5": 0.040701970458
        },
        "probability": 0.5129545331,
        "value": "Cluster2"
    },
    "timbre": {
        "all": {
            "bright": 0.99540823698,
            "dark": 0.00459174858406
        },
        "probability": 0.99540823698,
        "value": "bright"
    },
    "tonal_atonal": {
        "all": {
            "atonal": 0.747578203678,
            "tonal": 0.25242176652
        },
        "probability": 0.747578203678,
        "value": "atonal"
    },
    "voice_instrumental": {
        "all": {
            "instrumental": 0.000506065203808,
            "voice": 0.999493956566
        },
        "probability": 0.999493956566,
        "value": "voice"
    }
},
"lowlevel": {
    "average_loudness": 0.9569196105,
    "barkbands_crest": {
        "dmean": 2.92494440079,
        "dmean2": 4.52900695801,
        "dvar": 6.56380462646,
        "dvar2": 15.176864624,
        "max": 25.6917419434,
        "mean": 12.9432201385,
        "median": 12.0919876099,
        "min": 3.10964608192,
        "var": 22.8107566833
    },
    "barkbands_flatness_db": {
        "dmean": 0.030997350812,
        "dmean2": 0.0458739101887,
        "dvar": 0.000837838219013,
        "dvar2": 0.00182824558578,
        "max": 0.475569665432,
        "mean": 0.202259361744,
        "median": 0.196559607983,
        "min": 0.0863176360726,
        "var": 0.00365677522495
    },
    "barkbands_kurtosis": {
        "dmean": 8.28529453278,
        "dmean2": 13.0863857269,
        "dvar": 220.579605103,
        "dvar2": 488.925354004,
        "max": 240.060943604,
        "mean": 13.1317100525,
        "median": 6.52775001526,
        "min": -1.9014787674,
        "var": 428.049743652
    },
    "barkbands_skewness": {
        "dmean": 0.890371620655,
        "dmean2": 1.34777092934,
        "dvar": 0.951195597649,
        "dvar2": 2.00341391563,
        "max": 11.7553567886,
        "mean": 2.51086187363,
        "median": 2.23280358315,
        "min": -2.5956735611,
        "var": 3.17559051514
    },
    "barkbands_spread": {
        "dmean": 6.61120033264,
        "dmean2": 10.2444734573,
        "dvar": 94.2596740723,
        "dvar2": 211.764892578,
        "max": 99.6274185181,
        "mean": 16.7540397644,
        "median": 12.6045694351,
        "min": 0.291896998882,
        "var": 218.704055786
    },
    "dissonance": {
        "dmean": 0.0264783389866,
        "dmean2": 0.0435139797628,
        "dvar": 0.000685871869791,
        "dvar2": 0.00167484069243,
        "max": 0.499314695597,
        "mean": 0.439290374517,
        "median": 0.449857205153,
        "min": 0.267079740763,
        "var": 0.00176947948057
    },
    "dynamic_complexity": 1.83647954464,
    "erbbands_crest": {
        "dmean": 3.13852286339,
        "dmean2": 5.04270267487,
        "dvar": 8.56969165802,
        "dvar2": 20.0948009491,
        "max": 29.8334083557,
        "mean": 10.7924766541,
        "median": 9.7706079483,
        "min": 2.89790606499,
        "var": 20.9040393829
    },
    "erbbands_flatness_db": {
        "dmean": 0.0250348653644,
        "dmean2": 0.0358289927244,
        "dvar": 0.000569236057345,
        "dvar2": 0.00106411345769,
        "max": 0.396743953228,
        "mean": 0.164370507002,
        "median": 0.165753155947,
        "min": 0.0568643286824,
        "var": 0.00192814157344
    },
    "erbbands_kurtosis": {
        "dmean": 2.0481107235,
        "dmean2": 3.13798141479,
        "dvar": 44.6214370728,
        "dvar2": 92.7503356934,
        "max": 192.235137939,
        "mean": 1.73748350143,
        "median": 0.377479553223,
        "min": -1.77564561367,
        "var": 53.5000801086
    },
    "erbbands_skewness": {
        "dmean": 0.556343853474,
        "dmean2": 0.823395550251,
        "dvar": 0.388273715973,
        "dvar2": 0.769966363907,
        "max": 11.6276388168,
        "mean": 0.777806282043,
        "median": 0.766040384769,
        "min": -3.68032169342,
        "var": 1.2531414032
    },
    "erbbands_spread": {
        "dmean": 12.3691864014,
        "dmean2": 18.5110054016,
        "dvar": 193.116287231,
        "dvar2": 431.41784668,
        "max": 156.117675781,
        "mean": 42.2753372192,
        "median": 37.4766845703,
        "min": 1.27827322483,
        "var": 486.588684082
    },
    "hfc": {
        "dmean": 7.69528627396,
        "dmean2": 10.7446527481,
        "dvar": 96.9167098999,
        "dvar2": 175.304397583,
        "max": 138.618057251,
        "mean": 19.9798126221,
        "median": 15.9605083466,
        "min": 0.42080411315,
        "var": 300.487213135
    },
    "melbands_crest": {
        "dmean": 3.29469704628,
        "dmean2": 5.30120754242,
        "dvar": 9.26204204559,
        "dvar2": 22.9303264618,
        "max": 33.2763748169,
        "mean": 15.6584510803,
        "median": 15.1202878952,
        "min": 4.77048254013,
        "var": 23.444519043
    },
    "melbands_flatness_db": {
        "dmean": 0.0371054112911,
        "dmean2": 0.0536661110818,
        "dvar": 0.00130453368183,
        "dvar2": 0.0027216533199,
        "max": 0.599447309971,
        "mean": 0.263408631086,
        "median": 0.260892957449,
        "min": 0.0580324754119,
        "var": 0.00636772252619
    },
    "melbands_kurtosis": {
        "dmean": 17.6270885468,
        "dmean2": 28.1297073364,
        "dvar": 909.217773438,
        "dvar2": 2034.05480957,
        "max": 346.203582764,
        "mean": 29.7427787781,
        "median": 16.5153369904,
        "min": -1.87965035439,
        "var": 1692.16394043
    },
    "melbands_skewness": {
        "dmean": 1.13605105877,
        "dmean2": 1.70956432819,
        "dvar": 1.67107224464,
        "dvar2": 3.57188773155,
        "max": 15.563454628,
        "mean": 3.57799243927,
        "median": 3.19514751434,
        "min": -0.729659497738,
        "var": 4.76784420013
    },
    "melbands_spread": {
        "dmean": 6.97122097015,
        "dmean2": 10.2992477417,
        "dvar": 157.731018066,
        "dvar2": 289.045471191,
        "max": 232.991668701,
        "mean": 16.2428283691,
        "median": 10.2294483185,
        "min": 0.335594385862,
        "var": 454.591888428
    },
    "pitch_salience": {
        "dmean": 0.0782274156809,
        "dmean2": 0.124860011041,
        "dvar": 0.00475871469826,
        "dvar2": 0.0111371399835,
        "max": 0.836445689201,
        "mean": 0.476607263088,
        "median": 0.479272812605,
        "min": 0.0922848880291,
        "var": 0.0147039303556
    },
    "silence_rate_20dB": {
        "dmean": 0,
        "dmean2": 0,
        "dvar": 0,
        "dvar2": 0,
        "max": 1,
        "mean": 1,
        "median": 1,
        "min": 1,
        "var": 0
    },
    "silence_rate_30dB": {
        "dmean": 0.00928792543709,
        "dmean2": 0.018590239808,
        "dvar": 0.00920163653791,
        "dvar2": 0.0259903687984,
        "max": 1,
        "mean": 0.994586229324,
        "median": 1,
        "min": 0,
        "var": 0.00538444239646
    },
    "silence_rate_60dB": {
        "dmean": 0.0108359130099,
        "dmean2": 0.0216886140406,
        "dvar": 0.0107183922082,
        "dvar2": 0.0305133145303,
        "max": 1,
        "mean": 0.00618716143072,
        "median": 0,
        "min": 0,
        "var": 0.00614881608635
    },
    "spectral_centroid": {
        "dmean": 299.340637207,
        "dmean2": 445.258666992,
        "dvar": 140504.03125,
        "dvar2": 289010.5,
        "max": 4874.6640625,
        "mean": 969.110290527,
        "median": 786.832763672,
        "min": 149.389541626,
        "var": 443241.03125
    },
    "spectral_complexity": {
        "dmean": 3.46284818649,
        "dmean2": 5.05499601364,
        "dvar": 13.801279068,
        "dvar2": 26.9396209717,
        "max": 43,
        "mean": 13.1020879745,
        "median": 12,
        "min": 1,
        "var": 45.6647262573
    },
    "spectral_decrease": {
        "dmean": 3.18020343393e-09,
        "dmean2": 4.93660001766e-09,
        "dvar": 2.01480600421e-17,
        "dvar2": 4.99970428452e-17,
        "max": -2.68617489363e-10,
        "mean": -9.08377106867e-09,
        "median": -8.64433857828e-09,
        "min": -5.01459744839e-08,
        "var": 3.13808600863e-17
    },
    "spectral_energy": {
        "dmean": 0.0124242268503,
        "dmean2": 0.019206052646,
        "dvar": 0.000297907827189,
        "dvar2": 0.000735748675652,
        "max": 0.192120537162,
        "mean": 0.0360965169966,
        "median": 0.0342384129763,
        "min": 0.00106953422073,
        "var": 0.000469709018944
    },
    "spectral_energyband_high": {
        "dmean": 0.000451078580227,
        "dmean2": 0.000682933430653,
        "dvar": 1.1041589687e-06,
        "dvar2": 2.07459038393e-06,
        "max": 0.0197971984744,
        "mean": 0.000701672397554,
        "median": 0.000266011076747,
        "min": 3.16776464615e-07,
        "var": 2.68477879217e-06
    },
    "spectral_energyband_low": {
        "dmean": 0.00783240329474,
        "dmean2": 0.0128598026931,
        "dvar": 0.000289263523882,
        "dvar2": 0.000735453562811,
        "max": 0.172976344824,
        "mean": 0.0155648468062,
        "median": 0.00868172664195,
        "min": 1.27802832139e-05,
        "var": 0.000375670118956
    },
    "spectral_energyband_middle_high": {
        "dmean": 0.0021188785322,
        "dmean2": 0.00287380837835,
        "dvar": 1.11416302389e-05,
        "dvar2": 1.85991084436e-05,
        "max": 0.0406924746931,
        "mean": 0.00440935185179,
        "median": 0.00216880254447,
        "min": 2.04373991437e-05,
        "var": 3.21587831422e-05
    },
    "spectral_energyband_middle_low": {
        "dmean": 0.00639406591654,
        "dmean2": 0.00982502195984,
        "dvar": 4.89243757329e-05,
        "dvar2": 0.000105986313429,
        "max": 0.0742353722453,
        "mean": 0.0164352077991,
        "median": 0.0144111132249,
        "min": 0.000195466913283,
        "var": 0.000128203639179
    },
    "spectral_entropy": {
        "dmean": 0.294077605009,
        "dmean2": 0.435166716576,
        "dvar": 0.0877641439438,
        "dvar2": 0.174895569682,
        "max": 8.66977119446,
        "mean": 7.17059469223,
        "median": 7.18041753769,
        "min": 4.17267656326,
        "var": 0.3187020123
    },
    "spectral_flux": {
        "dmean": 0.0360995158553,
        "dmean2": 0.0589977353811,
        "dvar": 0.00139252829831,
        "dvar2": 0.00337093463168,
        "max": 0.364460289478,
        "mean": 0.0980352908373,
        "median": 0.0925646275282,
        "min": 0.00935347471386,
        "var": 0.00239238888025
    },
    "spectral_kurtosis": {
        "dmean": 2.19149827957,
        "dmean2": 3.38567829132,
        "dvar": 8.84941673279,
        "dvar2": 20.3131370544,
        "max": 55.6093978882,
        "mean": 5.27538442612,
        "median": 4.46014928818,
        "min": -1.01184511185,
        "var": 19.7946681976
    },
    "spectral_rms": {
        "dmean": 0.00100658345036,
        "dmean2": 0.00150726083666,
        "dvar": 1.29987495257e-06,
        "dvar2": 2.86261661131e-06,
        "max": 0.0136906784028,
        "mean": 0.00567166833207,
        "median": 0.00577956112102,
        "min": 0.00102149299346,
        "var": 3.04821492136e-06
    },
    "spectral_rolloff": {
        "dmean": 486.947845459,
        "dmean2": 827.703796387,
        "dvar": 1119929.5,
        "dvar2": 2556893.25,
        "max": 10314.4042969,
        "mean": 1024.20129395,
        "median": 452.197265625,
        "min": 86.1328125,
        "var": 2065639.25
    },
    "spectral_skewness": {
        "dmean": 0.324480742216,
        "dmean2": 0.48219871521,
        "dvar": 0.107041694224,
        "dvar2": 0.23190407455,
        "max": 5.84850931168,
        "mean": 1.818187356,
        "median": 1.76960670948,
        "min": 0.00586677994579,
        "var": 0.367345392704
    },
    "spectral_spread": {
        "dmean": 925892.6875,
        "dmean2": 1376091.75,
        "dvar": 1.04271675392e+12,
        "dvar2": 1.94550392422e+12,
        "max": 24021652,
        "mean": 5114486,
        "median": 4857181,
        "min": 1469457.5,
        "var": 2.80153161728e+12
    },
    "spectral_strongpeak": {
        "dmean": 0.472727149725,
        "dmean2": 0.765349924564,
        "dvar": 0.394553750753,
        "dvar2": 0.927380859852,
        "max": 7.4183511734,
        "mean": 0.992441475391,
        "median": 0.6471747756,
        "min": 0.0434957072139,
        "var": 0.790684878826
    },
    "zerocrossingrate": {
        "dmean": 0.0114016691223,
        "dmean2": 0.0129490979016,
        "dvar": 0.000209496443858,
        "dvar2": 0.000189558384591,
        "max": 0.3095703125,
        "mean": 0.0467129945755,
        "median": 0.03857421875,
        "min": 0.00341796875,
        "var": 0.00140928023029
    },
    "barkbands": {
        "dmean": [3.97998446715e-05, 0.00473667355254, 0.00366121064872, 0.00127724453341, 0.00323631730862, 0.00231596920639, 0.00142188509926, 0.000842801295221, 0.000814679951873, 0.000665212224703, 0.000203110976145, 0.00029337592423, 0.000422787881689, 0.000370474183001, 0.000206534619792, 0.000177974550752, 0.000345695239957, 0.000351463560946, 0.000179997223313, 0.000132927423692, 6.6810840508e-05, 8.86367270141e-05, 0.000116536910355, 0.000105505525426, 8.42713488964e-05, 2.90935950034e-05, 1.58671842332e-09],
        "dmean2": [6.53628158034e-05, 0.00753875123337, 0.00626991642639, 0.00209589162841, 0.00521146645769, 0.00340344081633, 0.00220138626173, 0.00126314454246, 0.00121055229101, 0.000974300375674, 0.000303997192532, 0.000444601668278, 0.000634040043224, 0.000569046533201, 0.00031364656752, 0.000270142889349, 0.000486998615088, 0.000503423507325, 0.000277940096566, 0.000213062230614, 0.000108288906631, 0.000136303366162, 0.000180305738468, 0.000155581365107, 0.000130915272166, 4.79409463878e-05, 2.81877099439e-09],
        "dvar": [7.75323005797e-09, 8.13717924757e-05, 9.41047110246e-05, 4.08112146033e-06, 2.28309327213e-05, 2.17595134018e-05, 1.00084071164e-05, 4.64495678898e-06, 4.90065258418e-06, 4.38881352238e-06, 3.60856205361e-07, 7.31030411316e-07, 1.12827228804e-06, 8.32682303553e-07, 3.61874441523e-07, 2.39267961888e-07, 8.79611263827e-07, 7.77745469804e-07, 1.15560027325e-07, 8.70430767463e-08, 6.13837727315e-08, 6.25605949267e-08, 7.41168051377e-08, 7.76210455911e-08, 3.46796156236e-08, 3.36896754938e-09, 8.92323071025e-18],
        "dvar2": [1.86937008095e-08, 0.000198206675122, 0.00024673138978, 9.35406387725e-06, 5.32345293323e-05, 4.06628350902e-05, 2.17183132918e-05, 9.17775287235e-06, 1.01678797364e-05, 8.8912092906e-06, 8.12641530956e-07, 1.6057144876e-06, 2.4986943572e-06, 1.93478581423e-06, 6.97003031291e-07, 5.20502680956e-07, 1.70386795162e-06, 1.54835424837e-06, 2.40345627844e-07, 1.93615022681e-07, 1.53431230387e-07, 1.20267301895e-07, 1.54353244852e-07, 1.35743803753e-07, 7.0043221001e-08, 8.62047411232e-09, 1.70120644843e-17],
        "max": [0.00127736339346, 0.101187750697, 0.0983969867229, 0.0271466281265, 0.0513086356223, 0.0706871673465, 0.038862477988, 0.0398021787405, 0.0250989571214, 0.0298854317516, 0.0104077830911, 0.0141758229584, 0.0164074692875, 0.00927911885083, 0.00872111786157, 0.00703003956005, 0.0122109167278, 0.0192891117185, 0.00432521896437, 0.00517524173483, 0.00627849763259, 0.00594285875559, 0.00482313428074, 0.00539659615606, 0.00401461031288, 0.000616499164607, 7.18644770359e-08],
        "mean": [5.69676049054e-05, 0.0103606637567, 0.0042354343459, 0.00178913783748, 0.0059534101747, 0.00421051681042, 0.0019482128555, 0.00124548992608, 0.00110744487029, 0.000924422929529, 0.00027803046396, 0.000435448659118, 0.000614616263192, 0.000412264227634, 0.000247969786869, 0.000216038301005, 0.000450932129752, 0.000534237886313, 0.000238722961512, 0.000177641370101, 7.90420599515e-05, 0.000115404538519, 0.000169876861037, 0.000147796265082, 0.000113910500659, 3.28744536091e-05, 1.350539236e-09],
        "median": [1.13875694296e-05, 0.00452745892107, 0.0013991703745, 0.00088523857994, 0.00340098468587, 0.00122891436331, 0.000459856266389, 0.0001705554605, 0.000160677242093, 0.000122921323054, 5.18284468853e-05, 0.000101365192677, 0.000107330408355, 6.48904970149e-05, 4.01014840463e-05, 3.47766654158e-05, 5.25513823959e-05, 0.000100764096715, 7.80046102591e-05, 5.80834093853e-05, 1.70101920958e-05, 2.70767777693e-05, 5.28824166395e-05, 3.59100886271e-05, 3.60974117939e-05, 8.9839395514e-06, 5.37693611857e-10],
        "min": [1.5509263207e-08, 2.89746753879e-06, 2.01570924219e-06, 1.08580557878e-07, 4.65851007903e-06, 1.67938151208e-06, 1.03628656234e-06, 3.73109827478e-07, 3.60918591014e-07, 1.14127226425e-06, 8.47387084946e-08, 3.96329937757e-07, 5.87689896747e-07, 6.92183220963e-07, 4.60104956801e-07, 2.58244597262e-07, 9.18640381542e-08, 2.92929655643e-07, 1.45077422076e-07, 1.88714480487e-07, 9.18407820905e-08, 3.11290797583e-08, 3.43683908e-08, 2.91085289206e-08, 3.64119956409e-10, 3.58495629016e-11, 1.60684521244e-11],
        "var": [1.13028439941e-08, 0.00018162917695, 8.52810408105e-05, 7.03469231667e-06, 4.98957415402e-05, 6.09552153037e-05, 1.56939531735e-05, 1.08890517367e-05, 8.72275359143e-06, 7.07790013621e-06, 6.93601634794e-07, 1.29793625092e-06, 2.42052374233e-06, 1.07259870674e-06, 6.0590701878e-07, 3.51688896671e-07, 1.41801228892e-06, 1.48881508721e-06, 1.84926065572e-07, 1.5688441124e-07, 7.55162830046e-08, 1.40544571536e-07, 1.54192676405e-07, 1.88947197444e-07, 6.41672883717e-08, 3.96615584819e-09, 8.64952409018e-18]
    },
    "erbbands": {
        "dmean": [0.0788743570447, 1.28094899654, 4.00356245041, 4.10079479218, 8.18750572205, 10.520863533, 14.1563215256, 22.4467811584, 21.8337249756, 16.9174404144, 16.9077396393, 18.588634491, 20.1928825378, 12.4978704453, 8.5567483902, 11.3769464493, 18.124704361, 18.3151187897, 13.0602064133, 8.39492321014, 10.7295293808, 18.7762641907, 21.8901615143, 8.63504123688, 9.88621044159, 5.33097314835, 2.40263414383, 3.0807466507, 3.11689901352, 3.34950685501, 3.37262630463, 2.36380815506, 1.73179638386, 1.03660368919, 0.587269902229, 0.198069944978, 0.0412725694478, 0.00243990402669, 5.67516253795e-05, 1.63389777299e-05],
        "dmean2": [0.122353419662, 2.04478693008, 6.80623006821, 6.81517457962, 13.2702970505, 16.7021408081, 21.4249649048, 33.4190406799, 34.7309112549, 24.9224662781, 25.6268844604, 27.277141571, 28.9713134766, 17.7403717041, 12.3769607544, 16.6281089783, 26.5714797974, 27.6724433899, 20.084936142, 12.1918230057, 15.3868379593, 25.7765865326, 31.1794128418, 12.5987081528, 15.1966018677, 8.23115730286, 3.96127271652, 4.9776763916, 4.90008544922, 5.05033874512, 5.19790267944, 3.54677677155, 2.60347294807, 1.56603968143, 0.933888673782, 0.323479145765, 0.0680131465197, 0.00405914196745, 9.11723254831e-05, 2.5067543902e-05],
        "dvar": [0.0176170412451, 6.43664646149, 111.187271118, 57.7789573669, 132.174301147, 339.517456055, 870.494995117, 2492.20288086, 2395.9777832, 1492.29467773, 1819.36633301, 2962.97290039, 3929.07397461, 1621.80993652, 681.744812012, 1135.85876465, 1840.99438477, 1954.57348633, 1272.46105957, 494.055328369, 891.681762695, 2404.00878906, 3417.19360352, 309.902069092, 351.026763916, 108.144348145, 37.7573890686, 188.963577271, 86.2904510498, 78.1127166748, 58.4012870789, 42.6623001099, 21.1706924438, 7.02864933014, 1.21106731892, 0.159977808595, 0.00750096654519, 3.45031294273e-05, 1.34149296116e-08, 4.70312233602e-10],
        "dvar2": [0.0405729040504, 15.9974594116, 295.453704834, 144.619842529, 320.233001709, 759.919494629, 1829.83325195, 4844.11523438, 5447.94091797, 2839.96411133, 3979.8659668, 6267.81445312, 8622.88476562, 3255.76342773, 1416.4543457, 2538.59423828, 3942.75366211, 4444.51708984, 2532.19091797, 972.39642334, 1779.60534668, 4352.19189453, 6911.29345703, 640.023742676, 777.724609375, 237.337341309, 94.9275054932, 457.043670654, 176.587524414, 174.751907349, 121.810935974, 77.7312774658, 39.4787406921, 13.4295787811, 2.71697616577, 0.40221875906, 0.0191155932844, 8.80373918335e-05, 3.40393349063e-08, 1.13327036644e-09],
        "max": [1.72994017601, 27.5560417175, 107.251556396, 79.203704834, 119.944236755, 258.834686279, 527.010559082, 592.123413086, 617.370788574, 588.630981445, 568.54699707, 785.905517578, 1073.34204102, 864.846557617, 552.253234863, 581.009155273, 544.289367676, 610.01776123, 669.624328613, 390.572509766, 469.980743408, 647.396484375, 1238.41320801, 253.0756073, 299.828430176, 164.856658936, 79.4843978882, 391.45703125, 239.728912354, 156.726013184, 135.777053833, 128.30897522, 82.3871459961, 65.7172470093, 16.5024490356, 5.60714578629, 0.947384655476, 0.0823406726122, 0.00151422561612, 0.000236223000684],
        "mean": [0.181093499064, 2.72028899193, 5.40418195724, 5.71890830994, 11.9925069809, 19.9575748444, 28.2311668396, 37.8013000488, 33.3305130005, 26.1611175537, 23.2446708679, 24.8975372314, 28.876335144, 18.6182899475, 13.3033399582, 17.3630504608, 27.1251564026, 23.8859138489, 16.7346839905, 11.0900506973, 14.0713653564, 26.3385486603, 33.2663192749, 13.6184244156, 13.757235527, 7.39387321472, 3.03795385361, 3.65547513962, 3.96288657188, 4.55431461334, 4.88320207596, 3.32231283188, 2.35224604607, 1.32485818863, 0.788464307785, 0.236565113068, 0.0463500805199, 0.00252109766006, 8.10656347312e-05, 4.71027560707e-05],
        "median": [0.0927863940597, 1.10823774338, 2.23393416405, 2.85911798477, 6.75872087479, 9.42289924622, 9.86070537567, 9.55642986298, 9.00988578796, 6.55897474289, 5.18376302719, 4.38804578781, 4.84564208984, 3.23949837685, 3.92304968834, 4.40116214752, 5.45618343353, 4.34069728851, 3.46205186844, 2.4326338768, 2.11791300774, 3.5640745163, 5.67465829849, 4.11626338959, 5.01160573959, 2.72749710083, 0.897988200188, 0.702902078629, 0.864714562893, 1.22280228138, 1.52347588539, 0.881247997284, 0.533651232719, 0.36875128746, 0.255058169365, 0.0747198760509, 0.0112863080576, 0.000559011474252, 3.9020414988e-05, 4.42090095021e-05],
        "min": [8.67721319082e-05, 0.00156868167687, 0.00735523179173, 0.0351298227906, 0.0334268510342, 0.0118669411168, 0.0226637981832, 0.021427443251, 0.0332762636244, 0.0285442918539, 0.0273457169533, 0.0333325006068, 0.0623533576727, 0.0514498725533, 0.0526497364044, 0.0578103251755, 0.0398768670857, 0.0399277471006, 0.0365139171481, 0.0253075193614, 0.0203353520483, 0.0068070339039, 0.00762241659686, 0.0143101681024, 0.0112488502637, 0.00585883576423, 0.00374958151951, 0.00331044662744, 0.00180429406464, 0.00120191927999, 0.000859454099555, 0.000611048249993, 0.000464467040729, 2.71171265922e-05, 4.85599002786e-06, 2.79572213913e-06, 9.80301820164e-07, 1.29204295263e-07, 9.75135208137e-07, 1.24755661091e-06],
        "var": [0.0510520674288, 12.9777879715, 99.715461731, 69.9325485229, 205.422302246, 808.414855957, 2468.23828125, 5983.66601562, 3915.89868164, 3495.11987305, 3067.73095703, 4889.18505859, 5384.24853516, 2708.71704102, 1195.82836914, 1977.91125488, 3922.89526367, 3284.95019531, 1912.74462891, 795.253173828, 1435.75561523, 4327.80517578, 6135.95800781, 610.634216309, 649.978820801, 202.071502686, 49.6718597412, 242.836959839, 184.069549561, 139.341918945, 124.980506897, 96.6289901733, 47.9555931091, 13.372710228, 2.22866821289, 0.203007131815, 0.00878366548568, 3.57607823389e-05, 1.58717767818e-08, 7.67615471187e-10]
    },
    "gfcc": {
        "mean": [-8.06427192688, 100.76537323, -91.2075805664, 41.3892250061, -59.4363021851, 17.4382514954, -47.987159729, 13.1398134232, -28.7715682983, -0.450560241938, -6.50276947021, 0.628341138363, -13.9253988266],
        "cov": [[3457.16845703, -1260.62792969, -569.535095215, -59.2907791138, -170.500564575, 98.1807785034, -289.212921143, 420.506286621, -50.9499855042, 179.116653442, -149.927383423, 188.372360229, -268.595397949], [-1260.62792969, 1390.22119141, 81.5561065674, -212.196624756, 239.805648804, -47.6310768127, 336.443817139, -160.473907471, 87.6520690918, -116.42931366, 209.420974731, -144.888015747, 107.136413574], [-569.535095215, 81.5561065674, 666.023681641, 181.375442505, 53.6541633606, 119.694221497, 91.4159698486, -59.5074081421, -30.9680366516, 32.4256706238, -21.6160240173, 33.1317062378, 51.7877006531], [-59.2907791138, -212.196624756, 181.375442505, 465.909637451, 87.608543396, -21.5509738922, -44.7716522217, -4.43191671371, 44.853187561, -3.25679135323, -13.0209245682, 25.1078662872, 90.0447235107], [-170.500564575, 239.805648804, 53.6541633606, 87.608543396, 313.819488525, 60.9200134277, 72.7167510986, 42.2862625122, 82.2040786743, 7.22660160065, 25.4695415497, 9.00966930389, 33.453086853], [98.1807785034, -47.6310768127, 119.694221497, -21.5509738922, 60.9200134277, 315.806274414, 198.469360352, 26.2316875458, -11.4312534332, 37.2096481323, -15.6846532822, -0.715266108513, -15.9147758484], [-289.212921143, 336.443817139, 91.4159698486, -44.7716522217, 72.7167510986, 198.469360352, 422.724304199, 3.8333029747, -22.3019542694, -8.66869544983, 51.605796814, -42.2311820984, 14.5221204758], [420.506286621, -160.473907471, -59.5074081421, -4.43191671371, 42.2862625122, 26.2316875458, 3.8333029747, 222.301177979, 44.3654594421, 10.2562007904, -0.373897105455, 46.867931366, -38.0609169006], [-50.9499855042, 87.6520690918, -30.9680366516, 44.853187561, 82.2040786743, -11.4312534332, -22.3019542694, 44.3654594421, 162.274002075, 8.27422618866, 31.2127971649, 0.872589409351, 20.9589996338], [179.116653442, -116.42931366, 32.4256706238, -3.25679135323, 7.22660160065, 37.2096481323, -8.66869544983, 10.2562007904, 8.27422618866, 141.100265503, 3.77976059914, 9.23137569427, -24.8515129089], [-149.927383423, 209.420974731, -21.6160240173, -13.0209245682, 25.4695415497, -15.6846532822, 51.605796814, -0.373897105455, 31.2127971649, 3.77976059914, 151.688720703, 0.927768647671, 8.88634872437], [188.372360229, -144.888015747, 33.1317062378, 25.1078662872, 9.00966930389, -0.715266108513, -42.2311820984, 46.867931366, 0.872589409351, 9.23137569427, 0.927768647671, 148.920791626, 6.5617017746], [-268.595397949, 107.136413574, 51.7877006531, 90.0447235107, 33.453086853, -15.9147758484, 14.5221204758, -38.0609169006, 20.9589996338, -24.8515129089, 8.88634872437, 6.5617017746, 145.14642334]],
        "icov": [[0.000758540001698, -2.91854030365e-05, 0.000746420642827, -0.000423988094553, 0.00038481381489, -0.00065470993286, 0.000453182350611, -0.00107040524017, 0.000489374098834, -0.00078010262223, 0.00045058852993, -0.000633081013802, 0.000732236949261], [-2.91854030365e-05, 0.00419887993485, -0.00139053934254, 0.00328313652426, -0.0033158545848, 0.00300353066996, -0.00289398361929, 0.00253394502215, -0.00189482478891, 0.00263804686256, -0.00346815725788, 0.00242410134524, -0.00181833654642], [0.000746420642827, -0.00139053934254, 0.00319495960139, -0.00225976202637, 0.00134323013481, -0.00222229049541, 0.00109615828842, -0.00121521751862, 0.00149441382382, -0.00201994040981, 0.00177764624823, -0.00196887389757, 0.00110654940363], [-0.000423988094553, 0.00328313652426, -0.00225976202637, 0.00571815995499, -0.00336013315246, 0.00295648863539, -0.00204394198954, 0.00228951824829, -0.00212119123898, 0.00247767451219, -0.00266027450562, 0.00220522447489, -0.00325190695003], [0.00038481381489, -0.0033158545848, 0.00134323013481, -0.00336013315246, 0.00701392069459, -0.00316781876609, 0.00188599911053, -0.00293354410678, -0.000185405209777, -0.00247029983439, 0.00274000572972, -0.00235052406788, 0.00138537993189], [-0.00065470993286, 0.00300353066996, -0.00222229049541, 0.00295648863539, -0.00316781876609, 0.00808322243392, -0.0049952189438, 0.0023153515067, -0.00186156784184, 0.00124757178128, -0.00136908178683, 0.00182929052971, -0.00126288598403], [0.000453182350611, -0.00289398361929, 0.00109615828842, -0.00204394198954, 0.00188599911053, -0.0049952189438, 0.00647895922884, -0.00273447064683, 0.00261529488489, -0.0014226725325, 0.000830976001453, -0.000698671734426, 0.000863459252287], [-0.00107040524017, 0.00253394502215, -0.00121521751862, 0.00228951824829, -0.00293354410678, 0.0023153515067, -0.00273447064683, 0.0088760284707, -0.00340972561389, 0.00271484931, -0.00220297370106, 0.000198638255824, -0.0002237699955], [0.000489374098834, -0.00189482478891, 0.00149441382382, -0.00212119123898, -0.000185405209777, -0.00186156784184, 0.00261529488489, -0.00340972561389, 0.00954476371408, -0.00219133147039, 0.000163150180015, -0.000542817579117, 3.08834059979e-05], [-0.00078010262223, 0.00263804686256, -0.00201994040981, 0.00247767451219, -0.00247029983439, 0.00124757178128, -0.0014226725325, 0.00271484931, -0.00219133147039, 0.0102997291833, -0.00324455811642, 0.00189721805509, -0.000454004853964], [0.00045058852993, -0.00346815725788, 0.00177764624823, -0.00266027450562, 0.00274000572972, -0.00136908178683, 0.000830976001453, -0.00220297370106, 0.000163150180015, -0.00324455811642, 0.0109183462337, -0.00308432406746, 0.00185931497253], [-0.000633081013802, 0.00242410134524, -0.00196887389757, 0.00220522447489, -0.00235052406788, 0.00182929052971, -0.000698671734426, 0.000198638255824, -0.000542817579117, 0.00189721805509, -0.00308432406746, 0.00985083915293, -0.00261536054313], [0.000732236949261, -0.00181833654642, 0.00110654940363, -0.00325190695003, 0.00138537993189, -0.00126288598403, 0.000863459252287, -0.0002237699955, 3.08834059979e-05, -0.000454004853964, 0.00185931497253, -0.00261536054313, 0.0105287181213]]
    },
    "melbands": {
        "dmean": [0.00103863258846, 0.00194575823843, 0.000778925954364, 0.00071017886512, 0.00048318260815, 0.000485282798763, 0.0003170199343, 0.000187374142115, 0.000141742406413, 0.000117727919132, 0.000107436448161, 5.98710503255e-05, 2.70641612587e-05, 2.90039515676e-05, 3.66195999959e-05, 4.54072469438e-05, 3.56375530828e-05, 2.39801320276e-05, 1.60952640726e-05, 1.06854777187e-05, 1.35046802825e-05, 1.92852530745e-05, 2.49577733484e-05, 1.54609861056e-05, 6.51318623568e-06, 7.32027774575e-06, 7.56383724365e-06, 2.79131836578e-06, 1.50735581883e-06, 1.62833839568e-06, 1.90021455637e-06, 1.83548502264e-06, 1.77797585366e-06, 1.99102305487e-06, 2.11253154703e-06, 1.74012689058e-06, 1.49110906023e-06, 1.35062168738e-06, 9.80418462859e-07, 9.02196859442e-07],
        "dmean2": [0.00162471341901, 0.00328085944057, 0.00127645896282, 0.00112858018838, 0.000740544288419, 0.000719088653568, 0.000496470776852, 0.000279785366729, 0.000213893028558, 0.000172366781044, 0.000155125642777, 8.54644895298e-05, 4.00097305828e-05, 4.39081413788e-05, 5.39349712199e-05, 6.90564702381e-05, 5.45753864571e-05, 3.74704686692e-05, 2.3941787731e-05, 1.59812698257e-05, 1.96426153707e-05, 2.71831086138e-05, 3.59756631951e-05, 2.22689486691e-05, 9.74421436695e-06, 1.15173461381e-05, 1.15472867037e-05, 4.47802176495e-06, 2.49689719567e-06, 2.62143021246e-06, 3.09780875796e-06, 2.9374875794e-06, 2.73799946626e-06, 3.05317553284e-06, 3.32736408382e-06, 2.69992415269e-06, 2.24262953452e-06, 2.04220964406e-06, 1.49117329329e-06, 1.41833027101e-06],
        "dvar": [3.45515741174e-06, 2.21049594984e-05, 1.46037143622e-06, 1.07038192709e-06, 9.36180413191e-07, 1.03264324025e-06, 4.75913708442e-07, 1.8116148226e-07, 1.24322497186e-07, 1.1724794291e-07, 1.07218411927e-07, 3.8794436108e-08, 6.78966571854e-09, 7.52749595989e-09, 1.10839977197e-08, 1.49023335894e-08, 8.05424615891e-09, 4.87925211345e-09, 2.50645326716e-09, 7.35594252177e-10, 1.50251777686e-09, 2.75917866333e-09, 4.99654095876e-09, 1.96729343926e-09, 2.09950376528e-10, 2.13566955787e-10, 3.07332076455e-10, 3.24086868453e-11, 1.40132957321e-11, 3.53889070825e-11, 6.97044019726e-11, 3.00761568428e-11, 2.64672051636e-11, 2.63633663511e-11, 2.37127470437e-11, 2.14590706316e-11, 1.77839427212e-11, 1.29670432378e-11, 7.43270549275e-12, 4.93375522728e-12],
        "dvar2": [8.03331204224e-06, 5.78983745072e-05, 3.61739830623e-06, 2.55014560935e-06, 2.03213676286e-06, 1.98024099518e-06, 1.06168488401e-06, 3.40555146749e-07, 2.74458386684e-07, 2.46862981612e-07, 2.3195087806e-07, 7.87257832258e-08, 1.42401930248e-08, 1.60508744074e-08, 2.49488163462e-08, 3.28959330886e-08, 1.85538979736e-08, 1.02174286809e-08, 4.86628115581e-09, 1.51258017222e-09, 2.94043278615e-09, 5.41579270319e-09, 1.04368247378e-08, 4.07624689558e-09, 4.41749803404e-10, 4.72616779046e-10, 6.54703347092e-10, 7.68343930146e-11, 3.64083034554e-11, 8.71483996079e-11, 1.68078453933e-10, 6.11961245567e-11, 5.86296358684e-11, 5.79469770778e-11, 5.24764225129e-11, 4.54602640254e-11, 3.36712428772e-11, 2.54545308442e-11, 1.33450368811e-11, 1.00795118779e-11],
        "max": [0.0229803808033, 0.0478202216327, 0.012257010676, 0.0140956938267, 0.0140502704307, 0.0113329272717, 0.00901793781668, 0.00705800298601, 0.00451946444809, 0.00481558358297, 0.00524849770591, 0.00407367991284, 0.00132402172312, 0.00189661141485, 0.00145616394002, 0.0018157036975, 0.00124677305575, 0.00129516620655, 0.000891715520993, 0.000363170925993, 0.000722276221495, 0.000731495732907, 0.00103622931056, 0.0010964286048, 0.000226972726523, 0.000163928343682, 0.000366204592865, 7.19243616913e-05, 5.14943640155e-05, 0.000156369249453, 0.00023466917628, 0.000130556116346, 0.000119705066027, 8.71386218932e-05, 7.84041185398e-05, 8.66734262672e-05, 8.5956955445e-05, 6.33052841295e-05, 6.72998430673e-05, 4.77264911751e-05],
        "mean": [0.00239322707057, 0.00327155087143, 0.00114445004147, 0.00119806686416, 0.000996809918433, 0.000839366693981, 0.000475000706501, 0.000292324839393, 0.000181490788236, 0.000156951835379, 0.000150419858983, 8.65752372192e-05, 4.03231861128e-05, 4.4120784878e-05, 5.1665425417e-05, 6.37089615338e-05, 4.24478967034e-05, 2.83216195385e-05, 1.91779199668e-05, 1.32629338623e-05, 1.65638848557e-05, 2.50480134127e-05, 3.45665030181e-05, 2.34822709899e-05, 9.40231166169e-06, 9.42873793974e-06, 1.02913618321e-05, 3.52139591087e-06, 1.74578519818e-06, 1.85637566119e-06, 2.20368337978e-06, 2.24958148465e-06, 2.18821060116e-06, 2.69257157015e-06, 2.95280096907e-06, 2.3945610792e-06, 1.91293338503e-06, 1.78353150204e-06, 1.24516213873e-06, 1.07931350612e-06],
        "median": [0.00107622926589, 0.0015971037792, 0.000653450086247, 0.000653318013065, 0.00039144436596, 0.000243863745709, 0.000129473904963, 4.81631177536e-05, 3.49795518559e-05, 2.11491042137e-05, 2.22202797886e-05, 1.22840729091e-05, 9.8209884527e-06, 1.11631024993e-05, 1.09663778858e-05, 9.12657924346e-06, 6.25337042948e-06, 5.01657905261e-06, 2.81744291897e-06, 2.4349060368e-06, 1.9359927137e-06, 3.17280114359e-06, 4.21526510763e-06, 4.43357293989e-06, 2.64746063294e-06, 2.9910243029e-06, 2.86018303086e-06, 1.1910107105e-06, 4.8910425221e-07, 3.57435993692e-07, 3.68939254258e-07, 3.84542772736e-07, 4.7012269988e-07, 6.90289084559e-07, 8.57786517372e-07, 6.8556835231e-07, 4.24787373277e-07, 3.70003419903e-07, 2.50100811172e-07, 2.69589008894e-07],
        "min": [9.12259395136e-07, 2.21907089326e-06, 2.24814584726e-06, 1.25863721223e-06, 7.29613361727e-07, 4.20658864186e-07, 3.58557883828e-07, 1.67930238604e-07, 2.56167368207e-07, 8.94253702199e-08, 2.94826122627e-07, 8.1060669288e-08, 1.27045012732e-07, 7.06919180971e-08, 8.48862171665e-08, 6.21027069769e-08, 7.60844898196e-08, 5.03658803552e-08, 2.6007189291e-08, 2.26152163663e-08, 1.79631882702e-08, 5.90867532679e-09, 4.28867430458e-09, 1.21373737727e-08, 1.08360520557e-08, 4.74275108076e-09, 1.02357180509e-08, 2.31594321498e-09, 1.98892680103e-09, 1.24993992934e-09, 9.15167941429e-11, 6.14294656809e-11, 3.42973816014e-10, 5.92192017645e-10, 4.81078232806e-10, 5.06049702143e-10, 9.53585335695e-11, 1.95176125262e-10, 6.48053399138e-12, 2.26333882192e-12],
