{
"highlevel": {
    "danceability": {
        "all": {
            "danceable": 0.999316573143,
            "not_danceable": 0.000683433318045
        },
        "probability": 0.999316573143,
        "value": "danceable"
    },
    "gender": {
        "all": {
            "female": 0.788163542747,
            "male": 0.211836442351
        },
        "probability": 0.788163542747,
        "value": "female"
    },
    "genre_dortmund": {
        "all": {
            "alternative": 0.0638425722718,
            "blues": 0.0208614654839,
            "electronic": 0.00991280004382,
            "folkcountry": 0.0307293925434,
            "funksoulrnb": 0.032918728888,
            "jazz": 0.0310873650014,
            "pop": 0.0773364901543,
            "raphiphop": 0.0253016240895,
            "rock": 0.708009541035
        },
        "probability": 0.708009541035,
        "value": "rock"
    },
    "genre_electronic": {
        "all": {
            "ambient": 0.064270593226,
            "dnb": 0.148670941591,
            "house": 0.0740091502666,
            "techno": 0.0130729274824,
            "trance": 0.69997638464
        },
        "probability": 0.69997638464,
        "value": "trance"
    },
    "genre_rosamerica": {
        "all": {
            "cla": 0.000315011304338,
            "dan": 0.90918970108,
            "hip": 0.0197217017412,
            "jaz": 0.00041101736133,
            "pop": 0.0282898880541,
            "rhy": 0.0109714791179,
            "roc": 0.0306762307882,
            "spe": 0.000424975762144
        },
        "probability": 0.90918970108,
        "value": "dan"
    },
    "genre_tzanetakis": {
        "all": {
            "blu": 0.0626613423228,
            "cla": 0.0348169617355,
            "cou": 0.104475811124,
            "dis": 0.0784321576357,
            "hip": 0.15692435205,
            "jaz": 0.313974827528,
            "met": 0.0448166541755,
            "pop": 0.0627359300852,
            "reg": 0.0627360641956,
            "roc": 0.0784258767962
        },
        "probability": 0.313974827528,
        "value": "jaz"
    },
    "ismir04_rhythm": {
        "all": {
            "ChaChaCha": 0.107142277062,
            "Jive": 0.0614746659994,
            "Quickstep": 0.0883016884327,
            "Rumba-American": 0.00732267368585,
            "Rumba-International": 0.00865288078785,
            "Rumba-Misc": 0.0085965199396,
            "Samba": 0.698180675507,
            "Tango": 0.0056198365055,
            "VienneseWaltz": 0.0115288067609,
            "Waltz": 0.00317999557592
        },
        "probability": 0.698180675507,
        "value": "Samba"
    },
    "mood_acoustic": {
        "all": {
            "acoustic": 4.56823165962e-08,
            "not_acoustic": 0.999999940395
        },
        "probability": 0.999999940395,
        "value": "not_acoustic"
    },
    "mood_aggressive": {
        "all": {
            "aggressive": 0.851255238056,
            "not_aggressive": 0.148744791746
        },
        "probability": 0.851255238056,
        "value": "aggressive"
    },
    "mood_electronic": {
        "all": {
            "electronic": 0.370945334435,
            "not_electronic": 0.629054665565
        },
        "probability": 0.629054665565,
        "value": "not_electronic"
    },
    "mood_happy": {
        "all": {
            "happy": 0.5,
            "not_happy": 0.5
        },
        "probability": 0.5,
        "value": "happy"
    },
    "mood_party": {
        "all": {
            "not_party": 0.111244410276,
            "party": 0.888755559921
        },
        "probability": 0.888755559921,
        "value": "party"
    },
    "mood_relaxed": {
        "all": {
            "not_relaxed": 0.871729314327,
            "relaxed": 0.12827065587
        },
        "probability": 0.871729314327,
        "value": "not_relaxed"
    },
    "mood_sad": {
        "all": {
            "not_sad": 0.954381763935,
            "sad": 0.0456182099879
        },
        "probability": 0.954381763935,
        "value": "not_sad"
    },
    "moods_mirex": {
        "all": {
            "Cluster1": 0.257847875357,
            "Cluster2": 0.0535779334605,
            "Cluster3": 0.0626680105925,
            "Cluster4": 0.0509965904057,
            "Cluster5": 0.574909627438
        },
        "probability": 0.574909627438,
        "value": "Cluster5"
    },
    "timbre": {
        "all": {
            "bright": 0.698876142502,
            "dark": 0.301123827696
        },
        "probability": 0.698876142502,
        "value": "bright"
    },
    "tonal_atonal": {
        "all": {
            "atonal": 0.878520846367,
            "tonal": 0.121479153633
        },
        "probability": 0.878520846367,
        "value": "atonal"
    },
    "voice_instrumental": {
        "all": {
            "instrumental": 0.00241699442267,
            "voice": 0.997583031654
        },
        "probability": 0.997583031654,
        "value": "voice"
    }
},
"lowlevel": {
    "average_loudness": 0.928037643433,
    "barkbands_crest": {
        "dmean": 3.00647377968,
        "dmean2": 4.80939483643,
        "dvar": 7.7095746994,
        "dvar2": 20.8247947693,
        "max": 26.6675815582,
        "mean": 11.0484485626,
        "median": 10.2361555099,
        "min": 3.21775102615,
        "var": 19.043094635
    },
    "barkbands_flatness_db": {
        "dmean": 0.0217773579061,
        "dmean2": 0.0345768816769,
        "dvar": 0.000489391095471,
        "dvar2": 0.00119100848678,
        "max": 0.435771077871,
        "mean": 0.14698779583,
        "median": 0.127325311303,
        "min": 0.0536990277469,
        "var": 0.00398309156299
    },
    "barkbands_kurtosis": {
        "dmean": 3.46138048172,
        "dmean2": 5.25923442841,
        "dvar": 151.010925293,
        "dvar2": 312.321746826,
        "max": 323.21182251,
        "mean": 3.96682810783,
        "median": 1.10216522217,
        "min": -1.92914545536,
        "var": 211.384490967
    },
    "barkbands_skewness": {
        "dmean": 0.679243385792,
        "dmean2": 1.00759339333,
        "dvar": 0.692022025585,
        "dvar2": 1.42464077473,
        "max": 14.0502481461,
        "mean": 1.33679401875,
        "median": 1.32329070568,
        "min": -5.26723384857,
        "var": 2.19663715363
    },
    "barkbands_spread": {
        "dmean": 9.89654350281,
        "dmean2": 15.1140327454,
        "dvar": 126.907112122,
        "dvar2": 255.444320679,
        "max": 112.571472168,
        "mean": 38.4626579285,
        "median": 35.0011749268,
        "min": 0.317633450031,
        "var": 606.832275391
    },
    "dissonance": {
        "dmean": 0.0190484598279,
        "dmean2": 0.0316092036664,
        "dvar": 0.000551602162886,
        "dvar2": 0.00145985232666,
        "max": 0.499813526869,
        "mean": 0.462821096182,
        "median": 0.480714857578,
        "min": 0.256093591452,
        "var": 0.0019809724763
    },
    "dynamic_complexity": 2.53934693336,
    "erbbands_crest": {
        "dmean": 2.95424437523,
        "dmean2": 4.75827598572,
        "dvar": 8.10309886932,
        "dvar2": 21.255739212,
        "max": 29.3506793976,
        "mean": 8.84851551056,
        "median": 7.40764522552,
        "min": 2.32269978523,
        "var": 23.6872062683
    },
    "erbbands_flatness_db": {
        "dmean": 0.0168440453708,
        "dmean2": 0.0252032466233,
        "dvar": 0.000321114959661,
        "dvar2": 0.000600222905632,
        "max": 0.380993098021,
        "mean": 0.145275697112,
        "median": 0.118948489428,
        "min": 0.0586966797709,
        "var": 0.00496930256486
    },
    "erbbands_kurtosis": {
        "dmean": 1.62685263157,
        "dmean2": 2.4391682148,
        "dvar": 9.57046127319,
        "dvar2": 18.3078136444,
        "max": 85.1003875732,
        "mean": 1.75355827808,
        "median": 0.118816137314,
        "min": -1.65943026543,
        "var": 25.5414333344
    },
    "erbbands_skewness": {
        "dmean": 0.479864120483,
        "dmean2": 0.685745358467,
        "dvar": 0.258088678122,
        "dvar2": 0.473432630301,
        "max": 8.03804779053,
        "mean": 0.0286856330931,
        "median": -0.0901918262243,
        "min": -3.84976577759,
        "var": 1.80268621445
    },
    "erbbands_spread": {
        "dmean": 11.8374938965,
        "dmean2": 18.4136829376,
        "dvar": 141.940109253,
        "dvar2": 339.631256104,
        "max": 119.251556396,
        "mean": 46.6974830627,
        "median": 46.7838516235,
        "min": 1.99016904831,
        "var": 477.126678467
    },
    "hfc": {
        "dmean": 13.7442054749,
        "dmean2": 19.6793689728,
        "dvar": 408.959838867,
        "dvar2": 651.03729248,
        "max": 245.163497925,
        "mean": 49.0408859253,
        "median": 42.15625,
        "min": 0.347006827593,
        "var": 1973.71960449
    },
    "melbands_crest": {
        "dmean": 3.48338794708,
        "dmean2": 5.55809354782,
        "dvar": 9.36260223389,
        "dvar2": 22.8028697968,
        "max": 32.5625267029,
        "mean": 16.0140399933,
        "median": 15.7187986374,
        "min": 3.36102223396,
        "var": 26.4478778839
    },
    "melbands_flatness_db": {
        "dmean": 0.0267297513783,
        "dmean2": 0.0409000068903,
        "dvar": 0.000700117379893,
        "dvar2": 0.00161192764062,
        "max": 0.492281883955,
        "mean": 0.170589476824,
        "median": 0.166664376855,
        "min": 0.0364512987435,
        "var": 0.0036085601896
    },
    "melbands_kurtosis": {
        "dmean": 9.45796966553,
        "dmean2": 14.9786396027,
        "dvar": 213.33416748,
        "dvar2": 516.685119629,
        "max": 255.265960693,
        "mean": 15.6352910995,
        "median": 11.1204328537,
        "min": -1.8007298708,
        "var": 339.468017578
    },
    "melbands_skewness": {
        "dmean": 1.00176501274,
        "dmean2": 1.53948915005,
        "dvar": 1.01342606544,
        "dvar2": 2.45310688019,
        "max": 11.5475492477,
        "mean": 3.07148981094,
        "median": 2.91826701164,
        "min": -2.73199462891,
        "var": 2.91077470779
    },
    "melbands_spread": {
        "dmean": 14.2773332596,
        "dmean2": 21.6317157745,
        "dvar": 453.88104248,
        "dvar2": 980.776611328,
        "max": 243.66809082,
        "mean": 36.0180130005,
        "median": 27.0880908966,
        "min": 0.41354700923,
        "var": 1114.01159668
    },
    "pitch_salience": {
        "dmean": 0.082340426743,
        "dmean2": 0.132353410125,
        "dvar": 0.00601221621037,
        "dvar2": 0.0160374119878,
        "max": 0.825693130493,
        "mean": 0.53046554327,
        "median": 0.534507036209,
        "min": 0.076070562005,
        "var": 0.0167724117637
    },
    "silence_rate_20dB": {
        "dmean": 0,
        "dmean2": 0,
        "dvar": 0,
        "dvar2": 0,
        "max": 1,
        "mean": 1,
        "median": 1,
        "min": 1,
        "var": 0
    },
    "silence_rate_30dB": {
        "dmean": 0.0216718260199,
        "dmean2": 0.0433772280812,
        "dvar": 0.0212018918246,
        "dvar2": 0.0585374310613,
        "max": 1,
        "mean": 0.986852288246,
        "median": 1,
        "min": 0,
        "var": 0.0129750659689
    },
    "silence_rate_60dB": {
        "dmean": 0.0216718260199,
        "dmean2": 0.0433772280812,
        "dvar": 0.0212020780891,
        "dvar2": 0.0476921983063,
        "max": 1,
        "mean": 0.0510440841317,
        "median": 0,
        "min": 0,
        "var": 0.0484385304153
    },
    "spectral_centroid": {
        "dmean": 407.452392578,
        "dmean2": 604.467468262,
        "dvar": 238486.609375,
        "dvar2": 417593.5,
        "max": 6211.46484375,
        "mean": 2086.32202148,
        "median": 1923.97290039,
        "min": 279.753631592,
        "var": 1007774
    },
    "spectral_complexity": {
        "dmean": 4.59829711914,
        "dmean2": 6.92718839645,
        "dvar": 22.5933074951,
        "dvar2": 47.667881012,
        "max": 58,
        "mean": 23.8832168579,
        "median": 26,
        "min": 0,
        "var": 198.727035522
    },
    "spectral_decrease": {
        "dmean": 3.37718830679e-09,
        "dmean2": 5.52092682682e-09,
        "dvar": 2.62186194436e-17,
        "dvar2": 6.69497753186e-17,
        "max": -3.33371004413e-11,
        "mean": -9.07224517732e-09,
        "median": -8.34920044213e-09,
        "min": -4.04309403734e-08,
        "var": 5.39152021923e-17
    },
    "spectral_energy": {
        "dmean": 0.0132370851934,
        "dmean2": 0.0215721633285,
        "dvar": 0.000382086989703,
        "dvar2": 0.000980725861154,
        "max": 0.156772568822,
        "mean": 0.0386889018118,
        "median": 0.0367138087749,
        "min": 0.00015729664301,
        "var": 0.000856566126458
    },
    "spectral_energyband_high": {
        "dmean": 0.00153402111027,
        "dmean2": 0.00210070656613,
        "dvar": 6.79846652929e-06,
        "dvar2": 1.01255045593e-05,
        "max": 0.0298831872642,
        "mean": 0.00450854795054,
        "median": 0.00282006966881,
        "min": 6.1691407609e-06,
        "var": 3.08141898131e-05
    },
    "spectral_energyband_low": {
        "dmean": 0.00820144079626,
        "dmean2": 0.0131874158978,
        "dvar": 0.000215998472413,
        "dvar2": 0.000539358938113,
        "max": 0.13431224227,
        "mean": 0.0193318519741,
        "median": 0.0158728659153,
        "min": 2.93695663345e-08,
        "var": 0.000451579806395
    },
    "spectral_energyband_middle_high": {
        "dmean": 0.00200736825354,
        "dmean2": 0.00298756640404,
        "dvar": 7.10627182343e-06,
        "dvar2": 1.59969058586e-05,
        "max": 0.0440115593374,
        "mean": 0.00564732169732,
        "median": 0.00453720381483,
        "min": 7.08839652361e-05,
        "var": 2.57064803009e-05
    },
    "spectral_energyband_middle_low": {
        "dmean": 0.00713230064139,
        "dmean2": 0.0121558364481,
        "dvar": 0.000180156785063,
        "dvar2": 0.000482062547235,
        "max": 0.121727354825,
        "mean": 0.0100283231586,
        "median": 0.00631393771619,
        "min": 8.91026502359e-06,
        "var": 0.000173534179339
    },
    "spectral_entropy": {
        "dmean": 0.147971332073,
        "dmean2": 0.214428812265,
        "dvar": 0.0360455922782,
        "dvar2": 0.0655395314097,
        "max": 8.87687301636,
        "mean": 7.93879508972,
        "median": 8.09441280365,
        "min": 4.64527368546,
        "var": 0.36028072238
    },
    "spectral_flux": {
        "dmean": 0.0296034999192,
        "dmean2": 0.0475049167871,
        "dvar": 0.00123359262943,
        "dvar2": 0.00260344636627,
        "max": 0.343315601349,
        "mean": 0.108645692468,
        "median": 0.10110861063,
        "min": 0.00533313117921,
        "var": 0.00327974930406
    },
    "spectral_kurtosis": {
        "dmean": 0.72784870863,
        "dmean2": 1.09534883499,
        "dvar": 1.57966446877,
        "dvar2": 2.65565776825,
        "max": 35.5124168396,
        "mean": 1.86628758907,
        "median": 1.61694717407,
        "min": -1.14472079277,
        "var": 5.01081085205
    },
    "spectral_rms": {
        "dmean": 0.000935665331781,
        "dmean2": 0.00149055302609,
        "dvar": 1.33945411562e-06,
        "dvar2": 3.34661467605e-06,
        "max": 0.0123672494665,
        "mean": 0.00562675949186,
        "median": 0.00598484324291,
        "min": 0.000391739886254,
        "var": 6.08491882303e-06
    },
    "spectral_rolloff": {
        "dmean": 1099.35986328,
        "dmean2": 1729.4263916,
        "dvar": 2406410.25,
        "dvar2": 4329831,
        "max": 11864.7949219,
        "mean": 2988.53833008,
        "median": 1701.12304688,
        "min": 86.1328125,
        "var": 8277800
    },
    "spectral_skewness": {
        "dmean": 0.171652391553,
        "dmean2": 0.248732700944,
        "dvar": 0.0341888479888,
        "dvar2": 0.0594403892756,
        "max": 4.85697126389,
        "mean": 1.08233249187,
        "median": 1.08467674255,
        "min": -0.332328617573,
        "var": 0.210526302457
    },
    "spectral_spread": {
        "dmean": 609585.9375,
        "dmean2": 866305,
        "dvar": 730929299456,
        "dvar2": 1.03773739418e+12,
        "max": 23625218,
        "mean": 6262672.5,
        "median": 6015888,
        "min": 1643268.75,
        "var": 2.29605035213e+12
    },
    "spectral_strongpeak": {
        "dmean": 0.484685570002,
        "dmean2": 0.846686899662,
        "dvar": 0.898828566074,
        "dvar2": 2.39275050163,
        "max": 10.099114418,
        "mean": 0.853551506996,
        "median": 0.462166458368,
        "min": 0.049200117588,
        "var": 1.10111439228
    },
    "zerocrossingrate": {
        "dmean": 0.0198846105486,
        "dmean2": 0.0212616045028,
        "dvar": 0.000627554720268,
        "dvar2": 0.000587695860304,
        "max": 0.400390625,
        "mean": 0.108871236444,
        "median": 0.0888671875,
        "min": 0.00537109375,
        "var": 0.00480696838349
    },
    "barkbands": {
        "dmean": [0.000152487962623, 0.00638716528192, 0.00331345992163, 0.00162022770382, 0.00383324711584, 0.00127906573471, 0.00054387858836, 0.000830311793834, 0.00111730257049, 0.000587753020227, 0.000492283841595, 0.00041072620661, 0.000323840795318, 0.000386246945709, 0.000318321981467, 0.000319826474879, 0.000341024249792, 0.000273353885859, 0.000213275634451, 0.000187240497326, 0.000266561139142, 0.000468067475595, 0.000418373616412, 0.00039972065133, 0.000339881080436, 9.81976481853e-05, 4.96097207758e-09],
        "dmean2": [0.000256802537479, 0.0102793974802, 0.0055477200076, 0.00286749680527, 0.00678856251761, 0.00212290883064, 0.000887460075319, 0.00134824123234, 0.0017631779192, 0.000926772074308, 0.000764204189181, 0.000650930800475, 0.000519575725775, 0.000630324648228, 0.000505989068188, 0.000509414880071, 0.000536179810297, 0.000463937351014, 0.000359629979357, 0.000296405662084, 0.000421873177402, 0.000693324313033, 0.00060677115107, 0.000574927486014, 0.000470533472253, 0.00014196500706, 9.08580233272e-09],
        "dvar": [6.10099419873e-08, 0.000124918631627, 6.11329742242e-05, 1.23281533888e-05, 9.61436453508e-05, 1.91839262698e-05, 2.16346552406e-06, 4.30292129749e-06, 6.89608896209e-06, 2.06773734135e-06, 1.28770102492e-06, 8.10311121313e-07, 1.19264086607e-06, 7.04499882431e-07, 3.7194200786e-07, 5.99174654781e-07, 4.59488973092e-07, 2.23645528763e-07, 1.09411793403e-07, 6.91046082579e-08, 1.465731998e-07, 6.18123237928e-07, 5.68668610867e-07, 6.82041047639e-07, 5.54935411401e-07, 2.54619116902e-08, 7.86735795173e-16],
        "dvar2": [1.7405020003e-07, 0.000328491936671, 0.000156053880346, 3.46280176018e-05, 0.000265008711722, 5.36252518941e-05, 5.64575702811e-06, 1.03399106592e-05, 1.77524525498e-05, 4.98908730151e-06, 2.75965658147e-06, 1.97463077711e-06, 3.03702563542e-06, 1.8505791104e-06, 8.563162055e-07, 1.27915473058e-06, 1.0508537116e-06, 6.12513474607e-07, 2.90152627258e-07, 1.79914707132e-07, 3.38360933938e-07, 1.14484657843e-06, 1.09971460915e-06, 1.19952255773e-06, 9.99337544272e-07, 5.11750322119e-08, 1.9449894525e-15],
        "max": [0.0024438817054, 0.116451978683, 0.0634094923735, 0.0277864877135, 0.0807247906923, 0.104730941355, 0.0183207672089, 0.024674044922, 0.0341052524745, 0.0258916988969, 0.018725797534, 0.0102606248111, 0.0266752038151, 0.0122795589268, 0.00665001850575, 0.0156082361937, 0.0135905751958, 0.00584739958867, 0.00344636081718, 0.00459436280653, 0.00519200181589, 0.0125319221988, 0.00975659582764, 0.0102230068296, 0.00987461395562, 0.00179003691301, 5.81965366564e-07],
        "mean": [0.000248479744187, 0.013261272572, 0.00510285003111, 0.00169619242661, 0.00341048208065, 0.00155467144214, 0.000686535495333, 0.000986901228316, 0.00146161252633, 0.000814137049019, 0.000743450829759, 0.00062175700441, 0.000415647169575, 0.000555627339054, 0.000461643241579, 0.00052313040942, 0.000546522147488, 0.000467584963189, 0.000406028178986, 0.000405692815548, 0.000591133662965, 0.00105641921982, 0.000910018628929, 0.000865807000082, 0.000687511754222, 0.00020778409089, 3.52986462282e-09],
        "median": [0.00015169227845, 0.00911729224026, 0.00257749552839, 0.000655686017126, 0.000800479319878, 0.000589549075812, 0.00027456774842, 0.000339141435688, 0.000451225176221, 0.000227855445701, 0.00024963208125, 0.000164557728567, 0.000112930385512, 0.000227160649956, 0.000207685414352, 0.000257655396126, 0.000292275246466, 0.000338716548868, 0.000312814896461, 0.000324344931869, 0.000441878830316, 0.000663702434395, 0.000459450588096, 0.000362188438885, 0.000265946757281, 0.000113321577373, 4.88985740787e-10],
        "min": [5.43668221553e-10, 6.33286001417e-09, 2.08525863243e-09, 1.23046417499e-09, 6.49702514011e-09, 1.61285200306e-07, 7.92399390548e-08, 6.89881307636e-09, 3.53094378625e-07, 1.89518036819e-08, 7.66268399843e-08, 9.94638860163e-09, 5.62159300443e-07, 2.1260753158e-07, 6.93982201483e-07, 9.09847017283e-07, 1.58228260716e-06, 9.83004269983e-07, 1.61163154644e-06, 2.23596202886e-06, 1.68890153418e-06, 8.32542639273e-07, 8.86627105956e-07, 7.8292850958e-07, 5.12913061357e-07, 1.43822234122e-07, 1.24951732988e-11],
        "var": [9.18408105122e-08, 0.000254809419857, 6.74726761645e-05, 1.02393560155e-05, 7.10386884748e-05, 1.56664700626e-05, 2.16049056689e-06, 5.40168230145e-06, 8.00250199973e-06, 3.8235075408e-06, 2.58027603195e-06, 1.55721511419e-06, 1.46139745993e-06, 1.18812965866e-06, 5.70594181681e-07, 1.17892125218e-06, 9.07126207039e-07, 3.1816767887e-07, 1.7960441312e-07, 1.66021948189e-07, 4.03474672339e-07, 1.99237092602e-06, 1.92349830286e-06, 2.1139137516e-06, 1.5400457869e-06, 7.13164780564e-08, 5.98307280947e-16]
    },
    "erbbands": {
        "dmean": [0.180115237832, 1.53182601929, 3.54803299904, 4.25478172302, 12.1858453751, 11.4960231781, 9.55543041229, 10.9092531204, 7.76126241684, 11.3623981476, 19.2183990479, 22.5408649445, 22.5692386627, 16.7644557953, 18.3518066406, 14.0464582443, 12.764834404, 17.4702548981, 15.9396772385, 16.4809246063, 18.0668907166, 18.3203678131, 15.1471767426, 11.1908369064, 11.0682258606, 8.51357555389, 9.82138538361, 11.7761287689, 16.0233325958, 16.3934860229, 11.8275260925, 7.91368293762, 7.42114543915, 4.92415857315, 1.89641308784, 0.635559678078, 0.166083753109, 0.0146471261978, 0.000263418100076, 2.52304253081e-05],
        "dmean2": [0.287861764431, 2.47682595253, 5.82073879242, 7.36443853378, 22.4410076141, 20.102771759, 15.5970287323, 18.1339683533, 12.9724626541, 17.9178791046, 31.747177124, 35.9459457397, 34.6070899963, 25.7096748352, 28.8878440857, 22.0390262604, 20.2269611359, 27.4935493469, 25.5286540985, 26.1528339386, 27.1199169159, 28.8608913422, 25.3194885254, 19.0903377533, 18.1643447876, 13.510389328, 15.5099182129, 18.4013404846, 24.0570278168, 23.3926906586, 17.5677032471, 11.638958931, 10.5265789032, 7.06175661087, 2.69121932983, 0.929105997086, 0.242420881987, 0.0222437139601, 0.000386885862099, 3.74336850655e-05],
        "dvar": [0.0910590514541, 7.66542673111, 60.2184066772, 72.1293487549, 1223.07189941, 788.755493164, 564.237854004, 1530.02075195, 616.630004883, 1220.56860352, 2165.01757812, 3221.47680664, 2791.54516602, 1508.17346191, 1503.91015625, 1299.96228027, 1694.62097168, 1505.76550293, 1160.85717773, 1752.32861328, 1876.96801758, 1007.73278809, 722.723083496, 403.34463501, 278.599487305, 133.299697876, 215.026123047, 316.774871826, 730.207458496, 749.151367188, 508.162597656, 238.803436279, 274.968688965, 127.909431458, 16.077835083, 1.25545966625, 0.0688388049603, 0.000492705788929, 1.50484368078e-07, 9.89121007322e-10],
        "dvar2": [0.241227760911, 19.8596935272, 145.687606812, 196.265380859, 3448.68408203, 2157.46582031, 1161.85888672, 4255.31005859, 1682.93457031, 2912.7980957, 5491.30224609, 8289.77050781, 6892.68701172, 3086.88183594, 3688.26098633, 3307.33764648, 4341.81884766, 3609.44848633, 3154.81958008, 4135.62988281, 3531.78686523, 2485.31713867, 1972.09838867, 1133.82446289, 718.789550781, 334.676635742, 534.145202637, 678.542236328, 1403.65881348, 1432.62475586, 992.418579102, 470.931640625, 459.250518799, 229.58392334, 31.1804466248, 2.77340555191, 0.139548674226, 0.0010727517074, 3.02245268813e-07, 1.91142279782e-09],
        "max": [3.26177668571, 29.8883342743, 70.4601821899, 61.2157897949, 287.318817139, 294.851135254, 485.25289917, 872.100097656, 326.744934082, 533.663085938, 641.28314209, 757.020324707, 651.71270752, 582.359375, 632.571350098, 763.565979004, 951.315979004, 519.838378906, 634.505859375, 960.475097656, 1034.19628906, 474.640563965, 386.166442871, 282.199310303, 180.104797363, 195.159255981, 221.181594849, 295.098052979, 437.959594727, 421.641082764, 278.552429199, 230.683181763, 201.537597656, 144.126968384, 59.3959121704, 15.6153964996, 3.49637889862, 0.280744582415, 0.00495186029002, 0.000353047245881],
        "mean": [0.353660553694, 3.05810618401, 6.43035125732, 5.34490442276, 9.80765342712, 10.8192214966, 11.6985998154, 12.7392749786, 9.47539997101, 14.7760190964, 24.3398342133, 29.0451660156, 31.9466075897, 28.5974178314, 29.2699184418, 21.8173294067, 18.6136245728, 27.324426651, 24.6171798706, 24.8220481873, 32.0188751221, 31.6129646301, 27.2322483063, 20.1932487488, 22.0814228058, 18.9818344116, 21.9791927338, 25.6871738434, 34.5705604553, 35.9463500977, 25.3488464355, 16.7610969543, 15.4581775665, 9.6704750061, 3.73787117004, 1.24973869324, 0.350076943636, 0.0247119423002, 0.000544243492186, 8.69759824127e-05],
        "median": [0.219158962369, 1.83948493004, 3.57371115685, 3.31388068199, 2.20191979408, 2.78717708588, 4.13689517975, 4.80100059509, 4.2240281105, 5.12304925919, 9.35237216949, 10.2899990082, 9.59275531769, 8.75269794464, 12.8815307617, 6.84207773209, 6.20852375031, 9.81859588623, 13.1485319138, 11.6534738541, 15.9188566208, 18.5500984192, 19.2873363495, 15.7579164505, 18.0402622223, 15.1375188828, 16.3050346375, 18.0167999268, 22.2155342102, 20.606962204, 12.1457567215, 7.96024417877, 5.77921152115, 3.43252325058, 1.61462008953, 0.660867154598, 0.178360804915, 0.0116556817666, 0.000306106026983, 7.69430407672e-05],
        "min": [2.3250736092e-07, 1.04949049273e-06, 4.11308337789e-06, 1.38773211802e-05, 3.26926456182e-05, 0.000188365083886, 0.000581391737796, 0.00371145620011, 0.00455000065267, 0.00374606717378, 0.0137071060017, 0.00938372127712, 0.0248523764312, 0.0412362366915, 0.00521253654733, 0.0212474502623, 0.0457320064306, 0.0463255569339, 0.0671846568584, 0.0336279608309, 0.0796804428101, 0.0815141201019, 0.0984161794186, 0.0699669495225, 0.0949597656727, 0.116021059453, 0.104600638151, 0.0539300106466, 0.0304237082601, 0.016624931246, 0.0260667130351, 0.0227257106453, 0.0105590764433, 0.00617524515837, 0.00213602930307, 0.0008281065966, 0.000105577630165, 4.57589385405e-06, 7.0310358069e-07, 3.55353591885e-07],
        "var": [0.184121727943, 14.9515104294, 85.4045562744, 64.8464889526, 806.05682373, 644.151733398, 709.387207031, 1194.65869141, 526.789978027, 1379.31884766, 2564.54638672, 3461.19921875, 4175.10839844, 3523.05957031, 2891.76733398, 2066.9140625, 2169.76513672, 3371.12573242, 1549.53662109, 2424.24853516, 4484.57128906, 2028.90002441, 1158.1763916, 501.222503662, 508.091033936, 349.817657471, 553.536621094, 866.47668457, 2129.76757812, 2567.86889648, 1616.53540039, 659.030273438, 819.224487305, 346.174987793, 39.1453857422, 2.95531082153, 0.197724401951, 0.00116740132216, 4.41735693357e-07, 4.65760541246e-09]
    },
    "gfcc": {
        "mean": [30.0663375854, 33.1663513184, -114.902923584, 36.5585327148, -76.0509643555, 25.5150260925, -40.810710907, 16.5351161957, -22.9989070892, 6.07256698608, -19.7849388123, 9.76206302643, -10.7789402008],
        "cov": [[7768.53320312, 1278.14953613, 2760.92797852, 2741.70336914, 2110.75219727, 1136.24609375, 457.730224609, 706.610656738, 243.549758911, 338.815673828, -504.417663574, -430.906188965, -303.508453369], [1278.14953613, 1504.16394043, 403.482574463, 395.834838867, 550.061157227, -3.53549718857, 199.27003479, 67.7502746582, 1.95236229897, -64.021774292, -93.9757003784, -132.117462158, -42.9514694214], [2760.92797852, 403.482574463, 1651.09790039, 1315.84460449, 845.187805176, 410.082672119, 51.2333030701, 245.507476807, 18.1337108612, 134.859786987, -251.386123657, -216.022857666, -61.3923301697], [2741.70336914, 395.834838867, 1315.84460449, 1471.91845703, 951.700195312, 471.256713867, 78.9395217896, 275.524780273, 110.753746033, 162.378463745, -221.605194092, -233.22706604, -51.4489898682], [2110.75219727, 550.061157227, 845.187805176, 951.700195312, 907.036743164, 380.459106445, 160.736114502, 238.504089355, 84.9995803833, 139.112518311, -166.595840454, -152.319793701, -62.2287864685], [1136.24609375, -3.53549718857, 410.082672119, 471.256713867, 380.459106445, 415.154693604, 186.032714844, 164.999954224, 71.8885421753, 98.8800048828, -53.0199623108, -77.9153137207, -56.8641777039], [457.730224609, 199.27003479, 51.2333030701, 78.9395217896, 160.736114502, 186.032714844, 278.914245605, 142.533584595, 33.6784362793, 10.371295929, -5.94139432907, -12.7706756592, -61.9903717041], [706.610656738, 67.7502746582, 245.507476807, 275.524780273, 238.504089355, 164.999954224, 142.533584595, 222.48374939, 90.0350341797, 51.764591217, -46.6974411011, -40.1935577393, -36.9150009155], [243.549758911, 1.95236229897, 18.1337108612, 110.753746033, 84.9995803833, 71.8885421753, 33.6784362793, 90.0350341797, 156.322036743, 68.2575454712, -4.05697917938, -6.14765787125, -13.3237123489], [338.815673828, -64.021774292, 134.859786987, 162.378463745, 139.112518311, 98.8800048828, 10.371295929, 51.764591217, 68.2575454712, 120.548461914, 7.09923458099, -8.74598693848, -3.98380923271], [-504.417663574, -93.9757003784, -251.386123657, -221.605194092, -166.595840454, -53.0199623108, -5.94139432907, -46.6974411011, -4.05697917938, 7.09923458099, 122.042724609, 71.0674133301, 22.2145500183], [-430.906188965, -132.117462158, -216.022857666, -233.22706604, -152.319793701, -77.9153137207, -12.7706756592, -40.1935577393, -6.14765787125, -8.74598693848, 71.0674133301, 124.224395752, 37.4763793945], [-303.508453369, -42.9514694214, -61.3923301697, -51.4489898682, -62.2287864685, -56.8641777039, -61.9903717041, -36.9150009155, -13.3237123489, -3.98380923271, 22.2145500183, 37.4763793945, 100.345832825]],
        "icov": [[0.000711392960511, -0.000501250615343, -0.000228678734857, -0.000623287283815, 0.000108567110146, -0.000954323622864, 0.000565784808714, -0.000646854634397, 0.000345918844687, -0.000583454733714, 0.000991535489447, -0.00126033870038, 0.00138971814886], [-0.000501250615343, 0.0026997779496, -0.000774105952587, 0.00118713942356, -0.00306632230058, 0.0037485184148, -0.0037294072099, 0.00295870052651, -0.00259378715418, 0.00347417010926, -0.00310162617825, 0.00371201056987, -0.00212440663017], [-0.000228678734857, -0.000774105952587, 0.00317645305768, -0.00243169860914, 0.0015671455767, -0.00100181007292, 0.0015487751225, -0.00176176102832, 0.00314310519025, -0.00243976199999, 0.00271788053215, -0.0015536500141, 0.000685446080752], [-0.000623287283815, 0.00118713942356, -0.00243169860914, 0.00594613235444, -0.0037883662153, 0.000263091002125, 0.000253273930866, 0.00090697943233, -0.00305023579858, 0.00296776508912, -0.00292886910029, 0.00446272594854, -0.00283173448406], [0.000108567110146, -0.00306632230058, 0.0015671455767, -0.0037883662153, 0.00850349944085, -0.00398881779984, 0.00247480534017, -0.00357680791058, 0.00421372428536, -0.00678980397061, 0.00583152938634, -0.00443257577717, 0.00191272667143], [-0.000954323622864, 0.0037485184148, -0.00100181007292, 0.000263091002125, -0.00398881779984, 0.0120975160971, -0.00922727771103, 0.00452922051772, -0.00347549607977, 0.0015769348247, -0.0048583028838, 0.00629097176716, -0.00308514013886], [0.000565784808714, -0.0037294072099, 0.0015487751225, 0.000253273930866, 0.00247480534017, -0.00922727771103, 0.0149788390845, -0.00937314797193, 0.0047244830057, -0.00125211582053, 0.0022984596435, -0.00593627244234, 0.00558924395591], [-0.000646854634397, 0.00295870052651, -0.00176176102832, 0.00090697943233, -0.00357680791058, 0.00452922051772, -0.00937314797193, 0.015079876408, -0.0080882627517, 0.00377937336452, -0.00222386885434, 0.00399192655459, -0.00311973248608], [0.000345918844687, -0.00259378715418, 0.00314310519025, -0.00305023579858, 0.00421372428536, -0.00347549607977, 0.0047244830057, -0.0080882627517, 0.0151264546439, -0.00979857053608, 0.00498653622344, -0.00471040280536, 0.00315659679472], [-0.000583454733714, 0.00347417010926, -0.00243976199999, 0.00296776508912, -0.00678980397061, 0.0015769348247, -0.00125211582053, 0.00377937336452, -0.00979857053608, 0.0219339616597, -0.0103229992092, 0.00456765014678, -0.00279973191209], [0.000991535489447, -0.00310162617825, 0.00271788053215, -0.00292886910029, 0.00583152938634, -0.0048583028838, 0.0022984596435, -0.00222386885434, 0.00498653622344, -0.0103229992092, 0.0218676682562, -0.010833167471, 0.0027547259815], [-0.00126033870038, 0.00371201056987, -0.0015536500141, 0.00446272594854, -0.00443257577717, 0.00629097176716, -0.00593627244234, 0.00399192655459, -0.00471040280536, 0.00456765014678, -0.010833167471, 0.0212724078447, -0.00825865380466], [0.00138971814886, -0.00212440663017, 0.000685446080752, -0.00283173448406, 0.00191272667143, -0.00308514013886, 0.00558924395591, -0.00311973248608, 0.00315659679472, -0.00279973191209, 0.0027547259815, -0.00825865380466, 0.0167526304722]]
    },
    "melbands": {
        "dmean": [0.00170731102116, 0.00177392573096, 0.000972050183918, 0.000921270984691, 0.000347227352904, 0.000239756322117, 0.000114178634249, 0.000138924733619, 0.000163488817634, 0.000149692292325, 0.000114167218271, 7.04290578142e-05, 6.45438485662e-05, 4.91988539579e-05, 3.54791955033e-05, 3.06395231746e-05, 3.4551765566e-05, 2.93658868031e-05, 2.37905987888e-05, 2.12703307625e-05, 2.2704803996e-05, 2.06274889933e-05, 1.73516218638e-05, 1.3400989701e-05, 9.37883214647e-06, 8.89369130164e-06, 8.22924448585e-06, 5.61244269193e-06, 6.14910277363e-06, 7.20686875866e-06, 7.70475708123e-06, 9.86352370091e-06, 1.02851518022e-05, 9.08677338884e-06, 7.94664265413e-06, 5.60294347451e-06, 5.13880149811e-06, 5.35564277016e-06, 5.8653886299e-06, 3.91223693441e-06],
        "dmean2": [0.00278213643469, 0.00284576462582, 0.00171571329702, 0.00165973464027, 0.000561423483305, 0.000401600962505, 0.000190633480088, 0.000219212452066, 0.000269601354375, 0.000237817526795, 0.000175433859113, 0.000109203152533, 0.000100805686088, 7.91055790614e-05, 5.5979598983e-05, 4.8930887715e-05, 5.47839408682e-05, 4.82479372295e-05, 3.74036899302e-05, 3.447932977e-05, 3.40621518262e-05, 3.28982969222e-05, 2.8350714274e-05, 2.30789519264e-05, 1.599443749e-05, 1.46066149682e-05, 1.3743112504e-05, 9.01579733181e-06, 9.81020184554e-06, 1.16766414067e-05, 1.20580980365e-05, 1.51882250066e-05, 1.54159606609e-05, 1.33033026941e-05, 1.19699489005e-05, 8.64743742568e-06, 7.84148687671e-06, 7.8745506471e-06, 8.37877087179e-06, 5.81192125537e-06],
        "dvar": [8.69313134899e-06, 1.24857197079e-05, 4.2065589696e-06, 6.3273428168e-06, 6.48973298212e-07, 7.28858196908e-07, 1.17899254803e-07, 1.55962950998e-07, 1.460614385e-07, 1.44468401686e-07, 7.28628108959e-08, 2.86361920843e-08, 1.94293061639e-08, 1.18168657082e-08, 3.50956419481e-08, 6.17718542983e-09, 5.9279652298e-09, 4.4424686152e-09, 2.38983854928e-09, 2.83267653778e-09, 2.79919998292e-09, 1.42879452714e-09, 1.24917365341e-09, 6.49022779964e-10, 2.78395001496e-10, 1.92339644212e-10, 1.69685362983e-10, 5.56722931644e-11, 7.77615263847e-11, 1.13289350123e-10, 1.42017522742e-10, 2.87787543796e-10, 3.24427207321e-10, 2.40189867995e-10, 2.11615266976e-10, 1.34553299058e-10, 9.83348472094e-11, 1.34495900528e-10, 1.97680011249e-10, 7.9181057544e-11],
        "dvar2": [2.33059272432e-05, 2.96698344755e-05, 1.16198889373e-05, 1.76532666956e-05, 1.32219838633e-06, 2.03460717785e-06, 3.17437724107e-07, 3.66249253148e-07, 3.80399455935e-07, 3.73079643623e-07, 1.79242718445e-07, 6.1889906533e-08, 4.5900875989e-08, 2.75920566395e-08, 9.20253526715e-08, 1.53272790016e-08, 1.43215137527e-08, 1.23333121493e-08, 5.63281243871e-09, 6.84039891397e-09, 5.20660048409e-09, 3.52286821936e-09, 3.33888183768e-09, 1.82608839161e-09, 7.89700416171e-10, 4.91797769175e-10, 4.46879533378e-10, 1.40730205267e-10, 1.90128662814e-10, 2.80073603198e-10, 3.17335324684e-10, 6.0103511057e-10, 6.46560749384e-10, 4.92086149606e-10, 4.29240809563e-10, 2.94731100636e-10, 1.94301200129e-10, 2.40323844158e-10, 3.72980452079e-10, 1.53112036938e-10],
        "max": [0.0297175291926, 0.0337102785707, 0.0132442079484, 0.0194704588503, 0.0196316782385, 0.0193559527397, 0.0045189615339, 0.00511137209833, 0.00451298151165, 0.00457069138065, 0.00321554881521, 0.00262403069064, 0.00232614437118, 0.00147822976578, 0.00525880418718, 0.000968779379036, 0.00100942945573, 0.00113012990914, 0.000660142104607, 0.00113000790589, 0.00112634408288, 0.000458495749626, 0.000699102180079, 0.000354353105649, 0.000234801365878, 0.000161555770319, 0.000216391897993, 9.34443378355e-05, 0.000119419433759, 0.000122735917103, 0.000193156549358, 0.000308309739921, 0.000266215502052, 0.000242089721723, 0.000182623567525, 0.000158531911438, 0.000165899051353, 0.000154105626279, 0.000172895946889, 0.000115073751658],
        "mean": [0.00347459502518, 0.00368944508955, 0.00110620248597, 0.000775676395278, 0.000425684149377, 0.000286630587652, 0.000140508287586, 0.000175533408765, 0.00020501590916, 0.000191649596673, 0.000159033632372, 0.000114210335596, 0.000100130295323, 7.58376845624e-05, 4.67879799544e-05, 4.25599391747e-05, 5.10828904225e-05, 4.03425219702e-05, 3.4521730413e-05, 3.12636002491e-05, 3.79201337637e-05, 3.21532534144e-05, 2.91805481538e-05, 2.13185630855e-05, 1.54159861268e-05, 1.60382351169e-05, 1.56451624207e-05, 1.15346156235e-05, 1.27067351059e-05, 1.44805535456e-05, 1.51892982103e-05, 1.92212410184e-05, 2.13975999941e-05, 1.87506921066e-05, 1.57491722348e-05, 1.05679127955e-05, 1.01511786852e-05, 1.04610699054e-05, 1.0950797332e-05, 7.13798272045e-06],
        "median": [0.00248682871461, 0.00264303362928, 0.000616314588115, 0.000165853198268, 0.000154516630573, 0.000113375608635, 6.32111987215e-05, 5.72671742702e-05, 7.0872316428e-05, 5.89810406382e-05, 4.26883452747e-05, 3.01738618873e-05, 4.2468222091e-05, 2.101618702e-05, 1.13322066682e-05, 1.16269957289e-05, 1.83585925697e-05, 2.04004700208e-05, 1.57603208208e-05, 1.4195957192e-05, 1.83282663784e-05, 1.71509618667e-05, 1.82198873517e-05, 1.49400202645e-05, 1.13688056445e-05, 1.19605456348e-05, 1.210830942e-05, 8.59922056407e-06, 9.03514774109e-06, 1.054929362e-05, 1.02375652205e-05, 1.23545787574e-05, 1.23409809021e-05, 1.03813645183e-05, 7.4994818533e-06, 4.78817310068e-06, 4.61081481262e-06, 3.85516568713e-06, 3.79561879527e-06, 2.43804515776e-06],
        "min": [3.169789764e-09, 1.82073855992e-09, 1.2563041718e-09, 8.42408143242e-10, 1.09721387531e-08, 7.40694474644e-08, 2.41590178973e-08, 3.93582988423e-09, 6.99052593589e-09, 4.28296260679e-08, 1.90515159204e-09, 3.40911583407e-08, 1.28833601565e-08, 8.27785751056e-09, 1.82997812459e-08, 2.85471202233e-08, 3.37871135514e-08, 2.53191814181e-08, 4.35687077527e-08, 5.05810788809e-08, 5.06120407806e-08, 6.27775946782e-08, 4.98679888494e-08, 4.49082477871e-08, 3.8881243114e-08, 5.40682947303e-08, 7.6625255474e-08, 5.67110518546e-08, 2.32240449094e-08, 3.10849586072e-08, 3.33354677196e-08, 2.19739124674e-08, 8.75022010405e-09, 9.03920494011e-09, 1.48227590202e-08, 1.67907909798e-08, 1.33926780777e-08, 6.76818334711e-09, 6.56361009987e-09, 1.44013212466e-09],
