{
"highlevel": {
    "danceability": {
        "all": {
            "danceable": 0.980633974075,
            "not_danceable": 0.0193660259247
        },
        "probability": 0.980633974075,
        "value": "danceable"
    },
    "gender": {
        "all": {
            "female": 0.679644882679,
            "male": 0.320355087519
        },
        "probability": 0.679644882679,
        "value": "female"
    },
    "genre_dortmund": {
        "all": {
            "alternative": 0.132369562984,
            "blues": 0.167810082436,
            "electronic": 0.0530590489507,
            "folkcountry": 0.0410727001727,
            "funksoulrnb": 0.0604873038828,
            "jazz": 0.13182605803,
            "pop": 0.0376814641058,
            "raphiphop": 0.0507830195129,
            "rock": 0.324910759926
        },
        "probability": 0.324910759926,
        "value": "rock"
    },
    "genre_electronic": {
        "all": {
            "ambient": 0.184294566512,
            "dnb": 0.161221265793,
            "house": 0.520607054234,
            "techno": 0.0132301552221,
            "trance": 0.120646938682
        },
        "probability": 0.520607054234,
        "value": "house"
    },
    "genre_rosamerica": {
        "all": {
            "cla": 0.0154812252149,
            "dan": 0.0113646518439,
            "hip": 0.0475008189678,
            "jaz": 0.00796625204384,
            "pop": 0.253819286823,
            "rhy": 0.0962067693472,
            "roc": 0.559883415699,
            "spe": 0.00777755444869
        },
        "probability": 0.559883415699,
        "value": "roc"
    },
    "genre_tzanetakis": {
        "all": {
            "blu": 0.052893538028,
            "cla": 0.0292176473886,
            "cou": 0.0876550152898,
            "dis": 0.0657745450735,
            "hip": 0.263015568256,
            "jaz": 0.301898688078,
            "met": 0.0375748611987,
            "pop": 0.0525997504592,
            "reg": 0.0567697435617,
            "roc": 0.0526006445289
        },
        "probability": 0.301898688078,
        "value": "jaz"
    },
    "ismir04_rhythm": {
        "all": {
            "ChaChaCha": 0.0924505740404,
            "Jive": 0.0114080850035,
            "Quickstep": 0.0112543934956,
            "Rumba-American": 0.00299721257761,
            "Rumba-International": 0.0351983942091,
            "Rumba-Misc": 0.00617304304615,
            "Samba": 0.0228703692555,
            "Tango": 0.0141674885526,
            "VienneseWaltz": 0.794808983803,
            "Waltz": 0.00867147184908
        },
        "probability": 0.794808983803,
        "value": "VienneseWaltz"
    },
    "mood_acoustic": {
        "all": {
            "acoustic": 1.79856142495e-05,
            "not_acoustic": 0.999981999397
        },
        "probability": 0.999981999397,
        "value": "not_acoustic"
    },
    "mood_aggressive": {
        "all": {
            "aggressive": 0.311204433441,
            "not_aggressive": 0.688795566559
        },
        "probability": 0.688795566559,
        "value": "not_aggressive"
    },
    "mood_electronic": {
        "all": {
            "electronic": 0.281696468592,
            "not_electronic": 0.718303501606
        },
        "probability": 0.718303501606,
        "value": "not_electronic"
    },
    "mood_happy": {
        "all": {
            "happy": 0.8421869874,
            "not_happy": 0.157813027501
        },
        "probability": 0.8421869874,
        "value": "happy"
    },
    "mood_party": {
        "all": {
            "not_party": 0.944477021694,
            "party": 0.0555229969323
        },
        "probability": 0.944477021694,
        "value": "not_party"
    },
    "mood_relaxed": {
        "all": {
            "not_relaxed": 0.66887909174,
            "relaxed": 0.33112090826
        },
        "probability": 0.66887909174,
        "value": "not_relaxed"
    },
    "mood_sad": {
        "all": {
            "not_sad": 0.706367850304,
            "sad": 0.293632179499
        },
        "probability": 0.706367850304,
        "value": "not_sad"
    },
    "moods_mirex": {
        "all": {
            "Cluster1": 0.271114528179,
            "Cluster2": 0.212947815657,
            "Cluster3": 0.193578079343,
            "Cluster4": 0.0649687051773,
            "Cluster5": 0.257390856743
        },
        "probability": 0.271114528179,
        "value": "Cluster1"
    },
    "timbre": {
        "all": {
            "bright": 0.967929959297,
            "dark": 0.0320700295269
        },
        "probability": 0.967929959297,
        "value": "bright"
    },
    "tonal_atonal": {
        "all": {
            "atonal": 0.00983825605363,
            "tonal": 0.990161716938
        },
        "probability": 0.990161716938,
        "value": "tonal"
    },
    "voice_instrumental": {
        "all": {
            "instrumental": 0.206774607301,
            "voice": 0.7932254076
        },
        "probability": 0.7932254076,
        "value": "voice"
    }
},
"lowlevel": {
    "average_loudness": 0.97549957037,
    "barkbands_crest": {
        "dmean": 3.01779794693,
        "dmean2": 4.74637508392,
        "dvar": 9.71903800964,
        "dvar2": 21.2162513733,
        "max": 25.8364524841,
        "mean": 12.1714372635,
        "median": 10.7897043228,
        "min": 3.49788570404,
        "var": 27.8703117371
    },
    "barkbands_flatness_db": {
        "dmean": 0.0244588293135,
        "dmean2": 0.0371662713587,
        "dvar": 0.000519110064488,
        "dvar2": 0.00111401639879,
        "max": 0.421885401011,
        "mean": 0.219675317407,
        "median": 0.221648827195,
        "min": 0.0801137238741,
        "var": 0.00342690735124
    },
    "barkbands_kurtosis": {
        "dmean": 4.09145784378,
        "dmean2": 6.49823045731,
        "dvar": 68.3321456909,
        "dvar2": 155.049377441,
        "max": 121.084220886,
        "mean": 5.14915895462,
        "median": 1.72562074661,
        "min": -1.8308494091,
        "var": 108.806373596
    },
    "barkbands_skewness": {
        "dmean": 0.659720242023,
        "dmean2": 0.98681896925,
        "dvar": 0.591444909573,
        "dvar2": 1.23191285133,
        "max": 9.16742134094,
        "mean": 1.768050313,
        "median": 1.48583853245,
        "min": -1.00532650948,
        "var": 1.63069081306
    },
    "barkbands_spread": {
        "dmean": 4.56028604507,
        "dmean2": 6.97969341278,
        "dvar": 23.0521030426,
        "dvar2": 49.4413719177,
        "max": 50.1045570374,
        "mean": 17.2066383362,
        "median": 16.2758045197,
        "min": 0.993354082108,
        "var": 82.3803634644
    },
    "dissonance": {
        "dmean": 0.0202268827707,
        "dmean2": 0.0342477597296,
        "dvar": 0.000404334394261,
        "dvar2": 0.00115579087287,
        "max": 0.499607175589,
        "mean": 0.460526406765,
        "median": 0.467003703117,
        "min": 0.289695680141,
        "var": 0.000756312743761
    },
    "dynamic_complexity": 1.40292930603,
    "erbbands_crest": {
        "dmean": 2.72757053375,
        "dmean2": 4.37180042267,
        "dvar": 6.99664020538,
        "dvar2": 16.409992218,
        "max": 32.6052589417,
        "mean": 10.8497009277,
        "median": 9.39765644073,
        "min": 2.94079017639,
        "var": 30.7936058044
    },
    "erbbands_flatness_db": {
        "dmean": 0.019742378965,
        "dmean2": 0.0273255165666,
        "dvar": 0.000375664269086,
        "dvar2": 0.000646452826913,
        "max": 0.454178363085,
        "mean": 0.23074708879,
        "median": 0.219590172172,
        "min": 0.0844543874264,
        "var": 0.00498094363138
    },
    "erbbands_kurtosis": {
        "dmean": 0.856594324112,
        "dmean2": 1.33946335316,
        "dvar": 3.10689949989,
        "dvar2": 6.33623981476,
        "max": 30.1798400879,
        "mean": 0.105017997324,
        "median": -0.677020549774,
        "min": -1.82450032234,
        "var": 8.73938465118
    },
    "erbbands_skewness": {
        "dmean": 0.409908652306,
        "dmean2": 0.621936559677,
        "dvar": 0.14334616065,
        "dvar2": 0.323952823877,
        "max": 4.99717998505,
        "mean": 0.134217992425,
        "median": 0.0668054446578,
        "min": -2.88863444328,
        "var": 0.840357124805
    },
    "erbbands_spread": {
        "dmean": 6.22998905182,
        "dmean2": 9.4109954834,
        "dvar": 44.6479454041,
        "dvar2": 111.774414062,
        "max": 96.2351303101,
        "mean": 33.405456543,
        "median": 32.4576683044,
        "min": 2.98760080338,
        "var": 163.500488281
    },
    "hfc": {
        "dmean": 6.05861186981,
        "dmean2": 8.36305713654,
        "dvar": 51.8241882324,
        "dvar2": 90.1180725098,
        "max": 93.7796401978,
        "mean": 22.5528621674,
        "median": 20.2100524902,
        "min": 0.734288692474,
        "var": 171.49307251
    },
    "melbands_crest": {
        "dmean": 3.51118206978,
        "dmean2": 5.20376253128,
        "dvar": 12.0129861832,
        "dvar2": 25.7308559418,
        "max": 32.3031349182,
        "mean": 16.3692817688,
        "median": 14.9693260193,
        "min": 4.83665323257,
        "var": 38.0516891479
    },
    "melbands_flatness_db": {
        "dmean": 0.0281509421766,
        "dmean2": 0.0406623519957,
        "dvar": 0.000731504987925,
        "dvar2": 0.00141168117989,
        "max": 0.466454803944,
        "mean": 0.27660176158,
        "median": 0.283669441938,
        "min": 0.0898483321071,
        "var": 0.0044712391682
    },
    "melbands_kurtosis": {
        "dmean": 8.90279483795,
        "dmean2": 14.1520805359,
        "dvar": 264.125366211,
        "dvar2": 634.300964355,
        "max": 193.095352173,
        "mean": 14.5281667709,
        "median": 7.63287353516,
        "min": -1.64531123638,
        "var": 403.544891357
    },
    "melbands_skewness": {
        "dmean": 0.841359913349,
        "dmean2": 1.2746001482,
        "dvar": 1.00760400295,
        "dvar2": 2.19824910164,
        "max": 10.9894800186,
        "mean": 2.83627080917,
        "median": 2.43785953522,
        "min": -0.896040260792,
        "var": 2.72952628136
    },
    "melbands_spread": {
        "dmean": 5.88980197906,
        "dmean2": 9.00389385223,
        "dvar": 42.8249740601,
        "dvar2": 94.9582977295,
        "max": 79.7827453613,
        "mean": 18.1785583496,
        "median": 16.4980297089,
        "min": 0.835718810558,
        "var": 135.527786255
    },
    "pitch_salience": {
        "dmean": 0.07336037606,
        "dmean2": 0.115251764655,
        "dvar": 0.00486625730991,
        "dvar2": 0.0111028142273,
        "max": 0.792659282684,
        "mean": 0.465433984995,
        "median": 0.483632713556,
        "min": 0.117370434105,
        "var": 0.0151104610413
    },
    "silence_rate_20dB": {
        "dmean": 0,
        "dmean2": 0,
        "dvar": 0,
        "dvar2": 0,
        "max": 1,
        "mean": 1,
        "median": 1,
        "min": 1,
        "var": 0
    },
    "silence_rate_30dB": {
        "dmean": 0.0990712046623,
        "dmean2": 0.197521299124,
        "dvar": 0.089254617691,
        "dvar2": 0.178646713495,
        "max": 1,
        "mean": 0.889404475689,
        "median": 1,
        "min": 0,
        "var": 0.0983631014824
    },
    "silence_rate_60dB": {
        "dmean": 0.00154798757285,
        "dmean2": 0.00309837330133,
        "dvar": 0.00154558219947,
        "dvar2": 0.00308872573078,
        "max": 1,
        "mean": 0.00232018553652,
        "median": 0,
        "min": 0,
        "var": 0.00231487839483
    },
    "spectral_centroid": {
        "dmean": 232.614303589,
        "dmean2": 356.988677979,
        "dvar": 54534.859375,
        "dvar2": 122914.242188,
        "max": 2907.22680664,
        "mean": 1289.00622559,
        "median": 1261.48681641,
        "min": 267.595184326,
        "var": 216180.375
    },
    "spectral_complexity": {
        "dmean": 3.38622283936,
        "dmean2": 4.95972108841,
        "dvar": 11.4771232605,
        "dvar2": 21.5228271484,
        "max": 48,
        "mean": 19.6589336395,
        "median": 19,
        "min": 4,
        "var": 49.0183563232
    },
    "spectral_decrease": {
        "dmean": 4.94125762529e-09,
        "dmean2": 7.51268025567e-09,
        "dvar": 5.35328230649e-17,
        "dvar2": 1.12157101619e-16,
        "max": -2.11585374221e-10,
        "mean": -1.28027357604e-08,
        "median": -9.36564248377e-09,
        "min": -5.82388075543e-08,
        "var": 1.03834638952e-16
    },
    "spectral_energy": {
        "dmean": 0.0189927387983,
        "dmean2": 0.0288036037236,
        "dvar": 0.000773498555645,
        "dvar2": 0.00161821965594,
        "max": 0.221851676702,
        "mean": 0.0503660589457,
        "median": 0.0373065806925,
        "min": 0.000865173060447,
        "var": 0.00151354831178
    },
    "spectral_energyband_high": {
        "dmean": 0.000172354979441,
        "dmean2": 0.000242935377173,
        "dvar": 1.63506356898e-07,
        "dvar2": 3.01637300026e-07,
        "max": 0.00514405174181,
        "mean": 0.00029622882721,
        "median": 7.08880543243e-05,
        "min": 2.93652487926e-06,
        "var": 3.78609399831e-07
    },
    "spectral_energyband_low": {
        "dmean": 0.0154049163684,
        "dmean2": 0.0229841507971,
        "dvar": 0.000690360728186,
        "dvar2": 0.001380732283,
        "max": 0.205748647451,
        "mean": 0.0297226998955,
        "median": 0.017982378602,
        "min": 3.21646280099e-06,
        "var": 0.00139374192804
    },
    "spectral_energyband_middle_high": {
        "dmean": 0.00232666032389,
        "dmean2": 0.00333694554865,
        "dvar": 1.31183387566e-05,
        "dvar2": 2.35717307078e-05,
        "max": 0.0580157898366,
        "mean": 0.00663456181064,
        "median": 0.00467610638589,
        "min": 0.000147611935972,
        "var": 4.85549098812e-05
    },
    "spectral_energyband_middle_low": {
        "dmean": 0.00634680502117,
        "dmean2": 0.010687250644,
        "dvar": 0.000169278646354,
        "dvar2": 0.000452067295555,
        "max": 0.135605528951,
        "mean": 0.0153427598998,
        "median": 0.0125449579209,
        "min": 0.000425914098741,
        "var": 0.000155455127242
    },
    "spectral_entropy": {
        "dmean": 0.15792620182,
        "dmean2": 0.226457566023,
        "dvar": 0.0211130194366,
        "dvar2": 0.0411696210504,
        "max": 8.13237667084,
        "mean": 7.10262727737,
        "median": 7.07286405563,
        "min": 5.69209480286,
        "var": 0.147846892476
    },
    "spectral_flux": {
        "dmean": 0.0433646552265,
        "dmean2": 0.0696782246232,
        "dvar": 0.00282759475522,
        "dvar2": 0.00610872823745,
        "max": 0.386385083199,
        "mean": 0.104026861489,
        "median": 0.0811501666903,
        "min": 0.0209403969347,
        "var": 0.00473339436576
    },
    "spectral_kurtosis": {
        "dmean": 4.15004825592,
        "dmean2": 7.31293725967,
        "dvar": 18.4411067963,
        "dvar2": 56.569393158,
        "max": 32.5472297668,
        "mean": 7.04765892029,
        "median": 5.67830944061,
        "min": 0.216747045517,
        "var": 24.0414333344
    },
    "spectral_rms": {
        "dmean": 0.00119288195856,
        "dmean2": 0.00176912383176,
        "dvar": 2.27447435464e-06,
        "dvar2": 4.47131196779e-06,
        "max": 0.0147119220346,
        "mean": 0.00656720856205,
        "median": 0.00603296468034,
        "min": 0.000918733538128,
        "var": 6.00945941187e-06
    },
    "spectral_rolloff": {
        "dmean": 377.497131348,
        "dmean2": 642.026489258,
        "dvar": 265893.875,
        "dvar2": 542647.6875,
        "max": 3919.04296875,
        "mean": 1068.52990723,
        "median": 753.662109375,
        "min": 64.599609375,
        "var": 673639.75
    },
    "spectral_skewness": {
        "dmean": 0.393172323704,
        "dmean2": 0.67104947567,
        "dvar": 0.137824639678,
        "dvar2": 0.414341449738,
        "max": 3.67835855484,
        "mean": 1.50065386295,
        "median": 1.45198881626,
        "min": 0.429425358772,
        "var": 0.231968447566
    },
    "spectral_spread": {
        "dmean": 388467.4375,
        "dmean2": 558547.75,
        "dvar": 347836416000,
        "dvar2": 554567794688,
        "max": 17170854,
        "mean": 2783530,
        "median": 2480475.25,
        "min": 1512958,
        "var": 1.06668857754e+12
    },
    "spectral_strongpeak": {
        "dmean": 0.547021090984,
        "dmean2": 0.922595143318,
        "dvar": 0.765852212906,
        "dvar2": 1.79620707035,
        "max": 8.95221805573,
        "mean": 1.06433439255,
        "median": 0.580911397934,
        "min": 0,
        "var": 1.5677293539
    },
    "zerocrossingrate": {
        "dmean": 0.00700487056747,
        "dmean2": 0.00810108147562,
        "dvar": 4.40367512056e-05,
        "dvar2": 5.66214584978e-05,
        "max": 0.11376953125,
        "mean": 0.0405798330903,
        "median": 0.0390625,
        "min": 0.00244140625,
        "var": 0.000301784224575
    },
    "barkbands": {
        "dmean": [0.000580860127229, 0.0130970291793, 0.00347790913656, 0.00349186197855, 0.00150799320545, 0.000920401071198, 0.000563697947655, 0.000820531451609, 0.00170921557583, 0.000748941616621, 0.000600432220381, 0.000216514425119, 0.00016115042672, 0.000327526708134, 0.000174097323907, 0.000544998503756, 0.000686567800585, 0.000251891469816, 0.000241664063651, 8.75007754075e-05, 4.99492525705e-05, 4.53558714071e-05, 2.36239011429e-05, 1.90581777133e-05, 8.22246511234e-06, 1.08236747565e-06, 2.51700504883e-09],
        "dmean2": [0.000855604419485, 0.0192649513483, 0.00628938386217, 0.00639391923323, 0.00259947916493, 0.00143577030394, 0.000880452222191, 0.00126945402008, 0.00253731245175, 0.00116215052549, 0.000906822737306, 0.000318942446029, 0.000255787366768, 0.00051066238666, 0.000266897346592, 0.000858316139784, 0.0011070772307, 0.000393487367546, 0.000385692139389, 0.00012377515668, 7.32049520593e-05, 6.39105928713e-05, 3.55689480784e-05, 2.70721320703e-05, 1.24277030409e-05, 1.70560747392e-06, 4.35991465153e-09],
        "dvar": [1.25152143937e-06, 0.000609816226643, 7.25252466509e-05, 0.0001127697833, 9.14274369279e-06, 1.44383773204e-06, 1.08456845282e-06, 2.56271255239e-06, 6.4107266553e-06, 3.25215432895e-06, 6.64774233883e-06, 1.15120769806e-06, 1.71871889165e-07, 4.55916506326e-07, 1.9747349711e-07, 5.97044333972e-07, 1.26865211314e-06, 1.95360726707e-07, 1.01931547647e-07, 7.64364074257e-08, 9.68773594678e-09, 1.74601364478e-08, 3.95387989016e-09, 2.17791029655e-09, 4.29767305077e-10, 1.36423754238e-11, 1.57475653933e-16],
        "dvar2": [2.46368676926e-06, 0.00124076986685, 0.000210945363506, 0.00031167420093, 2.5827128411e-05, 3.66357085113e-06, 2.29683723774e-06, 5.66380504097e-06, 1.23698737298e-05, 7.72043586039e-06, 1.47461141751e-05, 1.89420461538e-06, 3.94854112074e-07, 1.1014934671e-06, 4.38077535136e-07, 1.41990153679e-06, 2.87257944365e-06, 4.2908786213e-07, 2.63536207967e-07, 1.50568070012e-07, 1.96341645164e-08, 3.35753078673e-08, 8.07571698402e-09, 4.40248326683e-09, 9.38347066715e-10, 3.06341167711e-11, 1.76000555657e-16],
        "max": [0.016581594944, 0.194874465466, 0.0847509130836, 0.101580649614, 0.0314041264355, 0.0183449890465, 0.0217712614685, 0.0217637997121, 0.0462389811873, 0.0222769137472, 0.0444060377777, 0.0222557131201, 0.00896039232612, 0.0104246130213, 0.0109276901931, 0.0110659720376, 0.0194037016481, 0.00800891965628, 0.00336272572167, 0.00593132572249, 0.0010368952062, 0.00134179426823, 0.000541221932508, 0.000521782087162, 0.000340022845194, 8.3588725829e-05, 4.30128693552e-07],
        "mean": [0.000813812948763, 0.0220717061311, 0.00538170244545, 0.002915404737, 0.00250323535874, 0.00230971910059, 0.00109417340718, 0.00178059749305, 0.00442004203796, 0.00124057522044, 0.000880796345882, 0.000312943593599, 0.000279909552773, 0.000559717416763, 0.000300310959574, 0.000964245118666, 0.00122800236568, 0.00049050222151, 0.000446174235549, 0.000164900659001, 8.11779100331e-05, 5.89138944633e-05, 2.86641952698e-05, 2.53751786659e-05, 1.22402652778e-05, 1.24524308376e-06, 2.04295647066e-09],
        "median": [0.000340058031725, 0.00921852421016, 0.00369876087643, 0.00065714889206, 0.00168858782854, 0.0016945367679, 0.000433162495028, 0.000599193794187, 0.00243689119816, 0.000363956874935, 9.5243085525e-05, 7.61498595239e-05, 0.000102783815237, 0.000213901861571, 0.000128846688312, 0.000553697580472, 0.00076635874575, 0.000253816542681, 0.000285486486973, 2.33405753534e-05, 3.26870431309e-05, 6.96486085872e-06, 2.50058928941e-06, 2.77511412605e-06, 7.40794916965e-07, 5.50936611887e-08, 5.74317093882e-10],
        "min": [7.13289161069e-09, 6.16644911133e-07, 2.52751789276e-07, 6.93885681358e-07, 1.07624928205e-05, 1.93687519641e-05, 5.49178457732e-06, 9.51660422288e-06, 2.25930434681e-05, 5.29268345417e-06, 1.36804192152e-06, 8.67826997819e-07, 1.355900622e-06, 4.41752581537e-06, 2.78354173133e-06, 3.46049955624e-06, 3.49383776665e-06, 1.84985321994e-06, 2.22118205784e-06, 2.64064198063e-07, 6.55878920952e-07, 5.28699644065e-08, 7.40167838131e-09, 2.43965847524e-09, 6.35139718597e-10, 2.18632785487e-11, 2.4301213819e-11],
        "var": [1.78216316726e-06, 0.00109692651313, 5.96949466853e-05, 7.61354021961e-05, 8.95992070582e-06, 5.06355627294e-06, 2.92571803584e-06, 9.38431003306e-06, 3.71500718757e-05, 6.24791118753e-06, 1.13551677714e-05, 2.06032223105e-06, 5.52571691514e-07, 1.12683699172e-06, 3.70768418634e-07, 1.33005653424e-06, 2.41208772422e-06, 5.22802906744e-07, 2.36002193787e-07, 1.95449999296e-07, 1.92974258795e-08, 2.65075552619e-08, 5.84706416618e-09, 3.85602660913e-09, 1.03428310361e-09, 2.06892974974e-11, 1.56412667289e-16]
    },
    "erbbands": {
        "dmean": [0.502214372158, 2.79717898369, 4.07275438309, 8.0126543045, 9.02563285828, 3.69682836533, 5.51584291458, 8.09318351746, 7.63885641098, 11.4739952087, 19.7713565826, 42.0431480408, 28.3402729034, 19.229177475, 17.9006824493, 8.34609794617, 6.76000738144, 9.21971702576, 15.7003583908, 10.0842876434, 35.3078575134, 43.2165985107, 14.1658992767, 17.6434364319, 5.82719135284, 4.57902431488, 2.3270368576, 1.77964794636, 1.765214324, 1.13193190098, 0.609405636787, 0.467932462692, 0.280619323254, 0.130818292499, 0.0387348532677, 0.00771385151893, 0.00163539813366, 0.000162581840414, 1.09960355985e-05, 2.09336485568e-05],
        "dmean2": [0.694755852222, 4.43283176422, 7.28829336166, 14.6853485107, 15.9936971664, 6.12550163269, 8.60618591309, 12.4469089508, 11.7827367783, 18.0892772675, 30.1459312439, 63.5697250366, 43.0002861023, 29.1961174011, 26.9740028381, 11.8189296722, 10.357878685, 14.4579620361, 24.3789997101, 15.6667413712, 55.3751831055, 69.4136047363, 21.249048233, 28.326751709, 8.99921035767, 6.4901804924, 3.33778738976, 2.57694554329, 2.49858236313, 1.63071966171, 0.910189270973, 0.686694562435, 0.402347296476, 0.196154117584, 0.0586996227503, 0.012148517184, 0.00264426530339, 0.000272184668574, 1.6035632143e-05, 3.14383541991e-05],
        "dvar": [0.925898015499, 29.0038871765, 96.8100128174, 429.854980469, 664.936462402, 35.1336669922, 47.3516273499, 106.861549377, 236.703369141, 483.909637451, 911.226196289, 5788.23583984, 3081.93139648, 3614.81933594, 7888.87060547, 1340.38366699, 239.59197998, 599.733032227, 1162.46435547, 408.862457275, 2599.23632812, 5321.00244141, 487.539093018, 570.91784668, 114.61958313, 235.8984375, 22.9120922089, 16.0135288239, 27.3523578644, 9.97681236267, 2.62426733971, 1.45602560043, 0.470404267311, 0.104235455394, 0.0134840523824, 0.000712815788575, 4.62519019493e-05, 6.33966863006e-07, 2.76877881733e-10, 8.98198071475e-10],
        "dvar2": [1.71439635754, 70.3423233032, 280.061309814, 1190.82287598, 1862.73254395, 94.4301147461, 114.931365967, 268.999267578, 500.655731201, 1053.28344727, 1740.29296875, 10954.7421875, 7341.10546875, 8751.73925781, 18170.6152344, 2114.10083008, 502.640014648, 1446.22363281, 2562.70703125, 1012.56274414, 6279.72412109, 11786.0126953, 1006.45611572, 1391.85302734, 270.676849365, 475.30557251, 45.3665504456, 31.1595211029, 52.6119728088, 20.5984096527, 5.35979890823, 2.91401457787, 1.00558304787, 0.223237141967, 0.0338449813426, 0.00172626774292, 0.000114944268716, 1.67034124843e-06, 6.03889493966e-10, 1.86265602942e-09],
        "max": [7.08085632324, 38.6400909424, 87.1976623535, 177.61857605, 265.56539917, 56.8336906433, 83.5227508545, 154.015625, 380.139099121, 342.060150146, 415.065338135, 1422.38049316, 756.072631836, 1058.51074219, 1749.66430664, 840.58770752, 302.129669189, 496.684631348, 868.461608887, 383.05480957, 751.271972656, 1354.40588379, 348.710906982, 344.776763916, 208.389602661, 335.792449951, 78.8508071899, 39.0584220886, 53.9981079102, 31.6831092834, 14.6047925949, 12.3133840561, 8.87152385712, 5.23912382126, 2.04717922211, 0.595062732697, 0.134858369827, 0.0164507180452, 0.000286313937977, 0.00024083549215],
        "mean": [0.796672284603, 4.27721786499, 6.61834526062, 8.21288776398, 9.06180763245, 7.58653497696, 13.5630245209, 20.1314582825, 14.7578611374, 25.9570617676, 48.9071006775, 106.40877533, 57.9190711975, 33.8369941711, 27.3921527863, 13.4211196899, 12.367026329, 16.9697322845, 28.3993434906, 20.7385044098, 62.7274513245, 79.6744766235, 31.3509159088, 34.3404464722, 11.6287097931, 8.64012622833, 4.24960231781, 2.68987178802, 2.29631757736, 1.39188849926, 0.742230296135, 0.570315778255, 0.400480359793, 0.195978567004, 0.0542461499572, 0.00931238010526, 0.00192631792743, 0.000171816951479, 2.92465374514e-05, 5.76036836719e-05],
        "median": [0.216784372926, 2.00276708603, 4.80680465698, 4.07707548141, 2.93310022354, 5.29415893555, 9.34531974792, 14.5731048584, 8.01096248627, 8.63592338562, 27.3716831207, 46.9515800476, 33.0731925964, 9.6738243103, 3.71194195747, 3.37845635414, 5.12647628784, 6.9343419075, 12.4581451416, 12.4458694458, 36.455368042, 49.3210220337, 19.5203361511, 22.5179576874, 6.68260478973, 1.4010913372, 1.37517571449, 1.02698004246, 0.292658805847, 0.162077307701, 0.0631698518991, 0.0418249629438, 0.0530298128724, 0.0135859800503, 0.00301055377349, 0.00052381696878, 0.000113026369945, 1.03384072645e-05, 2.13505118154e-05, 4.33285895269e-05],
        "min": [8.89475450094e-06, 0.000183390453458, 0.000703999015968, 0.00297325314023, 0.0149535164237, 0.085068590939, 0.0966590642929, 0.150477170944, 0.492027908564, 0.243258282542, 0.323288649321, 0.709916949272, 0.183619886637, 0.343973308802, 0.162561371922, 0.104434795678, 0.102781996131, 0.170010820031, 0.448746979237, 0.266982883215, 0.216965511441, 0.215805232525, 0.166709706187, 0.0654906481504, 0.0728958919644, 0.0655432716012, 0.043786149472, 0.0298499949276, 0.0076504307799, 0.00118988670874, 0.000265518086962, 0.000105355393316, 5.09456331201e-05, 2.59218486462e-05, 1.11513481897e-05, 4.78364154333e-06, 1.76533797003e-06, 4.57413648292e-07, 1.12715122214e-06, 1.07178959752e-06],
        "var": [1.75233995914, 40.3335952759, 81.7771377563, 302.084228516, 485.613067627, 59.7526473999, 160.725112915, 388.157592773, 492.039733887, 1885.38208008, 3846.13256836, 33293.7382812, 5838.92578125, 6783.97216797, 11919.2080078, 2804.3671875, 824.801330566, 1454.53198242, 2606.23828125, 745.125976562, 5533.37304688, 10830.6816406, 1417.13171387, 1491.20776367, 229.163864136, 567.038085938, 75.190788269, 25.8294582367, 40.842628479, 14.5033273697, 3.8599524498, 2.27713942528, 0.940919935703, 0.25214523077, 0.0241190399975, 0.000930671521928, 6.08405644016e-05, 6.81958510995e-07, 6.23315010717e-10, 1.814396966e-09]
    },
    "gfcc": {
        "mean": [-26.5862369537, 154.611129761, -150.328292847, 41.000415802, -41.8956871033, -13.0694122314, -26.0198116302, 16.4985580444, 0.0508891195059, -13.3179950714, -9.20771598816, -10.2396125793, 5.18378543854],
        "cov": [[3107.18164062, -1104.39025879, 1196.6619873, 947.99420166, -63.9556465149, 1474.00036621, -176.105560303, 359.749176025, -402.109191895, 171.614425659, 70.3270874023, 2.50988411903, -214.436019897], [-1104.39025879, 1059.40661621, -355.138946533, -237.553726196, 356.372039795, -551.586608887, 243.332473755, -127.296958923, 323.567687988, -92.4150466919, 89.4287490845, -59.6450614929, 107.284202576], [1196.6619873, -355.138946533, 1362.76647949, 654.324035645, 93.5636749268, 1003.53887939, -151.036132812, 206.288574219, -177.034423828, 145.81010437, 122.761367798, 0.688867926598, -123.637298584], [947.99420166, -237.553726196, 654.324035645, 611.77734375, 80.1777267456, 590.136901855, -68.9186172485, 139.456069946, -12.4430065155, 51.5823936462, 110.067581177, -20.4481563568, -49.3392295837], [-63.9556465149, 356.372039795, 93.5636749268, 80.1777267456, 321.790405273, 38.6717758179, 123.675369263, 35.4569015503, 74.2547531128, 0.708342969418, 61.1514625549, 1.60080206394, 36.2055778503], [1474.00036621, -551.586608887, 1003.53887939, 590.136901855, 38.6717758179, 1133.49487305, -99.0468978882, 174.981063843, -263.413085938, 115.382461548, 125.068199158, 1.01658916473, -103.444900513], [-176.105560303, 243.332473755, -151.036132812, -68.9186172485, 123.675369263, -99.0468978882, 223.567596436, 20.3748703003, 74.9482727051, -21.0175457001, 16.2393932343, -2.26343011856, 68.2850418091], [359.749176025, -127.296958923, 206.288574219, 139.456069946, 35.4569015503, 174.981063843, 20.3748703003, 220.027435303, 45.2349510193, 35.0509414673, 12.9633760452, 15.1455097198, 1.82801902294], [-402.109191895, 323.567687988, -177.034423828, -12.4430065155, 74.2547531128, -263.413085938, 74.9482727051, 45.2349510193, 338.587524414, -27.9828109741, 34.5087928772, -23.0415267944, 55.1174850464], [171.614425659, -92.4150466919, 145.81010437, 51.5823936462, 0.708342969418, 115.382461548, -21.0175457001, 35.0509414673, -27.9828109741, 101.063407898, 26.495803833, 0.960475027561, -19.9191093445], [70.3270874023, 89.4287490845, 122.761367798, 110.067581177, 61.1514625549, 125.068199158, 16.2393932343, 12.9633760452, 34.5087928772, 26.495803833, 131.762710571, 0.0226346068084, 7.93446302414], [2.50988411903, -59.6450614929, 0.688867926598, -20.4481563568, 1.60080206394, 1.01658916473, -2.26343011856, 15.1455097198, -23.0415267944, 0.960475027561, 0.0226346068084, 88.2703552246, 28.37474823], [-214.436019897, 107.284202576, -123.637298584, -49.3392295837, 36.2055778503, -103.444900513, 68.2850418091, 1.82801902294, 55.1174850464, -19.9191093445, 7.93446302414, 28.37474823, 118.565193176]],
        "icov": [[0.00161955191288, -0.000200391514227, 0.00105297728442, -0.00195355946198, 0.000553948862944, -0.0016333470121, -0.0002415979543, -0.00137249461841, 0.000963818340097, -0.000940133992117, 0.0012319664238, -0.000597917940468, 0.00141626037657], [-0.000200391514227, 0.00894868187606, -0.00344036472961, 0.00388225540519, -0.00766206020489, 0.00415705796331, -0.00267186830752, 0.0044488478452, -0.00388183351606, 0.00502374675125, -0.0064217816107, 0.0055734384805, -0.00125034619123], [0.00105297728442, -0.00344036472961, 0.00476258713752, -0.00362914032303, 0.00233404897153, -0.00421664398164, 0.00191731506493, -0.00290501490235, 0.00190026324708, -0.00372331077233, 0.00347048742697, -0.00276780407876, 0.00194369477686], [-0.00195355946198, 0.00388225540519, -0.00362914032303, 0.00870628189296, -0.00426263641566, 0.00177375623025, 0.000364224775694, 0.00276562292129, -0.00416491273791, 0.00444095721468, -0.00515604950488, 0.00399803929031, -0.00254017999396], [0.000553948862944, -0.00766206020489, 0.00233404897153, -0.00426263641566, 0.0114675182849, -0.0033585135825, -0.000722614058759, -0.00383855495602, 0.00318752950989, -0.00418252404779, 0.0045449542813, -0.00530801573768, 0.00142004049849], [-0.0016333470121, 0.00415705796331, -0.00421664398164, 0.00177375623025, -0.0033585135825, 0.00765237025917, -0.00186911318451, 0.00214191176929, 9.00460436242e-05, 0.00309749715962, -0.00574059272185, 0.00335201574489, -0.00156849587802], [-0.0002415979543, -0.00267186830752, 0.00191731506493, 0.000364224775694, -0.000722614058759, -0.00186911318451, 0.00889416318387, -0.00243989448063, 0.000613063864876, -0.000892578915227, 0.00129858613946, 5.31377772859e-05, -0.00289783836342], [-0.00137249461841, 0.0044488478452, -0.00290501490235, 0.00276562292129, -0.00383855495602, 0.00214191176929, -0.00243989448063, 0.0103111257777, -0.00497845560312, 0.00140394445043, -0.00173164892476, 0.00115695409477, -0.00170990172774], [0.000963818340097, -0.00388183351606, 0.00190026324708, -0.00416491273791, 0.00318752950989, 9.00460436242e-05, 0.000613063864876, -0.00497845560312, 0.00818931963295, -0.00197540037334, 0.000911926908884, -0.000761345552746, 0.000315245124511], [-0.000940133992117, 0.00502374675125, -0.00372331077233, 0.00444095721468, -0.00418252404779, 0.00309749715962, -0.000892578915227, 0.00140394445043, -0.00197540037334, 0.0161024499685, -0.0068592694588, 0.00376824499108, -0.000627776025794], [0.0012319664238, -0.0064217816107, 0.00347048742697, -0.00515604950488, 0.0045449542813, -0.00574059272185, 0.00129858613946, -0.00173164892476, 0.000911926908884, -0.0068592694588, 0.0167976766825, -0.00528131425381, 0.000958168122452], [-0.000597917940468, 0.0055734384805, -0.00276780407876, 0.00399803929031, -0.00530801573768, 0.00335201574489, 5.31377772859e-05, 0.00115695409477, -0.000761345552746, 0.00376824499108, -0.00528131425381, 0.0175143778324, -0.00570111256093], [0.00141626037657, -0.00125034619123, 0.00194369477686, -0.00254017999396, 0.00142004049849, -0.00156849587802, -0.00289783836342, -0.00170990172774, 0.000315245124511, -0.000627776025794, 0.000958168122452, -0.00570111256093, 0.0140382312238]]
    },
    "melbands": {
        "dmean": [0.00398260448128, 0.00253315805458, 0.00146588007919, 0.000407717074268, 0.00018040627765, 0.000179976690561, 0.000108589643787, 0.000147807586472, 0.000189133410458, 0.000252850324614, 0.000145672180224, 8.23416412459e-05, 7.77177119744e-05, 2.1387826564e-05, 2.39474957198e-05, 1.44498690133e-05, 1.88106478163e-05, 3.20549479511e-05, 1.3221532754e-05, 1.57087361004e-05, 4.88870828121e-05, 4.71149614896e-05, 2.35076913668e-05, 1.29379459395e-05, 1.60000672622e-05, 6.14016562395e-06, 3.06625656776e-06, 3.18498223351e-06, 1.55317809458e-06, 1.28897272589e-06, 9.88342549135e-07, 1.03860793388e-06, 8.88951888101e-07, 5.48646880816e-07, 3.42816605325e-07, 3.32690746063e-07, 2.82619282643e-07, 2.13741486732e-07, 1.55232996235e-07, 9.81242749276e-08],
        "dmean2": [0.00565591221675, 0.00429845228791, 0.00268102693371, 0.000708375475369, 0.000282502733171, 0.000278006016742, 0.000167602163856, 0.000232808015426, 0.000289855874144, 0.000377882126486, 0.000221522248466, 0.000125636710436, 0.000119621596241, 3.15651923302e-05, 3.8819060137e-05, 2.29085781029e-05, 2.91739652312e-05, 5.01497088408e-05, 2.02212904696e-05, 2.55459308391e-05, 7.68179234001e-05, 7.6307085692e-05, 3.71032838302e-05, 2.07083412533e-05, 2.6067114959e-05, 1.00354254755e-05, 4.46104104412e-06, 4.5027845772e-06, 2.25676672017e-06, 1.97812255465e-06, 1.43192403357e-06, 1.52163045186e-06, 1.28210172079e-06, 8.15725059056e-07, 5.21177355495e-07, 4.86651231313e-07, 4.20775592147e-07, 3.15358590797e-07, 2.28953382475e-07, 1.48606204675e-07],
        "dvar": [5.60221997148e-05, 2.6538149541e-05, 1.5485977201e-05, 9.59813291956e-07, 4.87977764863e-08, 5.33978017359e-08, 4.20858015104e-08, 7.42530374964e-08, 6.14436572732e-08, 1.84092286304e-07, 8.39609910486e-08, 5.72403742183e-08, 1.34188312018e-07, 1.67611489132e-08, 6.47064490877e-09, 2.07302131017e-09, 2.29416263764e-09, 4.94922636207e-09, 7.24826476617e-10, 9.11461017772e-10, 5.31577937224e-09, 6.88890366973e-09, 1.14867781953e-09, 5.50573586722e-10, 4.71271133229e-10, 9.46671074864e-11, 8.87237228131e-11, 1.0676693557e-10, 1.1896665944e-11, 5.58037036719e-12, 5.91120945595e-12, 1.02547068059e-11, 6.72924996975e-12, 2.33580082359e-12, 8.415958902e-13, 7.86104850919e-13, 5.29657860539e-13, 2.86848669817e-13, 1.37453104996e-13, 6.40944884515e-14],
        "dvar2": [0.000106683000922, 7.24260826246e-05, 4.28598614235e-05, 2.67129667009e-06, 1.19322194791e-07, 1.34872792046e-07, 9.01665657693e-08, 1.70552283407e-07, 1.204524267e-07, 3.53304585587e-07, 1.99648823695e-07, 1.39273609534e-07, 3.02824275877e-07, 2.93318738187e-08, 1.22542402892e-08, 4.7989283658e-09, 5.62284485639e-09, 1.10240625517e-08, 1.54245738404e-09, 2.13178963371e-09, 1.29485515643e-08, 1.55157806603e-08, 2.60053956147e-09, 1.21241838791e-09, 1.18990395315e-09, 2.44682746287e-10, 1.92051416437e-10, 2.13065981525e-10, 2.40860421885e-11, 1.21091990601e-11, 1.1701998745e-11, 2.03861927339e-11, 1.37730478064e-11, 5.1000002832e-12, 1.8125881655e-12, 1.59944236675e-12, 1.08325436295e-12, 6.30460202274e-13, 2.81114432947e-13, 1.42968888681e-13],
        "max": [0.0582170113921, 0.0430108681321, 0.036650788039, 0.0100588770583, 0.00287950155325, 0.00341464043595, 0.00506004272029, 0.00333911995403, 0.00285613327287, 0.00798408221453, 0.0038839597255, 0.00395165709779, 0.00682189594954, 0.00322361150756, 0.00238047447056, 0.0010060777422, 0.000939273100812, 0.0016591490712, 0.00059585319832, 0.000449038780062, 0.0010754634859, 0.00160084210802, 0.000432011089288, 0.0003933297412, 0.000270397635177, 0.000115480441309, 0.000206123935641, 0.000216311862459, 6.58676290186e-05, 2.3993628929e-05, 2.51985311479e-05, 3.30659495376e-05, 2.69850152108e-05, 1.46790771396e-05, 7.68067275203e-06, 8.99449241842e-06, 7.47938247514e-06, 6.60056775814e-06, 7.6567148426e-06, 3.91422008761e-06],
        "mean": [0.00653798785061, 0.00425009150058, 0.00151886825915, 0.000572657620069, 0.000462968542706, 0.00045588836656, 0.000211118356674, 0.000330172682879, 0.000463308708277, 0.00063790747663, 0.000274613848887, 0.000140452932101, 0.000114616668725, 3.37197889166e-05, 3.61206075468e-05, 2.57372157648e-05, 3.26885783579e-05, 5.45707662241e-05, 2.39068249357e-05, 3.01322543237e-05, 8.07048782008e-05, 8.08543700259e-05, 4.38346942246e-05, 2.48986107181e-05, 2.95555255434e-05, 1.12757079478e-05, 5.27636893821e-06, 5.74439491174e-06, 2.73958721664e-06, 1.97578560801e-06, 1.38468476507e-06, 1.32001980546e-06, 1.09245172553e-06, 6.47530271181e-07, 4.02404225497e-07, 3.96425008375e-07, 3.33172295086e-07, 2.88932739068e-07, 2.38019651988e-07, 1.40221516176e-07],
        "median": [0.00227699475363, 0.00311751500703, 0.000760914932471, 0.000304043118376, 0.000333686301019, 0.000338094570907, 0.000110568777018, 0.000100913348433, 0.000260004890151, 0.00030199190951, 0.000131425011205, 3.54345902451e-05, 1.32332443172e-05, 5.60624857826e-06, 1.34230358526e-05, 7.87004864833e-06, 1.32465365823e-05, 2.07069078897e-05, 1.10872097139e-05, 1.62075302796e-05, 4.39340037701e-05, 4.70588129247e-05, 2.70697346423e-05, 1.26264367282e-05, 1.88145368156e-05, 6.36410368315e-06, 1.08639324026e-06, 7.27723545424e-07, 7.03613579844e-07, 9.04896978682e-07, 3.9293303189e-07, 1.49231169644e-07, 1.20697379202e-07, 6.89231853812e-08, 3.43322064111e-08, 2.59649919343e-08, 2.43273206024e-08, 4.12993337306e-08, 2.32147012724e-08, 8.30002200303e-09],
        "min": [1.32612370862e-07, 3.62732606618e-07, 3.59710668363e-07, 8.21524395178e-07, 3.81828567697e-06, 3.14396788781e-06, 2.76877699434e-06, 1.27334737954e-06, 1.71838109964e-06, 3.48248067894e-06, 7.41713733987e-07, 9.3470197271e-07, 4.79213838389e-07, 1.01817235532e-07, 1.21046937807e-07, 1.20991771269e-07, 2.07701802424e-07, 2.68043606866e-07, 2.33815995898e-07, 1.58573129738e-07, 2.12280838241e-07, 1.51843437379e-07, 2.5499343792e-07, 1.08232050877e-07, 3.58918441634e-08, 3.86454708234e-08, 1.32612312242e-08, 6.3821810059e-09, 1.16986100807e-08, 1.2700947849e-08, 7.83798892456e-09, 1.33781852263e-09, 6.6957445144e-10, 1.6631968025e-10, 1.0338072759e-10, 5.22514219392e-11, 3.74131420289e-11, 1.72513444502e-11, 1.16418428717e-11, 5.13452952031e-12],
