{
"highlevel": {
    "danceability": {
        "all": {
            "danceable": 0.999993741512,
            "not_danceable": 6.28347061138e-06
        },
        "probability": 0.999993741512,
        "value": "danceable"
    },
    "gender": {
        "all": {
            "female": 0.814310252666,
            "male": 0.185689747334
        },
        "probability": 0.814310252666,
        "value": "female"
    },
    "genre_dortmund": {
        "all": {
            "alternative": 0.0123150898144,
            "blues": 0.00591347320005,
            "electronic": 0.147495672107,
            "folkcountry": 0.00642276974395,
            "funksoulrnb": 0.0423586890101,
            "jazz": 0.0210069641471,
            "pop": 0.0137331997976,
            "raphiphop": 0.725809395313,
            "rock": 0.0249447654933
        },
        "probability": 0.725809395313,
        "value": "raphiphop"
    },
    "genre_electronic": {
        "all": {
            "ambient": 0.191176205873,
            "dnb": 0.0824038162827,
            "house": 0.116236016154,
            "techno": 0.0217237081379,
            "trance": 0.58846026659
        },
        "probability": 0.58846026659,
        "value": "trance"
    },
    "genre_rosamerica": {
        "all": {
            "cla": 0.000974116846919,
            "dan": 0.840625286102,
            "hip": 0.135400488973,
            "jaz": 0.000552756595425,
            "pop": 0.0158221311867,
            "rhy": 0.00309271854348,
            "roc": 0.00332501740195,
            "spe": 0.000207507473533
        },
        "probability": 0.840625286102,
        "value": "dan"
    },
    "genre_tzanetakis": {
        "all": {
            "blu": 0.0626613423228,
            "cla": 0.0348169617355,
            "cou": 0.104475811124,
            "dis": 0.0784321576357,
            "hip": 0.15692435205,
            "jaz": 0.313974827528,
            "met": 0.0448166541755,
            "pop": 0.0627359300852,
            "reg": 0.0627360641956,
            "roc": 0.0784258767962
        },
        "probability": 0.313974827528,
        "value": "jaz"
    },
    "ismir04_rhythm": {
        "all": {
            "ChaChaCha": 0.494912624359,
            "Jive": 0.0832682549953,
            "Quickstep": 0.0150816282257,
            "Rumba-American": 0.0198716260493,
            "Rumba-International": 0.0203912202269,
            "Rumba-Misc": 0.00896620936692,
            "Samba": 0.257463932037,
            "Tango": 0.0184723883867,
            "VienneseWaltz": 0.0732919350266,
            "Waltz": 0.00828015618026
        },
        "probability": 0.494912624359,
        "value": "ChaChaCha"
    },
    "mood_acoustic": {
        "all": {
            "acoustic": 1.28193732962e-05,
            "not_acoustic": 0.999987185001
        },
        "probability": 0.999987185001,
        "value": "not_acoustic"
    },
    "mood_aggressive": {
        "all": {
            "aggressive": 0.801328897476,
            "not_aggressive": 0.198671072721
        },
        "probability": 0.801328897476,
        "value": "aggressive"
    },
    "mood_electronic": {
        "all": {
            "electronic": 0.947252750397,
            "not_electronic": 0.052747245878
        },
        "probability": 0.947252750397,
        "value": "electronic"
    },
    "mood_happy": {
        "all": {
            "happy": 0.748454093933,
            "not_happy": 0.251545906067
        },
        "probability": 0.748454093933,
        "value": "happy"
    },
    "mood_party": {
        "all": {
            "not_party": 0.124308876693,
            "party": 0.875691115856
        },
        "probability": 0.875691115856,
        "value": "party"
    },
    "mood_relaxed": {
        "all": {
            "not_relaxed": 0.408822357655,
            "relaxed": 0.591177642345
        },
        "probability": 0.591177642345,
        "value": "relaxed"
    },
    "mood_sad": {
        "all": {
            "not_sad": 0.94721198082,
            "sad": 0.052788041532
        },
        "probability": 0.94721198082,
        "value": "not_sad"
    },
    "moods_mirex": {
        "all": {
            "Cluster1": 0.163455784321,
            "Cluster2": 0.289183169603,
            "Cluster3": 0.048241596669,
            "Cluster4": 0.295134276152,
            "Cluster5": 0.203985184431
        },
        "probability": 0.295134276152,
        "value": "Cluster4"
    },
    "timbre": {
        "all": {
            "bright": 0.715973079205,
            "dark": 0.284026950598
        },
        "probability": 0.715973079205,
        "value": "bright"
    },
    "tonal_atonal": {
        "all": {
            "atonal": 0.0149583062157,
            "tonal": 0.985041677952
        },
        "probability": 0.985041677952,
        "value": "tonal"
    },
    "voice_instrumental": {
        "all": {
            "instrumental": 0.0636870637536,
            "voice": 0.936312913895
        },
        "probability": 0.936312913895,
        "value": "voice"
    }
},
"lowlevel": {
    "average_loudness": 0.979019701481,
    "barkbands_crest": {
        "dmean": 3.79516839981,
        "dmean2": 5.58183240891,
        "dvar": 12.0278139114,
        "dvar2": 25.9472579956,
        "max": 26.2486343384,
        "mean": 12.5020437241,
        "median": 11.4442358017,
        "min": 2.39822340012,
        "var": 31.9095001221
    },
    "barkbands_flatness_db": {
        "dmean": 0.0373281873763,
        "dmean2": 0.0535589568317,
        "dvar": 0.00189025816508,
        "dvar2": 0.00371307786554,
        "max": 0.592994093895,
        "mean": 0.166270971298,
        "median": 0.138781964779,
        "min": 0.0317262299359,
        "var": 0.00773711549118
    },
    "barkbands_kurtosis": {
        "dmean": 9.15068149567,
        "dmean2": 13.8789863586,
        "dvar": 881.86541748,
        "dvar2": 1867.87475586,
        "max": 396.941589355,
        "mean": 9.9504365921,
        "median": 0.992127180099,
        "min": -1.82585930824,
        "var": 1151.32092285
    },
    "barkbands_skewness": {
        "dmean": 0.985859513283,
        "dmean2": 1.3720446825,
        "dvar": 2.2833237648,
        "dvar2": 4.08753013611,
        "max": 17.5734767914,
        "mean": 1.71369552612,
        "median": 1.03822433949,
        "min": -2.81246471405,
        "var": 5.37924289703
    },
    "barkbands_spread": {
        "dmean": 8.50800323486,
        "dmean2": 12.8072280884,
        "dvar": 93.8732376099,
        "dvar2": 207.414718628,
        "max": 98.4942092896,
        "mean": 25.6493988037,
        "median": 24.7023601532,
        "min": 0.219074308872,
        "var": 277.745758057
    },
    "dissonance": {
        "dmean": 0.0254526529461,
        "dmean2": 0.0430150739849,
        "dvar": 0.000754858599976,
        "dvar2": 0.00209924066439,
        "max": 0.500000059605,
        "mean": 0.460527539253,
        "median": 0.470053464174,
        "min": 0.138335332274,
        "var": 0.00145357847214
    },
    "dynamic_complexity": 1.84609210491,
    "erbbands_crest": {
        "dmean": 3.49265885353,
        "dmean2": 5.7871761322,
        "dvar": 10.6431589127,
        "dvar2": 26.5239086151,
        "max": 32.4949951172,
        "mean": 10.2676477432,
        "median": 9.32712554932,
        "min": 2.22297739983,
        "var": 25.0484752655
    },
    "erbbands_flatness_db": {
        "dmean": 0.0247223023325,
        "dmean2": 0.0373497083783,
        "dvar": 0.000734494824428,
        "dvar2": 0.00151022651698,
        "max": 0.449944376945,
        "mean": 0.166133314371,
        "median": 0.1512889117,
        "min": 0.062479596585,
        "var": 0.00401973677799
    },
    "erbbands_kurtosis": {
        "dmean": 1.51454937458,
        "dmean2": 2.37374830246,
        "dvar": 5.67817354202,
        "dvar2": 12.1501655579,
        "max": 48.397190094,
        "mean": 1.57451426983,
        "median": 0.53395485878,
        "min": -1.54273474216,
        "var": 11.4307641983
    },
    "erbbands_skewness": {
        "dmean": 0.511871576309,
        "dmean2": 0.768071353436,
        "dvar": 0.241325691342,
        "dvar2": 0.551955640316,
        "max": 6.04766368866,
        "mean": 0.613115549088,
        "median": 0.577518284321,
        "min": -2.71367263794,
        "var": 0.67197072506
    },
    "erbbands_spread": {
        "dmean": 10.0184593201,
        "dmean2": 15.1593236923,
        "dvar": 125.97265625,
        "dvar2": 273.36895752,
        "max": 120.274940491,
        "mean": 33.8492164612,
        "median": 31.9546775818,
        "min": 1.89199578762,
        "var": 353.853179932
    },
    "hfc": {
        "dmean": 15.4114551544,
        "dmean2": 23.1524448395,
        "dvar": 501.836700439,
        "dvar2": 1210.76635742,
        "max": 177.632904053,
        "mean": 35.7615699768,
        "median": 31.2372207642,
        "min": 0.00106088549364,
        "var": 770.482421875
    },
    "melbands_crest": {
        "dmean": 4.38479280472,
        "dmean2": 6.32781124115,
        "dvar": 16.0398597717,
        "dvar2": 33.4815483093,
        "max": 36.2292747498,
        "mean": 17.2043170929,
        "median": 15.8676738739,
        "min": 3.75637722015,
        "var": 51.4563331604
    },
    "melbands_flatness_db": {
        "dmean": 0.0463728606701,
        "dmean2": 0.0659607723355,
        "dvar": 0.00312267779373,
        "dvar2": 0.00627616187558,
        "max": 0.733360946178,
        "mean": 0.209716841578,
        "median": 0.181893542409,
        "min": 0.0283333659172,
        "var": 0.0117114987224
    },
    "melbands_kurtosis": {
        "dmean": 17.9185657501,
        "dmean2": 26.3953361511,
        "dvar": 2429.70825195,
        "dvar2": 4589.47460938,
        "max": 590.326904297,
        "mean": 21.9911956787,
        "median": 4.92620372772,
        "min": -1.71209561825,
        "var": 3568.20678711
    },
    "melbands_skewness": {
        "dmean": 1.25214588642,
        "dmean2": 1.70331013203,
        "dvar": 2.8245844841,
        "dvar2": 4.78228473663,
        "max": 20.2119121552,
        "mean": 2.65832877159,
        "median": 1.8516908884,
        "min": -1.40594065189,
        "var": 7.59957408905
    },
    "melbands_spread": {
        "dmean": 11.0910701752,
        "dmean2": 17.0189666748,
        "dvar": 181.235809326,
        "dvar2": 414.252746582,
        "max": 162.033218384,
        "mean": 27.8760299683,
        "median": 25.7127933502,
        "min": 0.359878391027,
        "var": 423.207794189
    },
    "pitch_salience": {
        "dmean": 0.107722021639,
        "dmean2": 0.162867620587,
        "dvar": 0.0133283473551,
        "dvar2": 0.0320486426353,
        "max": 0.932912886143,
        "mean": 0.46816816926,
        "median": 0.477360129356,
        "min": 0.0385630838573,
        "var": 0.0265951510519
    },
    "silence_rate_20dB": {
        "dmean": 0,
        "dmean2": 0,
        "dvar": 0,
        "dvar2": 0,
        "max": 1,
        "mean": 1,
        "median": 1,
        "min": 1,
        "var": 0
    },
    "silence_rate_30dB": {
        "dmean": 0.0835913345218,
        "dmean2": 0.167312160134,
        "dvar": 0.0766044482589,
        "dvar2": 0.14086997509,
        "max": 1,
        "mean": 0.895591676235,
        "median": 1,
        "min": 0,
        "var": 0.0935081988573
    },
    "silence_rate_60dB": {
        "dmean": 0.0356037169695,
        "dmean2": 0.0712625905871,
        "dvar": 0.0343359261751,
        "dvar2": 0.0832259580493,
        "max": 1,
        "mean": 0.0317092016339,
        "median": 0,
        "min": 0,
        "var": 0.0307039339095
    },
    "spectral_centroid": {
        "dmean": 373.589416504,
        "dmean2": 565.833374023,
        "dvar": 168762.421875,
        "dvar2": 370833.09375,
        "max": 4740.23779297,
        "mean": 1617.31066895,
        "median": 1581.04089355,
        "min": 104.675476074,
        "var": 458459.71875
    },
    "spectral_complexity": {
        "dmean": 6.24458217621,
        "dmean2": 9.50890827179,
        "dvar": 53.8162117004,
        "dvar2": 102.544273376,
        "max": 61,
        "mean": 21.1832942963,
        "median": 20,
        "min": 0,
        "var": 148.445297241
    },
    "spectral_decrease": {
        "dmean": 5.07752950796e-09,
        "dmean2": 7.04621339054e-09,
        "dvar": 5.53081975049e-17,
        "dvar2": 8.88511885984e-17,
        "max": -6.40892829258e-13,
        "mean": -1.19174723423e-08,
        "median": -8.60504378863e-09,
        "min": -5.2093295011e-08,
        "var": 1.21659117221e-16
    },
    "spectral_energy": {
        "dmean": 0.0200539659709,
        "dmean2": 0.027887891978,
        "dvar": 0.000792904931586,
        "dvar2": 0.0012792480411,
        "max": 0.198735713959,
        "mean": 0.0482229441404,
        "median": 0.0360432118177,
        "min": 2.51508481597e-06,
        "var": 0.00176583847497
    },
    "spectral_energyband_high": {
        "dmean": 0.00134707568213,
        "dmean2": 0.00207185489126,
        "dvar": 6.23975392955e-06,
        "dvar2": 1.50175828821e-05,
        "max": 0.0202967710793,
        "mean": 0.00191461888608,
        "median": 0.00104278919753,
        "min": 7.35566552112e-10,
        "var": 7.38877270123e-06
    },
    "spectral_energyband_low": {
        "dmean": 0.0168024413288,
        "dmean2": 0.0229211002588,
        "dvar": 0.000937525415793,
        "dvar2": 0.00162445544265,
        "max": 0.193923026323,
        "mean": 0.0281156413257,
        "median": 0.0135959675536,
        "min": 6.23109341902e-09,
        "var": 0.00176085834391
    },
    "spectral_energyband_middle_high": {
        "dmean": 0.00421593012288,
        "dmean2": 0.00631908746436,
        "dvar": 2.12504219235e-05,
        "dvar2": 4.71322782687e-05,
        "max": 0.0469064153731,
        "mean": 0.0103462850675,
        "median": 0.0091499267146,
        "min": 3.32077974008e-08,
        "var": 6.9192283263e-05
    },
    "spectral_energyband_middle_low": {
        "dmean": 0.00522794900462,
        "dmean2": 0.00882672145963,
        "dvar": 6.7480134021e-05,
        "dvar2": 0.000185106415302,
        "max": 0.0545111186802,
        "mean": 0.00853776186705,
        "median": 0.00617852853611,
        "min": 6.14984969616e-08,
        "var": 7.4043055065e-05
    },
    "spectral_entropy": {
        "dmean": 0.257800489664,
        "dmean2": 0.402748644352,
        "dvar": 0.0974644869566,
        "dvar2": 0.230675682425,
        "max": 8.73985481262,
        "mean": 7.62668371201,
        "median": 7.73599481583,
        "min": 4.50089645386,
        "var": 0.331070184708
    },
    "spectral_flux": {
        "dmean": 0.0474044345319,
        "dmean2": 0.0684472024441,
        "dvar": 0.00283416872844,
        "dvar2": 0.00456891721115,
        "max": 0.41954639554,
        "mean": 0.130080863833,
        "median": 0.109865084291,
        "min": 0.000563586188946,
        "var": 0.00659715104848
    },
    "spectral_kurtosis": {
        "dmean": 1.79343664646,
        "dmean2": 2.75548219681,
        "dvar": 19.2431526184,
        "dvar2": 38.9185447693,
        "max": 154.523330688,
        "mean": 5.42767381668,
        "median": 3.329890728,
        "min": -0.844461917877,
        "var": 148.590362549
    },
    "spectral_rms": {
        "dmean": 0.00137398799416,
        "dmean2": 0.00190546107478,
        "dvar": 2.53322264143e-06,
        "dvar2": 4.10333677792e-06,
        "max": 0.0139243844897,
        "mean": 0.00628422899172,
        "median": 0.00592993339524,
        "min": 4.95352505823e-05,
        "var": 7.55526843932e-06
    },
    "spectral_rolloff": {
        "dmean": 862.845947266,
        "dmean2": 1393.38671875,
        "dvar": 1811427.25,
        "dvar2": 4221981.5,
        "max": 11757.1289062,
        "mean": 1806.94470215,
        "median": 1378.125,
        "min": 64.599609375,
        "var": 3265025.25
    },
    "spectral_skewness": {
        "dmean": 0.257429152727,
        "dmean2": 0.389738410711,
        "dvar": 0.131423741579,
        "dvar2": 0.297199189663,
        "max": 10.5389270782,
        "mean": 1.66245269775,
        "median": 1.5277838707,
        "min": 0.0730772987008,
        "var": 0.752294838428
    },
    "spectral_spread": {
        "dmean": 786737.0625,
        "dmean2": 1213167.25,
        "dvar": 828587769856,
        "dvar2": 1.94775311974e+12,
        "max": 11259290,
        "mean": 5112840,
        "median": 5131854.5,
        "min": 549159.4375,
        "var": 2.12360783462e+12
    },
    "spectral_strongpeak": {
        "dmean": 0.734839677811,
        "dmean2": 1.22292387486,
        "dvar": 1.32007145882,
        "dvar2": 3.15146398544,
        "max": 10.2217140198,
        "mean": 1.1714400053,
        "median": 0.574702978134,
        "min": 0.00317917112261,
        "var": 2.05192112923
    },
    "zerocrossingrate": {
        "dmean": 0.0168003514409,
        "dmean2": 0.0187838878483,
        "dvar": 0.000273186800769,
        "dvar2": 0.000337290111929,
        "max": 0.3251953125,
        "mean": 0.0709401294589,
        "median": 0.06591796875,
        "min": 0.0029296875,
        "var": 0.00191455578897
    },
    "barkbands": {
        "dmean": [0.00111001706682, 0.0152639029548, 0.00441637961194, 0.00158491940238, 0.00102759746369, 0.000793514889665, 0.00124422530644, 0.00105582003016, 0.00152558216359, 0.000770854123402, 0.00149095675442, 0.00103946914896, 0.00116447277833, 0.000879925733898, 0.00053938041674, 0.000399146549171, 0.000237350614043, 0.000355889467755, 0.00032903131796, 0.000295476085739, 0.000277782179182, 0.000292871671263, 0.000272048113402, 0.000185306780622, 0.000188316233107, 0.000143093042425, 1.40959173223e-07],
        "dmean2": [0.00150897458661, 0.020624877885, 0.00809098128229, 0.00298702390864, 0.00188507558778, 0.00124560797121, 0.00193553674035, 0.00180184957571, 0.00246384507045, 0.0011755861342, 0.00234431237914, 0.00164201215375, 0.00188372121193, 0.00142439187039, 0.00086879520677, 0.00066458719084, 0.000375625735614, 0.000570702308323, 0.000530397868715, 0.000483363022795, 0.000442405143986, 0.000459441973362, 0.000435489258962, 0.0002872760233, 0.000298554485198, 0.00023905946, 2.57994656749e-07],
        "dvar": [5.27113706994e-06, 0.000836756487843, 0.00017655568081, 2.48620890488e-05, 8.27753410704e-06, 2.47397497333e-06, 5.57932162337e-06, 3.54360099664e-06, 6.925244179e-06, 2.74609192275e-06, 6.41473434371e-06, 3.80947835765e-06, 4.08849655287e-06, 2.85996611638e-06, 9.00588588593e-07, 5.75807803216e-07, 1.69957004914e-07, 3.43885858456e-07, 3.24055150713e-07, 3.16829897429e-07, 2.56848892377e-07, 3.52767870027e-07, 2.20671097395e-07, 1.21940956888e-07, 1.02586376727e-07, 8.11135265621e-08, 3.73204098918e-13],
        "dvar2": [9.72132693278e-06, 0.00155020854436, 0.000504562805872, 7.1193833719e-05, 2.37719632423e-05, 5.66255857848e-06, 1.2067456737e-05, 9.09343907551e-06, 1.73766093212e-05, 4.90760157845e-06, 1.515459644e-05, 9.31293561734e-06, 1.04186638055e-05, 6.32513547316e-06, 2.19754156205e-06, 1.61263108112e-06, 4.28676599995e-07, 7.76854619744e-07, 7.98892358489e-07, 8.1961138676e-07, 5.88886223341e-07, 8.67089283929e-07, 5.13300051352e-07, 2.91160347388e-07, 2.50472453445e-07, 2.01592939675e-07, 1.04469731477e-12],
        "max": [0.0171191487461, 0.18957491219, 0.0977806597948, 0.0429713763297, 0.0185789112002, 0.0171212311834, 0.0280180666596, 0.0177212711424, 0.0305481050164, 0.0240392461419, 0.0385696031153, 0.0205419063568, 0.0239423438907, 0.0191614814103, 0.0131833041087, 0.00848423596472, 0.00726614007726, 0.00872323196381, 0.00568347238004, 0.00430927611887, 0.00408888654783, 0.00526177370921, 0.00423498032615, 0.00314349168912, 0.00265723466873, 0.00318873650394, 9.90964417724e-06],
        "mean": [0.00134411419276, 0.0227888450027, 0.00339340697974, 0.00102859619074, 0.000798739842139, 0.00111173896585, 0.00182637153193, 0.00128182966728, 0.002305023605, 0.00123316596728, 0.0022536998149, 0.00139491446316, 0.00158211786766, 0.00117827334907, 0.000720950542018, 0.000510511978064, 0.000348188768839, 0.000576532213017, 0.000449858460343, 0.000379437144147, 0.000348585424945, 0.000356183532858, 0.000371500529582, 0.000230863501201, 0.000248831231147, 0.000160588344443, 8.67186358278e-08],
        "median": [0.000267957511824, 0.0100789256394, 0.000378722674213, 0.000104648148408, 0.000158529102919, 0.000428618543083, 0.000529455661308, 0.00050613359781, 0.000989503110759, 0.00040049519157, 0.000735372246709, 0.000502935319673, 0.000593586592004, 0.000340339756804, 0.00034889348899, 0.000159439325216, 0.000162188880495, 0.000260453729425, 0.000202286944841, 0.000190380422282, 0.000149792278535, 0.000157336704433, 0.000174373300979, 0.000102835423604, 0.000131338238134, 5.44739014003e-05, 9.21187903735e-10],
        "min": [4.27939107761e-11, 4.57048593416e-10, 2.19560300496e-10, 3.83610421206e-10, 2.22880403022e-09, 2.26808771764e-09, 7.26359639103e-10, 3.8853644746e-09, 2.01761074514e-09, 9.42129485537e-10, 7.68040797627e-10, 4.33054525573e-09, 9.09479658251e-10, 5.21399146081e-10, 6.9437156025e-10, 2.84235218695e-10, 4.64951022128e-10, 3.16126125277e-10, 2.06024544647e-10, 1.61325230952e-10, 2.26025476113e-10, 5.40994193887e-11, 2.47793972841e-11, 3.29884752327e-12, 4.65283020445e-12, 6.97723996634e-12, 8.74118485927e-12],
        "var": [8.45775230118e-06, 0.00133990985341, 0.000106239727756, 1.41418686326e-05, 5.03616774949e-06, 3.99647615268e-06, 1.18443422252e-05, 4.67317977382e-06, 1.22167220979e-05, 7.43147029425e-06, 1.35717264129e-05, 6.25584561931e-06, 6.75640103509e-06, 4.56038924312e-06, 1.29739794374e-06, 8.8202182269e-07, 3.02592695789e-07, 9.10681592359e-07, 4.28954763265e-07, 3.27972145442e-07, 3.01766789335e-07, 3.72254078229e-07, 2.96926572219e-07, 1.52034502321e-07, 1.24045840266e-07, 9.49243386117e-08, 2.20761234813e-13]
    },
    "erbbands": {
        "dmean": [0.562182188034, 3.42377853394, 5.55732584, 5.37660837173, 3.92061090469, 3.45783424377, 4.30233287811, 7.18422555923, 13.585146904, 19.4902133942, 27.4364814758, 31.2100067139, 23.3437194824, 51.1940422058, 34.9664573669, 39.968120575, 46.1037330627, 53.8775749207, 21.8993377686, 26.7336368561, 18.8720664978, 14.2924213409, 19.6317367554, 17.1337928772, 14.4396085739, 13.6041402817, 13.2510023117, 9.81215286255, 9.47732925415, 9.83731365204, 7.88227510452, 4.44132232666, 3.19212579727, 2.18191599846, 1.39061558247, 0.678025305271, 0.27730897069, 0.0267158932984, 0.000476431741845, 4.08716259699e-05],
        "dmean2": [0.771676063538, 5.00418329239, 9.68060302734, 9.96438121796, 7.42975091934, 6.20811748505, 7.05955123901, 11.3359012604, 21.0163230896, 30.8326721191, 45.7662467957, 50.5599021912, 36.2959632874, 77.1372451782, 56.6242485046, 62.8360290527, 74.8417663574, 83.7698898315, 34.8341293335, 43.7987976074, 31.4641819, 22.4944000244, 30.5741882324, 26.9244098663, 23.1571121216, 22.2272033691, 21.4697799683, 15.6149215698, 14.7150783539, 15.7060098648, 12.9110536575, 7.07230186462, 5.17012262344, 3.53995585442, 2.17244029045, 1.12916731834, 0.466856211424, 0.0458812788129, 0.000807688920759, 6.19045968051e-05],
        "dvar": [1.24192941189, 49.1305961609, 227.46081543, 278.136383057, 147.678314209, 82.8279037476, 108.880233765, 220.591033936, 810.629821777, 1781.07971191, 1704.1574707, 3660.0847168, 1970.4276123, 7055.43896484, 3946.98535156, 5641.74365234, 6461.17822266, 9390.32617188, 1017.32476807, 2474.41699219, 1441.71350098, 681.25012207, 1252.37780762, 737.588378906, 609.925415039, 716.861633301, 699.179870605, 305.407775879, 348.810028076, 371.083435059, 214.26852417, 73.8074111938, 40.4978752136, 17.0537071228, 5.11287593842, 1.62769198418, 0.348373770714, 0.00359321571887, 1.06460049665e-06, 3.1862750216e-09],
        "dvar2": [1.97915232182, 110.317245483, 632.333312988, 785.396972656, 427.472991943, 235.687286377, 225.723739624, 563.253601074, 1763.25756836, 4140.57373047, 4262.01416016, 9700.95703125, 4415.08251953, 15288.2451172, 10072.1875, 13810.5439453, 16626.5039062, 20834.25, 2292.79199219, 6617.41064453, 4297.67138672, 1767.31274414, 2821.24047852, 1763.68554688, 1518.07788086, 1845.5892334, 1729.10473633, 691.249328613, 831.022094727, 888.333068848, 499.084136963, 177.679275513, 101.646842957, 41.3437995911, 12.3538141251, 4.13476514816, 0.874842762947, 0.0096742939204, 2.80849553747e-06, 7.31697102907e-09],
        "max": [7.41652584076, 43.0703773499, 119.029655457, 142.513137817, 82.0739593506, 77.9335174561, 139.554672241, 161.542907715, 346.014587402, 873.78302002, 359.70602417, 689.112670898, 542.079711914, 1081.84118652, 1061.08349609, 887.884094238, 1062.4864502, 1095.03088379, 386.173858643, 698.239868164, 489.57522583, 483.162658691, 597.93347168, 255.210250854, 203.227478027, 199.960021973, 189.254730225, 159.639892578, 172.893234253, 191.438735962, 165.42980957, 82.9182510376, 57.9353141785, 48.5701599121, 21.4536190033, 11.7857179642, 7.66096830368, 0.854970812798, 0.0143355419859, 0.000635960721411],
        "mean": [0.771030604839, 4.54588651657, 5.12547636032, 3.79245090485, 2.60478115082, 2.92522621155, 5.40771484375, 9.69255447388, 19.1200637817, 29.1974086761, 38.4163703918, 46.4295196533, 38.4953269958, 88.8126068115, 53.654460907, 56.6835479736, 68.7630004883, 78.8179702759, 32.6034736633, 36.8572921753, 26.2423381805, 22.5468635559, 31.6165561676, 26.5286827087, 20.2508277893, 17.2062015533, 15.2073383331, 12.8581876755, 12.1292457581, 12.6669387817, 10.426823616, 5.41289329529, 3.84613752365, 2.89705729485, 1.73281860352, 0.726786077023, 0.297648787498, 0.0265860687941, 0.000522304384504, 8.34106976981e-05],
        "median": [0.226908043027, 1.9247546196, 1.12382435799, 0.481078982353, 0.375574380159, 0.678856492043, 1.21479582787, 4.23044395447, 6.40965557098, 9.52203178406, 17.8347225189, 20.6739063263, 16.6825275421, 30.7698898315, 22.396944046, 23.1119480133, 31.5414104462, 28.8704338074, 16.7415733337, 18.5743923187, 10.1027917862, 11.200884819, 13.8880739212, 13.219833374, 10.5815372467, 8.30902481079, 6.12425041199, 5.53323411942, 5.51152038574, 5.99401187897, 4.27187633514, 2.32856798172, 1.58902704716, 1.46339440346, 0.850392043591, 0.275359690189, 0.0853721275926, 0.00587395811453, 0.000162625001394, 6.17173936917e-05],
        "min": [1.21113473028e-07, 3.03464815943e-07, 1.55480654485e-06, 7.45232955524e-06, 1.69512568391e-05, 6.78676151438e-05, 2.26897227549e-05, 1.23103245642e-05, 9.40762674873e-06, 3.33979987772e-05, 9.69918110059e-05, 4.85133459733e-05, 4.3250813178e-05, 8.26527975732e-05, 0.000259546446614, 0.000143232144183, 5.72700155317e-05, 3.74475494027e-05, 3.96153009206e-05, 3.32254821842e-05, 1.96167893591e-05, 2.75269667327e-05, 2.29877532547e-05, 1.46524198499e-05, 7.66779157857e-06, 6.16739225734e-06, 5.47081981495e-06, 7.4281565503e-06, 2.59296393779e-06, 1.26932548028e-06, 3.98326619688e-07, 7.85038807294e-08, 5.4930850979e-08, 3.94078689681e-08, 4.33717168846e-08, 2.75720335452e-08, 1.30567521239e-08, 4.83441509047e-09, 2.42647169024e-09, 2.96119484489e-09],
        "var": [2.10260415077, 57.4491615295, 153.586929321, 165.541656494, 81.099822998, 53.9417724609, 179.523666382, 276.316162109, 1412.49511719, 3540.44702148, 2774.84716797, 5375.66162109, 4299.39648438, 19268.1855469, 7372.43554688, 9433.31933594, 10472.0498047, 17999.3964844, 1888.33410645, 3200.15014648, 2082.94702148, 1262.12145996, 3302.57763672, 1346.62060547, 743.217956543, 713.562133789, 702.230957031, 384.583007812, 391.272186279, 419.889068604, 271.902130127, 85.8212432861, 45.8519248962, 20.1690616608, 6.20930624008, 1.7497099638, 0.400835961103, 0.00356605742127, 1.09829352368e-06, 5.02949548675e-09]
    },
    "gfcc": {
        "mean": [20.0669345856, 56.3064346313, -125.25868988, 18.2221336365, -58.7330627441, 31.84907341, -25.0903511047, 25.4316291809, -18.1847381592, 16.9413204193, -9.98761177063, 9.13447666168, -12.7737846375],
        "cov": [[7807.56103516, -998.663208008, 323.938720703, 1001.06860352, -241.489501953, 587.72052002, -153.422912598, 595.481872559, 233.526672363, 373.147094727, -216.42388916, -14.5315437317, -275.325164795], [-998.663208008, 2078.81054688, 969.277770996, 382.080291748, 595.985107422, 89.8100357056, 369.869812012, 69.849571228, 188.214233398, -188.282440186, 77.0662841797, -160.818893433, 125.49520874], [323.938720703, 969.277770996, 1596.91772461, 683.958068848, 425.705871582, 235.928146362, 275.020690918, 249.9921875, 194.504928589, -60.2335281372, -92.8463897705, -136.413223267, -59.1135063171], [1001.06860352, 382.080291748, 683.958068848, 784.874572754, 302.296936035, 314.938018799, 154.735214233, 207.665344238, 217.621292114, 6.38180017471, -58.7107696533, -111.866592407, -22.0707759857], [-241.489501953, 595.985107422, 425.705871582, 302.296936035, 594.90826416, 192.18598938, 289.012939453, 71.42993927, 109.449935913, 11.1683502197, 19.8641967773, -50.435131073, 16.7806453705], [587.72052002, 89.8100357056, 235.928146362, 314.938018799, 192.18598938, 469.060943604, 224.501434326, 173.901016235, 146.707290649, 58.84897995, 29.0518856049, -42.2632713318, -8.07494449615], [-153.422912598, 369.869812012, 275.020690918, 154.735214233, 289.012939453, 224.501434326, 387.329772949, 140.513092041, 124.893455505, 0.71994894743, 54.3069076538, -9.91014003754, 2.93109893799], [595.481872559, 69.849571228, 249.9921875, 207.665344238, 71.42993927, 173.901016235, 140.513092041, 315.375701904, 203.489089966, 66.0108795166, 38.515499115, 6.36320638657, 0.443250060081], [233.526672363, 188.214233398, 194.504928589, 217.621292114, 109.449935913, 146.707290649, 124.893455505, 203.489089966, 289.798492432, 85.6948318481, 43.606628418, 8.69986152649, 25.3990364075], [373.147094727, -188.282440186, -60.2335281372, 6.38180017471, 11.1683502197, 58.84897995, 0.71994894743, 66.0108795166, 85.6948318481, 200.332183838, 67.6172409058, 63.4161720276, 4.70355558395], [-216.42388916, 77.0662841797, -92.8463897705, -58.7107696533, 19.8641967773, 29.0518856049, 54.3069076538, 38.515499115, 43.606628418, 67.6172409058, 180.876968384, 53.6266098022, 38.4163360596], [-14.5315437317, -160.818893433, -136.413223267, -111.866592407, -50.435131073, -42.2632713318, -9.91014003754, 6.36320638657, 8.69986152649, 63.4161720276, 53.6266098022, 142.531341553, 32.9391555786], [-275.325164795, 125.49520874, -59.1135063171, -22.0707759857, 16.7806453705, -8.07494449615, 2.93109893799, 0.443250060081, 25.3990364075, 4.70355558395, 38.4163360596, 32.9391555786, 143.113952637]],
        "icov": [[0.00028983791708, -0.000101621808426, 0.000177410824108, -0.000494870415423, 0.000252152996836, -0.000190692881006, 0.000187394296518, -0.000646958476864, 0.000541354063898, -0.000635519099887, 0.000495656160638, -0.000271205062745, 0.000455689994851], [-0.000101621808426, 0.00148325413465, -0.000801050977316, 0.000414267298765, -0.000853260862641, 0.000547284376808, -0.000427003833465, 0.00093991542235, -0.00124928110745, 0.00157336087432, -0.00146744307131, 0.0012507828651, -0.00135034578852], [0.000177410824108, -0.000801050977316, 0.00170018186327, -0.00128155283164, 0.000195262182388, 7.18247392797e-05, -9.7578697023e-05, -0.00134862575214, 0.00105185597204, -0.000850814161822, 0.00127596280072, -0.000554867670871, 0.00116218230687], [-0.000494870415423, 0.000414267298765, -0.00128155283164, 0.00425405986607, -0.00147565011866, -0.00114176783245, 0.000975829199888, 0.000868166040163, -0.00249383156188, 0.0016890661791, -0.000449260434834, 0.00148378615268, -0.000936508004088], [0.000252152996836, -0.000853260862641, 0.000195262182388, -0.00147565011866, 0.00413070665672, -0.000126256869407, -0.0022459202446, 0.000329207367031, 0.00104420736898, -0.00219625211321, 0.00102112698369, -0.000194443564396, 0.000297419930575], [-0.000190692881006, 0.000547284376808, 7.18247392797e-05, -0.00114176783245, -0.000126256869407, 0.0046097249724, -0.00247680675238, -0.000174749744474, -0.000199687958229, -0.000490446633194, -0.000835034705233, 0.00165130977985, -0.00077137054177], [0.000187394296518, -0.000427003833465, -9.7578697023e-05, 0.000975829199888, -0.0022459202446, -0.00247680675238, 0.0067012491636, -0.00185619376134, -0.000440492964117, 0.00145427044481, -0.000586744688917, -0.00148586987052, 0.00136709783692], [-0.000646958476864, 0.00093991542235, -0.00134862575214, 0.000868166040163, 0.000329207367031, -0.000174749744474, -0.00185619376134, 0.00894099939615, -0.0054210270755, 0.00163477100432, -0.00217617163435, 0.000616546429228, -0.00117952085566], [0.000541354063898, -0.00124928110745, 0.00105185597204, -0.00249383156188, 0.00104420736898, -0.000199687958229, -0.000440492964117, -0.0054210270755, 0.00974711310118, -0.00438269088045, 0.00167287304066, -0.00112784327939, 0.000303645007079], [-0.000635519099887, 0.00157336087432, -0.000850814161822, 0.0016890661791, -0.00219625211321, -0.000490446633194, 0.00145427044481, 0.00163477100432, -0.00438269088045, 0.0108558405191, -0.0042099407874, -0.00151279952843, -0.00059893791331], [0.000495656160638, -0.00146744307131, 0.00127596280072, -0.000449260434834, 0.00102112698369, -0.000835034705233, -0.000586744688917, -0.00217617163435, 0.00167287304066, -0.0042099407874, 0.00976942293346, -0.00255365646444, 0.000356802047463], [-0.000271205062745, 0.0012507828651, -0.000554867670871, 0.00148378615268, -0.000194443564396, 0.00165130977985, -0.00148586987052, 0.000616546429228, -0.00112784327939, -0.00151279952843, -0.00255365646444, 0.0117768440396, -0.00324961426668], [0.000455689994851, -0.00135034578852, 0.00116218230687, -0.000936508004088, 0.000297419930575, -0.00077137054177, 0.00136709783692, -0.00117952085566, 0.000303645007079, -0.00059893791331, 0.000356802047463, -0.00324961426668, 0.00989903137088]]
    },
    "melbands": {
        "dmean": [0.00442110281438, 0.00331378215924, 0.000898381869774, 0.000254960177699, 0.000143468889291, 0.000160677576787, 0.000224188130233, 0.000204496041988, 0.000242192327278, 0.000206329161301, 0.000118939475215, 0.000199502304895, 0.000154383611516, 8.87386559043e-05, 0.000129946070956, 0.000121469529404, 9.83177378657e-05, 3.496546924e-05, 4.87362485728e-05, 3.20062281389e-05, 1.9792421881e-05, 1.63595450431e-05, 1.56845744641e-05, 1.8621518393e-05, 1.4605544493e-05, 1.39505391417e-05, 9.23012612475e-06, 9.47764056036e-06, 8.99116366782e-06, 7.33020578991e-06, 5.1343213272e-06, 5.0451194511e-06, 7.11245866114e-06, 5.12515589435e-06, 4.8614770094e-06, 3.72747558686e-06, 2.449290605e-06, 2.25667372433e-06, 2.21300319936e-06, 1.83817633115e-06],
        "dmean2": [0.00606634281576, 0.00523080816492, 0.00166689697653, 0.000474756263429, 0.000238028907916, 0.000254149927059, 0.000342750980053, 0.000327599380398, 0.000398681237129, 0.000334242911777, 0.00018405028095, 0.000301509251585, 0.000247780641075, 0.000143232318806, 0.00020867830608, 0.000192743988009, 0.000154180146637, 5.68904360989e-05, 7.80112386565e-05, 5.32240446773e-05, 3.33535317623e-05, 2.66671231657e-05, 2.48081742029e-05, 2.96646485367e-05, 2.30448204093e-05, 2.30317345995e-05, 1.48028721014e-05, 1.5706213162e-05, 1.4920105059e-05, 1.19458672998e-05, 8.24537437438e-06, 7.9054152593e-06, 1.14730801215e-05, 8.1789567048e-06, 7.98567089078e-06, 6.18359172222e-06, 3.91263392885e-06, 3.72245222025e-06, 3.62854575542e-06, 2.95389145322e-06],
        "dvar": [7.15456844773e-05, 5.59602376597e-05, 7.57402995077e-06, 5.60071839573e-07, 1.04764879438e-07, 1.01062276769e-07, 1.89873688328e-07, 1.80974211617e-07, 1.32861799784e-07, 1.58184562338e-07, 5.47602319045e-08, 1.08878296601e-07, 7.95507659745e-08, 2.94415549718e-08, 8.54441921661e-08, 4.35135447674e-08, 3.26896696379e-08, 3.68012575969e-09, 8.67691341e-09, 3.88352727754e-09, 2.01835947955e-09, 1.13100795396e-09, 8.3611062518e-10, 8.98227825452e-10, 5.82544346095e-10, 6.54500453834e-10, 2.39206959796e-10, 3.59645674353e-10, 3.60040858238e-10, 2.02745667477e-10, 7.97310759082e-11, 9.60903162595e-11, 2.27572127809e-10, 8.89785467528e-11, 8.23173820774e-11, 4.8140203629e-11, 2.47745053639e-11, 2.02847634523e-11, 2.03221137834e-11, 1.08069221974e-11],
        "dvar2": [0.000116858660476, 0.000140537580592, 2.14622250496e-05, 1.62143373927e-06, 2.31858635402e-07, 2.50010799618e-07, 4.10752761582e-07, 4.28321953905e-07, 3.32465617703e-07, 4.10741989754e-07, 1.17416732337e-07, 2.29885969816e-07, 1.93360236267e-07, 7.1900807086e-08, 2.251682929e-07, 1.0165310016e-07, 7.22786808183e-08, 8.46817638234e-09, 2.07841992506e-08, 1.04429345171e-08, 6.10989170369e-09, 2.99073565913e-09, 1.78634462777e-09, 2.15519624369e-09, 1.41649991736e-09, 1.68787495092e-09, 5.56728441126e-10, 9.41821842737e-10, 9.42898648049e-10, 4.77692385648e-10, 1.81253623222e-10, 2.26893892563e-10, 5.77283110204e-10, 2.06568040451e-10, 1.89026072572e-10, 1.19715515279e-10, 6.02536007199e-11, 5.18794937565e-11, 5.06122713184e-11, 2.64426310709e-11],
        "max": [0.0564532093704, 0.0536916665733, 0.020903300494, 0.00476573500782, 0.0044814334251, 0.00314866681583, 0.00583596574143, 0.0083422716707, 0.00313814287074, 0.00446099275723, 0.00272585102357, 0.00424621533602, 0.00535484775901, 0.00194661028218, 0.00412243418396, 0.00287003000267, 0.00193814618979, 0.000894077296834, 0.00143281335477, 0.000764833530411, 0.000650850415695, 0.000634891504887, 0.000496615015436, 0.000388466549339, 0.000255910941632, 0.000254426995525, 0.000209812817047, 0.000162664800882, 0.000155854635523, 0.000146449470776, 8.51071818033e-05, 0.000104294034827, 0.000139297058922, 0.000105268562038, 0.000111908622785, 5.8821940911e-05, 4.86853350594e-05, 4.40921685367e-05, 5.11275793542e-05, 4.16123621108e-05],
        "mean": [0.00664473557845, 0.00395441940054, 0.000632773328107, 0.00018777763762, 0.000173023319803, 0.000220879112021, 0.000325947417878, 0.00029948350857, 0.000337984645739, 0.000300297338981, 0.000184866818017, 0.000344133994076, 0.000231195925153, 0.000122327037388, 0.000167563150171, 0.00017799246416, 0.000135295529617, 4.50359693787e-05, 6.33997333352e-05, 3.98224365199e-05, 2.64829050138e-05, 2.26604806812e-05, 2.45257506322e-05, 2.77370945696e-05, 2.09234676731e-05, 1.72116597241e-05, 1.26829781948e-05, 1.10128266897e-05, 9.8048176369e-06, 8.35428636492e-06, 6.83281677993e-06, 6.33200079392e-06, 7.95362120698e-06, 6.8295867095e-06, 6.42112991045e-06, 4.36700520368e-06, 2.85191276816e-06, 2.62146068053e-06, 2.55214263234e-06, 2.41199927586e-06],
        "median": [0.00275051034987, 0.00152340845671, 7.75530643295e-05, 3.38707977789e-05, 4.16912444052e-05, 9.46295185713e-05, 0.000109450455057, 9.92593122646e-05, 0.000149941828568, 0.000123137971968, 6.4430940256e-05, 0.000114919472253, 8.16361571196e-05, 4.54219261883e-05, 5.34623504791e-05, 5.97135003773e-05, 4.28751627624e-05, 1.79130329343e-05, 2.81739685306e-05, 1.27227149278e-05, 9.07814046514e-06, 1.02679141492e-05, 9.44158728089e-06, 1.28118326757e-05, 9.24096002564e-06, 7.4923232205e-06, 6.26675318927e-06, 4.84329984829e-06, 3.74724140784e-06, 3.07841628455e-06, 2.82977816823e-06, 2.6676896141e-06, 3.07219852402e-06, 3.49888546225e-06, 2.54115911957e-06, 1.64545701864e-06, 1.22325172924e-06, 1.04187165562e-06, 1.00658735391e-06, 1.23016388898e-06],
        "min": [6.25030416312e-10, 4.06026406941e-10, 2.56455301439e-10, 5.41866995718e-10, 1.145175621e-09, 3.10100195522e-10, 1.48425216562e-10, 4.99297880818e-10, 6.54165777103e-10, 3.01143221471e-10, 1.94816288102e-10, 1.0464436262e-10, 8.35390145948e-10, 4.36180341845e-10, 2.74250427923e-10, 9.30513027741e-11, 6.40628314286e-11, 5.64601213005e-11, 4.29990348882e-11, 2.27163236138e-11, 2.22528488691e-11, 2.7142782813e-11, 2.05363989703e-11, 1.76653813105e-11, 1.20470187645e-11, 5.03219861614e-12, 7.12590359983e-12, 3.06688702212e-12, 2.60460576718e-12, 2.89314969551e-12, 4.7532641885e-12, 1.72324687072e-12, 3.90175440785e-13, 8.08036688775e-13, 2.74365030478e-13, 2.60236083849e-14, 4.71788406953e-14, 3.49489046644e-14, 3.70238846634e-14, 2.83840113821e-14],
