{
"highlevel": {
    "danceability": {
        "all": {
            "danceable": 0.999956071377,
            "not_danceable": 4.39143659605e-05
        },
        "probability": 0.999956071377,
        "value": "danceable"
    },
    "gender": {
        "all": {
            "female": 0.360404580832,
            "male": 0.639595389366
        },
        "probability": 0.639595389366,
        "value": "male"
    },
    "genre_dortmund": {
        "all": {
            "alternative": 0.00608016457409,
            "blues": 0.0013273160439,
            "electronic": 0.249783232808,
            "folkcountry": 0.00543219549581,
            "funksoulrnb": 0.00879132561386,
            "jazz": 0.0474270321429,
            "pop": 0.0211403947324,
            "raphiphop": 0.656148672104,
            "rock": 0.00386969046667
        },
        "probability": 0.656148672104,
        "value": "raphiphop"
    },
    "genre_electronic": {
        "all": {
            "ambient": 0.321702778339,
            "dnb": 0.174661979079,
            "house": 0.328934431076,
            "techno": 0.0366179905832,
            "trance": 0.138082832098
        },
        "probability": 0.328934431076,
        "value": "house"
    },
    "genre_rosamerica": {
        "all": {
            "cla": 0.000371926318621,
            "dan": 0.291388452053,
            "hip": 0.550870239735,
            "jaz": 0.00158397865016,
            "pop": 0.00978405401111,
            "rhy": 0.143926739693,
            "roc": 0.000382644822821,
            "spe": 0.00169194326736
        },
        "probability": 0.550870239735,
        "value": "hip"
    },
    "genre_tzanetakis": {
        "all": {
            "blu": 0.0607384443283,
            "cla": 0.0337369628251,
            "cou": 0.0759031102061,
            "dis": 0.0505959652364,
            "hip": 0.1517791152,
            "jaz": 0.151757359505,
            "met": 0.0505812093616,
            "pop": 0.0606983527541,
            "reg": 0.060700122267,
            "roc": 0.303509354591
        },
        "probability": 0.303509354591,
        "value": "roc"
    },
    "ismir04_rhythm": {
        "all": {
            "ChaChaCha": 0.0906775817275,
            "Jive": 0.013760109432,
            "Quickstep": 0.0233399420977,
            "Rumba-American": 0.0297440104187,
            "Rumba-International": 0.528975844383,
            "Rumba-Misc": 0.0415183342993,
            "Samba": 0.246052056551,
            "Tango": 0.00410686107352,
            "VienneseWaltz": 0.0157037582248,
            "Waltz": 0.00612149713561
        },
        "probability": 0.528975844383,
        "value": "Rumba-International"
    },
    "mood_acoustic": {
        "all": {
            "acoustic": 0.0645425096154,
            "not_acoustic": 0.935457468033
        },
        "probability": 0.935457468033,
        "value": "not_acoustic"
    },
    "mood_aggressive": {
        "all": {
            "aggressive": 0.00257638050243,
            "not_aggressive": 0.997423648834
        },
        "probability": 0.997423648834,
        "value": "not_aggressive"
    },
    "mood_electronic": {
        "all": {
            "electronic": 0.971095204353,
            "not_electronic": 0.0289047788829
        },
        "probability": 0.971095204353,
        "value": "electronic"
    },
    "mood_happy": {
        "all": {
            "happy": 0.199041709304,
            "not_happy": 0.800958275795
        },
        "probability": 0.800958275795,
        "value": "not_happy"
    },
    "mood_party": {
        "all": {
            "not_party": 0.349284052849,
            "party": 0.650715947151
        },
        "probability": 0.650715947151,
        "value": "party"
    },
    "mood_relaxed": {
        "all": {
            "not_relaxed": 0.397859126329,
            "relaxed": 0.602140903473
        },
        "probability": 0.602140903473,
        "value": "relaxed"
    },
    "mood_sad": {
        "all": {
            "not_sad": 0.375795453787,
            "sad": 0.624204576015
        },
        "probability": 0.624204576015,
        "value": "sad"
    },
    "moods_mirex": {
        "all": {
            "Cluster1": 0.182342275977,
            "Cluster2": 0.222557067871,
            "Cluster3": 0.210064321756,
            "Cluster4": 0.0706725493073,
            "Cluster5": 0.314363777637
        },
        "probability": 0.314363777637,
        "value": "Cluster5"
    },
    "timbre": {
        "all": {
            "bright": 0.113368049264,
            "dark": 0.886631965637
        },
        "probability": 0.886631965637,
        "value": "dark"
    },
    "tonal_atonal": {
        "all": {
            "atonal": 0.487128525972,
            "tonal": 0.512871444225
        },
        "probability": 0.512871444225,
        "value": "tonal"
    },
    "voice_instrumental": {
        "all": {
            "instrumental": 0.0390739776194,
            "voice": 0.960925996304
        },
        "probability": 0.960925996304,
        "value": "voice"
    }
},
"lowlevel": {
    "average_loudness": 0.974608063698,
    "barkbands_crest": {
        "dmean": 2.40286231041,
        "dmean2": 3.59556627274,
        "dvar": 7.91565227509,
        "dvar2": 17.4662246704,
        "max": 26.2720050812,
        "mean": 17.1818180084,
        "median": 17.5948753357,
        "min": 3.56469917297,
        "var": 22.5367259979
    },
    "barkbands_flatness_db": {
        "dmean": 0.0350141972303,
        "dmean2": 0.0488006323576,
        "dvar": 0.00136825547088,
        "dvar2": 0.00289106043056,
        "max": 0.461694687605,
        "mean": 0.239235907793,
        "median": 0.240400478244,
        "min": 0.0435369387269,
        "var": 0.00453248713166
    },
    "barkbands_kurtosis": {
        "dmean": 16.3350200653,
        "dmean2": 25.2750797272,
        "dvar": 1133.21240234,
        "dvar2": 2483.16479492,
        "max": 581.85333252,
        "mean": 23.0295982361,
        "median": 11.282169342,
        "min": -1.86868667603,
        "var": 1457.73901367
    },
    "barkbands_skewness": {
        "dmean": 1.21322035789,
        "dmean2": 1.79149234295,
        "dvar": 2.3480796814,
        "dvar2": 4.44869852066,
        "max": 19.7158184052,
        "mean": 3.5331184864,
        "median": 3.03761172295,
        "min": -4.69157886505,
        "var": 5.80513572693
    },
    "barkbands_spread": {
        "dmean": 8.27451896667,
        "dmean2": 12.5162124634,
        "dvar": 109.501922607,
        "dvar2": 240.22543335,
        "max": 90.0544204712,
        "mean": 16.7224349976,
        "median": 11.7230558395,
        "min": 0.253942638636,
        "var": 229.173553467
    },
    "dissonance": {
        "dmean": 0.0426235832274,
        "dmean2": 0.0690566673875,
        "dvar": 0.00134171871468,
        "dvar2": 0.00330989109352,
        "max": 0.500000119209,
        "mean": 0.400787055492,
        "median": 0.409708321095,
        "min": 0.180051654577,
        "var": 0.00421517854556
    },
    "dynamic_complexity": 1.78549313545,
    "erbbands_crest": {
        "dmean": 3.47954773903,
        "dmean2": 5.68746614456,
        "dvar": 9.97911834717,
        "dvar2": 26.0382785797,
        "max": 26.3826026917,
        "mean": 10.5634365082,
        "median": 9.72226238251,
        "min": 2.60775566101,
        "var": 21.0235176086
    },
    "erbbands_flatness_db": {
        "dmean": 0.0208799727261,
        "dmean2": 0.031349401921,
        "dvar": 0.000381800724426,
        "dvar2": 0.000855162099469,
        "max": 0.312420099974,
        "mean": 0.15793992579,
        "median": 0.153559401631,
        "min": 0.0679975748062,
        "var": 0.00187449390069
    },
    "erbbands_kurtosis": {
        "dmean": 2.29790091515,
        "dmean2": 3.65852046013,
        "dvar": 8.03879833221,
        "dvar2": 17.2387828827,
        "max": 34.7240180969,
        "mean": 2.20615172386,
        "median": 0.883681774139,
        "min": -1.89706420898,
        "var": 19.8680305481
    },
    "erbbands_skewness": {
        "dmean": 0.641978919506,
        "dmean2": 0.972120046616,
        "dvar": 0.358451277018,
        "dvar2": 0.7950527668,
        "max": 5.08331394196,
        "mean": 0.804800033569,
        "median": 0.925232112408,
        "min": -3.88678526878,
        "var": 1.32507526875
    },
    "erbbands_spread": {
        "dmean": 19.8253498077,
        "dmean2": 29.8891143799,
        "dvar": 427.092285156,
        "dvar2": 844.916137695,
        "max": 187.81942749,
        "mean": 57.7238426208,
        "median": 50.4277496338,
        "min": 5.66351890564,
        "var": 1250.00756836
    },
    "hfc": {
        "dmean": 14.7056188583,
        "dmean2": 23.3200035095,
        "dvar": 993.816101074,
        "dvar2": 2466.05615234,
        "max": 300.266143799,
        "mean": 24.163318634,
        "median": 14.9909200668,
        "min": 0.0910244360566,
        "var": 992.41192627
    },
    "melbands_crest": {
        "dmean": 2.58307313919,
        "dmean2": 4.15255784988,
        "dvar": 11.1186351776,
        "dvar2": 27.7765026093,
        "max": 35.7050056458,
        "mean": 23.803735733,
        "median": 24.5022010803,
        "min": 3.17634344101,
        "var": 41.0159950256
    },
    "melbands_flatness_db": {
        "dmean": 0.0417952314019,
        "dmean2": 0.0565748549998,
        "dvar": 0.00188646302558,
        "dvar2": 0.00394702842459,
        "max": 0.592956960201,
        "mean": 0.304990261793,
        "median": 0.310130894184,
        "min": 0.0266556032002,
        "var": 0.00926254410297
    },
    "melbands_kurtosis": {
        "dmean": 41.3472557068,
        "dmean2": 61.4630317688,
        "dvar": 5579.06542969,
        "dvar2": 11675.7558594,
        "max": 771.272033691,
        "mean": 65.6717376709,
        "median": 33.2128410339,
        "min": -1.8641730547,
        "var": 8657.03515625
    },
    "melbands_skewness": {
        "dmean": 1.78069090843,
        "dmean2": 2.54010272026,
        "dvar": 4.71910762787,
        "dvar2": 8.86501026154,
        "max": 22.9356250763,
        "mean": 5.56020259857,
        "median": 4.57561969757,
        "min": -2.38002753258,
        "var": 12.6690425873
    },
    "melbands_spread": {
        "dmean": 7.04461145401,
        "dmean2": 10.8121967316,
        "dvar": 225.165435791,
        "dvar2": 509.503723145,
        "max": 240.411254883,
        "mean": 14.3775243759,
        "median": 7.98198652267,
        "min": 0.311330109835,
        "var": 594.709228516
    },
    "pitch_salience": {
        "dmean": 0.0785383656621,
        "dmean2": 0.123451761901,
        "dvar": 0.00928370188922,
        "dvar2": 0.0226374715567,
        "max": 0.845714449883,
        "mean": 0.358760893345,
        "median": 0.318405836821,
        "min": 0.0618803203106,
        "var": 0.0265710689127
    },
    "silence_rate_20dB": {
        "dmean": 0,
        "dmean2": 0,
        "dvar": 0,
        "dvar2": 0,
        "max": 1,
        "mean": 1,
        "median": 1,
        "min": 1,
        "var": 0
    },
    "silence_rate_30dB": {
        "dmean": 0.0479876175523,
        "dmean2": 0.0960495769978,
        "dvar": 0.0456852354109,
        "dvar2": 0.089921310544,
        "max": 1,
        "mean": 0.910286128521,
        "median": 1,
        "min": 0,
        "var": 0.0816656202078
    },
    "silence_rate_60dB": {
        "dmean": 0.0123839005828,
        "dmean2": 0.0247869864106,
        "dvar": 0.0122306169942,
        "dvar2": 0.0257215965539,
        "max": 1,
        "mean": 0.0232018567622,
        "median": 0,
        "min": 0,
        "var": 0.0226632915437
    },
    "spectral_centroid": {
        "dmean": 334.974517822,
        "dmean2": 491.891784668,
        "dvar": 188192.3125,
        "dvar2": 388090.21875,
        "max": 5987.93115234,
        "mean": 1099.52026367,
        "median": 834.850158691,
        "min": 130.461624146,
        "var": 728844
    },
    "spectral_complexity": {
        "dmean": 3.57043337822,
        "dmean2": 5.57242441177,
        "dvar": 37.3701667786,
        "dvar2": 82.6971588135,
        "max": 56,
        "mean": 11.0525913239,
        "median": 9,
        "min": 0,
        "var": 57.9399337769
    },
    "spectral_decrease": {
        "dmean": 4.06050704171e-09,
        "dmean2": 6.03635852414e-09,
        "dvar": 8.19229752505e-17,
        "dvar2": 1.36645538808e-16,
        "max": -1.36647377441e-11,
        "mean": -1.61181024083e-08,
        "median": -1.4743064547e-08,
        "min": -8.05116400215e-08,
        "var": 1.82463867031e-16
    },
    "spectral_energy": {
        "dmean": 0.0161492209882,
        "dmean2": 0.0240157805383,
        "dvar": 0.00119801692199,
        "dvar2": 0.00200919248164,
        "max": 0.306861758232,
        "mean": 0.0630250573158,
        "median": 0.0572612732649,
        "min": 5.98301157879e-05,
        "var": 0.00265495176427
    },
    "spectral_energyband_high": {
        "dmean": 0.00161663908511,
        "dmean2": 0.00261771888472,
        "dvar": 1.3841141481e-05,
        "dvar2": 3.40831720678e-05,
        "max": 0.0350679978728,
        "mean": 0.00190370541532,
        "median": 0.00061722821556,
        "min": 2.49068943958e-06,
        "var": 1.36599092002e-05
    },
    "spectral_energyband_low": {
        "dmean": 0.0139497220516,
        "dmean2": 0.0214397720993,
        "dvar": 0.00131914066151,
        "dvar2": 0.00237387861125,
        "max": 0.298672020435,
        "mean": 0.0506335012615,
        "median": 0.0468124598265,
        "min": 2.75020482832e-07,
        "var": 0.00252669886686
    },
    "spectral_energyband_middle_high": {
        "dmean": 0.00102348579094,
        "dmean2": 0.00162434065714,
        "dvar": 3.12754241349e-06,
        "dvar2": 7.92721493781e-06,
        "max": 0.0148516995832,
        "mean": 0.00161836517509,
        "median": 0.00106343766674,
        "min": 1.46975089592e-05,
        "var": 3.69014787793e-06
    },
    "spectral_energyband_middle_low": {
        "dmean": 0.00593194412068,
        "dmean2": 0.0100308666006,
        "dvar": 0.000160160954692,
        "dvar2": 0.000447922531748,
        "max": 0.109982699156,
        "mean": 0.00969409756362,
        "median": 0.00810676813126,
        "min": 2.24147133849e-05,
        "var": 0.000117319679703
    },
    "spectral_entropy": {
        "dmean": 0.307960271835,
        "dmean2": 0.454628050327,
        "dvar": 0.0949898436666,
        "dvar2": 0.217325240374,
        "max": 8.67469978333,
        "mean": 7.41407823563,
        "median": 7.45599555969,
        "min": 5.2590174675,
        "var": 0.339145988226
    },
    "spectral_flux": {
        "dmean": 0.0418202914298,
        "dmean2": 0.0649627894163,
        "dvar": 0.00442120619118,
        "dvar2": 0.00956532545388,
        "max": 0.529786944389,
        "mean": 0.0954843536019,
        "median": 0.0637811198831,
        "min": 0.0061320643872,
        "var": 0.00845607928932
    },
    "spectral_kurtosis": {
        "dmean": 1.47497093678,
        "dmean2": 2.18133831024,
        "dvar": 4.01121997833,
        "dvar2": 8.55419540405,
        "max": 26.797990799,
        "mean": 2.10961294174,
        "median": 1.39421844482,
        "min": -1.45242130756,
        "var": 8.52427005768
    },
    "spectral_rms": {
        "dmean": 0.000884022039827,
        "dmean2": 0.00128625612706,
        "dvar": 2.39916425926e-06,
        "dvar2": 3.88982107324e-06,
        "max": 0.0173025242984,
        "mean": 0.00729859713465,
        "median": 0.0074742664583,
        "min": 0.000241600588197,
        "var": 8.21829962661e-06
    },
    "spectral_rolloff": {
        "dmean": 518.214355469,
        "dmean2": 871.60357666,
        "dvar": 1634562.75,
        "dvar2": 3715951.75,
        "max": 11498.7304688,
        "mean": 988.098022461,
        "median": 366.064453125,
        "min": 64.599609375,
        "var": 3814895
    },
    "spectral_skewness": {
        "dmean": 0.360775202513,
        "dmean2": 0.511867642403,
        "dvar": 0.143756091595,
        "dvar2": 0.288772761822,
        "max": 4.36880874634,
        "mean": 1.32836604118,
        "median": 1.27188718319,
        "min": -0.473281025887,
        "var": 0.501201152802
    },
    "spectral_spread": {
        "dmean": 1254152.875,
        "dmean2": 1820657.5,
        "dvar": 1.87608793088e+12,
        "dvar2": 3.62972263219e+12,
        "max": 15975563,
        "mean": 7364440,
        "median": 6867971.5,
        "min": 2089642.875,
        "var": 4.97615791718e+12
    },
    "spectral_strongpeak": {
        "dmean": 0.175082236528,
        "dmean2": 0.271785050631,
        "dvar": 0.118826910853,
        "dvar2": 0.252021402121,
        "max": 4.22066926956,
        "mean": 0.667238891125,
        "median": 0.569247126579,
        "min": 0.0408888235688,
        "var": 0.277426302433
    },
    "zerocrossingrate": {
        "dmean": 0.0130585003644,
        "dmean2": 0.0153753748164,
        "dvar": 0.000298567058053,
        "dvar2": 0.000350383023033,
        "max": 0.39892578125,
        "mean": 0.0431964620948,
        "median": 0.02734375,
        "min": 0.001953125,
        "var": 0.00280030770227
    },
    "barkbands": {
        "dmean": [0.000532512436621, 0.0122951539233, 0.0071151307784, 0.00193604780361, 0.00121379946359, 0.00184289936442, 0.000806451193057, 0.00169910956174, 0.000747746264096, 0.000187634781469, 0.000183954500244, 0.000203611591132, 0.000206240161788, 0.000184928590897, 8.93621327123e-05, 6.76239287714e-05, 4.05993159802e-05, 8.16024112282e-05, 9.94514557533e-05, 0.000120137854537, 0.000170044761035, 0.000313721538987, 0.00054079113761, 0.000401295896154, 0.000157602044055, 7.57406814955e-05, 1.95450510887e-07],
        "dmean2": [0.000842021370772, 0.0188838616014, 0.0129323899746, 0.00359274074435, 0.00217847339809, 0.00313264504075, 0.00134130590595, 0.00258461409248, 0.00101526570506, 0.000309000781272, 0.00029566779267, 0.000309939205181, 0.000319071608828, 0.000302459608065, 0.000147489656229, 0.000113009722554, 6.2971485022e-05, 0.000132923800265, 0.000165727367857, 0.000201812479645, 0.000269477081019, 0.000502743874677, 0.000889515446033, 0.000663696497213, 0.000250921526458, 0.000122904224554, 3.50810978489e-07],
        "dvar": [1.6275453163e-06, 0.00107992009725, 0.000824033864774, 5.79821644351e-05, 1.80601182365e-05, 1.69833965629e-05, 1.96016344489e-06, 5.57911471333e-06, 1.74371950834e-06, 1.90502390751e-07, 1.41168655432e-07, 1.61083292483e-07, 1.11837877625e-07, 1.75551676307e-07, 5.53241186196e-08, 2.73821001429e-08, 1.6493235222e-08, 6.05514358654e-08, 8.44419361101e-08, 1.46793681211e-07, 2.76519671161e-07, 6.95157041264e-07, 1.05858168808e-06, 7.17114915005e-07, 1.49110974235e-07, 6.57713883356e-08, 1.59448788808e-12],
        "dvar2": [3.38417999046e-06, 0.00201961072162, 0.00231940113008, 0.000167338570463, 5.20237808814e-05, 4.84891097585e-05, 4.85781401949e-06, 1.24175066958e-05, 2.66879624178e-06, 4.88031787427e-07, 3.35995537171e-07, 3.94263423686e-07, 2.46060494646e-07, 4.47793979674e-07, 1.34724430723e-07, 7.00809223986e-08, 3.84367133677e-08, 1.49358001522e-07, 2.21088996e-07, 3.89702677239e-07, 6.18848901013e-07, 1.70397493093e-06, 2.69819724963e-06, 1.83739018667e-06, 3.71677344901e-07, 1.64214029041e-07, 4.56329505433e-12],
        "max": [0.0185817293823, 0.263434141874, 0.19650144875, 0.0564158707857, 0.0385024473071, 0.0360153503716, 0.0124068642035, 0.0145976860076, 0.0227114148438, 0.00532094761729, 0.00486768689007, 0.00503539526835, 0.00418145209551, 0.00379684614018, 0.00271989544854, 0.00171308510471, 0.00269913603552, 0.00237162550911, 0.00321144098416, 0.00468702614307, 0.00443916302174, 0.00746704917401, 0.0111280176789, 0.00945135485381, 0.00339140789583, 0.00213640136644, 2.34903800447e-05],
        "mean": [0.00302717019804, 0.0400426872075, 0.00676190294325, 0.00149117631372, 0.00119826977607, 0.00222331867553, 0.000967280764598, 0.00239378563128, 0.00136762682814, 0.000234069957514, 0.000222907052375, 0.00025630305754, 0.000261636130745, 0.000208198951441, 9.96588860289e-05, 6.7382978159e-05, 4.80364360556e-05, 8.58136409079e-05, 0.000107835177914, 0.000126111888676, 0.000189646714716, 0.000377395714168, 0.000571919896174, 0.000447824626463, 0.000176239525899, 7.07174331183e-05, 1.22973389693e-07],
        "median": [0.000283983623376, 0.0373973026872, 0.00213298620656, 0.000487921148306, 0.00049454451073, 0.00102947663981, 0.000256670668023, 0.000921011436731, 0.000520886096638, 0.00010587185534, 8.16028477857e-05, 7.68793397583e-05, 9.79194010142e-05, 3.87192339986e-05, 1.39626763485e-05, 1.23219733723e-05, 6.75432966091e-06, 7.15590749678e-06, 2.26483807637e-05, 2.49945205724e-05, 1.970384983e-05, 0.000132791508804, 0.000119648037071, 0.000165378296515, 5.55367587367e-05, 8.75914247445e-06, 5.10629316608e-10],
        "min": [9.346826646e-10, 1.85132886799e-08, 1.12491740367e-08, 2.03114566943e-07, 3.51379412677e-06, 4.33572358816e-06, 7.2852287758e-07, 1.27875523503e-07, 2.32543197853e-06, 1.43385292972e-07, 1.65398049035e-07, 1.49976028752e-06, 2.6903245498e-07, 1.44543719216e-07, 4.21686081609e-08, 1.58852753174e-08, 6.84129020101e-08, 1.85038242506e-08, 4.81666297958e-08, 1.314715945e-07, 2.44418760786e-08, 6.1367387616e-07, 2.27050080071e-07, 1.1262487476e-07, 5.07530479865e-08, 2.47686027244e-09, 9.56065955571e-12],
        "var": [1.67503349076e-05, 0.00159788550809, 0.000503064889926, 3.24770044244e-05, 1.08942576844e-05, 1.35117807076e-05, 3.04086211145e-06, 9.88647207123e-06, 5.49060086996e-06, 1.9300415488e-07, 1.72090054207e-07, 2.15981927454e-07, 1.81164736546e-07, 2.00799860295e-07, 6.64182877586e-08, 2.63357868846e-08, 1.89041848841e-08, 6.16335498194e-08, 7.95628736228e-08, 1.2581644171e-07, 3.13131522489e-07, 7.27322230887e-07, 1.05112587789e-06, 6.8313556767e-07, 1.52167217493e-07, 6.00624119329e-08, 9.05363674655e-13]
    },
    "erbbands": {
        "dmean": [0.325302541256, 2.9177839756, 7.44721126556, 7.56657028198, 5.16247653961, 3.63038086891, 6.91174030304, 18.6752605438, 9.32015800476, 29.1840629578, 22.5745773315, 18.5084400177, 8.95157814026, 6.44153022766, 9.29820632935, 6.77894973755, 8.50476360321, 8.76732254028, 6.88028049469, 3.71705317497, 3.7973511219, 2.23335337639, 3.81272292137, 4.66163539886, 5.93098497391, 5.22098445892, 6.59204864502, 7.3109254837, 10.4906425476, 13.4624700546, 14.9131813049, 10.6404123306, 5.33692598343, 2.22265720367, 1.03178453445, 0.341564655304, 0.15427018702, 0.0138191021979, 0.000282669963781, 3.51436647179e-05],
        "dmean2": [0.507262051105, 4.46702051163, 13.0198841095, 13.9810342789, 9.47942447662, 6.46341705322, 12.1285171509, 31.232919693, 16.3396492004, 45.2206840515, 34.7018241882, 25.4279937744, 12.7809944153, 10.5455875397, 14.5052709579, 10.4163331985, 13.068400383, 14.0431728363, 11.0765943527, 6.02209472656, 6.25616025925, 3.50484681129, 6.24609470367, 7.51095485687, 10.1614379883, 8.68936920166, 10.5204944611, 11.6240472794, 16.7460575104, 22.0203037262, 24.4124908447, 17.6319408417, 8.76392364502, 3.62999391556, 1.63516497612, 0.526843369007, 0.256214022636, 0.023101978004, 0.000471623905469, 5.48857606191e-05],
        "dvar": [0.583408713341, 67.8120574951, 756.315979004, 936.651428223, 354.254547119, 153.601974487, 268.62399292, 1613.70532227, 350.016998291, 1383.39550781, 1186.07092285, 1136.27770996, 210.419754028, 197.865814209, 395.518157959, 153.503707886, 196.074188232, 278.496643066, 340.627227783, 88.7438735962, 96.4003753662, 41.9797363281, 135.567199707, 188.474487305, 335.680297852, 255.571334839, 447.916656494, 449.644195557, 718.966369629, 1089.99206543, 736.512084961, 421.24206543, 135.119628906, 26.0820274353, 7.70019435883, 1.03280675411, 0.313838660717, 0.0029816662427, 1.17067008887e-06, 6.17976869677e-09],
        "dvar2": [1.24116528034, 121.596244812, 2057.75610352, 2657.37646484, 1035.17175293, 432.678192139, 764.079040527, 4533.10888672, 958.784179688, 3125.13452148, 2856.47021484, 1839.95910645, 374.376312256, 520.725097656, 949.832092285, 389.465698242, 432.438751221, 710.801818848, 872.922424316, 225.133758545, 246.935394287, 95.1961898804, 323.692138672, 470.010345459, 935.925537109, 686.095397949, 1016.95458984, 1033.1217041, 1740.2722168, 2812.08984375, 1842.453125, 1056.18505859, 349.236724854, 66.9905319214, 18.8854312897, 2.44648981094, 0.807828605175, 0.00762483803555, 3.02208172798e-06, 1.46481582419e-08],
        "max": [6.57003259659, 68.3241195679, 205.222976685, 218.951873779, 169.394775391, 117.635093689, 124.450218201, 401.491424561, 171.938171387, 284.829193115, 293.838684082, 532.921508789, 228.685958862, 155.166305542, 228.751251221, 162.723114014, 190.931411743, 157.354049683, 201.942703247, 105.968231201, 139.397766113, 112.70275116, 130.674591064, 158.391235352, 224.924377441, 192.340423584, 170.00894165, 178.67829895, 235.482009888, 344.302703857, 275.264648438, 222.290786743, 129.839279175, 45.6474342346, 25.916973114, 9.91134357452, 5.47346687317, 0.469147413969, 0.0111544821411, 0.000805053801741],
        "mean": [1.2950963974, 8.08201885223, 10.5402259827, 6.22942781448, 4.55993032455, 3.74198436737, 6.79492998123, 23.6947364807, 10.6082277298, 45.0842590332, 30.9001655579, 32.7806892395, 15.4968957901, 8.69209289551, 12.1764593124, 8.96405029297, 11.3809318542, 11.0965709686, 8.14647388458, 4.06155824661, 3.85888266563, 2.6728978157, 4.03867578506, 4.92323589325, 6.42370271683, 5.54116773605, 7.11554098129, 8.40136814117, 12.6076250076, 15.4973230362, 15.6765184402, 11.6020793915, 5.96511030197, 2.43808031082, 1.10822188854, 0.362130135298, 0.132390707731, 0.0113683640957, 0.000266277085757, 8.71830707183e-05],
        "median": [1.34586071968, 4.01311349869, 2.45775413513, 2.08663845062, 1.57594490051, 1.388276577, 2.80499625206, 10.6863946915, 4.91477203369, 25.8250808716, 15.3284721375, 13.0914621353, 6.30257987976, 3.93528699875, 4.03985881805, 3.1588613987, 4.58291339874, 4.0526137352, 1.24841701984, 0.798826277256, 0.697279512882, 0.414368987083, 0.411114692688, 0.633314013481, 1.65855610371, 1.1541839838, 0.49223986268, 1.33099651337, 4.52667999268, 4.88037157059, 2.96786141396, 3.20803332329, 2.37443065643, 0.839189469814, 0.289965838194, 0.068818308413, 0.0113780535758, 0.000539644213859, 5.03453447891e-05, 6.76548588672e-05],
        "min": [6.04136232596e-07, 8.97930931387e-06, 0.000117747949844, 0.00139463390224, 0.00371861690655, 0.0135045554489, 0.00953116081655, 0.0423665903509, 0.0266940742731, 0.0294860545546, 0.00966943148524, 0.0519259609282, 0.0812743529677, 0.0101167419925, 0.0792608112097, 0.0727207139134, 0.0242753308266, 0.0280763115734, 0.00529200490564, 0.00233749020845, 0.00268807681277, 0.00340789346956, 0.0013928640401, 0.00158642837778, 0.00374264130369, 0.00724148470908, 0.00473385723308, 0.0042066257447, 0.0116283409297, 0.0174681823701, 0.00756977312267, 0.00277267838828, 0.00159169000108, 0.0014190840302, 0.000179724389454, 9.09488662728e-05, 7.86669170338e-06, 7.58751468766e-07, 1.29377966118e-07, 9.999038042e-08],
        "var": [1.32700622082, 113.201080322, 592.791503906, 546.435546875, 201.286514282, 99.1330184937, 186.324264526, 1466.94250488, 306.070465088, 2570.55639648, 1661.921875, 3047.22387695, 685.090148926, 201.371246338, 510.009521484, 201.198348999, 318.599731445, 336.484985352, 376.50289917, 87.2363815308, 92.7479553223, 51.1418457031, 146.214370728, 181.015396118, 286.474487305, 221.859725952, 483.66317749, 503.473083496, 776.656738281, 1008.597229, 778.39440918, 433.823608398, 127.375709534, 24.8587703705, 7.83719491959, 1.10983991623, 0.262832611799, 0.00247202883475, 9.45520923779e-07, 7.17890635826e-09]
    },
    "gfcc": {
        "mean": [-13.1917991638, 83.4421234131, -68.0838851929, 35.3542327881, -85.9465484619, 41.5695610046, -30.8436374664, 16.4478931427, -10.6415481567, 10.618106842, -2.72451424599, -2.98079419136, -13.6638498306],
        "cov": [[3296.86523438, -479.740325928, -43.4213790894, 480.610473633, 423.172698975, 225.132400513, 137.462341309, 203.204788208, 172.139175415, 218.457351685, -154.189071655, 193.74130249, -12.2265405655], [-479.740325928, 1766.69006348, 632.182495117, -62.2159576416, 473.980804443, 205.325027466, 340.418579102, 158.339187622, 226.632720947, 26.0472202301, 359.775268555, -83.2552185059, 94.1489486694], [-43.4213790894, 632.182495117, 1553.63720703, 504.960388184, 302.979522705, 490.179748535, 351.777557373, 199.107681274, 217.730438232, 85.1220474243, 284.295349121, 204.829605103, 61.8610610962], [480.610473633, -62.2159576416, 504.960388184, 831.066467285, 378.672149658, 155.274932861, 166.26789856, 40.1040725708, 132.819290161, 11.7546186447, 53.3987083435, 147.254547119, 120.056259155], [423.172698975, 473.980804443, 302.979522705, 378.672149658, 657.402770996, 142.098007202, 186.986450195, 119.497154236, 131.033294678, 61.818031311, 80.7325820923, 56.708240509, 85.3657302856], [225.132400513, 205.325027466, 490.179748535, 155.274932861, 142.098007202, 460.914825439, 172.829437256, 77.899772644, 192.049041748, 47.9836196899, 90.3010101318, 23.7054977417, 30.1074428558], [137.462341309, 340.418579102, 351.777557373, 166.26789856, 186.986450195, 172.829437256, 383.084320068, 162.394287109, 50.4564743042, 32.2455940247, 81.197479248, 70.931427002, 37.5850563049], [203.204788208, 158.339187622, 199.107681274, 40.1040725708, 119.497154236, 77.899772644, 162.394287109, 216.213821411, 54.2982978821, 28.7307262421, 60.5348777771, 56.8354644775, 3.93482041359], [172.139175415, 226.632720947, 217.730438232, 132.819290161, 131.033294678, 192.049041748, 50.4564743042, 54.2982978821, 285.20513916, 61.5913848877, 52.6495246887, 0.385413527489, 45.4722747803], [218.457351685, 26.0472202301, 85.1220474243, 11.7546186447, 61.818031311, 47.9836196899, 32.2455940247, 28.7307262421, 61.5913848877, 163.625396729, 34.1609611511, -14.5684604645, -4.55853509903], [-154.189071655, 359.775268555, 284.295349121, 53.3987083435, 80.7325820923, 90.3010101318, 81.197479248, 60.5348777771, 52.6495246887, 34.1609611511, 195.527832031, 6.33104276657, 9.30680561066], [193.74130249, -83.2552185059, 204.829605103, 147.254547119, 56.708240509, 23.7054977417, 70.931427002, 56.8354644775, 0.385413527489, -14.5684604645, 6.33104276657, 186.388504028, 17.5388946533], [-12.2265405655, 94.1489486694, 61.8610610962, 120.056259155, 85.3657302856, 30.1074428558, 37.5850563049, 3.93482041359, 45.4722747803, -4.55853509903, 9.30680561066, 17.5388946533, 99.6887435913]],
        "icov": [[0.000567334122024, -0.000170991625055, 0.00041872044676, -0.000535351922736, -3.37027086061e-05, -0.00059117510682, 0.000318620819598, -0.000662008707877, 0.000161210453371, -0.000935254734941, 0.000770004757214, -0.000699327967595, 0.000664223101921], [-0.000170991625055, 0.00298065366223, -0.00124444661196, 0.00261595821939, -0.00228535709903, 0.00194200477563, -0.00240887911059, 0.00179461564403, -0.00222632312216, 0.00244333618321, -0.00383904390037, 0.0021321575623, -0.00189579161815], [0.00041872044676, -0.00124444661196, 0.00241816206835, -0.00189517904073, 0.00103034882341, -0.00229515484534, 0.000883905566297, -0.00127292412799, 0.0010402923217, -0.00178533315193, 0.000327460555127, -0.00240300083533, 0.00137235270813], [-0.000535351922736, 0.00261595821939, -0.00189517904073, 0.00494053401053, -0.00288125686347, 0.0023082816042, -0.00256118248217, 0.00299175316468, -0.00245189084671, 0.00294768367894, -0.00330315483734, 0.0012122024782, -0.00334414700046], [-3.37027086061e-05, -0.00228535709903, 0.00103034882341, -0.00288125686347, 0.0043174950406, -0.00142923172098, 0.00142927153502, -0.0021053776145, 0.00147407699842, -0.00219268677756, 0.00240467535332, -0.00117614527699, 0.000473264663015], [-0.00059117510682, 0.00194200477563, -0.00229515484534, 0.0023082816042, -0.00142923172098, 0.00621428759769, -0.00304609932937, 0.00229196599685, -0.00384118687361, 0.00259877787903, -0.00250589475036, 0.00269697397016, -0.00122676033061], [0.000318620819598, -0.00240887911059, 0.000883905566297, -0.00256118248217, 0.00142927153502, -0.00304609932937, 0.00705435639247, -0.00465575279668, 0.00316521152854, -0.00253082928248, 0.00305436109193, -0.00203038449399, 0.000582758453675], [-0.000662008707877, 0.00179461564403, -0.00127292412799, 0.00299175316468, -0.0021053776145, 0.00229196599685, -0.00465575279668, 0.00984794925898, -0.00279905367643, 0.0021709788125, -0.00370165100321, -1.94981275854e-05, -0.000386829051422], [0.000161210453371, -0.00222632312216, 0.0010402923217, -0.00245189084671, 0.00147407699842, -0.00384118687361, 0.00316521152854, -0.00279905367643, 0.00772277545184, -0.00335427001119, 0.00266104144976, -0.00100022892002, -0.000503924035002], [-0.000935254734941, 0.00244333618321, -0.00178533315193, 0.00294768367894, -0.00219268677756, 0.00259877787903, -0.00253082928248, 0.0021709788125, -0.00335427001119, 0.0103072123602, -0.00431383773685, 0.00339671550319, -0.00109656865243], [0.000770004757214, -0.00383904390037, 0.000327460555127, -0.00330315483734, 0.00240467535332, -0.00250589475036, 0.00305436109193, -0.00370165100321, 0.00266104144976, -0.00431383773685, 0.0132121630013, -0.00177198904566, 0.00285435747355], [-0.000699327967595, 0.0021321575623, -0.00240300083533, 0.0012122024782, -0.00117614527699, 0.00269697397016, -0.00203038449399, -1.94981275854e-05, -0.00100022892002, 0.00339671550319, -0.00177198904566, 0.0100462837145, -0.00209974707104], [0.000664223101921, -0.00189579161815, 0.00137235270813, -0.00334414700046, 0.000473264663015, -0.00122676033061, 0.000582758453675, -0.000386829051422, -0.000503924035002, -0.00109656865243, 0.00285435747355, -0.00209974707104, 0.0151223670691]]
    },
    "melbands": {
        "dmean": [0.00324431620538, 0.00343420775607, 0.00125125679187, 0.000304304499878, 0.000221389913349, 0.00039032890345, 0.000151549524162, 0.000366462627426, 0.000155420071678, 0.000123673074995, 4.47113925475e-05, 2.66654315055e-05, 2.68162202701e-05, 2.32949896599e-05, 1.93137675524e-05, 2.15799500438e-05, 1.71216270246e-05, 1.32953073262e-05, 6.03409262112e-06, 4.44997112936e-06, 4.59806551589e-06, 2.1631681193e-06, 3.18183151649e-06, 3.82215557693e-06, 3.79929429073e-06, 3.82390180675e-06, 4.52900167147e-06, 3.38150175594e-06, 4.03366675528e-06, 4.85117652715e-06, 4.06104891226e-06, 5.52996789338e-06, 7.09143841959e-06, 8.59942247189e-06, 9.15003602131e-06, 8.22883794172e-06, 6.08585651207e-06, 4.14678424931e-06, 2.50697735282e-06, 1.70489749962e-06],
        "dmean2": [0.00496544037014, 0.00533206062391, 0.00228543626145, 0.000554165046196, 0.000384277460398, 0.000657767290249, 0.000260653352598, 0.000565559661482, 0.000238003820414, 0.000168277649209, 6.40592479613e-05, 4.42672608187e-05, 4.20087380917e-05, 3.64204133803e-05, 2.86180729745e-05, 3.40892183885e-05, 2.76171431324e-05, 2.14258143387e-05, 9.63961610978e-06, 7.38325252314e-06, 7.6668420661e-06, 3.3276578506e-06, 5.16545924256e-06, 6.2680951487e-06, 6.13316751696e-06, 6.39644895273e-06, 7.83287759987e-06, 5.64188167118e-06, 6.57695591144e-06, 7.81720973464e-06, 6.54688119539e-06, 8.89881084731e-06, 1.14067106551e-05, 1.42840763147e-05, 1.51204903887e-05, 1.34965421239e-05, 1.01523546618e-05, 6.80508583173e-06, 4.10680695495e-06, 2.81180837192e-06],
        "dvar": [6.96948191035e-05, 0.000108018284664, 2.38853535848e-05, 1.26165821257e-06, 2.64351427859e-07, 7.25860274997e-07, 7.76779458533e-08, 2.10844433468e-07, 5.51804291149e-08, 5.4321585452e-08, 5.63844571033e-09, 3.73606834358e-09, 3.08523717685e-09, 2.45136222432e-09, 1.13136833235e-09, 1.4213547006e-09, 1.13415110636e-09, 1.33554822757e-09, 2.0559774716e-10, 1.30382662999e-10, 1.57199461781e-10, 4.22502033359e-11, 1.04914923971e-10, 1.29142960215e-10, 1.2808336336e-10, 1.2580081421e-10, 2.04370992352e-10, 1.05810041284e-10, 1.80550255302e-10, 2.45316988945e-10, 1.25883359292e-10, 2.11387296556e-10, 3.47134793133e-10, 4.00531136036e-10, 3.02950858844e-10, 1.88354012942e-10, 1.81889392437e-10, 7.34171751171e-11, 4.06502748129e-11, 1.42793528737e-11],
        "dvar2": [0.000134607966174, 0.000251767720329, 6.71790767228e-05, 3.67734060092e-06, 7.43380724089e-07, 2.04993739317e-06, 2.08470780194e-07, 4.63329598688e-07, 1.32369535777e-07, 8.62584457195e-08, 1.00400976422e-08, 9.78902914284e-09, 7.36494998321e-09, 5.80843817488e-09, 2.43658271337e-09, 3.31767524564e-09, 2.85143819667e-09, 3.45557182868e-09, 4.91793827884e-10, 3.34000133106e-10, 4.06756017757e-10, 9.88311307792e-11, 2.48193687824e-10, 3.2795269278e-10, 3.19260978765e-10, 3.4300326468e-10, 5.80041792375e-10, 2.78929018771e-10, 4.25057433695e-10, 5.64058466601e-10, 2.96810465095e-10, 5.15389786404e-10, 8.68830840606e-10, 1.0530551986e-09, 7.69111996313e-10, 4.6137113574e-10, 4.6795373132e-10, 1.89885412949e-10, 1.05211457602e-10, 3.69644974352e-11],
        "max": [0.0714543536305, 0.0874273478985, 0.0343697629869, 0.0105091482401, 0.0037100056652, 0.00810371059924, 0.00238942191936, 0.00317318434827, 0.00199775886722, 0.00385486055166, 0.00115246779751, 0.000676536816172, 0.000729850493371, 0.000655612559058, 0.000435302674305, 0.000388536282117, 0.00030713021988, 0.000371180096408, 0.000159826740855, 0.000119250595162, 0.000198498542886, 0.000133336579893, 0.000148195933434, 0.000130660089781, 0.000135322596179, 0.00012916061678, 0.000193362153368, 0.00011790543067, 0.000110280430818, 0.000153708300786, 0.000116939678264, 0.000141050375532, 0.000187854544492, 0.000209993682802, 0.00018617878959, 0.00015019136481, 0.000153465545736, 9.25906933844e-05, 7.00147647876e-05, 3.17453595926e-05],
        "mean": [0.0113344816491, 0.00769793661311, 0.00106727494858, 0.000288217735942, 0.000226164265769, 0.000486564094899, 0.000170998479007, 0.000560145243071, 0.000204891708563, 0.000221934344154, 7.44801218389e-05, 3.35664153681e-05, 3.52448259946e-05, 2.88263599941e-05, 2.45826540777e-05, 2.62622706941e-05, 2.05691667361e-05, 1.50733558257e-05, 6.64616436552e-06, 4.64868389827e-06, 4.49863273388e-06, 2.59385024037e-06, 3.33450429935e-06, 3.89827528124e-06, 3.8940770537e-06, 4.21297681896e-06, 4.64018285129e-06, 3.49507035935e-06, 4.08050254919e-06, 5.29896124135e-06, 4.63128208139e-06, 6.50578522254e-06, 8.38496634969e-06, 9.35876232688e-06, 9.37774711929e-06, 8.67214021127e-06, 6.50452057016e-06, 4.61147692477e-06, 2.63653214461e-06, 1.85525095731e-06],
        "median": [0.0113915000111, 0.00261362409219, 0.000415093556512, 0.000126600876683, 9.67345622485e-05, 0.000222769405809, 6.54438408674e-05, 0.000312067888444, 9.75162984105e-05, 7.79445254011e-05, 2.75560796581e-05, 1.39802141348e-05, 1.25739834402e-05, 9.63750426308e-06, 6.4641831159e-06, 9.34408944886e-06, 5.30821216671e-06, 1.87543912489e-06, 9.88905753729e-07, 9.29324755816e-07, 7.25579866412e-07, 3.84559427857e-07, 3.31347621341e-07, 3.17986859955e-07, 3.71309369029e-07, 9.63734919424e-07, 1.17703473279e-06, 6.03560636137e-07, 2.72731568884e-07, 3.12651451395e-07, 7.96660458491e-07, 2.02244905267e-06, 3.07065397465e-06, 2.47762136496e-06, 1.50602340909e-06, 1.83432064205e-06, 2.03076547223e-06, 1.82600001608e-06, 9.48283343405e-07, 5.95542985593e-07],
        "min": [4.9743267283e-09, 6.54372467324e-09, 2.71245824024e-07, 6.13463271293e-07, 5.86865837704e-07, 9.51663821525e-07, 4.51292180514e-07, 2.54351959939e-07, 2.18137365948e-08, 3.7547047782e-07, 3.89655752997e-07, 1.33671331781e-08, 6.41070201368e-08, 1.69210707668e-07, 4.33411955214e-08, 2.77463954035e-08, 3.5355011363e-08, 3.65030738969e-09, 1.88594628803e-09, 6.74777733689e-10, 3.04023584086e-09, 2.79141110227e-09, 5.09744801924e-10, 4.80202266839e-10, 5.63619317884e-10, 1.47947942786e-09, 5.1995332484e-09, 4.36666880432e-09, 3.06457026422e-10, 4.75437356151e-10, 2.80918427409e-10, 1.00901356714e-10, 1.13163025617e-08, 8.13711054093e-09, 4.15046053082e-10, 9.97828382421e-12, 1.0221112845e-09, 1.08620246131e-09, 2.12334635985e-10, 1.38504398922e-11],
