{
"highlevel": {
    "danceability": {
        "all": {
            "danceable": 0.547519266605,
            "not_danceable": 0.452480763197
        },
        "probability": 0.547519266605,
        "value": "danceable"
    },
    "gender": {
        "all": {
            "female": 0.242794975638,
            "male": 0.75720500946
        },
        "probability": 0.75720500946,
        "value": "male"
    },
    "genre_dortmund": {
        "all": {
            "alternative": 0.162096560001,
            "blues": 0.0256577078253,
            "electronic": 0.060115866363,
            "folkcountry": 0.153256669641,
            "funksoulrnb": 0.0187953505665,
            "jazz": 0.0231874845922,
            "pop": 0.0785170942545,
            "raphiphop": 0.00734001304954,
            "rock": 0.471033245325
        },
        "probability": 0.471033245325,
        "value": "rock"
    },
    "genre_electronic": {
        "all": {
            "ambient": 0.725474357605,
            "dnb": 0.10126645118,
            "house": 0.0222223829478,
            "techno": 0.012554353103,
            "trance": 0.138482481241
        },
        "probability": 0.725474357605,
        "value": "ambient"
    },
    "genre_rosamerica": {
        "all": {
            "cla": 0.0115091092885,
            "dan": 0.0201559085399,
            "hip": 0.0111176436767,
            "jaz": 0.0193678643554,
            "pop": 0.587654829025,
            "rhy": 0.0507340691984,
            "roc": 0.294160157442,
            "spe": 0.00530041009188
        },
        "probability": 0.587654829025,
        "value": "pop"
    },
    "genre_tzanetakis": {
        "all": {
            "blu": 0.0626613423228,
            "cla": 0.0348169617355,
            "cou": 0.104475811124,
            "dis": 0.0784321576357,
            "hip": 0.15692435205,
            "jaz": 0.313974827528,
            "met": 0.0448166541755,
            "pop": 0.0627359300852,
            "reg": 0.0627360641956,
            "roc": 0.0784258767962
        },
        "probability": 0.313974827528,
        "value": "jaz"
    },
    "ismir04_rhythm": {
        "all": {
            "ChaChaCha": 0.130553558469,
            "Jive": 0.148278176785,
            "Quickstep": 0.279907464981,
            "Rumba-American": 0.0170371979475,
            "Rumba-International": 0.0166886895895,
            "Rumba-Misc": 0.00928756501526,
            "Samba": 0.110067822039,
            "Tango": 0.11873280257,
            "VienneseWaltz": 0.16044908762,
            "Waltz": 0.00899764243513
        },
        "probability": 0.279907464981,
        "value": "Quickstep"
    },
    "mood_acoustic": {
        "all": {
            "acoustic": 0.32323345542,
            "not_acoustic": 0.676766514778
        },
        "probability": 0.676766514778,
        "value": "not_acoustic"
    },
    "mood_aggressive": {
        "all": {
            "aggressive": 0.444446265697,
            "not_aggressive": 0.555553734303
        },
        "probability": 0.555553734303,
        "value": "not_aggressive"
    },
    "mood_electronic": {
        "all": {
            "electronic": 0.328500390053,
            "not_electronic": 0.671499609947
        },
        "probability": 0.671499609947,
        "value": "not_electronic"
    },
    "mood_happy": {
        "all": {
            "happy": 0.735710859299,
            "not_happy": 0.264289140701
        },
        "probability": 0.735710859299,
        "value": "happy"
    },
    "mood_party": {
        "all": {
            "not_party": 0.791858553886,
            "party": 0.208141446114
        },
        "probability": 0.791858553886,
        "value": "not_party"
    },
    "mood_relaxed": {
        "all": {
            "not_relaxed": 0.741036713123,
            "relaxed": 0.258963286877
        },
        "probability": 0.741036713123,
        "value": "not_relaxed"
    },
    "mood_sad": {
        "all": {
            "not_sad": 0.825942575932,
            "sad": 0.174057424068
        },
        "probability": 0.825942575932,
        "value": "not_sad"
    },
    "moods_mirex": {
        "all": {
            "Cluster1": 0.233723253012,
            "Cluster2": 0.191001132131,
            "Cluster3": 0.211066573858,
            "Cluster4": 0.21930231154,
            "Cluster5": 0.14490672946
        },
        "probability": 0.233723253012,
        "value": "Cluster1"
    },
    "timbre": {
        "all": {
            "bright": 0.363386362791,
            "dark": 0.636613607407
        },
        "probability": 0.636613607407,
        "value": "dark"
    },
    "tonal_atonal": {
        "all": {
            "atonal": 0.0258155018091,
            "tonal": 0.974184513092
        },
        "probability": 0.974184513092,
        "value": "tonal"
    },
    "voice_instrumental": {
        "all": {
            "instrumental": 0.0145655283704,
            "voice": 0.985434472561
        },
        "probability": 0.985434472561,
        "value": "voice"
    }
},
"lowlevel": {
    "average_loudness": 0.979825377464,
    "barkbands_crest": {
        "dmean": 2.45709037781,
        "dmean2": 4.05896615982,
        "dvar": 5.13834238052,
        "dvar2": 13.2667169571,
        "max": 21.7831287384,
        "mean": 8.54786777496,
        "median": 7.94228649139,
        "min": 2.68745684624,
        "var": 9.96406173706
    },
    "barkbands_flatness_db": {
        "dmean": 0.0205138865858,
        "dmean2": 0.0317186787724,
        "dvar": 0.000331672868924,
        "dvar2": 0.000723308301531,
        "max": 0.269780993462,
        "mean": 0.142216593027,
        "median": 0.141664341092,
        "min": 0.0579727292061,
        "var": 0.00108552060556
    },
    "barkbands_kurtosis": {
        "dmean": 1.99627745152,
        "dmean2": 3.24070525169,
        "dvar": 6.41731214523,
        "dvar2": 16.3889713287,
        "max": 32.1958122253,
        "mean": 2.83089923859,
        "median": 2.0435256958,
        "min": -1.49054670334,
        "var": 12.3345746994
    },
    "barkbands_skewness": {
        "dmean": 0.484828263521,
        "dmean2": 0.770668387413,
        "dvar": 0.207388535142,
        "dvar2": 0.502975583076,
        "max": 5.1115193367,
        "mean": 1.30826175213,
        "median": 1.28972649574,
        "min": -1.5492464304,
        "var": 0.722340464592
    },
    "barkbands_spread": {
        "dmean": 4.33517408371,
        "dmean2": 6.71945714951,
        "dvar": 22.0394058228,
        "dvar2": 50.5661659241,
        "max": 75.093421936,
        "mean": 17.2902088165,
        "median": 15.5754346848,
        "min": 3.61226081848,
        "var": 57.7572937012
    },
    "dissonance": {
        "dmean": 0.0232438948005,
        "dmean2": 0.040033981204,
        "dvar": 0.000393983937101,
        "dvar2": 0.00111479999032,
        "max": 0.500000178814,
        "mean": 0.461250036955,
        "median": 0.466705590487,
        "min": 0.352619707584,
        "var": 0.00071476312587
    },
    "dynamic_complexity": 1.72135925293,
    "erbbands_crest": {
        "dmean": 2.70219087601,
        "dmean2": 4.5082859993,
        "dvar": 5.74139881134,
        "dvar2": 15.7475509644,
        "max": 24.1299819946,
        "mean": 8.58215332031,
        "median": 8.001496315,
        "min": 2.22893977165,
        "var": 11.9099397659
    },
    "erbbands_flatness_db": {
        "dmean": 0.0197806153446,
        "dmean2": 0.0266238860786,
        "dvar": 0.000271332712146,
        "dvar2": 0.000475098611787,
        "max": 0.293526828289,
        "mean": 0.160668283701,
        "median": 0.162233486772,
        "min": 0.0632446482778,
        "var": 0.00154433224816
    },
    "erbbands_kurtosis": {
        "dmean": 0.952545821667,
        "dmean2": 1.58054041862,
        "dvar": 1.32288730145,
        "dvar2": 3.36207199097,
        "max": 15.4848499298,
        "mean": 1.11807346344,
        "median": 0.619526863098,
        "min": -1.52127230167,
        "var": 3.6464009285
    },
    "erbbands_skewness": {
        "dmean": 0.378017097712,
        "dmean2": 0.613007605076,
        "dvar": 0.115954242647,
        "dvar2": 0.287742674351,
        "max": 3.18514513969,
        "mean": 0.478364557028,
        "median": 0.506209433079,
        "min": -1.29270839691,
        "var": 0.307525843382
    },
    "erbbands_spread": {
        "dmean": 6.25177431107,
        "dmean2": 9.3385477066,
        "dvar": 44.1252098083,
        "dvar2": 89.4204177856,
        "max": 120.573425293,
        "mean": 28.975227356,
        "median": 26.2899551392,
        "min": 3.79447484016,
        "var": 202.891555786
    },
    "hfc": {
        "dmean": 8.59602928162,
        "dmean2": 12.2893648148,
        "dvar": 110.267150879,
        "dvar2": 214.909683228,
        "max": 106.758056641,
        "mean": 25.1598072052,
        "median": 21.1750564575,
        "min": 0.81457644701,
        "var": 291.246734619
    },
    "melbands_crest": {
        "dmean": 3.54674887657,
        "dmean2": 5.87249135971,
        "dvar": 9.95171737671,
        "dvar2": 24.5693531036,
        "max": 28.0975494385,
        "mean": 12.8966856003,
        "median": 12.0810871124,
        "min": 4.32738637924,
        "var": 21.792673111
    },
    "melbands_flatness_db": {
        "dmean": 0.0248345658183,
        "dmean2": 0.0371580608189,
        "dvar": 0.000555026985239,
        "dvar2": 0.00118255766574,
        "max": 0.390794634819,
        "mean": 0.198208108544,
        "median": 0.198324725032,
        "min": 0.0571734718978,
        "var": 0.0024715999607
    },
    "melbands_kurtosis": {
        "dmean": 4.0812497139,
        "dmean2": 6.50738525391,
        "dvar": 31.6897220612,
        "dvar2": 75.9218902588,
        "max": 77.900062561,
        "mean": 7.35129213333,
        "median": 4.81074380875,
        "min": -1.44522869587,
        "var": 73.0610198975
    },
    "melbands_skewness": {
        "dmean": 0.61944770813,
        "dmean2": 0.97448861599,
        "dvar": 0.367935866117,
        "dvar2": 0.847237944603,
        "max": 7.4371676445,
        "mean": 1.96417796612,
        "median": 1.78200769424,
        "min": -1.31982553005,
        "var": 1.37613284588
    },
    "melbands_spread": {
        "dmean": 5.159324646,
        "dmean2": 8.22979831696,
        "dvar": 27.4203147888,
        "dvar2": 68.8856735229,
        "max": 59.2907295227,
        "mean": 19.4069213867,
        "median": 17.4661598206,
        "min": 2.8414170742,
        "var": 86.2856369019
    },
    "pitch_salience": {
        "dmean": 0.0775099471211,
        "dmean2": 0.124133616686,
        "dvar": 0.00465155672282,
        "dvar2": 0.0113887814805,
        "max": 0.823855400085,
        "mean": 0.579358518124,
        "median": 0.586941182613,
        "min": 0.214869961143,
        "var": 0.00960443075746
    },
    "silence_rate_20dB": {
        "dmean": 0,
        "dmean2": 0,
        "dvar": 0,
        "dvar2": 0,
        "max": 1,
        "mean": 1,
        "median": 1,
        "min": 1,
        "var": 0
    },
    "silence_rate_30dB": {
        "dmean": 0,
        "dmean2": 0,
        "dvar": 0,
        "dvar2": 0,
        "max": 1,
        "mean": 1,
        "median": 1,
        "min": 1,
        "var": 0
    },
    "silence_rate_60dB": {
        "dmean": 0.00154798757285,
        "dmean2": 0.00309837330133,
        "dvar": 0.00154559093062,
        "dvar2": 0.00308877136558,
        "max": 1,
        "mean": 0.00309358071536,
        "median": 0,
        "min": 0,
        "var": 0.00308400928043
    },
    "spectral_centroid": {
        "dmean": 167.954315186,
        "dmean2": 259.079864502,
        "dvar": 27415.8847656,
        "dvar2": 64894.921875,
        "max": 2462.80664062,
        "mean": 1015.43206787,
        "median": 936.725280762,
        "min": 335.784179688,
        "var": 127718.609375
    },
    "spectral_complexity": {
        "dmean": 3.56269359589,
        "dmean2": 5.32610368729,
        "dvar": 12.5324268341,
        "dvar2": 22.6596336365,
        "max": 48,
        "mean": 22.1941223145,
        "median": 21,
        "min": 5,
        "var": 48.2245445251
    },
    "spectral_decrease": {
        "dmean": 3.24842797106e-09,
        "dmean2": 4.96604579681e-09,
        "dvar": 1.38391220773e-17,
        "dvar2": 3.11646681614e-17,
        "max": -3.43682499127e-10,
        "mean": -9.31456867193e-09,
        "median": -8.27063129094e-09,
        "min": -3.29606599792e-08,
        "var": 2.78873157087e-17
    },
    "spectral_energy": {
        "dmean": 0.012878513895,
        "dmean2": 0.0195172317326,
        "dvar": 0.000212783968891,
        "dvar2": 0.000475922162877,
        "max": 0.129019171,
        "mean": 0.0374374166131,
        "median": 0.0335039682686,
        "min": 0.0013710205676,
        "var": 0.000441016920377
    },
    "spectral_energyband_high": {
        "dmean": 0.000376736570615,
        "dmean2": 0.000510456215125,
        "dvar": 4.09350519703e-07,
        "dvar2": 8.41322787437e-07,
        "max": 0.00618126569316,
        "mean": 0.000656333926599,
        "median": 0.000320836552419,
        "min": 2.89604304271e-06,
        "var": 7.681010743e-07
    },
    "spectral_energyband_low": {
        "dmean": 0.00687645375729,
        "dmean2": 0.0109355319291,
        "dvar": 0.000125643331558,
        "dvar2": 0.000297695863992,
        "max": 0.0945035070181,
        "mean": 0.0125952614471,
        "median": 0.00858050957322,
        "min": 2.61871036855e-06,
        "var": 0.000189859230886
    },
    "spectral_energyband_middle_high": {
        "dmean": 0.00312537443824,
        "dmean2": 0.00489549338818,
        "dvar": 1.83895208465e-05,
        "dvar2": 4.21195400122e-05,
        "max": 0.060165181756,
        "mean": 0.0084154298529,
        "median": 0.00589778553694,
        "min": 0.000216372325667,
        "var": 6.11913201283e-05
    },
    "spectral_energyband_middle_low": {
        "dmean": 0.00750153278932,
        "dmean2": 0.0121864201501,
        "dvar": 0.000115158967674,
        "dvar2": 0.000289317104034,
        "max": 0.104389280081,
        "mean": 0.0175590272993,
        "median": 0.0142346844077,
        "min": 0.000996013521217,
        "var": 0.000167283345945
    },
    "spectral_entropy": {
        "dmean": 0.151886940002,
        "dmean2": 0.21981190145,
        "dvar": 0.020711844787,
        "dvar2": 0.0402677096426,
        "max": 8.45335578918,
        "mean": 7.51891040802,
        "median": 7.53107786179,
        "min": 6.39550876617,
        "var": 0.0852210819721
    },
    "spectral_flux": {
        "dmean": 0.0298931449652,
        "dmean2": 0.0462006926537,
        "dvar": 0.000978078925982,
        "dvar2": 0.00216607935727,
        "max": 0.288200765848,
        "mean": 0.105534993112,
        "median": 0.0957317724824,
        "min": 0.0131248347461,
        "var": 0.00201813154854
    },
    "spectral_kurtosis": {
        "dmean": 1.65425753593,
        "dmean2": 2.59462547302,
        "dvar": 2.89424300194,
        "dvar2": 6.40280151367,
        "max": 27.4572257996,
        "mean": 5.99356937408,
        "median": 5.20957374573,
        "min": -0.574563980103,
        "var": 11.2766237259
    },
    "spectral_rms": {
        "dmean": 0.00100228982046,
        "dmean2": 0.00149093498476,
        "dvar": 1.02695673831e-06,
        "dvar2": 2.13333578358e-06,
        "max": 0.0112192854285,
        "mean": 0.00580260157585,
        "median": 0.00571723701432,
        "min": 0.00115653837565,
        "var": 2.85409737444e-06
    },
    "spectral_rolloff": {
        "dmean": 278.764221191,
        "dmean2": 452.947387695,
        "dvar": 144771.609375,
        "dvar2": 330511.03125,
        "max": 7450.48828125,
        "mean": 1120.50939941,
        "median": 1033.59375,
        "min": 107.666015625,
        "var": 356293.4375
    },
    "spectral_skewness": {
        "dmean": 0.208873853087,
        "dmean2": 0.322366386652,
        "dvar": 0.0398234315217,
        "dvar2": 0.0814089253545,
        "max": 4.47807025909,
        "mean": 1.93994367123,
        "median": 1.86582767963,
        "min": 0.816040217876,
        "var": 0.22125159204
    },
    "spectral_spread": {
        "dmean": 636012.875,
        "dmean2": 841800.25,
        "dvar": 495207677952,
        "dvar2": 884098072576,
        "max": 13163093,
        "mean": 4307709,
        "median": 3946796.25,
        "min": 2171496.75,
        "var": 1.55597012992e+12
    },
    "spectral_strongpeak": {
        "dmean": 0.651581227779,
        "dmean2": 1.09721112251,
        "dvar": 0.883219718933,
        "dvar2": 2.31486344337,
        "max": 11.9042425156,
        "mean": 1.02530050278,
        "median": 0.634530544281,
        "min": 0.0390358828008,
        "var": 1.18960821629
    },
    "zerocrossingrate": {
        "dmean": 0.00884310621768,
        "dmean2": 0.0105606419966,
        "dvar": 8.61523658386e-05,
        "dvar2": 0.000109532033093,
        "max": 0.17822265625,
        "mean": 0.0502959899604,
        "median": 0.046875,
        "min": 0.01171875,
        "var": 0.000394530710764
    },
    "barkbands": {
        "dmean": [8.58974817675e-05, 0.00373902823776, 0.00361799239181, 0.00173985934816, 0.00206301780418, 0.00203252723441, 0.00147715280764, 0.00157199625392, 0.00232057599351, 0.00109243497718, 0.000960261910222, 0.000789713463746, 0.000885826710146, 0.000613383366726, 0.000550117169041, 0.000271203462034, 0.000145431302371, 0.000144913952681, 8.70708390721e-05, 8.42026493046e-05, 5.56661179871e-05, 7.15340211173e-05, 5.01354370499e-05, 6.49649373372e-05, 9.07808498596e-05, 5.44431786693e-05, 7.81019249274e-09],
        "dmean2": [0.000141445198096, 0.00593407731503, 0.00592468352988, 0.00290249567479, 0.00348967127502, 0.0032900152728, 0.00244159041904, 0.00259026279673, 0.00382874556817, 0.00171839108225, 0.00160055910237, 0.00129948870745, 0.00145013222937, 0.000997390365228, 0.0008939410327, 0.000442839140305, 0.000226743519306, 0.00023305376817, 0.00014345406089, 0.000132423170726, 8.08082477306e-05, 0.0001049975981, 6.97614232195e-05, 9.5772993518e-05, 0.000136389964609, 7.87208409747e-05, 1.37655522536e-08],
        "dvar": [2.22195772892e-08, 3.29578433593e-05, 6.0682916228e-05, 9.54951701715e-06, 1.51279455167e-05, 1.13964269985e-05, 4.96955181006e-06, 8.30871613289e-06, 2.98690756608e-05, 2.51356277658e-06, 3.38579047821e-06, 1.78619882263e-06, 3.66576864508e-06, 1.02486990272e-06, 1.17079207484e-06, 8.03998830179e-07, 1.03449735889e-07, 6.06193850672e-08, 2.283021594e-08, 2.11591224542e-08, 7.99983190802e-09, 1.53053179019e-08, 7.92761323254e-09, 1.61962034895e-08, 4.31968381065e-08, 9.99659999223e-09, 1.05451229126e-15],
        "dvar2": [4.90145701804e-08, 7.46058285586e-05, 0.000153262939421, 2.43627928285e-05, 4.09727363149e-05, 2.97376136587e-05, 1.20076583698e-05, 2.0957997549e-05, 7.74158543209e-05, 5.94110815655e-06, 8.64261801325e-06, 4.42643340648e-06, 9.39328583627e-06, 2.53390157923e-06, 2.80308154288e-06, 2.30223213293e-06, 2.1975007769e-07, 1.5689637678e-07, 6.00041616394e-08, 5.14631288695e-08, 1.53479824405e-08, 3.36320304939e-08, 1.68312244142e-08, 3.66916310668e-08, 1.06946941969e-07, 2.35786234981e-08, 2.28666094408e-15],
        "max": [0.00293205631897, 0.0525775775313, 0.0710796862841, 0.037646099925, 0.0322694815695, 0.0402781553566, 0.0303159877658, 0.0339739322662, 0.0949815586209, 0.0232505928725, 0.0306403487921, 0.015834691003, 0.0333659090102, 0.0125287184492, 0.012466984801, 0.0249329917133, 0.00822683051229, 0.00381435081363, 0.00184516236186, 0.0020572738722, 0.00122772343457, 0.00155380123761, 0.000894081429578, 0.0014590654755, 0.00304286391474, 0.00068688148167, 6.70976987749e-07],
        "mean": [0.000109495646029, 0.00567314168438, 0.00542319240049, 0.00273469369859, 0.0031724665314, 0.00311733200215, 0.00226376089267, 0.00210001086816, 0.00321477162652, 0.00174209824763, 0.00151231943164, 0.00118789868429, 0.00145644391887, 0.000917942146771, 0.000904204498511, 0.00046671894961, 0.000269383017439, 0.000276720005786, 0.000159816248924, 0.000177903959411, 0.000106685321953, 0.000121113218484, 8.35186729091e-05, 8.12859871075e-05, 0.00010526785627, 5.92365977354e-05, 5.60725244014e-09],
        "median": [4.79887567053e-05, 0.00275799725205, 0.00255665183067, 0.00141783559229, 0.00170668645296, 0.00194078474306, 0.00146658928134, 0.000779680616688, 0.00152607297059, 0.00106955820229, 0.000643388309982, 0.000503194227349, 0.000501891190652, 0.000471457577078, 0.000394498114474, 0.000218602348468, 0.00011723364878, 0.000150904204929, 9.59422759479e-05, 0.000106072402559, 6.26146793365e-05, 6.17675395915e-05, 4.1057519411e-05, 2.59061434917e-05, 3.0802184483e-05, 1.32468003358e-05, 5.77121239687e-10],
        "min": [1.53728407781e-07, 5.18802266924e-07, 2.58285496102e-07, 1.11656481749e-06, 9.84249982139e-06, 3.12635747832e-05, 3.68998880731e-05, 1.77270503627e-05, 2.82629807771e-05, 2.28751796385e-05, 6.93773017701e-06, 4.47025558969e-06, 4.77776893604e-06, 1.53922301251e-05, 6.33220179225e-06, 5.03670980834e-06, 2.89913691631e-06, 2.59642024503e-06, 3.36128323397e-06, 7.17066484412e-07, 7.67747039276e-08, 4.73863721595e-08, 2.37861841335e-09, 3.506165136e-09, 1.94218642946e-07, 1.96847625006e-11, 8.63465982742e-12],
        "var": [3.44002835106e-08, 5.57595521968e-05, 7.50774124754e-05, 1.83977554116e-05, 1.83509255294e-05, 1.3869277609e-05, 7.01799081071e-06, 1.27350203911e-05, 3.18302991218e-05, 4.52358199254e-06, 6.66509231451e-06, 3.68450332644e-06, 8.3583927335e-06, 1.68350243257e-06, 2.15295108319e-06, 9.44758255628e-07, 2.95058669053e-07, 1.57898369935e-07, 3.63133985104e-08, 5.29860955112e-08, 1.79579124904e-08, 2.76472036376e-08, 1.53413370896e-08, 2.02623482437e-08, 4.50183321732e-08, 1.15802158973e-08, 8.61335151508e-16]
    },
    "erbbands": {
        "dmean": [0.0715690404177, 0.994574010372, 3.89518928528, 4.74120330811, 7.84486103058, 6.18171977997, 11.5621156693, 16.5506248474, 19.6040706635, 23.061258316, 43.9918403625, 47.6054420471, 45.1036453247, 29.3324947357, 36.1816940308, 31.0275726318, 40.9696235657, 33.3038063049, 32.3408813477, 16.5400066376, 10.7792062759, 7.96368503571, 7.59672784805, 6.13578939438, 3.51616382599, 3.85305762291, 2.42394137383, 2.33010673523, 2.472468853, 2.0853741169, 1.45949351788, 1.1254324913, 1.2182008028, 1.10380005836, 0.611470341682, 0.300288140774, 0.0966312214732, 0.00543099083006, 0.000115088390885, 1.9572522433e-05],
        "dmean2": [0.113168090582, 1.58392548561, 6.28813886642, 7.89974212646, 13.4517192841, 10.1404705048, 18.6446304321, 27.0107650757, 32.1109199524, 37.0858764648, 72.1283035278, 76.6496200562, 73.4967346191, 48.4305610657, 60.310382843, 51.4459915161, 67.497428894, 54.669467926, 51.8444824219, 26.4456577301, 16.9908447266, 12.1474885941, 12.2216358185, 9.96217155457, 5.57880735397, 6.02870702744, 3.64668440819, 3.42263889313, 3.68283462524, 3.00125336647, 2.04094290733, 1.59175145626, 1.83388566971, 1.68154323101, 0.916185259819, 0.447438269854, 0.139280170202, 0.00797395873815, 0.000164066077559, 2.78951501969e-05],
        "dvar": [0.0133858779445, 2.4204480648, 52.9021034241, 94.3924865723, 328.584350586, 116.661643982, 481.126464844, 658.486816406, 735.908935547, 2518.37158203, 7146.22998047, 11844.2822266, 8238.17382812, 1741.61047363, 6867.36621094, 2986.80029297, 7683.98291016, 2719.23901367, 3798.49291992, 1267.41296387, 569.762634277, 293.626525879, 156.795913696, 125.189048767, 27.6428222656, 45.2293510437, 21.3751544952, 12.1107139587, 17.7570991516, 15.363199234, 6.79919528961, 4.50825595856, 5.99126148224, 7.76808071136, 1.73578596115, 0.351811259985, 0.0272097568959, 8.20495915832e-05, 3.55933522656e-08, 5.41716227431e-10],
        "dvar2": [0.0305368267, 5.46623802185, 129.860748291, 245.996124268, 905.272827148, 307.988555908, 1246.4140625, 1714.62316895, 1747.99182129, 6110.26123047, 19382.6210938, 28931.9101562, 22257.1210938, 4112.56005859, 18460.2460938, 7384.07568359, 19748.8359375, 6902.40039062, 9241.33398438, 3289.77685547, 1543.1652832, 595.502441406, 397.976531982, 325.922210693, 65.0957489014, 109.73008728, 44.6871604919, 24.483997345, 38.859336853, 34.3883781433, 15.1002435684, 9.67624378204, 14.0644044876, 20.0134410858, 4.22895097733, 0.854063272476, 0.0606079697609, 0.000187015102711, 7.87018379356e-08, 1.07868303179e-09],
        "max": [1.91662287712, 14.1908550262, 69.1929473877, 90.0085754395, 146.335830688, 121.304924011, 264.17010498, 323.168121338, 298.465576172, 813.505981445, 842.825500488, 1787.14562988, 1314.38342285, 580.553161621, 1397.97619629, 656.146606445, 1593.3494873, 588.973266602, 749.426574707, 874.229431152, 592.319458008, 439.383178711, 188.129592896, 148.747848511, 71.2989654541, 95.0242843628, 77.9490203857, 42.285949707, 47.7166099548, 53.6215820312, 28.0416908264, 25.479019165, 28.636051178, 50.5863456726, 12.7904396057, 4.65510892868, 1.15979099274, 0.0775638446212, 0.00157802097965, 0.000198747322429],
        "mean": [0.102309793234, 1.51002669334, 6.05771875381, 7.93506860733, 10.8338937759, 9.78525447845, 16.3692474365, 26.3849658966, 31.6458969116, 34.6628799438, 60.3541984558, 69.5426483154, 67.2525939941, 49.3625488281, 58.3299674988, 49.0122108459, 69.5549163818, 54.9184417725, 53.331993103, 32.3572769165, 21.7252750397, 15.6563205719, 14.3038578033, 11.8694067001, 7.31506919861, 8.1335735321, 4.95191383362, 4.45138645172, 4.29353237152, 3.41221499443, 2.34510064125, 1.51724255085, 1.50078713894, 1.30503034592, 0.659053504467, 0.322480976582, 0.104175172746, 0.00586505234241, 0.000143520286656, 5.15726242156e-05],
        "median": [0.0476447530091, 0.77420759201, 3.15370202065, 4.76505565643, 5.78428697586, 5.02347517014, 9.04589557648, 16.5373077393, 20.4137859344, 17.8566703796, 25.4294223785, 30.8636207581, 40.8577384949, 29.427898407, 19.1431713104, 23.0621166229, 26.3740196228, 29.527671814, 23.1274356842, 18.5038261414, 11.6131439209, 7.03955364227, 7.50124502182, 6.41809940338, 4.93854236603, 4.65927934647, 2.66607499123, 2.75709915161, 2.23358798027, 1.5212829113, 1.17968451977, 0.551245570183, 0.490963369608, 0.411835432053, 0.162240430713, 0.0812301486731, 0.0185111742467, 0.00104442005977, 4.37902417616e-05, 4.33208988397e-05],
        "min": [5.15067586093e-05, 7.66801458667e-05, 0.00102838815656, 0.0131343025714, 0.0480668395758, 0.0225893463939, 0.154604122043, 0.293831974268, 0.700852751732, 0.709492862225, 0.846914231777, 1.19459998608, 1.38391804695, 0.541660666466, 0.26548203826, 0.259452134371, 0.514162540436, 0.381246954203, 0.737343668938, 0.403564751148, 0.391732752323, 0.203489765525, 0.19002892077, 0.129699528217, 0.116480104625, 0.0461239106953, 0.00861212704331, 0.00299593782984, 0.00181314023212, 0.0010926501127, 0.000803566537797, 0.000473108928418, 0.00352477282286, 0.00221631024033, 0.000709272222593, 6.79791410221e-05, 1.35962736749e-05, 1.45110129779e-06, 8.76344358858e-07, 1.60451463671e-06],
        "var": [0.0229102168232, 3.79746675491, 70.6904830933, 123.02936554, 304.500061035, 168.913726807, 527.418151855, 921.345153809, 1209.75927734, 3679.23461914, 9788.91308594, 14671.5439453, 9125.21191406, 3475.65649414, 12609.6914062, 5526.80175781, 17618.4199219, 4969.70898438, 6831.14599609, 2040.33483887, 1054.39587402, 900.952514648, 390.795959473, 270.544921875, 51.4514884949, 115.914337158, 51.2742462158, 26.9967765808, 32.6918792725, 27.0299968719, 12.2840890884, 6.62515497208, 6.9274148941, 7.36148738861, 1.84589624405, 0.381422549486, 0.0340640060604, 0.00010288926569, 4.75142414302e-08, 1.12292486421e-09]
    },
    "gfcc": {
        "mean": [30.1606788635, 103.096641541, -119.380195618, 14.6723098755, -61.9687690735, 20.8685131073, -40.7205467224, 12.9453639984, -26.8256092072, 9.12360095978, -19.5134429932, -2.36338591576, -12.1577110291],
        "cov": [[2138.97705078, -698.875610352, 239.158477783, 253.514053345, -96.762802124, 153.953125, -3.57946968079, -22.5744571686, -18.1462402344, -1.15689635277, -156.79473877, 122.919845581, -95.5014190674], [-698.875610352, 781.21472168, 156.24256897, 94.5752716064, 244.658355713, 49.9879455566, 146.772125244, 7.45001411438, -2.44890522957, -23.1541633606, 125.143722534, -114.575752258, 32.2345619202], [239.158477783, 156.24256897, 767.36907959, 200.468139648, 185.964447021, 132.605941772, 21.5865249634, 96.7378311157, -28.3399124146, 30.4119606018, -44.886341095, 34.7222709656, -79.7855224609], [253.514053345, 94.5752716064, 200.468139648, 401.491027832, 108.041519165, 28.1585426331, 28.4898891449, 9.93832397461, 79.5995025635, -44.810092926, -0.489096969366, 21.5707530975, 43.6652946472], [-96.762802124, 244.658355713, 185.964447021, 108.041519165, 267.186981201, 75.8199081421, 62.0166282654, 69.0833587646, -29.815870285, 21.2464923859, 26.2240085602, -13.8313779831, -6.28909826279], [153.953125, 49.9879455566, 132.605941772, 28.1585426331, 75.8199081421, 182.940856934, 114.390258789, 5.23476362228, -21.179731369, 11.9737548828, 9.31139087677, -5.49463796616, -43.803527832], [-3.57946968079, 146.772125244, 21.5865249634, 28.4898891449, 62.0166282654, 114.390258789, 164.112213135, 7.4916100502, 4.39096498489, 3.68459177017, 32.1942062378, -17.368396759, -22.7154369354], [-22.5744571686, 7.45001411438, 96.7378311157, 9.93832397461, 69.0833587646, 5.23476362228, 7.4916100502, 140.265533447, 24.0584316254, 27.7485122681, -4.69826507568, 1.86685228348, 2.44176745415], [-18.1462402344, -2.44890522957, -28.3399124146, 79.5995025635, -29.815870285, -21.179731369, 4.39096498489, 24.0584316254, 132.626602173, 5.98293542862, -0.70167028904, 0.315238088369, 21.5929012299], [-1.15689635277, -23.1541633606, 30.4119606018, -44.810092926, 21.2464923859, 11.9737548828, 3.68459177017, 27.7485122681, 5.98293542862, 69.8670654297, 11.8231897354, 3.95613479614, -13.7401237488], [-156.79473877, 125.143722534, -44.886341095, -0.489096969366, 26.2240085602, 9.31139087677, 32.1942062378, -4.69826507568, -0.70167028904, 11.8231897354, 92.9215087891, 8.88458156586, 19.4554080963], [122.919845581, -114.575752258, 34.7222709656, 21.5707530975, -13.8313779831, -5.49463796616, -17.368396759, 1.86685228348, 0.315238088369, 3.95613479614, 8.88458156586, 89.5218734741, 3.2801630497], [-95.5014190674, 32.2345619202, -79.7855224609, 43.6652946472, -6.28909826279, -43.803527832, -22.7154369354, 2.44176745415, 21.5929012299, -13.7401237488, 19.4554080963, 3.2801630497, 76.2904434204]],
        "icov": [[0.00106839963701, 0.00110651378054, -0.00012767262524, -0.00109747925308, 0.000202434574021, -0.000508675759193, -0.000458027701825, 0.000160148993018, 0.000659119978081, -0.000268272415269, 0.000300643499941, 0.000127603707369, 0.000630628201179], [0.00110651378054, 0.00943036656827, -0.00453371368349, 0.00235379557125, -0.00663302605972, 0.00582211231813, -0.00764324003831, 0.00490439264104, -0.0029341862537, 0.00658551277593, -0.00978324562311, 0.0103351725265, -0.00425762729719], [-0.00012767262524, -0.00453371368349, 0.00513246236369, -0.00354680605233, 0.0031030557584, -0.00491827214137, 0.00539867812768, -0.00411142269149, 0.00298045529053, -0.00462578702718, 0.00595046719536, -0.00604672078043, 0.0053901639767], [-0.00109747925308, 0.00235379557125, -0.00354680605233, 0.00852632243186, -0.00569673301652, 0.00333040673286, -0.00332595757209, 0.00404168479145, -0.00664241844788, 0.00729334913194, -0.00392922153696, 0.00276669370942, -0.00655817054212], [0.000202434574021, -0.00663302605972, 0.0031030557584, -0.00569673301652, 0.0130541697145, -0.00622028019279, 0.00485075823963, -0.00715220114216, 0.00683220755309, -0.00806260667741, 0.00649209320545, -0.0063303927891, 0.00397040229291], [-0.000508675759193, 0.00582211231813, -0.00491827214137, 0.00333040673286, -0.00622028019279, 0.0180313345045, -0.0137602891773, 0.00507745193318, -0.00195560161956, 0.00429822690785, -0.00696376012638, 0.00719818891957, -0.00177189393435], [-0.000458027701825, -0.00764324003831, 0.00539867812768, -0.00332595757209, 0.00485075823963, -0.0137602891773, 0.0201427154243, -0.00535777350888, 0.0012563514756, -0.00421834737062, 0.00465247128159, -0.00705304322764, 0.00687531288713], [0.000160148993018, 0.00490439264104, -0.00411142269149, 0.00404168479145, -0.00715220114216, 0.00507745193318, -0.00535777350888, 0.0135094672441, -0.0054880795069, 0.00198763539083, -0.00387819716707, 0.00508135603741, -0.00550492852926], [0.000659119978081, -0.0029341862537, 0.00298045529053, -0.00664241844788, 0.00683220755309, -0.00195560161956, 0.0012563514756, -0.0054880795069, 0.0143526513129, -0.00754132401198, 0.00488691916689, -0.00321397301741, 0.00244520837441], [-0.000268272415269, 0.00658551277593, -0.00462578702718, 0.00729334913194, -0.00806260667741, 0.00429822690785, -0.00421834737062, 0.00198763539083, -0.00754132401198, 0.0261423625052, -0.0117303859442, 0.00710503896698, -0.00211809528992], [0.000300643499941, -0.00978324562311, 0.00595046719536, -0.00392922153696, 0.00649209320545, -0.00696376012638, 0.00465247128159, -0.00387819716707, 0.00488691916689, -0.0117303859442, 0.0270490776747, -0.0149662066251, 0.00127785431687], [0.000127603707369, 0.0103351725265, -0.00604672078043, 0.00276669370942, -0.0063303927891, 0.00719818891957, -0.00705304322764, 0.00508135603741, -0.00321397301741, 0.00710503896698, -0.0149662066251, 0.0252878051251, -0.0058472706005], [0.000630628201179, -0.00425762729719, 0.0053901639767, -0.00655817054212, 0.00397040229291, -0.00177189393435, 0.00687531288713, -0.00550492852926, 0.00244520837441, -0.00211809528992, 0.00127785431687, -0.0058472706005, 0.0254721213132]]
    },
    "melbands": {
        "dmean": [0.000834485865198, 0.0017618436832, 0.000903895590454, 0.000500829075463, 0.000353247014573, 0.000379270408303, 0.000297038233839, 0.000244219758315, 0.000412930094171, 0.000302838830976, 0.000222896618652, 0.000116342016554, 0.000126616621856, 8.78511855262e-05, 8.15352177597e-05, 9.91199995042e-05, 6.1514954723e-05, 5.38451204193e-05, 3.56724958692e-05, 2.37427539105e-05, 1.13023706945e-05, 1.02446820165e-05, 7.1335884968e-06, 6.39674317426e-06, 5.3972880778e-06, 2.93532957585e-06, 2.79923642665e-06, 2.93391212836e-06, 1.78844845777e-06, 1.42340900311e-06, 1.41609484672e-06, 1.45571652865e-06, 1.54049257617e-06, 1.05902870473e-06, 8.97162522051e-07, 7.62305205626e-07, 7.06018568053e-07, 8.6377349362e-07, 1.01786736195e-06, 9.07167191144e-07],
        "dmean2": [0.00132849474903, 0.00280207628384, 0.00151411397383, 0.000856048660353, 0.000569268479012, 0.000616302073468, 0.000489640107844, 0.000392621004721, 0.000682260142639, 0.00049133138964, 0.000365772662917, 0.000193463842152, 0.000212254497455, 0.000144026809721, 0.000136832255521, 0.000164518787642, 0.000101539189927, 8.67026174092e-05, 5.74651894567e-05, 3.93890113628e-05, 1.76383600774e-05, 1.58262791956e-05, 1.14540625873e-05, 1.03873499029e-05, 8.86028556124e-06, 4.80349763166e-06, 4.37044491264e-06, 4.71343037134e-06, 2.75619959211e-06, 2.11679025597e-06, 2.15623731492e-06, 2.20966808229e-06, 2.2734166123e-06, 1.55249756517e-06, 1.31565411721e-06, 1.08083099803e-06, 1.03022148323e-06, 1.31186311592e-06, 1.55873817675e-06, 1.38447057907e-06],
        "dvar": [1.60179115483e-06, 9.13303665584e-06, 2.840267598e-06, 1.0064311482e-06, 3.92714923692e-07, 3.43095223343e-07, 1.67928931205e-07, 3.11921439788e-07, 6.90042327278e-07, 6.0580259742e-07, 2.11272137562e-07, 2.98584872382e-08, 8.10992304423e-08, 2.51053631217e-08, 2.44076101552e-08, 4.73153143332e-08, 1.07698170382e-08, 1.09231148571e-08, 4.8633226335e-09, 8.55833359736e-09, 3.05795611055e-10, 5.96697191657e-10, 1.32795080487e-10, 1.36902128522e-10, 1.05192472788e-10, 2.16066799869e-11, 1.5909551454e-11, 3.50492170009e-11, 1.33482643341e-11, 5.54167345693e-12, 4.49888433798e-12, 6.02918799955e-12, 8.36165511831e-12, 3.98233616222e-12, 2.76000251299e-12, 1.96524567453e-12, 1.91583272684e-12, 2.8711076485e-12, 5.42313459764e-12, 6.03319390974e-12],
        "dvar2": [3.71024839296e-06, 2.16685475607e-05, 7.47036574467e-06, 2.76796868093e-06, 1.01892169369e-06, 8.89145496785e-07, 3.9722331735e-07, 7.56226597787e-07, 1.87668729268e-06, 1.49810557559e-06, 5.7481128124e-07, 7.13184462597e-08, 2.13331034615e-07, 6.13151840412e-08, 6.25400602416e-08, 1.242613763e-07, 2.73807536644e-08, 2.66138382443e-08, 1.14934239903e-08, 2.46286298022e-08, 7.20197068649e-10, 1.24657728584e-09, 3.51019630029e-10, 3.59418467211e-10, 2.78420397848e-10, 5.41239102148e-11, 3.87045083483e-11, 9.07488043045e-11, 3.11411972598e-11, 1.10578412746e-11, 9.75587752944e-12, 1.35196359316e-11, 1.93871290549e-11, 9.00388531094e-12, 6.48802019054e-12, 4.27896997349e-12, 4.31707360832e-12, 6.72343214089e-12, 1.3570500626e-11, 1.59934027827e-11],
        "max": [0.0148509070277, 0.0272761546075, 0.0144688775763, 0.00799962505698, 0.00731170084327, 0.00732320407405, 0.00405450444669, 0.00943759735674, 0.00924286339432, 0.0142956152558, 0.00674200849608, 0.0024369796738, 0.00479687564075, 0.00217560329475, 0.00274189352058, 0.00414713798091, 0.00123643211555, 0.00122406624723, 0.00103693024721, 0.00259818299673, 0.000272231409326, 0.000634626077954, 0.000187006706255, 0.00016654402134, 0.000133115070639, 4.32532324339e-05, 5.48994139535e-05, 8.93176402315e-05, 5.68774048588e-05, 3.59395125997e-05, 2.30794812524e-05, 2.72802571999e-05, 4.15969880123e-05, 2.80240201391e-05, 1.73153275682e-05, 1.5592413547e-05, 1.77811143658e-05, 1.47473965626e-05, 3.62934842997e-05, 4.74898988614e-05],
        "mean": [0.00123774225358, 0.00284862727858, 0.00151937804185, 0.000736242276616, 0.000538838736247, 0.000607863126788, 0.000482640461996, 0.000357968674507, 0.000552258861717, 0.000436682195868, 0.000322735373629, 0.000184253367479, 0.000200906142709, 0.000137031893246, 0.000127077990328, 0.00015717142378, 9.34906493057e-05, 8.35008031572e-05, 5.99412524025e-05, 3.86729479942e-05, 2.18790173676e-05, 1.8004244339e-05, 1.25146070786e-05, 1.16091832751e-05, 9.72262660071e-06, 5.02759394294e-06, 5.49549395146e-06, 5.58852389076e-06, 3.32654235535e-06, 2.48492165156e-06, 2.57152669292e-06, 2.41771681431e-06, 2.35000425164e-06, 1.68624546859e-06, 1.38810003136e-06, 1.10268399567e-06, 8.59220790517e-07, 1.01342720882e-06, 1.21126413433e-06, 1.04031869341e-06],
        "median": [0.000590334879234, 0.00158814014867, 0.000999414594844, 0.000418972689658, 0.000317520520184, 0.000389034918044, 0.000318069476634, 0.000163560762303, 0.000214874336962, 0.000195606131456, 0.000189948012121, 0.000105115912447, 7.09011728759e-05, 5.48892567167e-05, 5.84357840125e-05, 5.45448783669e-05, 4.6973953431e-05, 3.28432397509e-05, 2.74456469924e-05, 1.81110644917e-05, 1.18344523798e-05, 6.88650243319e-06, 6.86435987518e-06, 5.78500521442e-06, 5.01238082506e-06, 3.12151951221e-06, 3.90823515772e-06, 2.69425186161e-06, 1.62864193953e-06, 1.4626398297e-06, 1.55150462433e-06, 1.25071289858e-06, 1.08492577056e-06, 7.42988731872e-07, 6.89765670359e-07, 5.0416895192e-07, 2.55224193779e-07, 3.07148496859e-07, 3.99339825208e-07, 3.3659091514e-07],
        "min": [4.50118989193e-07, 2.04360304679e-07, 2.8538429433e-06, 2.11117071558e-06, 4.14212445321e-06, 7.80430400482e-06, 9.45424017118e-06, 7.50331992094e-06, 5.00471196574e-06, 6.18650483375e-06, 5.57083149033e-06, 2.22540529649e-06, 8.25192500997e-07, 6.39859706553e-07, 8.12288874386e-07, 6.62011757413e-07, 7.71541294853e-07, 9.8258590242e-07, 6.16958402588e-07, 4.05927238489e-07, 2.63260687916e-07, 1.46924833189e-07, 9.65857651636e-08, 1.4375686419e-07, 5.0354802994e-08, 6.20733828782e-08, 3.185281372e-08, 2.3702824592e-08, 3.85450471541e-09, 1.87467485979e-09, 1.45761036574e-09, 1.04078234919e-09, 8.14885658951e-10, 2.63692984115e-10, 1.2627573466e-11, 4.18864457008e-11, 4.01098642147e-12, 1.28541604444e-11, 4.38015756998e-09, 1.02483654896e-09],
