{
"highlevel": {
    "danceability": {
        "all": {
            "danceable": 0.0601149201393,
            "not_danceable": 0.939885079861
        },
        "probability": 0.939885079861,
        "value": "not_danceable"
    },
    "gender": {
        "all": {
            "female": 0.606934547424,
            "male": 0.393065422773
        },
        "probability": 0.606934547424,
        "value": "female"
    },
    "genre_dortmund": {
        "all": {
            "alternative": 0.111158676445,
            "blues": 0.0074652931653,
            "electronic": 0.502897977829,
            "folkcountry": 0.145224586129,
            "funksoulrnb": 0.0072456561029,
            "jazz": 0.129946947098,
            "pop": 0.0553875751793,
            "raphiphop": 0.0078158499673,
            "rock": 0.0328574590385
        },
        "probability": 0.502897977829,
        "value": "electronic"
    },
    "genre_electronic": {
        "all": {
            "ambient": 0.89264768362,
            "dnb": 0.0276439953595,
            "house": 0.036821577698,
            "techno": 0.0148670468479,
            "trance": 0.0280196834356
        },
        "probability": 0.89264768362,
        "value": "ambient"
    },
    "genre_rosamerica": {
        "all": {
            "cla": 0.168846979737,
            "dan": 0.0432902723551,
            "hip": 0.0537992045283,
            "jaz": 0.0697284266353,
            "pop": 0.330589562654,
            "rhy": 0.209529832006,
            "roc": 0.0598516538739,
            "spe": 0.0643640682101
        },
        "probability": 0.330589562654,
        "value": "pop"
    },
    "genre_tzanetakis": {
        "all": {
            "blu": 0.0501776896417,
            "cla": 0.0334550589323,
            "cou": 0.0752784982324,
            "dis": 0.150574937463,
            "hip": 0.150593280792,
            "jaz": 0.301169157028,
            "met": 0.0430166982114,
            "pop": 0.0602242462337,
            "reg": 0.0602259114385,
            "roc": 0.0752845183015
        },
        "probability": 0.301169157028,
        "value": "jaz"
    },
    "ismir04_rhythm": {
        "all": {
            "ChaChaCha": 0.015907978639,
            "Jive": 0.0153289828449,
            "Quickstep": 0.059935439378,
            "Rumba-American": 0.022363787517,
            "Rumba-International": 0.468306005001,
            "Rumba-Misc": 0.0126003157347,
            "Samba": 0.0314650684595,
            "Tango": 0.0259031001478,
            "VienneseWaltz": 0.303609460592,
            "Waltz": 0.0445798859
        },
        "probability": 0.468306005001,
        "value": "Rumba-International"
    },
    "mood_acoustic": {
        "all": {
            "acoustic": 0.591949701309,
            "not_acoustic": 0.408050328493
        },
        "probability": 0.591949701309,
        "value": "acoustic"
    },
    "mood_aggressive": {
        "all": {
            "aggressive": 0.0333617776632,
            "not_aggressive": 0.966638207436
        },
        "probability": 0.966638207436,
        "value": "not_aggressive"
    },
    "mood_electronic": {
        "all": {
            "electronic": 0.90727943182,
            "not_electronic": 0.0927205905318
        },
        "probability": 0.90727943182,
        "value": "electronic"
    },
    "mood_happy": {
        "all": {
            "happy": 0.435146898031,
            "not_happy": 0.564853131771
        },
        "probability": 0.564853131771,
        "value": "not_happy"
    },
    "mood_party": {
        "all": {
            "not_party": 0.990458369255,
            "party": 0.00954162981361
        },
        "probability": 0.990458369255,
        "value": "not_party"
    },
    "mood_relaxed": {
        "all": {
            "not_relaxed": 0.0341809056699,
            "relaxed": 0.965819120407
        },
        "probability": 0.965819120407,
        "value": "relaxed"
    },
    "mood_sad": {
        "all": {
            "not_sad": 0.288234740496,
            "sad": 0.711765229702
        },
        "probability": 0.711765229702,
        "value": "sad"
    },
    "moods_mirex": {
        "all": {
            "Cluster1": 0.275686264038,
            "Cluster2": 0.276784211397,
            "Cluster3": 0.208897292614,
            "Cluster4": 0.121725387871,
            "Cluster5": 0.116906858981
        },
        "probability": 0.276784211397,
        "value": "Cluster2"
    },
    "timbre": {
        "all": {
            "bright": 0.649073123932,
            "dark": 0.350926846266
        },
        "probability": 0.649073123932,
        "value": "bright"
    },
    "tonal_atonal": {
        "all": {
            "atonal": 0.203146338463,
            "tonal": 0.796853661537
        },
        "probability": 0.796853661537,
        "value": "tonal"
    },
    "voice_instrumental": {
        "all": {
            "instrumental": 0.171370401978,
            "voice": 0.828629612923
        },
        "probability": 0.828629612923,
        "value": "voice"
    }
},
"lowlevel": {
    "average_loudness": 0.977540791035,
    "barkbands_crest": {
        "dmean": 2.70557951927,
        "dmean2": 4.55491733551,
        "dvar": 5.67102241516,
        "dvar2": 16.7874221802,
        "max": 23.3013725281,
        "mean": 11.078874588,
        "median": 10.4559774399,
        "min": 4.34580564499,
        "var": 13.8276586533
    },
    "barkbands_flatness_db": {
        "dmean": 0.0229291636497,
        "dmean2": 0.0352509394288,
        "dvar": 0.000380568177206,
        "dvar2": 0.000922007195186,
        "max": 0.412844270468,
        "mean": 0.259553432465,
        "median": 0.260272890329,
        "min": 0.101100198925,
        "var": 0.0020487033762
    },
    "barkbands_kurtosis": {
        "dmean": 2.29193353653,
        "dmean2": 3.75026774406,
        "dvar": 11.7496776581,
        "dvar2": 29.7749195099,
        "max": 58.1226119995,
        "mean": 4.23445558548,
        "median": 2.40639638901,
        "min": -0.946207523346,
        "var": 31.4243907928
    },
    "barkbands_skewness": {
        "dmean": 0.447007447481,
        "dmean2": 0.717907965183,
        "dvar": 0.168249294162,
        "dvar2": 0.422674268484,
        "max": 6.24633169174,
        "mean": 1.42215812206,
        "median": 1.25030100346,
        "min": -0.405667752028,
        "var": 0.69880771637
    },
    "barkbands_spread": {
        "dmean": 1.43981003761,
        "dmean2": 2.23614573479,
        "dvar": 3.46995139122,
        "dvar2": 6.52340364456,
        "max": 47.7576065063,
        "mean": 7.22249937057,
        "median": 6.73897838593,
        "min": 0.953530132771,
        "var": 16.9482803345
    },
    "dissonance": {
        "dmean": 0.0350674949586,
        "dmean2": 0.0583398416638,
        "dvar": 0.000869930372573,
        "dvar2": 0.00241853436455,
        "max": 0.49829724431,
        "mean": 0.423918098211,
        "median": 0.428990423679,
        "min": 0.272002965212,
        "var": 0.00170160259586
    },
    "dynamic_complexity": 1.66984856129,
    "erbbands_crest": {
        "dmean": 2.48550200462,
        "dmean2": 4.05983829498,
        "dvar": 4.64222717285,
        "dvar2": 12.1108989716,
        "max": 23.6957015991,
        "mean": 9.77205848694,
        "median": 9.14660549164,
        "min": 3.53334450722,
        "var": 10.285982132
    },
    "erbbands_flatness_db": {
        "dmean": 0.0204476341605,
        "dmean2": 0.0305594038218,
        "dvar": 0.000338625948643,
        "dvar2": 0.000750148668885,
        "max": 0.346016377211,
        "mean": 0.234249845147,
        "median": 0.236596152186,
        "min": 0.0901528894901,
        "var": 0.00180130708031
    },
    "erbbands_kurtosis": {
        "dmean": 1.29396486282,
        "dmean2": 2.03790545464,
        "dvar": 1.48613977432,
        "dvar2": 3.80230617523,
        "max": 13.6247882843,
        "mean": 1.88493561745,
        "median": 1.52245998383,
        "min": -1.67134523392,
        "var": 3.47503447533
    },
    "erbbands_skewness": {
        "dmean": 0.351660132408,
        "dmean2": 0.559080302715,
        "dvar": 0.0865117385983,
        "dvar2": 0.211122900248,
        "max": 2.88601469994,
        "mean": 0.81166601181,
        "median": 0.77380913496,
        "min": -1.19343447685,
        "var": 0.284937262535
    },
    "erbbands_spread": {
        "dmean": 3.92828917503,
        "dmean2": 5.75545310974,
        "dvar": 28.414981842,
        "dvar2": 49.2985687256,
        "max": 112.071540833,
        "mean": 16.983499527,
        "median": 14.2690029144,
        "min": 4.69101333618,
        "var": 135.297683716
    },
    "hfc": {
        "dmean": 4.16270446777,
        "dmean2": 6.43125772476,
        "dvar": 19.8486595154,
        "dvar2": 47.1271133423,
        "max": 56.6203460693,
        "mean": 14.3128099442,
        "median": 13.0182847977,
        "min": 0.470328658819,
        "var": 59.262512207
    },
    "melbands_crest": {
        "dmean": 3.40962028503,
        "dmean2": 5.65238285065,
        "dvar": 8.87008666992,
        "dvar2": 22.2324638367,
        "max": 32.0999984741,
        "mean": 15.2970113754,
        "median": 14.3885822296,
        "min": 6.14637184143,
        "var": 28.2173748016
    },
    "melbands_flatness_db": {
        "dmean": 0.0275375843048,
        "dmean2": 0.0415958017111,
        "dvar": 0.0005894281785,
        "dvar2": 0.00132419355214,
        "max": 0.572294533253,
        "mean": 0.361371070147,
        "median": 0.363736271858,
        "min": 0.140221074224,
        "var": 0.00348145817406
    },
    "melbands_kurtosis": {
        "dmean": 3.67047739029,
        "dmean2": 5.68273496628,
        "dvar": 30.6595687866,
        "dvar2": 63.9609375,
        "max": 107.108924866,
        "mean": 7.18923616409,
        "median": 4.15122938156,
        "min": -0.952985525131,
        "var": 90.0576629639
    },
    "melbands_skewness": {
        "dmean": 0.540678024292,
        "dmean2": 0.853840529919,
        "dvar": 0.25609394908,
        "dvar2": 0.591137647629,
        "max": 9.6870880127,
        "mean": 1.87654852867,
        "median": 1.67219901085,
        "min": -0.225874498487,
        "var": 1.03525865078
    },
    "melbands_spread": {
        "dmean": 1.67442321777,
        "dmean2": 2.65123677254,
        "dvar": 2.32542324066,
        "dvar2": 5.62762498856,
        "max": 28.2316989899,
        "mean": 8.03559780121,
        "median": 7.78978490829,
        "min": 0.910968661308,
        "var": 11.4744710922
    },
    "pitch_salience": {
        "dmean": 0.0786372423172,
        "dmean2": 0.13379624486,
        "dvar": 0.00473824283108,
        "dvar2": 0.0130699509755,
        "max": 0.83121496439,
        "mean": 0.555066227913,
        "median": 0.561105370522,
        "min": 0.223932698369,
        "var": 0.0115702198818
    },
    "silence_rate_20dB": {
        "dmean": 0,
        "dmean2": 0,
        "dvar": 0,
        "dvar2": 0,
        "max": 1,
        "mean": 1,
        "median": 1,
        "min": 1,
        "var": 0
    },
    "silence_rate_30dB": {
        "dmean": 0.0340557284653,
        "dmean2": 0.0681642144918,
        "dvar": 0.0328958407044,
        "dvar2": 0.0821079835296,
        "max": 1,
        "mean": 0.969837605953,
        "median": 1,
        "min": 0,
        "var": 0.0292521249503
    },
    "silence_rate_60dB": {
        "dmean": 0.00154798757285,
        "dmean2": 0.00309837330133,
        "dvar": 0.0015455899993,
        "dvar2": 0.00463795289397,
        "max": 1,
        "mean": 0.00077339517884,
        "median": 0,
        "min": 0,
        "var": 0.000772796862293
    },
    "spectral_centroid": {
        "dmean": 62.159450531,
        "dmean2": 94.0678405762,
        "dvar": 12791.3574219,
        "dvar2": 25651.9609375,
        "max": 2556.46508789,
        "mean": 471.492034912,
        "median": 442.278320312,
        "min": 193.902099609,
        "var": 39345.4414062
    },
    "spectral_complexity": {
        "dmean": 2.01393198967,
        "dmean2": 3.19829583168,
        "dvar": 3.19641685486,
        "dvar2": 7.78095722198,
        "max": 32,
        "mean": 13.8058776855,
        "median": 14,
        "min": 4,
        "var": 12.9654121399
    },
    "spectral_decrease": {
        "dmean": 4.13315826009e-09,
        "dmean2": 6.99944990856e-09,
        "dvar": 1.89788534811e-17,
        "dvar2": 5.20797942922e-17,
        "max": -4.4943043731e-10,
        "mean": -1.40437190765e-08,
        "median": -1.33282638259e-08,
        "min": -4.18921608514e-08,
        "var": 4.7198237538e-17
    },
    "spectral_energy": {
        "dmean": 0.0159034673125,
        "dmean2": 0.0268946737051,
        "dvar": 0.000280584907159,
        "dvar2": 0.000767238030676,
        "max": 0.161629915237,
        "mean": 0.0543024763465,
        "median": 0.0514425896108,
        "min": 0.00173891265877,
        "var": 0.000699547934346
    },
    "spectral_energyband_high": {
        "dmean": 3.69031949958e-05,
        "dmean2": 5.43670830666e-05,
        "dvar": 1.49997863019e-08,
        "dvar2": 2.89052213276e-08,
        "max": 0.00188939471263,
        "mean": 6.16142860963e-05,
        "median": 1.06218685687e-05,
        "min": 2.17387778889e-07,
        "var": 4.33080415974e-08
    },
    "spectral_energyband_low": {
        "dmean": 0.0110368337482,
        "dmean2": 0.0192063264549,
        "dvar": 0.000161802774528,
        "dvar2": 0.000477769586723,
        "max": 0.140779003501,
        "mean": 0.028059868142,
        "median": 0.0248910840601,
        "min": 0.000468551937956,
        "var": 0.000360706442734
    },
    "spectral_energyband_middle_high": {
        "dmean": 0.000941976963077,
        "dmean2": 0.00141329492908,
        "dvar": 1.4737948959e-06,
        "dvar2": 3.17292392538e-06,
        "max": 0.0221829172224,
        "mean": 0.002408598084,
        "median": 0.00188711611554,
        "min": 3.80124438379e-05,
        "var": 4.96032907904e-06
    },
    "spectral_energyband_middle_low": {
        "dmean": 0.00925232097507,
        "dmean2": 0.0149412518367,
        "dvar": 0.000115925678983,
        "dvar2": 0.000299477687804,
        "max": 0.105723999441,
        "mean": 0.026323499158,
        "median": 0.0234933476895,
        "min": 0.00110151455738,
        "var": 0.000253034086199
    },
    "spectral_entropy": {
        "dmean": 0.186765998602,
        "dmean2": 0.279456734657,
        "dvar": 0.031447596848,
        "dvar2": 0.0687837153673,
        "max": 8.19507789612,
        "mean": 6.49761199951,
        "median": 6.44982671738,
        "min": 5.5596370697,
        "var": 0.15787948668
    },
    "spectral_flux": {
        "dmean": 0.0296522323042,
        "dmean2": 0.0460179187357,
        "dvar": 0.000821473135147,
        "dvar2": 0.00169807032216,
        "max": 0.277554929256,
        "mean": 0.100358776748,
        "median": 0.0911692380905,
        "min": 0.0291849020869,
        "var": 0.00197874312289
    },
    "spectral_kurtosis": {
        "dmean": 11.5348463058,
        "dmean2": 18.8681850433,
        "dvar": 120.849273682,
        "dvar2": 311.041748047,
        "max": 121.443138123,
        "mean": 27.699760437,
        "median": 24.5568790436,
        "min": -0.0128812789917,
        "var": 341.391387939
    },
    "spectral_rms": {
        "dmean": 0.00104711193126,
        "dmean2": 0.00174424168654,
        "dvar": 9.68797849055e-07,
        "dvar2": 2.53367443293e-06,
        "max": 0.0125573771074,
        "mean": 0.00704498076811,
        "median": 0.00708434125409,
        "min": 0.00130249769427,
        "var": 3.34617107001e-06
    },
    "spectral_rolloff": {
        "dmean": 79.2992858887,
        "dmean2": 134.169296265,
        "dvar": 10631.5761719,
        "dvar2": 23465.234375,
        "max": 2627.05078125,
        "mean": 463.038574219,
        "median": 473.73046875,
        "min": 64.599609375,
        "var": 30149.2929688
    },
    "spectral_skewness": {
        "dmean": 0.755348920822,
        "dmean2": 1.22785663605,
        "dvar": 0.415576934814,
        "dvar2": 1.08874201775,
        "max": 8.97560024261,
        "mean": 3.81223368645,
        "median": 3.74811458588,
        "min": 0.610078692436,
        "var": 1.59149026871
    },
    "spectral_spread": {
        "dmean": 468365.53125,
        "dmean2": 718796.5,
        "dvar": 584264843264,
        "dvar2": 979019694080,
        "max": 21089158,
        "mean": 2161610.25,
        "median": 1845981,
        "min": 673629.3125,
        "var": 1.55126818406e+12
    },
    "spectral_strongpeak": {
        "dmean": 0.3455555439,
        "dmean2": 0.599711894989,
        "dvar": 0.27387458086,
        "dvar2": 0.735410869122,
        "max": 4.75740003586,
        "mean": 0.654304027557,
        "median": 0.431093871593,
        "min": 0.0666497945786,
        "var": 0.348640531301
    },
    "zerocrossingrate": {
        "dmean": 0.0029746608343,
        "dmean2": 0.00376290478744,
        "dvar": 1.47476375787e-05,
        "dvar2": 1.69876966538e-05,
        "max": 0.1201171875,
        "mean": 0.0183473657817,
        "median": 0.01708984375,
        "min": 0.00341796875,
        "var": 0.000114893322461
    },
    "barkbands": {
        "dmean": [0.000593251141254, 0.0086017800495, 0.00355865852907, 0.00283568352461, 0.0034246861469, 0.00276409112848, 0.00264857313596, 0.0016987491399, 0.000778125890065, 0.000398634292651, 0.000425717124017, 0.000322123785736, 0.000108574706246, 8.21404028102e-05, 5.10017052875e-05, 3.36754128512e-05, 3.41648519679e-05, 1.47508417285e-05, 1.86678225873e-05, 1.26660343085e-05, 1.13853820949e-05, 6.51247637506e-06, 5.53684549232e-06, 5.17423768542e-06, 6.28060797681e-06, 1.42824899285e-06, 3.67713393068e-09],
        "dmean2": [0.000938695797231, 0.0150067918003, 0.00607221573591, 0.0046933721751, 0.00575481820852, 0.00450207944959, 0.0042505892925, 0.00251855142415, 0.00121535896324, 0.000628411886282, 0.000684484024532, 0.000523112597875, 0.000167953927303, 0.000128566272906, 8.13535880297e-05, 5.36781044502e-05, 5.40531946172e-05, 2.32908059843e-05, 2.79760042758e-05, 2.00329723157e-05, 1.72250802279e-05, 9.88674401015e-06, 8.30893350212e-06, 8.46094735607e-06, 1.00927827589e-05, 2.36518849306e-06, 5.41803268916e-09],
        "dvar": [7.38802555134e-07, 0.000129356456455, 2.53041089309e-05, 2.00370468519e-05, 2.70289510809e-05, 1.30738935695e-05, 1.19586911751e-05, 4.41032079834e-06, 1.75724710516e-06, 3.54766285682e-07, 4.92598530855e-07, 2.63082597485e-07, 5.86804347336e-08, 3.26681188767e-08, 8.92513973838e-09, 4.53840476311e-09, 2.77673040117e-09, 9.64759494515e-10, 2.64610822143e-09, 1.51556878158e-09, 2.13150563866e-09, 4.71345629194e-10, 3.27430416114e-10, 3.60677820943e-10, 6.62486954184e-10, 2.15627550537e-11, 2.812197454e-15],
        "dvar2": [1.87944920071e-06, 0.00041004785453, 7.02392935636e-05, 5.14475068485e-05, 7.68306563259e-05, 3.44007203239e-05, 2.99691000691e-05, 8.9847799245e-06, 3.96900941269e-06, 7.86637997408e-07, 1.11958627258e-06, 6.56919439734e-07, 1.352540977e-07, 6.89884700478e-08, 2.20282245778e-08, 1.07724016374e-08, 6.40383968076e-09, 2.05571315526e-09, 4.99953412003e-09, 3.60179486236e-09, 4.48808634701e-09, 9.65230895211e-10, 6.69282074206e-10, 8.99875507443e-10, 1.49151035966e-09, 4.65913939374e-11, 2.82653031026e-15],
        "max": [0.00805399566889, 0.119616523385, 0.045956492424, 0.0569626912475, 0.054668828845, 0.03806072101, 0.0371220931411, 0.0338462069631, 0.0176658239216, 0.0107316942886, 0.0136585831642, 0.00800957065076, 0.00414954079315, 0.00327170849778, 0.00148592644837, 0.00117345608305, 0.000968928448856, 0.000524364761077, 0.00106102274731, 0.000797596469056, 0.000806427269708, 0.000356809003279, 0.00039140728768, 0.000355579104507, 0.000526609946974, 7.20253665349e-05, 1.90176581327e-06],
        "mean": [0.00137163558975, 0.0192330107093, 0.00506788119674, 0.00399676943198, 0.00690595852211, 0.00577055988833, 0.00470106117427, 0.00325201731175, 0.00132721930277, 0.000840843305923, 0.000685923441779, 0.000500407186337, 0.000180267903488, 0.000127490871819, 8.7398206233e-05, 6.55311960145e-05, 5.56382510695e-05, 2.67669602181e-05, 3.49970141542e-05, 1.88542235264e-05, 1.66684785654e-05, 9.85612950899e-06, 8.26314590086e-06, 6.98258418197e-06, 8.59072497406e-06, 1.91055187315e-06, 3.26535221085e-09],
        "median": [0.000950034765992, 0.0165572483093, 0.00275651668198, 0.00207613664679, 0.00459583941847, 0.00396673521027, 0.00311414687894, 0.00203065760434, 0.000711578235496, 0.000578588980716, 0.000391080160625, 0.000304831395624, 8.81400701473e-05, 5.7362150983e-05, 5.11412254127e-05, 3.07185509882e-05, 2.79069499811e-05, 1.10118899102e-05, 9.49877176026e-06, 3.64785682905e-06, 2.12217514672e-06, 1.30635726237e-06, 1.15977604764e-06, 1.61635534823e-06, 7.69787959598e-07, 2.97784367831e-07, 7.66138763542e-10],
        "min": [1.822648521e-08, 1.57993144967e-05, 1.34827378133e-05, 1.40847860166e-05, 6.93526963005e-05, 6.18740741629e-05, 4.86026910949e-05, 1.12610678116e-05, 6.52726566841e-06, 3.44891213899e-06, 3.63319395547e-06, 3.01599425256e-06, 1.38589393828e-06, 1.4713876908e-06, 2.83200591866e-07, 2.33581019415e-07, 1.64069405173e-07, 1.16608944722e-07, 5.83939332444e-08, 4.50894219739e-08, 4.67041019192e-08, 1.48752068441e-08, 5.1614548191e-09, 1.90632807318e-08, 3.27847360371e-10, 3.83763923417e-11, 1.4307280187e-11],
        "var": [1.89874583612e-06, 0.000236221021623, 3.73806724383e-05, 3.20767212543e-05, 4.9688936997e-05, 3.02474218188e-05, 2.7812895496e-05, 1.37627339427e-05, 3.61244360647e-06, 9.27756559577e-07, 8.53193398598e-07, 4.34771664004e-07, 1.36742556833e-07, 6.71465301139e-08, 1.44709959571e-08, 9.57829460191e-09, 6.36598018744e-09, 2.66727062659e-09, 7.00259139563e-09, 2.89053780911e-09, 4.66124827625e-09, 1.2153962281e-09, 7.94121990388e-10, 6.29935048568e-10, 1.4854373287e-09, 4.45199536958e-11, 2.81166827017e-15]
    },
    "erbbands": {
        "dmean": [0.313860148191, 1.8839956522, 3.59417486191, 7.44995355606, 8.83315944672, 12.9641647339, 21.4159088135, 21.8107852936, 29.3658447266, 36.1966323853, 39.950504303, 17.5961551666, 12.2225246429, 16.9957542419, 9.80837726593, 14.9553546906, 5.19657707214, 4.29678344727, 3.1830034256, 1.97467398643, 1.72932529449, 1.49449706078, 0.917779624462, 0.810349404812, 0.882568061352, 0.575086593628, 0.495630174875, 0.394297331572, 0.218794852495, 0.230787500739, 0.148063480854, 0.0980474278331, 0.0982694029808, 0.0911499559879, 0.0355970226228, 0.0107853636146, 0.00220401748084, 0.000152196924319, 9.27489054448e-06, 1.74556917045e-05],
        "dmean2": [0.518071770668, 3.33909034729, 6.05026578903, 12.2460346222, 14.8851833344, 21.665802002, 35.347869873, 36.6018753052, 47.9807281494, 54.3418083191, 59.9878349304, 27.4464111328, 19.3335914612, 26.6782073975, 15.5745801926, 24.1553325653, 7.96464157104, 6.55154275894, 4.87788391113, 3.11000370979, 2.71853733063, 2.29082584381, 1.40627932549, 1.24345600605, 1.34489762783, 0.899256706238, 0.733732223511, 0.597971916199, 0.321162253618, 0.342555701733, 0.222707644105, 0.162614822388, 0.16181640327, 0.153407290578, 0.0554411560297, 0.0171957407147, 0.00367662473582, 0.000260013155639, 1.51217036546e-05, 2.9433022064e-05],
        "dvar": [0.168717026711, 6.69655418396, 23.4048137665, 126.624229431, 191.466323853, 477.358886719, 1051.96203613, 927.469421387, 1384.66137695, 2083.57128906, 2514.77441406, 737.529663086, 382.858276367, 836.313354492, 271.948913574, 608.434814453, 94.5595169067, 77.911605835, 35.4428405762, 13.2996749878, 9.04740619659, 6.13856840134, 3.38079857826, 4.28998708725, 6.58216285706, 3.55473804474, 4.54463148117, 2.62771463394, 0.550372481346, 0.481245517731, 0.246056243777, 0.127021372318, 0.144058689475, 0.154286563396, 0.021241184324, 0.00142759631854, 4.64589611511e-05, 2.43011072598e-07, 1.96475141712e-10, 3.36388306099e-10],
        "dvar2": [0.470028102398, 21.059753418, 63.1168060303, 320.432891846, 534.530578613, 1354.36096191, 2753.64477539, 2486.71289062, 3635.83496094, 4761.02685547, 5209.68261719, 1744.65026855, 812.28314209, 1841.31396484, 604.421447754, 1514.4810791, 206.136734009, 171.93737793, 78.3849487305, 32.1774978638, 20.2604026794, 13.3938169479, 6.66775608063, 9.35787010193, 13.5662765503, 8.62514209747, 8.42588043213, 6.07559537888, 1.03848004341, 1.09158778191, 0.49545738101, 0.325859725475, 0.344348847866, 0.420362442732, 0.041597019881, 0.00300591136329, 0.000112351604912, 6.01341469064e-07, 3.90850601883e-10, 9.17223186292e-10],
        "max": [4.74615430832, 22.2809391022, 43.9935073853, 148.509292603, 160.191925049, 261.541748047, 400.703308105, 340.971466064, 396.16583252, 560.837890625, 607.081848145, 442.667724609, 474.964630127, 526.275878906, 184.828170776, 405.259643555, 163.999740601, 207.35017395, 101.10874176, 60.9826507568, 40.8351554871, 48.082118988, 33.0892333984, 49.4820404053, 49.4917221069, 37.2064857483, 53.7212104797, 36.2693138123, 14.433968544, 10.0956220627, 10.9386463165, 5.77283811569, 7.99638557434, 6.94292354584, 3.03748393059, 0.731956958771, 0.12088329345, 0.00716825760901, 0.000302042084513, 0.000177747846465],
        "mean": [0.80153208971, 3.27668166161, 5.75019311905, 11.1886873245, 15.1265087128, 25.7932338715, 42.3362731934, 43.0686912537, 54.388999939, 74.2417984009, 71.2133331299, 33.3144226074, 25.5967521667, 31.9612884521, 18.7387599945, 22.5711364746, 9.68493270874, 7.35844612122, 5.70729589462, 3.86855840683, 3.51419186592, 2.67513275146, 1.73806774616, 1.47967755795, 1.62069892883, 0.859962522984, 0.759747922421, 0.551439523697, 0.336277574301, 0.341734200716, 0.217882335186, 0.13002845645, 0.128192141652, 0.108154453337, 0.0542105138302, 0.0140238227323, 0.00253011775203, 0.000166190962773, 2.92287259072e-05, 6.01937244937e-05],
        "median": [0.62847584486, 2.64798259735, 3.63825368881, 6.07642602921, 8.52515697479, 14.9059867859, 23.9759521484, 29.464761734, 39.2282447815, 49.1725006104, 45.3315582275, 21.5565109253, 17.0796661377, 19.6185188293, 11.9866027832, 12.7905092239, 5.34232187271, 3.52025938034, 3.21722912788, 2.3551774025, 1.97693324089, 1.3627499342, 0.742006003857, 0.457727611065, 0.41123688221, 0.181654423475, 0.116832152009, 0.0598120652139, 0.0470717400312, 0.0365377254784, 0.0342844501138, 0.0336275175214, 0.0225256476551, 0.0104860337451, 0.00498429778963, 0.00145366915967, 0.000512522587087, 4.338574945e-05, 2.61670920736e-05, 5.68822288187e-05],
        "min": [0.000621928367764, 0.00581997772679, 0.0662981122732, 0.197239264846, 0.196457117796, 0.305099189281, 0.532016098499, 0.497099548578, 0.803757727146, 0.452183157206, 0.386381238699, 0.290129452944, 0.343064248562, 0.327444016933, 0.31220087409, 0.135749131441, 0.0788654610515, 0.122291706502, 0.0473637543619, 0.0269031152129, 0.0188032593578, 0.0114987948909, 0.00737220002338, 0.00388780701905, 0.00225396174937, 0.00245985435322, 0.00192949164193, 0.0014476235956, 0.00101254298352, 0.000587718619499, 0.000282242544927, 0.000347416411387, 0.000199240748771, 5.34762912139e-05, 1.48080544022e-05, 9.91002161754e-06, 2.89113722829e-06, 4.02658884013e-07, 9.40914503644e-07, 1.93166351892e-06],
        "var": [0.496882289648, 8.77747535706, 38.0460128784, 208.7527771, 338.398712158, 995.56237793, 2324.76635742, 1963.17980957, 2817.62158203, 6178.12011719, 6122.25488281, 1632.52026367, 895.197814941, 1629.87988281, 511.665557861, 1000.20379639, 265.9375, 214.334320068, 72.9961166382, 24.0677890778, 21.2941665649, 16.8504333496, 10.0246906281, 9.75338459015, 16.7775764465, 6.28889846802, 10.0447292328, 5.93038463593, 1.63099586964, 1.0726172924, 0.615817546844, 0.193777263165, 0.258504360914, 0.235643550754, 0.0659394860268, 0.00331103173085, 6.14151576883e-05, 2.42825933583e-07, 3.29958033118e-10, 8.35747027139e-10]
    },
    "gfcc": {
        "mean": [-48.6016654968, 187.690246582, -88.5044937134, 5.18588542938, -48.7930793762, 7.44196987152, -28.9075641632, 8.42467403412, -10.7779664993, -2.5423810482, -0.357691973448, -4.02107524872, -1.59244203568],
        "cov": [[2305.52026367, -841.403137207, -320.119354248, 436.651184082, -321.503662109, 64.7264785767, -89.3454208374, 135.538757324, -100.720314026, 100.424674988, -71.0376586914, 5.29119062424, -135.591522217], [-841.403137207, 965.804382324, -88.5714263916, -403.332214355, 239.87802124, -118.696907043, 149.932159424, -151.66166687, 216.521652222, -142.796051025, 136.086502075, -37.4214744568, 94.9025650024], [-320.119354248, -88.5714263916, 377.731109619, 25.889333725, 43.4739303589, 57.8333854675, -36.1462860107, 30.5296955109, -89.8307876587, 49.9388999939, -40.2993736267, 44.8620147705, 0.199057281017], [436.651184082, -403.332214355, 25.889333725, 377.486053467, -114.917167664, 30.1210823059, -11.4252624512, 8.20603466034, -58.983165741, 33.2374725342, -21.2670974731, 3.73667049408, -16.3721084595], [-321.503662109, 239.87802124, 43.4739303589, -114.917167664, 230.801803589, -28.9838619232, 3.39183092117, 40.1600456238, 45.1196479797, -8.48191261292, 37.7724189758, 1.91276979446, 13.696056366], [64.7264785767, -118.696907043, 57.8333854675, 30.1210823059, -28.9838619232, 129.564437866, 1.29692709446, 16.7285766602, -18.599729538, 23.5211811066, -13.5214614868, 2.06910443306, 3.7352707386], [-89.3454208374, 149.932159424, -36.1462860107, -11.4252624512, 3.39183092117, 1.29692709446, 174.431182861, -37.4889831543, 66.3235626221, 1.04133248329, 29.4075508118, 14.7772016525, 9.78059577942], [135.538757324, -151.66166687, 30.5296955109, 8.20603466034, 40.1600456238, 16.7285766602, -37.4889831543, 164.021347046, -11.5222806931, 49.6701202393, -3.87533378601, 3.69586467743, -13.0618028641], [-100.720314026, 216.521652222, -89.8307876587, -58.983165741, 45.1196479797, -18.599729538, 66.3235626221, -11.5222806931, 166.861938477, -20.5732154846, 59.0381088257, -4.69979858398, 33.9566841125], [100.424674988, -142.796051025, 49.9388999939, 33.2374725342, -8.48191261292, 23.5211811066, 1.04133248329, 49.6701202393, -20.5732154846, 92.7898025513, -11.5749607086, 22.0144023895, -16.1566410065], [-71.0376586914, 136.086502075, -40.2993736267, -21.2670974731, 37.7724189758, -13.5214614868, 29.4075508118, -3.87533378601, 59.0381088257, -11.5749607086, 85.0051422119, -0.0789857953787, 24.3001289368], [5.29119062424, -37.4214744568, 44.8620147705, 3.73667049408, 1.91276979446, 2.06910443306, 14.7772016525, 3.69586467743, -4.69979858398, 22.0144023895, -0.0789857953787, 71.523765564, 4.41356420517], [-135.591522217, 94.9025650024, 0.199057281017, -16.3721084595, 13.696056366, 3.7352707386, 9.78059577942, -13.0618028641, 33.9566841125, -16.1566410065, 24.3001289368, 4.41356420517, 90.7831878662]],
        "icov": [[0.00108332792297, -0.00066544348374, 0.00145254598465, -0.00138124451041, 0.00107160222251, -0.000824807735626, 0.00082460755948, -0.0012779685203, 0.000407418003306, -0.000840442255139, 0.000605962646659, -0.00116758781951, 0.00125354423653], [-0.00066544348374, 0.0162955038249, -0.00429140357301, 0.0121112912893, -0.00837340764701, 0.00753881037235, -0.00843085628003, 0.0109088234603, -0.00615924084559, 0.00957001466304, -0.00996445864439, 0.00883687380701, -0.00615971814841], [0.00145254598465, -0.00429140357301, 0.00670215301216, -0.00447484431788, 0.00144707132131, -0.00412892131135, 0.00307564903051, -0.00350221525878, 0.00369464792311, -0.00425510155037, 0.00388893764466, -0.00526475347579, 0.00202599633485], [-0.00138124451041, 0.0121112912893, -0.00447484431788, 0.0130707044154, -0.0051741511561, 0.00593199860305, -0.0067922626622, 0.0085017522797, -0.00394948432222, 0.00680863391608, -0.00821081921458, 0.00745888845995, -0.00534111773595], [0.00107160222251, -0.00837340764701, 0.00144707132131, -0.0051741511561, 0.0114251067862, -0.00273295561783, 0.00463016936556, -0.00816145073622, 0.00213279924355, -0.00427157524973, 0.00299631734379, -0.00464754924178, 0.00399922998622], [-0.000824807735626, 0.00753881037235, -0.00412892131135, 0.00593199860305, -0.00273295561783, 0.0128957144916, -0.00482675945386, 0.00457011023536, -0.00301329558715, 0.00334183778614, -0.00428006844595, 0.0057858270593, -0.00438847206533], [0.00082460755948, -0.00843085628003, 0.00307564903051, -0.0067922626622, 0.00463016936556, -0.00482675945386, 0.0121556874365, -0.00398017046973, 0.000402568635764, -0.00651564262807, 0.00433690007776, -0.00656366348267, 0.0042792186141], [-0.0012779685203, 0.0109088234603, -0.00350221525878, 0.0085017522797, -0.00816145073622, 0.00457011023536, -0.00398017046973, 0.0164800025523, -0.00461488123983, 0.00204913178459, -0.00685217324644, 0.0069377636537, -0.00434078881517], [0.000407418003306, -0.00615924084559, 0.00369464792311, -0.00394948432222, 0.00213279924355, -0.00301329558715, 0.000402568635764, -0.00461488123983, 0.0130097512156, -0.0034152653534, -0.000375434407033, -0.00328550720587, 0.000207951714401], [-0.000840442255139, 0.00957001466304, -0.00425510155037, 0.00680863391608, -0.00427157524973, 0.00334183778614, -0.00651564262807, 0.00204913178459, -0.0034152653534, 0.0217681378126, -0.00566778192297, 0.00182923080865, -0.00193888612557], [0.000605962646659, -0.00996445864439, 0.00388893764466, -0.00821081921458, 0.00299631734379, -0.00428006844595, 0.00433690007776, -0.00685217324644, -0.000375434407033, -0.00566778192297, 0.023300325498, -0.00610117940232, 0.00129481044132], [-0.00116758781951, 0.00883687380701, -0.00526475347579, 0.00745888845995, -0.00464754924178, 0.0057858270593, -0.00656366348267, 0.0069377636537, -0.00328550720587, 0.00182923080865, -0.00610117940232, 0.022102361545, -0.0053435578011], [0.00125354423653, -0.00615971814841, 0.00202599633485, -0.00534111773595, 0.00399922998622, -0.00438847206533, 0.0042792186141, -0.00434078881517, 0.000207951714401, -0.00193888612557, 0.00129481044132, -0.0053435578011, 0.0163410641253]]
    },
    "melbands": {
        "dmean": [0.00254153646529, 0.00191533949692, 0.00126528902911, 0.000752030522563, 0.000685853883624, 0.000486898934469, 0.00050243770238, 0.000372609996703, 0.000322586507536, 0.000100140161521, 6.03040316491e-05, 6.71626694384e-05, 3.94493508793e-05, 3.54079893441e-05, 2.48576452577e-05, 1.08288304546e-05, 8.31536908663e-06, 5.48004618395e-06, 3.620936468e-06, 2.6274949505e-06, 2.26703764383e-06, 1.860334919e-06, 1.11911697331e-06, 6.61588785533e-07, 6.89894307015e-07, 7.77806064889e-07, 5.13566760674e-07, 3.96199908437e-07, 3.22319209545e-07, 3.12483422249e-07, 2.13984151287e-07, 1.27233874991e-07, 1.370886622e-07, 1.26880891571e-07, 9.17477791518e-08, 6.80820733123e-08, 6.20093913994e-08, 6.44949409434e-08, 8.27973636319e-08, 7.94438292928e-08],
        "dmean2": [0.00435974262655, 0.00328677031212, 0.00209120824002, 0.00126763537992, 0.00113544368651, 0.000809356453829, 0.000817821884993, 0.00055057433201, 0.000490090926178, 0.000154991590534, 9.62505728239e-05, 0.000105416460428, 6.34556272416e-05, 5.70062729821e-05, 3.94167400373e-05, 1.64692773978e-05, 1.30186444949e-05, 8.47089177114e-06, 5.79463994654e-06, 4.22153789259e-06, 3.6026926864e-06, 2.89308763968e-06, 1.76105288574e-06, 1.05210335732e-06, 1.0714624068e-06, 1.16169758257e-06, 8.01963324193e-07, 6.41931137579e-07, 4.75988400694e-07, 4.77252342534e-07, 3.38758894713e-07, 1.86805849012e-07, 2.15901280853e-07, 1.88800726164e-07, 1.39473485206e-07, 1.08900060525e-07, 1.0517516813e-07, 1.06116068821e-07, 1.34912795602e-07, 1.3379464292e-07],
        "dvar": [1.09241736936e-05, 5.6867852436e-06, 3.37315850629e-06, 1.32173499878e-06, 1.01280704712e-06, 4.1741660084e-07, 4.06775484407e-07, 2.18041435573e-07, 1.74074727965e-07, 2.45433593449e-08, 9.40067490518e-09, 1.2646687253e-08, 3.99174915344e-09, 3.30283911332e-09, 1.62148949823e-09, 5.26816312796e-10, 2.98329860815e-10, 1.3151894851e-10, 5.67028021758e-11, 2.97608916677e-11, 1.36955889338e-11, 8.41858267125e-12, 4.90923621199e-12, 2.41896259967e-12, 3.36628207948e-12, 5.84638023757e-12, 1.79586716591e-12, 2.24652154518e-12, 1.85755989583e-12, 1.9680470361e-12, 8.36488539026e-13, 2.00015094006e-13, 2.05870788624e-13, 1.58785839837e-13, 9.74551453534e-14, 6.74378833484e-14, 4.85812155478e-14, 5.86299129905e-14, 1.20268622535e-13, 1.20528478691e-13],
        "dvar2": [3.38110003213e-05, 1.55402703967e-05, 8.77260117704e-06, 3.70436032426e-06, 2.73017167274e-06, 1.11331348762e-06, 1.05106096271e-06, 4.91083028464e-07, 3.72609207488e-07, 5.67282398833e-08, 2.00961096652e-08, 2.79220220278e-08, 9.01573038448e-09, 8.25609447475e-09, 3.59816043627e-09, 1.25454702182e-09, 6.55315524067e-10, 2.8382848849e-10, 1.38658584614e-10, 7.33513735862e-11, 3.13554911202e-11, 1.8688989592e-11, 1.04186572564e-11, 5.77243851677e-12, 7.54748260418e-12, 1.21321954219e-11, 3.83315731586e-12, 5.67209864147e-12, 3.0550588101e-12, 4.54643701159e-12, 2.00167248228e-12, 3.82831136583e-13, 4.94386703884e-13, 3.72697315718e-13, 1.99571208084e-13, 1.38779775432e-13, 1.32683157538e-13, 1.31539785032e-13, 3.17896560855e-13, 3.38481521457e-13],
        "max": [0.0371884927154, 0.0254045911133, 0.0225753691047, 0.0121109895408, 0.0117685459554, 0.00722667854279, 0.00701355934143, 0.00724335294217, 0.00450355559587, 0.00288194953464, 0.00230425875634, 0.00205726409331, 0.000989774591289, 0.000766907760408, 0.000645883847028, 0.000442842429038, 0.000371786707547, 0.000204786920222, 0.000164868062711, 0.000100116114481, 5.28503587702e-05, 5.15855826961e-05, 4.07477564295e-05, 2.29126781051e-05, 4.59425136796e-05, 4.96667453262e-05, 2.31140274991e-05, 3.29414433509e-05, 4.03470658057e-05, 2.82863911707e-05, 2.29059078265e-05, 9.10453218239e-06, 6.67817766953e-06, 6.59034003547e-06, 6.00719113208e-06, 6.74727471051e-06, 3.24065103996e-06, 5.08348830408e-06, 6.10288088865e-06, 6.14114514974e-06],
        "mean": [0.00600670604035, 0.00348041858524, 0.00200683460571, 0.00143480091356, 0.00141062040348, 0.000985513092019, 0.00092437263811, 0.000783551251516, 0.000546551484149, 0.000184983626241, 0.0001216254459, 0.000125316466438, 6.96296119713e-05, 5.81240419706e-05, 3.71325477317e-05, 1.87924197235e-05, 1.2944727132e-05, 9.28929421207e-06, 6.22615198154e-06, 4.91883838549e-06, 4.06617527915e-06, 3.0874323329e-06, 2.00029899133e-06, 1.12432599053e-06, 1.18566208585e-06, 1.3770171563e-06, 8.38705773276e-07, 5.19390425779e-07, 4.77252456221e-07, 4.38147822024e-07, 2.72554473213e-07, 1.82526036951e-07, 1.94723057234e-07, 1.84048147389e-07, 1.34380940153e-07, 8.46148182632e-08, 7.97021257881e-08, 8.55864996652e-08, 9.79842340598e-08, 8.94884237823e-08],
        "median": [0.0049145934172, 0.0025601608213, 0.00126540265046, 0.000860714178998, 0.000889785238542, 0.000687328691129, 0.000648763729259, 0.000519753259141, 0.000338805781212, 0.000110819382826, 7.90631165728e-05, 7.57730958867e-05, 4.20149372076e-05, 3.80581113859e-05, 1.88806898223e-05, 9.19151261769e-06, 5.65309801459e-06, 4.67722884423e-06, 3.65721371054e-06, 2.47100615525e-06, 2.24986342801e-06, 1.54296401433e-06, 7.1833636639e-07, 4.60467191488e-07, 3.47739984363e-07, 3.39964969953e-07, 1.33668976332e-07, 1.02439429384e-07, 6.44469082545e-08, 6.79186342722e-08, 1.83999979697e-08, 1.94989127067e-08, 2.8498334359e-08, 1.54519490536e-08, 1.99313365812e-08, 1.16515588289e-08, 2.2356850593e-08, 1.55261048462e-08, 1.00373513945e-08, 7.03127778223e-09],
