{
"highlevel": {
    "danceability": {
        "all": {
            "danceable": 0.986430466175,
            "not_danceable": 0.0135695561767
        },
        "probability": 0.986430466175,
        "value": "danceable"
    },
    "gender": {
        "all": {
            "female": 0.855067312717,
            "male": 0.144932702184
        },
        "probability": 0.855067312717,
        "value": "female"
    },
    "genre_dortmund": {
        "all": {
            "alternative": 0.0652837976813,
            "blues": 0.0289390850812,
            "electronic": 0.0817665159702,
            "folkcountry": 0.26554018259,
            "funksoulrnb": 0.0130115505308,
            "jazz": 0.0592280700803,
            "pop": 0.147598728538,
            "raphiphop": 0.281487196684,
            "rock": 0.0571448653936
        },
        "probability": 0.281487196684,
        "value": "raphiphop"
    },
    "genre_electronic": {
        "all": {
            "ambient": 0.218761757016,
            "dnb": 0.181361839175,
            "house": 0.373975157738,
            "techno": 0.020509948954,
            "trance": 0.205391287804
        },
        "probability": 0.373975157738,
        "value": "house"
    },
    "genre_rosamerica": {
        "all": {
            "cla": 0.001562026795,
            "dan": 0.210250467062,
            "hip": 0.16014687717,
            "jaz": 0.00201756646857,
            "pop": 0.42152428627,
            "rhy": 0.192276641726,
            "roc": 0.00834113266319,
            "spe": 0.00388101139106
        },
        "probability": 0.42152428627,
        "value": "pop"
    },
    "genre_tzanetakis": {
        "all": {
            "blu": 0.0626613423228,
            "cla": 0.0348169617355,
            "cou": 0.104475811124,
            "dis": 0.0784321576357,
            "hip": 0.15692435205,
            "jaz": 0.313974827528,
            "met": 0.0448166541755,
            "pop": 0.0627359300852,
            "reg": 0.0627360641956,
            "roc": 0.0784258767962
        },
        "probability": 0.313974827528,
        "value": "jaz"
    },
    "ismir04_rhythm": {
        "all": {
            "ChaChaCha": 0.0954575762153,
            "Jive": 0.0597866736352,
            "Quickstep": 0.0482738427818,
            "Rumba-American": 0.0129436254501,
            "Rumba-International": 0.181342169642,
            "Rumba-Misc": 0.0275980290025,
            "Samba": 0.547242462635,
            "Tango": 0.00561408046633,
            "VienneseWaltz": 0.0151540748775,
            "Waltz": 0.00658748764545
        },
        "probability": 0.547242462635,
        "value": "Samba"
    },
    "mood_acoustic": {
        "all": {
            "acoustic": 0.123144425452,
            "not_acoustic": 0.876855552197
        },
        "probability": 0.876855552197,
        "value": "not_acoustic"
    },
    "mood_aggressive": {
        "all": {
            "aggressive": 0.0144549943507,
            "not_aggressive": 0.985544979572
        },
        "probability": 0.985544979572,
        "value": "not_aggressive"
    },
    "mood_electronic": {
        "all": {
            "electronic": 0.621498048306,
            "not_electronic": 0.378501951694
        },
        "probability": 0.621498048306,
        "value": "electronic"
    },
    "mood_happy": {
        "all": {
            "happy": 0.510693967342,
            "not_happy": 0.489306032658
        },
        "probability": 0.510693967342,
        "value": "happy"
    },
    "mood_party": {
        "all": {
            "not_party": 0.583689153194,
            "party": 0.416310817003
        },
        "probability": 0.583689153194,
        "value": "not_party"
    },
    "mood_relaxed": {
        "all": {
            "not_relaxed": 0.111625440419,
            "relaxed": 0.888374567032
        },
        "probability": 0.888374567032,
        "value": "relaxed"
    },
    "mood_sad": {
        "all": {
            "not_sad": 0.258137077093,
            "sad": 0.741862893105
        },
        "probability": 0.741862893105,
        "value": "sad"
    },
    "moods_mirex": {
        "all": {
            "Cluster1": 0.206238508224,
            "Cluster2": 0.423212230206,
            "Cluster3": 0.18389095366,
            "Cluster4": 0.11192651093,
            "Cluster5": 0.0747317895293
        },
        "probability": 0.423212230206,
        "value": "Cluster2"
    },
    "timbre": {
        "all": {
            "bright": 0.97615814209,
            "dark": 0.0238418485969
        },
        "probability": 0.97615814209,
        "value": "bright"
    },
    "tonal_atonal": {
        "all": {
            "atonal": 0.128696262836,
            "tonal": 0.871303737164
        },
        "probability": 0.871303737164,
        "value": "tonal"
    },
    "voice_instrumental": {
        "all": {
            "instrumental": 0.000116874522064,
            "voice": 0.999883115292
        },
        "probability": 0.999883115292,
        "value": "voice"
    }
},
"lowlevel": {
    "average_loudness": 0.975373208523,
    "barkbands_crest": {
        "dmean": 3.24113583565,
        "dmean2": 5.14064979553,
        "dvar": 8.87540531158,
        "dvar2": 23.3004169464,
        "max": 25.3251075745,
        "mean": 12.4742088318,
        "median": 11.6081581116,
        "min": 2.9075319767,
        "var": 23.0902919769
    },
    "barkbands_flatness_db": {
        "dmean": 0.0340789370239,
        "dmean2": 0.0505583062768,
        "dvar": 0.000964609556831,
        "dvar2": 0.0020398714114,
        "max": 0.422752559185,
        "mean": 0.184470057487,
        "median": 0.175460577011,
        "min": 0.0429742261767,
        "var": 0.00380729138851
    },
    "barkbands_kurtosis": {
        "dmean": 7.90238285065,
        "dmean2": 12.3841934204,
        "dvar": 180.153137207,
        "dvar2": 436.784423828,
        "max": 188.556411743,
        "mean": 11.711397171,
        "median": 5.68654346466,
        "min": -1.91279459,
        "var": 301.631225586
    },
    "barkbands_skewness": {
        "dmean": 0.906759560108,
        "dmean2": 1.39106810093,
        "dvar": 0.927742898464,
        "dvar2": 2.21294689178,
        "max": 11.6365528107,
        "mean": 2.50546455383,
        "median": 2.13685393333,
        "min": -1.01239848137,
        "var": 2.5675702095
    },
    "barkbands_spread": {
        "dmean": 8.21633529663,
        "dmean2": 12.2532167435,
        "dvar": 117.904510498,
        "dvar2": 237.027297974,
        "max": 106.613838196,
        "mean": 18.8912448883,
        "median": 14.0465040207,
        "min": 0.718474149704,
        "var": 306.537902832
    },
    "dissonance": {
        "dmean": 0.0283063407987,
        "dmean2": 0.0463712699711,
        "dvar": 0.000599177088588,
        "dvar2": 0.00149658613373,
        "max": 0.499997645617,
        "mean": 0.443632692099,
        "median": 0.452618330717,
        "min": 0.209443509579,
        "var": 0.00159461097792
    },
    "dynamic_complexity": 2.32004499435,
    "erbbands_crest": {
        "dmean": 3.26067972183,
        "dmean2": 5.26248073578,
        "dvar": 9.63503360748,
        "dvar2": 23.214548111,
        "max": 27.1570529938,
        "mean": 9.71352672577,
        "median": 8.67702102661,
        "min": 2.39662146568,
        "var": 22.3988265991
    },
    "erbbands_flatness_db": {
        "dmean": 0.02300946787,
        "dmean2": 0.0329870134592,
        "dvar": 0.000441336422227,
        "dvar2": 0.000943986990023,
        "max": 0.280399411917,
        "mean": 0.143172815442,
        "median": 0.140848472714,
        "min": 0.0598123557866,
        "var": 0.00150886690244
    },
    "erbbands_kurtosis": {
        "dmean": 1.80762457848,
        "dmean2": 2.90487146378,
        "dvar": 4.95268011093,
        "dvar2": 12.0385990143,
        "max": 22.8446674347,
        "mean": 1.60268127918,
        "median": 0.923316955566,
        "min": -1.87792038918,
        "var": 8.94576931
    },
    "erbbands_skewness": {
        "dmean": 0.537023425102,
        "dmean2": 0.807108223438,
        "dvar": 0.247067719698,
        "dvar2": 0.542858064175,
        "max": 4.22992753983,
        "mean": 0.758324623108,
        "median": 0.759322524071,
        "min": -3.95514774323,
        "var": 0.736735463142
    },
    "erbbands_spread": {
        "dmean": 15.2709245682,
        "dmean2": 23.1909255981,
        "dvar": 259.888000488,
        "dvar2": 599.347290039,
        "max": 169.000335693,
        "mean": 44.6281585693,
        "median": 37.2313461304,
        "min": 5.16799116135,
        "var": 764.477600098
    },
    "hfc": {
        "dmean": 10.1281938553,
        "dmean2": 14.0976076126,
        "dvar": 258.250610352,
        "dvar2": 469.614257812,
        "max": 176.117462158,
        "mean": 22.8002700806,
        "median": 15.266740799,
        "min": 0.550236582756,
        "var": 663.228942871
    },
    "melbands_crest": {
        "dmean": 3.84281754494,
        "dmean2": 6.24904346466,
        "dvar": 12.6159629822,
        "dvar2": 31.3824615479,
        "max": 36.2693634033,
        "mean": 17.4964008331,
        "median": 16.5626754761,
        "min": 6.04991149902,
        "var": 41.4672431946
    },
    "melbands_flatness_db": {
        "dmean": 0.042731191963,
        "dmean2": 0.0621633715928,
        "dvar": 0.00147588190157,
        "dvar2": 0.00309430481866,
        "max": 0.520412862301,
        "mean": 0.254723697901,
        "median": 0.246247634292,
        "min": 0.0734149590135,
        "var": 0.00636514415964
    },
    "melbands_kurtosis": {
        "dmean": 19.5395526886,
        "dmean2": 31.7202453613,
        "dvar": 1363.4934082,
        "dvar2": 3581.27197266,
        "max": 486.158660889,
        "mean": 30.0285434723,
        "median": 15.2286663055,
        "min": -1.3149535656,
        "var": 1988.13769531
    },
    "melbands_skewness": {
        "dmean": 1.27895903587,
        "dmean2": 1.98306238651,
        "dvar": 2.03548407555,
        "dvar2": 5.05256509781,
        "max": 19.6627960205,
        "mean": 3.71027588844,
        "median": 3.13679289818,
        "min": 0.141689881682,
        "var": 5.56903743744
    },
    "melbands_spread": {
        "dmean": 6.92600488663,
        "dmean2": 10.7139663696,
        "dvar": 113.629692078,
        "dvar2": 247.698532104,
        "max": 170.670516968,
        "mean": 14.9031772614,
        "median": 11.6682863235,
        "min": 0.607932806015,
        "var": 236.92098999
    },
    "pitch_salience": {
        "dmean": 0.0883936211467,
        "dmean2": 0.139703974128,
        "dvar": 0.00671581737697,
        "dvar2": 0.0156442262232,
        "max": 0.81751203537,
        "mean": 0.494143515825,
        "median": 0.502718448639,
        "min": 0.106168702245,
        "var": 0.0176351238042
    },
    "silence_rate_20dB": {
        "dmean": 0,
        "dmean2": 0,
        "dvar": 0,
        "dvar2": 0,
        "max": 1,
        "mean": 1,
        "median": 1,
        "min": 1,
        "var": 0
    },
    "silence_rate_30dB": {
        "dmean": 0.0572755411267,
        "dmean2": 0.114639811218,
        "dvar": 0.0539951920509,
        "dvar2": 0.134029820561,
        "max": 1,
        "mean": 0.955143094063,
        "median": 1,
        "min": 0,
        "var": 0.042844068259
    },
    "silence_rate_60dB": {
        "dmean": 0.00773993786424,
        "dmean2": 0.0154918665066,
        "dvar": 0.00768008083105,
        "dvar2": 0.0183503199369,
        "max": 1,
        "mean": 0.00618716143072,
        "median": 0,
        "min": 0,
        "var": 0.00614886777475
    },
    "spectral_centroid": {
        "dmean": 329.380554199,
        "dmean2": 500.034606934,
        "dvar": 179081,
        "dvar2": 367769.53125,
        "max": 4791.19970703,
        "mean": 939.939880371,
        "median": 748.43939209,
        "min": 209.236679077,
        "var": 444737.5
    },
    "spectral_complexity": {
        "dmean": 4.17182683945,
        "dmean2": 5.84120845795,
        "dvar": 28.0014533997,
        "dvar2": 40.0344963074,
        "max": 58,
        "mean": 15.1624126434,
        "median": 13,
        "min": 3,
        "var": 99.4291687012
    },
    "spectral_decrease": {
        "dmean": 4.22584500726e-09,
        "dmean2": 6.85054724059e-09,
        "dvar": 3.10017036545e-17,
        "dvar2": 7.26334060993e-17,
        "max": -4.61547022823e-10,
        "mean": -1.09198365905e-08,
        "median": -9.02299301941e-09,
        "min": -4.80330690777e-08,
        "var": 6.1150650272e-17
    },
    "spectral_energy": {
        "dmean": 0.016362849623,
        "dmean2": 0.0262990836054,
        "dvar": 0.000460707000457,
        "dvar2": 0.00106292881537,
        "max": 0.185127139091,
        "mean": 0.0432820431888,
        "median": 0.0357905440032,
        "min": 0.00181464001071,
        "var": 0.000930476468056
    },
    "spectral_energyband_high": {
        "dmean": 0.000974397931714,
        "dmean2": 0.00134688348044,
        "dvar": 3.38408312928e-06,
        "dvar2": 6.2779572545e-06,
        "max": 0.0188150703907,
        "mean": 0.00143763807137,
        "median": 0.000382176222047,
        "min": 1.73902333245e-06,
        "var": 7.97836491984e-06
    },
    "spectral_energyband_low": {
        "dmean": 0.0128529537469,
        "dmean2": 0.0208287443966,
        "dvar": 0.000356684002327,
        "dvar2": 0.000830144505017,
        "max": 0.175907209516,
        "mean": 0.0248929448426,
        "median": 0.0169801674783,
        "min": 5.22256705153e-05,
        "var": 0.00064075429691
    },
    "spectral_energyband_middle_high": {
        "dmean": 0.00181039457675,
        "dmean2": 0.00268480740488,
        "dvar": 7.84250551078e-06,
        "dvar2": 1.94817475858e-05,
        "max": 0.0358960777521,
        "mean": 0.00382885895669,
        "median": 0.00204699067399,
        "min": 2.72985325864e-05,
        "var": 1.9331173462e-05
    },
    "spectral_energyband_middle_low": {
        "dmean": 0.00757084181532,
        "dmean2": 0.0124838063493,
        "dvar": 0.000160269701155,
        "dvar2": 0.000404619378969,
        "max": 0.100119635463,
        "mean": 0.0151299778372,
        "median": 0.0119221294299,
        "min": 0.000324312830344,
        "var": 0.000187068537343
    },
    "spectral_entropy": {
        "dmean": 0.292256951332,
        "dmean2": 0.41459697485,
        "dvar": 0.0789865404367,
        "dvar2": 0.158968567848,
        "max": 8.51031398773,
        "mean": 7.40848112106,
        "median": 7.36609458923,
        "min": 5.53246927261,
        "var": 0.292128831148
    },
    "spectral_flux": {
        "dmean": 0.0372948534787,
        "dmean2": 0.0564102940261,
        "dvar": 0.00162898015697,
        "dvar2": 0.00308977393433,
        "max": 0.385210156441,
        "mean": 0.109302483499,
        "median": 0.0914513990283,
        "min": 0.0127440076321,
        "var": 0.0044290102087
    },
    "spectral_kurtosis": {
        "dmean": 2.11282706261,
        "dmean2": 3.12751245499,
        "dvar": 6.23085403442,
        "dvar2": 12.7234792709,
        "max": 27.7475986481,
        "mean": 4.49474287033,
        "median": 3.63878202438,
        "min": -1.40993905067,
        "var": 15.7222652435
    },
    "spectral_rms": {
        "dmean": 0.00116339127999,
        "dmean2": 0.00183203129563,
        "dvar": 1.66745940078e-06,
        "dvar2": 3.72045906261e-06,
        "max": 0.013439190574,
        "mean": 0.00613184971735,
        "median": 0.00590911181644,
        "min": 0.00133055646438,
        "var": 4.62677735413e-06
    },
    "spectral_rolloff": {
        "dmean": 603.464294434,
        "dmean2": 1024.77185059,
        "dvar": 1593054,
        "dvar2": 3618160.75,
        "max": 10357.4707031,
        "mean": 987.014770508,
        "median": 516.796875,
        "min": 64.599609375,
        "var": 2338286.5
    },
    "spectral_skewness": {
        "dmean": 0.381712555885,
        "dmean2": 0.536686718464,
        "dvar": 0.128161802888,
        "dvar2": 0.254654228687,
        "max": 4.18692445755,
        "mean": 1.7743241787,
        "median": 1.7553563118,
        "min": -0.288501143456,
        "var": 0.476113498211
    },
    "spectral_spread": {
        "dmean": 1018217.625,
        "dmean2": 1492356.125,
        "dvar": 1.19744181043e+12,
        "dvar2": 2.41044370227e+12,
        "max": 17344690,
        "mean": 5751840,
        "median": 5535220.5,
        "min": 1959658.375,
        "var": 3.81418759782e+12
    },
    "spectral_strongpeak": {
        "dmean": 0.384568661451,
        "dmean2": 0.692002296448,
        "dvar": 0.368499368429,
        "dvar2": 0.993579924107,
        "max": 4.45350456238,
        "mean": 0.621273517609,
        "median": 0.395033419132,
        "min": 0,
        "var": 0.386463940144
    },
    "zerocrossingrate": {
        "dmean": 0.0142081528902,
        "dmean2": 0.0163080636412,
        "dvar": 0.00026826033718,
        "dvar2": 0.000317379628541,
        "max": 0.2763671875,
        "mean": 0.0479063205421,
        "median": 0.0390625,
        "min": 0.001953125,
        "var": 0.00140233186539
    },
    "barkbands": {
        "dmean": [0.000765414792113, 0.0108888372779, 0.00446250941604, 0.00314395711757, 0.00297681917436, 0.0016097498592, 0.00132813025266, 0.000910019443836, 0.000520604546182, 0.000820412649773, 0.000461894611362, 0.000244547816692, 0.000319416460115, 0.000214911604417, 0.000235563711612, 0.000143456025398, 0.000124407524709, 9.78882671916e-05, 9.42452970776e-05, 0.000179833572474, 0.000120606258861, 0.000244867580477, 0.000222767324885, 0.000207175820833, 0.000179712529643, 5.11762518727e-05, 3.90595644717e-08],
        "dmean2": [0.00121943838894, 0.0175776258111, 0.00760591775179, 0.00563782220706, 0.00492614740506, 0.00259764236398, 0.00212487950921, 0.00145485810935, 0.000806623604149, 0.00123646762222, 0.000730411149561, 0.000398680596845, 0.000529824756086, 0.000368497625459, 0.000381290388759, 0.000224427945795, 0.000193795567611, 0.000148198116221, 0.000135776033858, 0.00029866269324, 0.000177052817889, 0.000357530923793, 0.000321931409417, 0.000291261239909, 0.000245053175604, 7.52729683882e-05, 6.67105055641e-08],
        "dvar": [1.75249306267e-06, 0.000308842456434, 0.000163943157531, 6.04454362474e-05, 2.72933448286e-05, 5.91955358686e-06, 5.80139476369e-06, 4.58250815427e-06, 9.95714799501e-07, 2.19227786147e-06, 1.20345805499e-06, 2.71420645959e-07, 5.60777664305e-07, 3.59969703823e-07, 2.0486743324e-07, 1.28167386038e-07, 5.87300199584e-08, 3.13841965749e-08, 3.88084160363e-08, 1.56826303055e-07, 6.76636062735e-08, 3.34872993335e-07, 2.3146073147e-07, 1.69915878701e-07, 1.36764853664e-07, 1.36863240741e-08, 5.16572394127e-14],
        "dvar2": [4.71508883493e-06, 0.000798006367404, 0.000442656135419, 0.000167501028045, 6.35025280644e-05, 1.36275984914e-05, 1.42675771713e-05, 1.05180733954e-05, 2.4467590265e-06, 4.81616507386e-06, 2.86224417323e-06, 7.10925235126e-07, 1.36829453368e-06, 1.00981162632e-06, 5.0729255463e-07, 3.13666191687e-07, 1.32052775825e-07, 6.61050378881e-08, 7.85710909668e-08, 4.28169386169e-07, 1.42196526554e-07, 6.90623835453e-07, 4.65769915081e-07, 3.56091277354e-07, 2.77081227296e-07, 2.87334298577e-08, 1.41724902213e-13],
        "max": [0.013449662365, 0.162953704596, 0.0959516018629, 0.0758557394147, 0.0612436123192, 0.0287319645286, 0.0287607386708, 0.031583506614, 0.012788746506, 0.0157429184765, 0.0145648699254, 0.00856917724013, 0.0127633130178, 0.00855482555926, 0.00537215918303, 0.00880889128894, 0.00339660397731, 0.0018385584699, 0.00214311294258, 0.00398216629401, 0.00517593044788, 0.0070019713603, 0.00524037098512, 0.00515600759536, 0.00589099666104, 0.00244878511876, 4.5069555199e-06],
        "mean": [0.0012023561867, 0.016848789528, 0.00510163372383, 0.00316613260657, 0.00455891527236, 0.00279811932705, 0.00199161982164, 0.00137925811578, 0.000765933888033, 0.00142540188972, 0.000612934702076, 0.000347255729139, 0.000400138698751, 0.000230424338952, 0.000317842757795, 0.000179715832928, 0.000178321846761, 0.000138015529956, 0.000116216033348, 0.000182002360816, 0.000159269809956, 0.000288859999273, 0.000299741775962, 0.000284969195491, 0.000248845899478, 5.9292113292e-05, 2.8387448836e-08],
        "median": [0.000484633783344, 0.010682198219, 0.00125125783961, 0.00113545765635, 0.00260490761138, 0.00129401218146, 0.000981558347121, 0.000354622432496, 0.000231582773267, 0.000407126965001, 0.000145095924381, 0.000138155781315, 0.000136708156788, 5.07823024236e-05, 9.7059077234e-05, 5.77766331844e-05, 5.8467983763e-05, 4.22210068791e-05, 2.9018123314e-05, 3.96718351112e-05, 3.48083376593e-05, 3.57517601515e-05, 4.95353197039e-05, 6.9124471338e-05, 7.0570713433e-05, 1.44044588524e-05, 6.29292062904e-10],
        "min": [2.77380642899e-08, 2.57512851931e-07, 2.18458239942e-06, 1.55740895025e-06, 1.28957308334e-05, 1.3893913092e-05, 7.67332130636e-06, 1.51770927914e-06, 2.66736765298e-06, 3.71190776605e-06, 1.42938495173e-06, 4.09450933603e-07, 8.83952623099e-07, 5.79360118991e-07, 5.87797046592e-07, 6.11334485257e-07, 2.93740100688e-07, 1.75735138441e-07, 2.12050395021e-07, 4.97459666349e-07, 1.17592449556e-07, 3.07555950485e-07, 4.42347669605e-09, 7.10897785083e-09, 1.43842315836e-09, 1.58940118011e-11, 9.90198808365e-12],
        "var": [3.34812943947e-06, 0.000402987323469, 0.000123286998132, 4.25377184001e-05, 3.61446400348e-05, 1.52667325892e-05, 8.69998075359e-06, 8.54315931065e-06, 1.66841164173e-06, 5.96021027377e-06, 2.04789830605e-06, 3.56622393838e-07, 6.45347142836e-07, 3.12432831606e-07, 3.5433629364e-07, 1.50497086793e-07, 1.09075834587e-07, 6.38892245775e-08, 6.3763039293e-08, 1.7821211884e-07, 1.23956070297e-07, 5.77106334276e-07, 4.80354856336e-07, 3.4360959944e-07, 2.70245493539e-07, 1.8234574739e-08, 3.65419771265e-14]
    },
    "erbbands": {
        "dmean": [0.408457100391, 2.17613697052, 4.05928277969, 8.63066864014, 10.290558815, 10.1230077744, 13.8359136581, 11.588973999, 16.8746910095, 17.9080715179, 19.9064331055, 12.4109554291, 20.6522312164, 28.8284282684, 11.0792684555, 10.5752258301, 13.8046665192, 12.2403821945, 12.0882673264, 7.96753740311, 8.18931674957, 6.40360736847, 5.33443164825, 4.83259534836, 6.09230518341, 8.46215057373, 4.6873383522, 6.06792116165, 8.59859657288, 8.70731067657, 5.4810128212, 4.26052284241, 3.59839558601, 2.26305556297, 1.19200634956, 0.37086212635, 0.0745723620057, 0.00404889276251, 9.80979311862e-05, 2.33777318499e-05],
        "dmean2": [0.66083920002, 3.50150799751, 6.59489202499, 15.2845420837, 17.5828456879, 16.6902103424, 22.5739021301, 18.8846111298, 26.9511833191, 28.3436412811, 31.4816188812, 19.2795658112, 30.6860256195, 43.7992973328, 17.4229469299, 17.0079498291, 22.5555915833, 20.4332828522, 19.8013572693, 12.686498642, 12.8301858902, 9.77293968201, 8.23793315887, 6.86623811722, 9.57789897919, 14.0587234497, 7.04395914078, 8.89546108246, 12.8166074753, 13.2576169968, 7.5187625885, 6.07172727585, 5.13911056519, 3.18658018112, 1.70395994186, 0.541206598282, 0.116385012865, 0.00658538704738, 0.000147080558236, 3.52248607669e-05],
        "dvar": [0.389224439859, 15.1725978851, 108.633003235, 536.037109375, 550.806518555, 292.616516113, 495.551818848, 451.169128418, 843.218139648, 1301.75158691, 2214.69848633, 672.145202637, 2043.25024414, 2582.07592773, 686.745361328, 526.707702637, 1105.33813477, 1172.2253418, 626.419311523, 236.717346191, 486.525787354, 158.523666382, 94.8280563354, 79.421836853, 215.058074951, 301.06930542, 95.7756958008, 186.431854248, 410.334259033, 431.488189697, 130.741256714, 83.0899200439, 51.5060272217, 20.483631134, 7.80756902695, 0.819591522217, 0.0240629930049, 6.3359264459e-05, 3.11390202512e-08, 8.71978489414e-10],
        "dvar2": [1.01802265644, 38.6718101501, 264.871429443, 1495.10083008, 1436.2479248, 670.917053223, 1256.16601562, 952.80267334, 1980.00305176, 3008.6315918, 5281.70751953, 1709.85803223, 4381.30761719, 5719.99023438, 1806.59082031, 1365.45666504, 2658.22509766, 3273.13623047, 1689.21630859, 512.828552246, 1183.17529297, 356.828674316, 201.345489502, 162.246276855, 517.428466797, 815.557006836, 223.28616333, 395.304290771, 874.380310059, 936.68762207, 239.010696411, 184.605957031, 106.968109131, 42.1571922302, 16.9524993896, 1.73567533493, 0.0530208349228, 0.000152010063175, 6.81542715597e-08, 1.70138281241e-09],
        "max": [5.4049448967, 37.3062973022, 94.6941146851, 228.51361084, 191.28012085, 219.449508667, 233.206329346, 370.790466309, 349.941162109, 450.845184326, 657.49005127, 407.878387451, 569.624328613, 593.081054688, 631.642578125, 387.563690186, 677.727355957, 500.847900391, 295.084564209, 239.586044312, 588.97479248, 170.441833496, 98.5617446899, 84.3448867798, 135.189971924, 159.80696106, 117.016120911, 251.784805298, 239.849990845, 295.895874023, 159.020065308, 135.677444458, 86.0159759521, 78.5237731934, 43.0860671997, 18.7614326477, 2.16269254684, 0.0862080529332, 0.0022596581839, 0.00027275425964],
        "mean": [0.642994821072, 3.15971946716, 5.4742398262, 9.52460861206, 11.4493989944, 15.8047494888, 23.7840614319, 20.506734848, 28.1384220123, 26.3756713867, 29.1953334808, 19.9787483215, 34.4646224976, 45.5031242371, 17.5099258423, 15.6764125824, 18.3068008423, 14.2905321121, 16.4499607086, 11.5778112411, 10.9603490829, 9.4613571167, 7.81308174133, 6.21067142487, 6.89467763901, 8.57161617279, 6.14537000656, 7.50367307663, 9.91377067566, 10.79915905, 7.76986789703, 5.68386983871, 4.92219829559, 3.19607806206, 1.49543881416, 0.441412091255, 0.0797137394547, 0.00399864185601, 0.000132232205942, 6.04833076068e-05],
        "median": [0.373273849487, 1.97001492977, 2.10125660896, 3.81186366081, 5.12898921967, 8.28874492645, 11.9166498184, 8.41458892822, 14.3195791245, 12.2376127243, 7.91081428528, 7.46260356903, 9.8792924881, 14.1155376434, 6.57318019867, 6.80388259888, 7.04589176178, 4.61134815216, 4.96246147156, 4.34643220901, 3.65861654282, 3.28687691689, 2.70540046692, 1.84156596661, 1.36547803879, 1.84217596054, 1.61086630821, 1.28158676624, 1.13911008835, 1.67824971676, 1.28575873375, 1.02636504173, 1.27297925949, 0.887099266052, 0.347618162632, 0.108502194285, 0.0164179801941, 0.00074151402805, 5.05639654875e-05, 4.77966204926e-05],
        "min": [1.91560957319e-05, 0.00054742267821, 0.020691242069, 0.0216150712222, 0.0337740778923, 0.0512683242559, 0.101134806871, 0.128651946783, 0.196872249246, 0.109428323805, 0.0694526657462, 0.0474481619895, 0.140212133527, 0.104665212333, 0.0466746538877, 0.0607227757573, 0.0768453404307, 0.0455867424607, 0.0532259531319, 0.0494585037231, 0.0449334718287, 0.0195754691958, 0.0133657613769, 0.0120526421815, 0.0267054140568, 0.0262178499252, 0.015430720523, 0.0231834836304, 0.00840069819242, 0.00780172785744, 0.00251101423055, 0.000639224948827, 0.000786283868365, 0.000107533945993, 5.01188660564e-05, 9.16420231079e-06, 1.5696139144e-06, 2.32490080521e-07, 1.14959880193e-06, 2.11449059861e-06],
        "var": [0.613676548004, 17.5884284973, 101.411376953, 370.148651123, 462.590393066, 454.79095459, 1074.09570312, 1339.24182129, 1711.84509277, 1929.12121582, 3769.07397461, 1125.98168945, 4476.37451172, 6199.33642578, 1218.44726562, 681.332885742, 1312.51794434, 960.405456543, 867.464904785, 471.78515625, 547.489318848, 284.897064209, 197.045974731, 140.453613281, 291.408569336, 346.324066162, 172.18510437, 316.120391846, 689.769836426, 737.172119141, 308.163269043, 160.228088379, 100.026016235, 41.6550674438, 12.4061470032, 1.11823308468, 0.0301514174789, 6.92243265803e-05, 4.56731257259e-08, 2.05820205323e-09]
    },
    "gfcc": {
        "mean": [5.73930501938, 101.18548584, -84.7266616821, 35.3836364746, -65.2583847046, 31.0313854218, -42.3519172668, 14.6600599289, -22.2344474792, 6.11247825623, -10.6360492706, 2.95109796524, -2.11685299873],
        "cov": [[3794.59448242, -1338.42456055, -323.760314941, 82.5152587891, -237.996688843, 183.801864624, -191.625350952, 259.438812256, -156.014953613, 73.7811813354, -355.426635742, 87.1755905151, -246.042358398], [-1338.42456055, 1336.05895996, -25.9980163574, -289.752838135, 248.431472778, -110.473167419, 147.235916138, -139.05796814, 116.37348938, -110.984954834, 173.91595459, -153.790527344, 139.328796387], [-323.760314941, -25.9980163574, 619.953979492, 127.012519836, 75.5628356934, 75.9433746338, 36.2693061829, 19.235086441, 6.9447517395, 35.8742523193, 0.206515267491, 59.8573608398, -39.593536377], [82.5152587891, -289.752838135, 127.012519836, 534.866699219, 24.3095340729, 10.8176612854, 45.1567115784, -13.7369308472, 49.2461738586, -22.4943733215, 35.2667312622, 19.3908233643, -19.3928012848], [-237.996688843, 248.431472778, 75.5628356934, 24.3095340729, 254.795181274, 28.4434642792, 72.6055221558, 8.95673847198, 45.8146438599, -1.4538038969, 16.1151943207, 0.145162120461, 10.8474712372], [183.801864624, -110.473167419, 75.9433746338, 10.8176612854, 28.4434642792, 212.053543091, 43.6283569336, 43.761100769, 25.5529975891, 12.1799325943, 5.53369379044, 3.04459381104, 2.77258014679], [-191.625350952, 147.235916138, 36.2693061829, 45.1567115784, 72.6055221558, 43.6283569336, 190.253219604, 0.511605262756, 40.7275695801, 13.0217790604, 42.4610366821, -2.33737707138, 9.62072658539], [259.438812256, -139.05796814, 19.235086441, -13.7369308472, 8.95673847198, 43.761100769, 0.511605262756, 168.268768311, 44.5782165527, 39.3456382751, -15.9697628021, 38.733745575, 3.33225274086], [-156.014953613, 116.37348938, 6.9447517395, 49.2461738586, 45.8146438599, 25.5529975891, 40.7275695801, 44.5782165527, 148.752807617, 18.9688529968, 61.7048912048, 8.35209560394, 33.7996406555], [73.7811813354, -110.984954834, 35.8742523193, -22.4943733215, -1.4538038969, 12.1799325943, 13.0217790604, 39.3456382751, 18.9688529968, 125.744010925, 19.7296390533, 36.2084579468, -6.67766475677], [-355.426635742, 173.91595459, 0.206515267491, 35.2667312622, 16.1151943207, 5.53369379044, 42.4610366821, -15.9697628021, 61.7048912048, 19.7296390533, 150.173660278, 8.98321056366, 56.2843475342], [87.1755905151, -153.790527344, 59.8573608398, 19.3908233643, 0.145162120461, 3.04459381104, -2.33737707138, 38.733745575, 8.35209560394, 36.2084579468, 8.98321056366, 129.265319824, 5.70936822891], [-246.042358398, 139.328796387, -39.593536377, -19.3928012848, 10.8474712372, 2.77258014679, 9.62072658539, 3.33225274086, 33.7996406555, -6.67766475677, 56.2843475342, 5.70936822891, 113.943519592]],
        "icov": [[0.000614749034867, 3.19388236676e-05, 0.000550434167963, -0.000312922842568, 0.000263151538093, -0.000707747647539, 0.000321337662172, -0.000693638634402, 0.000342633051332, -0.000331690534949, 0.000931242248043, -0.000385982537409, 0.00084998854436], [3.19388236676e-05, 0.005072013475, -0.0013079008786, 0.00390715524554, -0.00370828341693, 0.00363138271496, -0.00251262076199, 0.00230865133926, -0.0031981819775, 0.00433658529073, -0.0040778866969, 0.00460063433275, -0.00252656219527], [0.000550434167963, -0.0013079008786, 0.00282414723188, -0.00172683259007, 0.000658364442643, -0.00224889093079, 0.000980019103736, -0.00111173442565, 0.0014103394933, -0.00182920671068, 0.00185361213516, -0.00237297127023, 0.00209483597428], [-0.000312922842568, 0.00390715524554, -0.00172683259007, 0.00536869792268, -0.00287550338544, 0.00329289911315, -0.00245945388451, 0.0024249246344, -0.00347740831785, 0.00433611450717, -0.00410152645782, 0.00337709044106, -0.00166682992131], [0.000263151538093, -0.00370828341693, 0.000658364442643, -0.00287550338544, 0.0075843827799, -0.0030149621889, 0.000410581851611, -0.00192520872224, 0.00124499644153, -0.00290223630145, 0.00392886484042, -0.00344080175273, 0.00190729298629], [-0.000707747647539, 0.00363138271496, -0.00224889093079, 0.00329289911315, -0.0030149621889, 0.00894840341061, -0.00329654989764, 0.00108106876723, -0.00295812496915, 0.00361358979717, -0.00399371655658, 0.004344410263, -0.00302934227511], [0.000321337662172, -0.00251262076199, 0.000980019103736, -0.00245945388451, 0.000410581851611, -0.00329654989764, 0.00807941984385, -0.00113867816981, 0.00117411324754, -0.00290794717148, 0.00116176914889, -0.00216107419692, 0.00209618359804], [-0.000693638634402, 0.00230865133926, -0.00111173442565, 0.0024249246344, -0.00192520872224, 0.00108106876723, -0.00113867816981, 0.0101353619248, -0.00493046408519, 0.000502000853885, -0.000386823085137, 0.000608016154729, -0.0026850940194], [0.000342633051332, -0.0031981819775, 0.0014103394933, -0.00347740831785, 0.00124499644153, -0.00295812496915, 0.00117411324754, -0.00493046408519, 0.0124846631661, -0.00337076559663, -0.000465252203867, -0.00247488939203, 0.00100019318052], [-0.000331690534949, 0.00433658529073, -0.00182920671068, 0.00433611450717, -0.00290223630145, 0.00361358979717, -0.00290794717148, 0.000502000853885, -0.00337076559663, 0.0138409677893, -0.0060214730911, 0.00209009926766, -0.000816652318463], [0.000931242248043, -0.0040778866969, 0.00185361213516, -0.00410152645782, 0.00392886484042, -0.00399371655658, 0.00116176914889, -0.000386823085137, -0.000465252203867, -0.0060214730911, 0.0155811486766, -0.00481399707496, -0.0010905781528], [-0.000385982537409, 0.00460063433275, -0.00237297127023, 0.00337709044106, -0.00344080175273, 0.004344410263, -0.00216107419692, 0.000608016154729, -0.00247488939203, 0.00209009926766, -0.00481399707496, 0.0138182966039, -0.00378013495356], [0.00084998854436, -0.00252656219527, 0.00209483597428, -0.00166682992131, 0.00190729298629, -0.00302934227511, 0.00209618359804, -0.0026850940194, 0.00100019318052, -0.000816652318463, -0.0010905781528, -0.00378013495356, 0.0143226142973]]
    },
    "melbands": {
        "dmean": [0.00330413202755, 0.0019766043406, 0.0015372155467, 0.00070302397944, 0.000452613370726, 0.000270268094027, 0.000267500290647, 0.000194088250282, 0.000152514679939, 7.97511966084e-05, 0.000104825528979, 0.000122023498989, 4.65322154923e-05, 2.52628051385e-05, 2.87350085273e-05, 3.42633538821e-05, 2.24935120059e-05, 1.91405033547e-05, 1.56532842084e-05, 9.3927137641e-06, 1.02231779238e-05, 7.28649320081e-06, 5.68079076402e-06, 4.8267593229e-06, 3.91309322367e-06, 3.61843035535e-06, 6.08734490015e-06, 5.69786925553e-06, 3.04251193484e-06, 2.93322864309e-06, 3.91608364225e-06, 5.17984835824e-06, 4.71682187708e-06, 5.30980469193e-06, 3.32112267643e-06, 2.95643280879e-06, 2.54492033491e-06, 2.64918639914e-06, 2.50936273005e-06, 1.82485325695e-06],
        "dmean2": [0.00537083577365, 0.003082430223, 0.00269299233332, 0.00117000378668, 0.000737959810067, 0.000438354210928, 0.0004283808521, 0.000306456582621, 0.000241958608967, 0.000123438585433, 0.000155206042109, 0.00018513550458, 7.42211559555e-05, 4.11696564697e-05, 4.62660718767e-05, 5.66130474908e-05, 3.82592224923e-05, 3.16234254569e-05, 2.5094152079e-05, 1.48338667714e-05, 1.62173892022e-05, 1.14266613309e-05, 8.9245795607e-06, 7.36125093681e-06, 5.74454861635e-06, 5.24694678461e-06, 1.02617686935e-05, 9.53276048676e-06, 4.74815169582e-06, 4.33573131886e-06, 5.89824776398e-06, 7.94619609223e-06, 6.83486678099e-06, 8.3833183453e-06, 4.64699041913e-06, 4.27379427492e-06, 3.64243169315e-06, 3.87349473385e-06, 3.8833486542e-06, 2.55408826888e-06],
        "dvar": [2.6249597795e-05, 1.5187119061e-05, 1.47805822053e-05, 1.86659679002e-06, 5.04502452259e-07, 2.01864096994e-07, 2.16708741618e-07, 1.59752119089e-07, 1.24799711898e-07, 2.86065446886e-08, 5.19243030794e-08, 4.5241296931e-08, 1.24644827793e-08, 3.05336866901e-09, 4.54017845541e-09, 6.46502273938e-09, 4.17661816243e-09, 1.66349911623e-09, 8.79332773263e-10, 3.79908465797e-10, 7.05358937925e-10, 2.24716398267e-10, 1.08448798553e-10, 9.56254797568e-11, 5.33393745838e-11, 6.62733340429e-11, 2.52305981663e-10, 1.29763616519e-10, 4.63084778857e-11, 3.82869222437e-11, 8.4073387141e-11, 1.54424417698e-10, 1.28223084928e-10, 1.70611746952e-10, 5.17854092941e-11, 5.24079390996e-11, 2.76603722565e-11, 3.10051394281e-11, 2.85738377404e-11, 1.39645291858e-11],
        "dvar2": [6.83342732373e-05, 3.07234513457e-05, 4.04377460654e-05, 4.39997529611e-06, 1.30145258481e-06, 4.48217690519e-07, 5.21971173839e-07, 3.5867628867e-07, 2.98134494869e-07, 7.17918524629e-08, 1.10624121419e-07, 9.99690783487e-08, 3.21443280882e-08, 7.96946064696e-09, 1.05520960858e-08, 1.69438028053e-08, 1.16244258663e-08, 4.50301662624e-09, 1.99214578167e-09, 9.06834718428e-10, 1.68858438343e-09, 5.01921448848e-10, 2.54059273619e-10, 2.03256717013e-10, 1.13535417179e-10, 1.38230801805e-10, 6.94974189308e-10, 3.48481077328e-10, 1.16989098964e-10, 7.62554047684e-11, 1.85814558185e-10, 3.48120893223e-10, 2.63395777411e-10, 4.05448424834e-10, 1.042478881e-10, 1.1769712982e-10, 5.88629978093e-11, 6.68029243034e-11, 6.6082347927e-11, 2.87046861974e-11],
        "max": [0.0455214940012, 0.0385223254561, 0.0351522937417, 0.0162517875433, 0.00853415206075, 0.0071210921742, 0.00506573356688, 0.00622803391889, 0.00502053322271, 0.00247653387487, 0.00281599559821, 0.00259227887727, 0.00175038701855, 0.00107662403025, 0.00132211274467, 0.00116590876132, 0.000939736492001, 0.000478846341139, 0.000431061867857, 0.00027604054776, 0.000691816152539, 0.000236604988459, 0.000134245710797, 0.000129958396428, 7.32078697183e-05, 9.66727602645e-05, 0.000158362294314, 9.69803222688e-05, 6.61527665216e-05, 0.000132467030198, 0.000148624094436, 0.000146854916238, 0.000150519059389, 0.000185069948202, 0.000102576996142, 0.000134745292598, 7.26738726371e-05, 7.21457545296e-05, 8.33897574921e-05, 6.67521599098e-05],
        "mean": [0.00518104853109, 0.0033509847708, 0.00171531422529, 0.000951006368268, 0.000812742102426, 0.000475958397146, 0.000437322771177, 0.000285244808765, 0.000220530826482, 0.00012190691632, 0.000171735708136, 0.000188014731975, 6.61766825942e-05, 3.92079091398e-05, 3.7666366552e-05, 4.16938710259e-05, 2.4216958991e-05, 2.49167587754e-05, 2.16037587961e-05, 1.24503121697e-05, 1.29309555632e-05, 1.03170614238e-05, 7.75822172727e-06, 6.28072439213e-06, 4.83898838866e-06, 4.33306013292e-06, 5.97917551204e-06, 5.67663391848e-06, 3.78483377972e-06, 3.72945601157e-06, 4.61129275209e-06, 5.64694391869e-06, 5.59842237635e-06, 6.26238534096e-06, 4.55032568425e-06, 3.69975850845e-06, 3.44014756593e-06, 3.50562208951e-06, 3.27872044181e-06, 2.49508048e-06],
        "median": [0.00323819858022, 0.00190526491497, 0.000758417707402, 0.000495026179124, 0.0004472421424, 0.000196756809601, 0.000219527384616, 0.000131527223857, 5.32439844392e-05, 3.7618992792e-05, 4.21769473178e-05, 5.25621398992e-05, 1.96449927898e-05, 1.65765559359e-05, 1.628420614e-05, 1.44392588481e-05, 6.08085792919e-06, 6.65773222863e-06, 6.7506657615e-06, 3.68005908058e-06, 4.26460928793e-06, 3.24834718413e-06, 2.88180353891e-06, 1.71669341853e-06, 1.45152239384e-06, 9.42489464251e-07, 9.50274909428e-07, 1.21276673326e-06, 9.61350906437e-07, 7.96953543158e-07, 6.18188607859e-07, 5.49304729702e-07, 6.91170839673e-07, 9.89750901681e-07, 8.02596275662e-07, 4.59660753904e-07, 6.38235405859e-07, 7.50992512621e-07, 1.01605473901e-06, 5.8530338265e-07],
        "min": [6.18167135258e-08, 9.24770301935e-06, 3.01023510474e-06, 2.94593201033e-06, 3.14372141474e-06, 3.15302349918e-06, 1.90833497982e-06, 6.80145376464e-07, 3.38836969149e-07, 3.66893203818e-07, 3.82642014074e-07, 4.0211614305e-07, 1.51745823018e-07, 8.75281713775e-08, 1.17107568087e-07, 7.3867646222e-08, 6.0749982822e-08, 6.43610036377e-08, 5.06959310087e-08, 3.39136505545e-08, 3.26447207044e-08, 2.15929709668e-08, 1.15628129294e-08, 3.09748671157e-09, 1.05179580601e-08, 7.80173969872e-09, 1.59368838126e-08, 1.50065808668e-08, 2.70054911766e-09, 3.76751030373e-09, 1.77013126379e-10, 4.49481829534e-09, 2.18920503947e-09, 4.72484895653e-09, 6.13401412997e-11, 7.5411614453e-11, 5.21552202468e-12, 6.45953915357e-11, 7.29563805202e-12, 5.41282903915e-12],
