{
"highlevel": {
    "danceability": {
        "all": {
            "danceable": 0.0346213206649,
            "not_danceable": 0.965378701687
        },
        "probability": 0.965378701687,
        "value": "not_danceable"
    },
    "gender": {
        "all": {
            "female": 0.251757323742,
            "male": 0.748242676258
        },
        "probability": 0.748242676258,
        "value": "male"
    },
    "genre_dortmund": {
        "all": {
            "alternative": 0.0621980279684,
            "blues": 0.0136676039547,
            "electronic": 0.00693706655875,
            "folkcountry": 0.0140907187015,
            "funksoulrnb": 0.00510532688349,
            "jazz": 0.00339159159921,
            "pop": 0.0334653295577,
            "raphiphop": 0.00668383296579,
            "rock": 0.854460477829
        },
        "probability": 0.854460477829,
        "value": "rock"
    },
    "genre_electronic": {
        "all": {
            "ambient": 0.133701726794,
            "dnb": 0.476523339748,
            "house": 0.0207772348076,
            "techno": 0.0112021118402,
            "trance": 0.35779556632
        },
        "probability": 0.476523339748,
        "value": "dnb"
    },
    "genre_rosamerica": {
        "all": {
            "cla": 0.000275085127214,
            "dan": 0.00538973836228,
            "hip": 0.00144027732313,
            "jaz": 0.000112513029308,
            "pop": 0.00769213074818,
            "rhy": 0.000486992532387,
            "roc": 0.984471142292,
            "spe": 0.000132093962748
        },
        "probability": 0.984471142292,
        "value": "roc"
    },
    "genre_tzanetakis": {
        "all": {
            "blu": 0.0626613423228,
            "cla": 0.0348169617355,
            "cou": 0.104475811124,
            "dis": 0.0784321576357,
            "hip": 0.15692435205,
            "jaz": 0.313974827528,
            "met": 0.0448166541755,
            "pop": 0.0627359300852,
            "reg": 0.0627360641956,
            "roc": 0.0784258767962
        },
        "probability": 0.313974827528,
        "value": "jaz"
    },
    "ismir04_rhythm": {
        "all": {
            "ChaChaCha": 0.0164874568582,
            "Jive": 0.861349880695,
            "Quickstep": 0.00816293619573,
            "Rumba-American": 0.00195770361461,
            "Rumba-International": 0.00233888742514,
            "Rumba-Misc": 0.000983251258731,
            "Samba": 0.0930245146155,
            "Tango": 0.000874722900335,
            "VienneseWaltz": 0.0121073182672,
            "Waltz": 0.00271330517717
        },
        "probability": 0.861349880695,
        "value": "Jive"
    },
    "mood_acoustic": {
        "all": {
            "acoustic": 6.24176345809e-06,
            "not_acoustic": 0.999993741512
        },
        "probability": 0.999993741512,
        "value": "not_acoustic"
    },
    "mood_aggressive": {
        "all": {
            "aggressive": 0.997761070728,
            "not_aggressive": 0.00223890831694
        },
        "probability": 0.997761070728,
        "value": "aggressive"
    },
    "mood_electronic": {
        "all": {
            "electronic": 0.0472566969693,
            "not_electronic": 0.952743291855
        },
        "probability": 0.952743291855,
        "value": "not_electronic"
    },
    "mood_happy": {
        "all": {
            "happy": 0.609210371971,
            "not_happy": 0.390789628029
        },
        "probability": 0.609210371971,
        "value": "happy"
    },
    "mood_party": {
        "all": {
            "not_party": 0.443081706762,
            "party": 0.556918263435
        },
        "probability": 0.556918263435,
        "value": "party"
    },
    "mood_relaxed": {
        "all": {
            "not_relaxed": 0.990152478218,
            "relaxed": 0.00984753575176
        },
        "probability": 0.990152478218,
        "value": "not_relaxed"
    },
    "mood_sad": {
        "all": {
            "not_sad": 0.958923399448,
            "sad": 0.0410766154528
        },
        "probability": 0.958923399448,
        "value": "not_sad"
    },
    "moods_mirex": {
        "all": {
            "Cluster1": 0.179779842496,
            "Cluster2": 0.0182299930602,
            "Cluster3": 0.0300804879516,
            "Cluster4": 0.0239433981478,
            "Cluster5": 0.74796628952
        },
        "probability": 0.74796628952,
        "value": "Cluster5"
    },
    "timbre": {
        "all": {
            "bright": 0.398606151342,
            "dark": 0.60139387846
        },
        "probability": 0.60139387846,
        "value": "dark"
    },
    "tonal_atonal": {
        "all": {
            "atonal": 0.114618673921,
            "tonal": 0.885381340981
        },
        "probability": 0.885381340981,
        "value": "tonal"
    },
    "voice_instrumental": {
        "all": {
            "instrumental": 0.000363427388947,
            "voice": 0.999636590481
        },
        "probability": 0.999636590481,
        "value": "voice"
    }
},
"lowlevel": {
    "average_loudness": 0.955812811852,
    "barkbands_crest": {
        "dmean": 2.8466565609,
        "dmean2": 4.67818927765,
        "dvar": 7.62614297867,
        "dvar2": 20.2242641449,
        "max": 21.5536670685,
        "mean": 8.1173620224,
        "median": 7.26465749741,
        "min": 2.42701125145,
        "var": 12.948182106
    },
    "barkbands_flatness_db": {
        "dmean": 0.0171596482396,
        "dmean2": 0.0271988101304,
        "dvar": 0.00026434744359,
        "dvar2": 0.00063126423629,
        "max": 0.378178477287,
        "mean": 0.102645352483,
        "median": 0.0905138477683,
        "min": 0.0422108843923,
        "var": 0.00241454434581
    },
    "barkbands_kurtosis": {
        "dmean": 1.04356777668,
        "dmean2": 1.73128318787,
        "dvar": 3.33238577843,
        "dvar2": 7.34650182724,
        "max": 30.660697937,
        "mean": 0.0777355656028,
        "median": -0.612047433853,
        "min": -1.85805857182,
        "var": 6.87016391754
    },
    "barkbands_skewness": {
        "dmean": 0.440335720778,
        "dmean2": 0.68965780735,
        "dvar": 0.222431406379,
        "dvar2": 0.54646730423,
        "max": 4.39865541458,
        "mean": 0.707740664482,
        "median": 0.617436647415,
        "min": -1.0214754343,
        "var": 0.509102404118
    },
    "barkbands_spread": {
        "dmean": 7.01414585114,
        "dmean2": 10.6606807709,
        "dvar": 47.859336853,
        "dvar2": 100.845626831,
        "max": 98.6972808838,
        "mean": 37.5175323486,
        "median": 36.1336708069,
        "min": 2.28065919876,
        "var": 226.859893799
    },
    "dissonance": {
        "dmean": 0.0104600284249,
        "dmean2": 0.0174881536514,
        "dvar": 0.000106853985926,
        "dvar2": 0.000268403149676,
        "max": 0.499804973602,
        "mean": 0.480492532253,
        "median": 0.484549552202,
        "min": 0.345733076334,
        "var": 0.000267469382379
    },
    "dynamic_complexity": 2.2448656559,
    "erbbands_crest": {
        "dmean": 2.74189448357,
        "dmean2": 4.55430793762,
        "dvar": 6.88775873184,
        "dvar2": 17.3512878418,
        "max": 26.0901889801,
        "mean": 8.11801528931,
        "median": 7.02419185638,
        "min": 2.2252175808,
        "var": 14.041437149
    },
    "erbbands_flatness_db": {
        "dmean": 0.0142827481031,
        "dmean2": 0.0213106889278,
        "dvar": 0.000178567148396,
        "dvar2": 0.000362254329957,
        "max": 0.309984326363,
        "mean": 0.14681597054,
        "median": 0.137311950326,
        "min": 0.0724444016814,
        "var": 0.00188568595331
    },
    "erbbands_kurtosis": {
        "dmean": 0.671642065048,
        "dmean2": 1.06779122353,
        "dvar": 0.507886052132,
        "dvar2": 1.20223867893,
        "max": 7.56303977966,
        "mean": 0.119009301066,
        "median": -0.0918734073639,
        "min": -1.62665593624,
        "var": 1.10741901398
    },
    "erbbands_skewness": {
        "dmean": 0.340109139681,
        "dmean2": 0.505984783173,
        "dvar": 0.0880436450243,
        "dvar2": 0.196220844984,
        "max": 2.77768850327,
        "mean": -0.154520705342,
        "median": -0.216452926397,
        "min": -1.89722335339,
        "var": 0.386947095394
    },
    "erbbands_spread": {
        "dmean": 7.33617353439,
        "dmean2": 11.4336652756,
        "dvar": 47.9832687378,
        "dvar2": 105.222335815,
        "max": 90.3751144409,
        "mean": 37.7037467957,
        "median": 36.2868118286,
        "min": 10.6779241562,
        "var": 149.415588379
    },
    "hfc": {
        "dmean": 8.23424053192,
        "dmean2": 12.2105731964,
        "dvar": 101.361167908,
        "dvar2": 187.87562561,
        "max": 169.643096924,
        "mean": 38.8465538025,
        "median": 38.6736335754,
        "min": 0.167930588126,
        "var": 483.411102295
    },
    "melbands_crest": {
        "dmean": 3.72801780701,
        "dmean2": 6.20880413055,
        "dvar": 11.7673740387,
        "dvar2": 30.4884376526,
        "max": 28.6840000153,
        "mean": 13.1729049683,
        "median": 12.4788560867,
        "min": 3.92775774002,
        "var": 24.5270137787
    },
    "melbands_flatness_db": {
        "dmean": 0.0247842241079,
        "dmean2": 0.0384312495589,
        "dvar": 0.000655897136312,
        "dvar2": 0.00154979724903,
        "max": 0.49538320303,
        "mean": 0.133800521493,
        "median": 0.119758218527,
        "min": 0.0393207147717,
        "var": 0.00399780785665
    },
    "melbands_kurtosis": {
        "dmean": 3.84681391716,
        "dmean2": 6.50246763229,
        "dvar": 43.6954116821,
        "dvar2": 113.201805115,
        "max": 72.6477966309,
        "mean": 5.00442409515,
        "median": 3.01742696762,
        "min": -1.50727617741,
        "var": 50.6955718994
    },
    "melbands_skewness": {
        "dmean": 0.654188334942,
        "dmean2": 1.0438631773,
        "dvar": 0.623723626137,
        "dvar2": 1.58001899719,
        "max": 7.63080358505,
        "mean": 1.90420532227,
        "median": 1.7542090416,
        "min": -0.100258946419,
        "var": 1.03210794926
    },
    "melbands_spread": {
        "dmean": 11.6552867889,
        "dmean2": 17.8145332336,
        "dvar": 149.875549316,
        "dvar2": 343.26663208,
        "max": 162.212280273,
        "mean": 43.6588401794,
        "median": 42.002822876,
        "min": 2.08746004105,
        "var": 434.643707275
    },
    "pitch_salience": {
        "dmean": 0.0711293742061,
        "dmean2": 0.11968536675,
        "dvar": 0.00408516125754,
        "dvar2": 0.0111564202234,
        "max": 0.824708342552,
        "mean": 0.595467627048,
        "median": 0.602005362511,
        "min": 0.261333853006,
        "var": 0.00805162079632
    },
    "silence_rate_20dB": {
        "dmean": 0,
        "dmean2": 0,
        "dvar": 0,
        "dvar2": 0,
        "max": 1,
        "mean": 1,
        "median": 1,
        "min": 1,
        "var": 0
    },
    "silence_rate_30dB": {
        "dmean": 0,
        "dmean2": 0,
        "dvar": 0,
        "dvar2": 0,
        "max": 1,
        "mean": 1,
        "median": 1,
        "min": 1,
        "var": 0
    },
    "silence_rate_60dB": {
        "dmean": 0.00386996893212,
        "dmean2": 0.00774593325332,
        "dvar": 0.00385498488322,
        "dvar2": 0.00923512782902,
        "max": 1,
        "mean": 0.0881670564413,
        "median": 0,
        "min": 0,
        "var": 0.0803935155272
    },
    "spectral_centroid": {
        "dmean": 259.026916504,
        "dmean2": 390.564544678,
        "dvar": 52632.4140625,
        "dvar2": 115729.609375,
        "max": 3323.98291016,
        "mean": 2028.37683105,
        "median": 2094.75805664,
        "min": 259.901855469,
        "var": 260326.40625
    },
    "spectral_complexity": {
        "dmean": 4.40479898453,
        "dmean2": 7.09682416916,
        "dvar": 14.7672996521,
        "dvar2": 34.9085502625,
        "max": 57,
        "mean": 35.8793487549,
        "median": 38,
        "min": 1,
        "var": 129.575531006
    },
    "spectral_decrease": {
        "dmean": 2.5540454196e-09,
        "dmean2": 4.15255785313e-09,
        "dvar": 1.22645242243e-17,
        "dvar2": 3.24717988177e-17,
        "max": -1.23317564493e-10,
        "mean": -7.00759672512e-09,
        "median": -6.47520881358e-09,
        "min": -2.79604446263e-08,
        "var": 1.8030519033e-17
    },
    "spectral_energy": {
        "dmean": 0.0100327208638,
        "dmean2": 0.0162374451756,
        "dvar": 0.000181133596925,
        "dvar2": 0.000478633737657,
        "max": 0.109065540135,
        "mean": 0.0299717634916,
        "median": 0.0283718239516,
        "min": 0.000493902887683,
        "var": 0.000287604867481
    },
    "spectral_energyband_high": {
        "dmean": 0.0007020572084,
        "dmean2": 0.0010310417274,
        "dvar": 1.13119006073e-06,
        "dvar2": 1.91141202777e-06,
        "max": 0.0167292878032,
        "mean": 0.00231935270131,
        "median": 0.00187804270536,
        "min": 3.05931777689e-08,
        "var": 4.83168832943e-06
    },
    "spectral_energyband_low": {
        "dmean": 0.00613145669922,
        "dmean2": 0.0106389503926,
        "dvar": 0.000164279830642,
        "dvar2": 0.000460238108644,
        "max": 0.0904992446303,
        "mean": 0.00858008582145,
        "median": 0.00532207125798,
        "min": 1.48892888774e-06,
        "var": 0.000131028864416
    },
    "spectral_energyband_middle_high": {
        "dmean": 0.00278273411095,
        "dmean2": 0.00420735543594,
        "dvar": 1.0531955013e-05,
        "dvar2": 2.24402811e-05,
        "max": 0.0383641123772,
        "mean": 0.00969826895744,
        "median": 0.00839237868786,
        "min": 5.55688484383e-06,
        "var": 3.93294903915e-05
    },
    "spectral_energyband_middle_low": {
        "dmean": 0.00467884959653,
        "dmean2": 0.00707390485331,
        "dvar": 5.0427068345e-05,
        "dvar2": 0.000103842270619,
        "max": 0.060705550015,
        "mean": 0.00999145861715,
        "median": 0.00639179861173,
        "min": 0.000134507281473,
        "var": 9.67689338722e-05
    },
    "spectral_entropy": {
        "dmean": 0.0961991846561,
        "dmean2": 0.13813149929,
        "dvar": 0.0116780921817,
        "dvar2": 0.020657049492,
        "max": 8.69601249695,
        "mean": 7.94412469864,
        "median": 7.99833393097,
        "min": 5.93188667297,
        "var": 0.102568127215
    },
    "spectral_flux": {
        "dmean": 0.0260434113443,
        "dmean2": 0.0417657271028,
        "dvar": 0.000876322505064,
        "dvar2": 0.00178770371713,
        "max": 0.27711135149,
        "mean": 0.101646900177,
        "median": 0.0973713472486,
        "min": 0.00331706018187,
        "var": 0.0021023710724
    },
    "spectral_kurtosis": {
        "dmean": 1.17295372486,
        "dmean2": 1.9207611084,
        "dvar": 4.36061954498,
        "dvar2": 10.8277330399,
        "max": 49.2143096924,
        "mean": 3.1208319664,
        "median": 2.65678119659,
        "min": -0.566102027893,
        "var": 7.44708585739
    },
    "spectral_rms": {
        "dmean": 0.00082163879415,
        "dmean2": 0.00129297911189,
        "dvar": 9.39202038808e-07,
        "dvar2": 2.41078214458e-06,
        "max": 0.0103152999654,
        "mean": 0.00513856252655,
        "median": 0.00526116229594,
        "min": 0.000694158836268,
        "var": 2.83592180494e-06
    },
    "spectral_rolloff": {
        "dmean": 705.296447754,
        "dmean2": 1117.9597168,
        "dvar": 972813.1875,
        "dvar2": 1894732.375,
        "max": 10357.4707031,
        "mean": 2708.08691406,
        "median": 2390.18554688,
        "min": 129.19921875,
        "var": 3066217.25
    },
    "spectral_skewness": {
        "dmean": 0.163677290082,
        "dmean2": 0.264685750008,
        "dvar": 0.0411856770515,
        "dvar2": 0.0993699878454,
        "max": 4.6630692482,
        "mean": 1.1942127943,
        "median": 1.17757642269,
        "min": 0.240018203855,
        "var": 0.0835217908025
    },
    "spectral_spread": {
        "dmean": 424079.5,
        "dmean2": 564700.75,
        "dvar": 453340856320,
        "dvar2": 532240236544,
        "max": 19919296,
        "mean": 4470242,
        "median": 4433395,
        "min": 1233670.375,
        "var": 2.10437328077e+12
    },
    "spectral_strongpeak": {
        "dmean": 0.673186480999,
        "dmean2": 1.16560745239,
        "dvar": 0.952646434307,
        "dvar2": 2.31931853294,
        "max": 7.93118715286,
        "mean": 0.96791446209,
        "median": 0.398411989212,
        "min": 0.0236411150545,
        "var": 1.39638805389
    },
    "zerocrossingrate": {
        "dmean": 0.0129689313471,
        "dmean2": 0.0144423078746,
        "dvar": 0.000203319868888,
        "dvar2": 0.000217277090997,
        "max": 0.31201171875,
        "mean": 0.0928263068199,
        "median": 0.087890625,
        "min": 0.0078125,
        "var": 0.00173485674895
    },
    "barkbands": {
        "dmean": [0.000393393012928, 0.00422821333632, 0.00205518468283, 0.00062639999669, 0.00262872641906, 0.000676228082739, 0.000813660153653, 0.000692230300047, 0.00124371843413, 0.00149031099863, 0.000453236338217, 0.000221053967834, 0.000656478630845, 0.000476692861412, 0.000460023031337, 0.000678914017044, 0.000503855175339, 0.000303355511278, 0.000286833615974, 0.000266860908596, 0.000185208380572, 0.000136096074129, 0.000172814994585, 0.000214085885091, 0.00011907346925, 4.23589044658e-05, 1.00259590852e-07],
        "dmean2": [0.000599182618316, 0.00743293529376, 0.00365739827976, 0.00108644831926, 0.00406421953812, 0.0011060499819, 0.00133676023688, 0.00111432524864, 0.00190965004731, 0.00236716470681, 0.000738834962249, 0.000358385033906, 0.00104244356044, 0.000762897834647, 0.000726488360669, 0.00114640663378, 0.000849198666401, 0.000515633204486, 0.000483937270474, 0.000446910969913, 0.000311849144055, 0.000223906710744, 0.000269836513326, 0.000292059907224, 0.000162863536389, 6.42772574793e-05, 1.79382226406e-07],
        "dvar": [5.58294914299e-07, 8.53271849337e-05, 1.78874779522e-05, 4.83271435314e-07, 3.48000285157e-05, 1.21298614886e-06, 3.27330735672e-06, 2.58006343756e-06, 6.57510281599e-06, 8.47036062623e-06, 9.96701146505e-07, 1.52272335185e-07, 1.22680398817e-06, 4.9341764452e-07, 5.52676851839e-07, 8.51384868383e-07, 2.58457390601e-07, 1.5034008527e-07, 9.49388905269e-08, 1.03753556857e-07, 5.07621535917e-08, 3.25952385083e-08, 7.46722434997e-08, 2.18914479433e-07, 9.80485737045e-08, 1.27719310683e-08, 1.03895875464e-13],
        "dvar2": [1.18692685191e-06, 0.000238518303377, 5.09792662342e-05, 1.35140896873e-06, 7.17609873391e-05, 3.02135913444e-06, 8.51302775118e-06, 5.83585278946e-06, 1.45848953252e-05, 2.00068079721e-05, 2.53167763731e-06, 3.60827840495e-07, 3.16127170663e-06, 1.20898016576e-06, 1.30054252168e-06, 2.26013980864e-06, 7.05175921212e-07, 3.76225187892e-07, 2.60756678472e-07, 2.74264408517e-07, 1.34271971319e-07, 8.39565714728e-08, 1.5856186053e-07, 3.28379684333e-07, 1.62601949683e-07, 2.88183343855e-08, 2.78145507928e-13],
        "max": [0.00476458994672, 0.062852345407, 0.0424991287291, 0.00683885859326, 0.0490517169237, 0.0119612831622, 0.0248690061271, 0.0303318314254, 0.0388179570436, 0.0284255370498, 0.019898314029, 0.00747056584805, 0.0170943010598, 0.00779623910785, 0.00752942217514, 0.0128026446328, 0.00571579206735, 0.00521523272619, 0.00301481108181, 0.00421353010461, 0.00257541239262, 0.00240299571306, 0.00348341651261, 0.00760775757954, 0.00612741708755, 0.00218031043187, 5.50176764591e-06],
        "mean": [0.000388261832995, 0.00477757817134, 0.00301193003543, 0.00108331872616, 0.00321288337, 0.000995689537376, 0.00100677763112, 0.00106990581844, 0.00220794440247, 0.0020072569605, 0.00066350196721, 0.000354806776159, 0.00107979786117, 0.00078308879165, 0.000786072807387, 0.00140087190084, 0.00110630935524, 0.000694468209986, 0.000669355969876, 0.000653032737318, 0.00046910403762, 0.000311962212436, 0.000413720437791, 0.000512495578732, 0.000245528848609, 6.60524092382e-05, 7.3320570948e-08],
        "median": [4.67127574666e-05, 0.0020977081731, 0.00167076312937, 0.0008545924793, 0.00115362240467, 0.000584483437706, 0.000424348429078, 0.000309235765599, 0.000630736700259, 0.000521667010617, 0.000346827757312, 0.000193147148821, 0.00057124363957, 0.000415018905187, 0.000472843705211, 0.00100405293051, 0.000957094482146, 0.000591541524045, 0.000621951068752, 0.00058623647783, 0.000425577687565, 0.000269350450253, 0.000310078234179, 0.000270925142104, 0.000108839427412, 2.64697664534e-05, 3.0752380642e-09],
        "min": [1.83046289237e-09, 7.29378712094e-07, 7.39366498692e-07, 3.36825479508e-07, 1.53403780132e-05, 6.5084027483e-06, 3.37142182616e-06, 2.53609016454e-07, 9.80665504358e-07, 2.08311703886e-07, 3.67195156059e-07, 1.21375379081e-07, 2.8931751217e-07, 1.06205582995e-07, 1.58350786705e-07, 2.5579100793e-07, 2.05146349685e-07, 5.75675400682e-08, 6.24047729048e-08, 2.98759381678e-08, 1.08541184929e-08, 1.27648480674e-09, 2.65456268078e-10, 5.55301395144e-11, 6.0594840777e-12, 3.84128232694e-12, 5.61188725698e-12],
        "var": [6.48838749839e-07, 6.37941921013e-05, 1.58834245667e-05, 9.31786246383e-07, 4.04812381021e-05, 1.62535957315e-06, 3.39831262863e-06, 7.82774714025e-06, 1.9826073185e-05, 1.29411746457e-05, 1.28165754631e-06, 2.90545386861e-07, 2.2696447104e-06, 9.93599655885e-07, 9.63692514233e-07, 2.15704085349e-06, 5.65895447835e-07, 2.75021079688e-07, 1.62495624068e-07, 1.93163629092e-07, 9.77004788183e-08, 6.50578115824e-08, 1.96586398715e-07, 8.5028165131e-07, 3.05790337052e-07, 2.52991778638e-08, 7.35513605858e-14]
    },
    "erbbands": {
        "dmean": [0.106078192592, 1.02857768536, 2.57237958908, 1.92842960358, 6.82836771011, 9.4110584259, 4.99029827118, 5.68350219727, 10.7859773636, 11.2141628265, 16.865486145, 29.022895813, 29.6094264984, 46.7271194458, 13.2533531189, 11.1148357391, 30.388589859, 19.9718666077, 30.3974571228, 16.2385597229, 42.6170501709, 24.0760364532, 15.9855146408, 15.94576931, 13.2191524506, 12.9248466492, 8.42772102356, 7.02471399307, 5.08495426178, 5.0036444664, 4.96074867249, 4.54543447495, 3.68395352364, 1.76705527306, 0.591854989529, 0.232903897762, 0.0745512545109, 0.00583397876471, 0.000118761403428, 1.67515900102e-05],
        "dmean2": [0.184137776494, 1.8495464325, 4.57921743393, 3.38619828224, 10.943145752, 14.478471756, 8.27840709686, 9.33469200134, 17.3918609619, 18.8596935272, 26.6920166016, 45.5269546509, 44.3077507019, 75.2871398926, 21.3381652832, 17.7894039154, 48.4349365234, 31.4389400482, 47.8316955566, 25.8626842499, 71.6286315918, 40.0726318359, 26.2541007996, 27.4145278931, 22.102689743, 21.7763671875, 13.8750896454, 11.7432565689, 8.40789031982, 8.11774539948, 7.50687885284, 6.46525144577, 4.86055707932, 2.40602016449, 0.83533346653, 0.354531794786, 0.113119289279, 0.00890441052616, 0.000176139888936, 2.57235096797e-05],
        "dvar": [0.041266400367, 5.54484939575, 28.8558921814, 8.78577709198, 205.565917969, 472.538787842, 90.6484832764, 79.0593643188, 501.205505371, 524.908081055, 1915.71630859, 4016.38769531, 3643.30737305, 9454.1796875, 719.562438965, 360.230316162, 2754.74121094, 877.604187012, 2944.19775391, 545.792907715, 3004.34619141, 610.197814941, 472.843170166, 320.588989258, 253.865447998, 230.981521606, 101.842178345, 76.3364715576, 47.0204429626, 49.0434837341, 60.6905250549, 68.9653549194, 84.6183013916, 22.1094322205, 2.58568239212, 0.388981729746, 0.0462965033948, 0.000263815163635, 9.19358100759e-08, 5.90394955147e-10],
        "dvar2": [0.107070140541, 15.5699768066, 82.0394897461, 24.872795105, 451.308227539, 1082.19970703, 220.346725464, 205.188873291, 1267.54418945, 1391.34997559, 4449.5859375, 9622.65429688, 7633.62646484, 23087.3007812, 1881.42211914, 824.026733398, 7193.85888672, 2140.83740234, 6980.74511719, 1369.70458984, 7945.80224609, 1606.33093262, 1176.43835449, 921.902587891, 645.367126465, 618.769775391, 275.254333496, 205.234405518, 121.257080078, 117.644363403, 125.290214539, 119.194351196, 133.099624634, 34.3950958252, 4.30884981155, 0.822252869606, 0.0989406630397, 0.000546668830793, 1.88189218875e-07, 1.30409438803e-09],
        "max": [1.41028046608, 16.7759304047, 48.9581756592, 35.8671455383, 118.102020264, 169.057922363, 114.875915527, 103.373077393, 289.627746582, 299.755828857, 925.891174316, 1115.46179199, 928.684448242, 1046.54211426, 549.966247559, 377.642791748, 757.29498291, 446.163726807, 647.846069336, 340.776763916, 714.789794922, 259.584564209, 289.100189209, 231.051925659, 232.903533936, 204.00189209, 127.146705627, 102.22631073, 96.4431991577, 81.8382720947, 104.669456482, 148.504608154, 144.559906006, 89.6350326538, 31.089679718, 14.076962471, 5.58140611649, 0.356988102198, 0.00679182680324, 0.000431344582466],
        "mean": [0.113330081105, 1.14582705498, 3.66823244095, 3.29542160034, 8.8975610733, 10.3669166565, 6.70057296753, 8.64621067047, 14.0229415894, 15.1480646133, 30.3857574463, 50.9385948181, 46.7373733521, 62.9914131165, 23.2990837097, 21.040807724, 50.285320282, 37.3901138306, 51.3993988037, 36.415435791, 90.8993911743, 60.3733558655, 39.8246459961, 38.4920654297, 31.4126644135, 31.2777309418, 21.5007076263, 16.347322464, 11.8684091568, 11.2816476822, 11.9398012161, 11.0645723343, 7.93766546249, 3.68802118301, 1.22002601624, 0.393466055393, 0.110837131739, 0.00783863477409, 0.000198441674002, 5.25517680217e-05],
        "median": [0.0369311794639, 0.554060637951, 2.12868666649, 2.38582587242, 3.88753461838, 3.4280154705, 3.86111950874, 5.26732730865, 6.21964693069, 7.10257720947, 8.53031635284, 16.3655052185, 16.7477645874, 17.5346679688, 14.5678739548, 12.0158863068, 28.1917247772, 20.9170722961, 28.4720134735, 27.1274490356, 68.6206512451, 52.4710731506, 32.3037528992, 36.3767852783, 28.7350463867, 28.1595401764, 19.7454223633, 14.4462213516, 10.31021595, 9.01805114746, 8.829246521, 6.80711507797, 3.50292658806, 1.58332955837, 0.54375320673, 0.167047455907, 0.0390278920531, 0.002471270971, 8.70934236445e-05, 4.65385455755e-05],
        "min": [9.27156179387e-06, 0.000238976252149, 0.00133917131461, 0.0194952525198, 0.0500832088292, 0.0646922141314, 0.0493991747499, 0.0573349371552, 0.0568611882627, 0.0289069525898, 0.0145178297535, 0.0230516754091, 0.00674431445077, 0.0109361847863, 0.0140481730923, 0.00553317042068, 0.0141876572743, 0.00617270777002, 0.00411506090313, 0.015505021438, 0.0100707784295, 0.0134537424892, 0.0043254988268, 0.00410426361486, 0.0020454665646, 0.00135545653757, 0.000840855936985, 0.000236377905821, 6.60894511384e-05, 2.45804767474e-05, 5.76219463255e-06, 3.05766161546e-06, 1.02310241346e-06, 5.11713494689e-07, 4.23684184625e-07, 3.36403985557e-07, 2.03055108727e-07, 3.14119681377e-08, 2.59710901673e-07, 5.73967724904e-07],
        "var": [0.0397797115147, 3.81426095963, 23.2135848999, 10.5836668015, 226.504837036, 492.855712891, 103.029922485, 109.158355713, 579.765319824, 549.115600586, 6028.55712891, 10219.2880859, 8262.35742188, 13653.390625, 975.74987793, 795.799865723, 4789.37548828, 2331.47753906, 4781.29345703, 1186.05810547, 7776.06787109, 1633.24438477, 1011.43530273, 505.670928955, 447.606445312, 449.983215332, 189.458587646, 143.961990356, 92.4298858643, 108.294746399, 174.32661438, 262.374237061, 286.169006348, 71.2583084106, 7.9835858345, 0.835033416748, 0.100539840758, 0.00056605564896, 2.19851258976e-07, 1.5734265002e-09]
    },
    "gfcc": {
        "mean": [41.3180999756, 75.8976821899, -136.536712646, 48.6692466736, -57.5108642578, 20.3096065521, -39.1113548279, 15.4051771164, -22.8606643677, -1.31713891029, -19.4890213013, -3.42714333534, -9.72096443176],
        "cov": [[7167.78173828, -3447.10571289, 1077.22143555, 279.590240479, -845.053710938, 1528.12316895, -730.393981934, 976.808227539, -248.976272583, 453.72668457, -214.432922363, 271.088195801, -283.552459717], [-3447.10571289, 2060.16796875, -692.849060059, -143.341491699, 456.124328613, -819.196594238, 460.750915527, -518.334777832, 154.695251465, -218.201583862, 113.906723022, -158.711273193, 166.815261841], [1077.22143555, -692.849060059, 534.086914062, 104.619918823, -122.59387207, 256.596435547, -189.80619812, 191.583328247, -55.702495575, 102.327728271, -23.2105560303, 77.9594573975, -79.8192520142], [279.590240479, -143.341491699, 104.619918823, 191.447784424, 7.96120595932, 73.5695877075, -60.9898490906, 40.2658157349, 16.4456920624, 29.7689361572, 26.9056663513, 21.1051597595, -0.815505743027], [-845.053710938, 456.124328613, -122.59387207, 7.96120595932, 247.54107666, -142.653823853, 126.226722717, -95.9268035889, 43.3874397278, -27.6464290619, 30.719877243, -24.2469520569, 45.1723213196], [1528.12316895, -819.196594238, 256.596435547, 73.5695877075, -142.653823853, 492.077056885, -110.489006042, 255.974136353, -63.2418251038, 84.6178283691, -38.1519927979, 40.8629989624, -61.4998970032], [-730.393981934, 460.750915527, -189.80619812, -60.9898490906, 126.226722717, -110.489006042, 236.16217041, -64.7362289429, 53.5110168457, -43.5583000183, 15.6552629471, -50.4122314453, 18.5112228394], [976.808227539, -518.334777832, 191.583328247, 40.2658157349, -95.9268035889, 255.974136353, -64.7362289429, 231.766372681, 4.88048839569, 88.830909729, -30.2783870697, 35.8816680908, -44.5723876953], [-248.976272583, 154.695251465, -55.702495575, 16.4456920624, 43.3874397278, -63.2418251038, 53.5110168457, 4.88048839569, 89.9025650024, 17.3444385529, 20.2597846985, -12.1575155258, 4.15859222412], [453.72668457, -218.201583862, 102.327728271, 29.7689361572, -27.6464290619, 84.6178283691, -43.5583000183, 88.830909729, 17.3444385529, 101.427742004, 10.9999380112, 33.9255409241, -28.0548305511], [-214.432922363, 113.906723022, -23.2105560303, 26.9056663513, 30.719877243, -38.1519927979, 15.6552629471, -30.2783870697, 20.2597846985, 10.9999380112, 58.3934364319, 9.25093460083, 11.5085773468], [271.088195801, -158.711273193, 77.9594573975, 21.1051597595, -24.2469520569, 40.8629989624, -50.4122314453, 35.8816680908, -12.1575155258, 33.9255409241, 9.25093460083, 63.7405548096, 2.8040266037], [-283.552459717, 166.815261841, -79.8192520142, -0.815505743027, 45.1723213196, -61.4998970032, 18.5112228394, -44.5723876953, 4.15859222412, -28.0548305511, 11.5085773468, 2.8040266037, 63.8431396484]],
        "icov": [[0.00135839008726, 0.00021796389774, 0.000739748124033, -0.00101024890319, 0.00164634909015, -0.00193389982451, 0.00074583227979, -0.000901733408682, 0.00108365190681, -0.00254391110502, 0.00272347731516, -0.00171531038359, 0.000897914171219], [0.00021796389774, 0.00690878322348, 9.29532689042e-05, 0.000362233899068, -0.00235853716731, 0.00528310285881, -0.00564014120027, 0.00330405356362, -0.0013795903651, 0.000645520631224, -0.00438017910346, 0.00570148508996, -0.00535022933036], [0.000739748124033, 9.29532689042e-05, 0.00505881011486, -0.00196561240591, 3.87950749428e-05, -0.000649172463454, 0.00229423679411, -0.00319664832205, 0.00294145056978, -0.00146796146873, 0.00159578199964, -0.00350761483423, 0.00482221832499], [-0.00101024890319, 0.000362233899068, -0.00196561240591, 0.00888634752482, -0.00300558866002, -7.40180330467e-05, 0.00168156588916, 0.00172274012584, -0.00477250106633, 0.00322083802894, -0.00618511484936, 0.00229737116024, -0.00226662540808], [0.00164634909015, -0.00235853716731, 3.87950749428e-05, -0.00300558866002, 0.0106309810653, -0.00413787877187, -0.000987214501947, 0.000259156251559, 0.00112049467862, -0.00575728109106, 0.00562307843938, -0.0036503279116, -0.00101224437822], [-0.00193389982451, 0.00528310285881, -0.000649172463454, -7.40180330467e-05, -0.00413787877187, 0.0144448969513, -0.00619601504877, -0.00415001623333, 0.00372129748575, 0.00483088800684, -0.00920236762613, 0.00846255943179, -0.00429666833952], [0.00074583227979, -0.00564014120027, 0.00229423679411, 0.00168156588916, -0.000987214501947, -0.00619601504877, 0.0148571692407, -0.00517550297081, -0.00128667231183, 0.000868606148288, 0.00302429497242, -0.00380932027474, 0.00783587433398], [-0.000901733408682, 0.00330405356362, -0.00319664832205, 0.00172274012584, 0.000259156251559, -0.00415001623333, -0.00517550297081, 0.0224610995501, -0.0110234068707, -0.00535409525037, 0.00410261610523, 0.00184164941311, -0.00606694305316], [0.00108365190681, -0.0013795903651, 0.00294145056978, -0.00477250106633, 0.00112049467862, 0.00372129748575, -0.00128667231183, -0.0110234068707, 0.0243100617081, -0.00666366051883, -0.00152773689479, 0.00143135653343, 0.00320392590947], [-0.00254391110502, 0.000645520631224, -0.00146796146873, 0.00322083802894, -0.00575728109106, 0.00483088800684, 0.000868606148288, -0.00535409525037, -0.00666366051883, 0.0273846369237, -0.0128823267296, -0.00262113823555, 0.0048630903475], [0.00272347731516, -0.00438017910346, 0.00159578199964, -0.00618511484936, 0.00562307843938, -0.00920236762613, 0.00302429497242, 0.00410261610523, -0.00152773689479, -0.0128823267296, 0.0359070040286, -0.0130566218868, 0.00314053590409], [-0.00171531038359, 0.00570148508996, -0.00350761483423, 0.00229737116024, -0.0036503279116, 0.00846255943179, -0.00380932027474, 0.00184164941311, 0.00143135653343, -0.00262113823555, -0.0130566218868, 0.0340311303735, -0.0141328228638], [0.000897914171219, -0.00535022933036, 0.00482221832499, -0.00226662540808, -0.00101224437822, -0.00429666833952, 0.00783587433398, -0.00606694305316, 0.00320392590947, 0.0048630903475, 0.00314053590409, -0.0141328228638, 0.0316834226251]]
    },
    "melbands": {
        "dmean": [0.00103555840906, 0.00137555319816, 0.000398780131945, 0.000691983965226, 0.000195838074433, 0.00012785794388, 0.000168851343915, 0.000124837752082, 0.000156562920893, 0.000178492395207, 0.000155070913024, 0.000206024007639, 5.71018717892e-05, 2.36475480051e-05, 5.8097535657e-05, 5.1843788242e-05, 3.97477851948e-05, 5.41198023711e-05, 2.48341984843e-05, 3.23463573295e-05, 5.34981663805e-05, 2.92481799988e-05, 2.1981773898e-05, 1.40769134305e-05, 1.45739049913e-05, 1.09747097667e-05, 1.12432435344e-05, 8.69047471497e-06, 6.22962988928e-06, 4.64885670226e-06, 4.39756877313e-06, 3.14466751661e-06, 2.80819585896e-06, 3.3293101751e-06, 3.08946846417e-06, 3.03912111121e-06, 3.00835540656e-06, 2.87808279609e-06, 2.30756813835e-06, 1.38035488817e-06],
        "dmean2": [0.00179393508006, 0.00245345267467, 0.000689993728884, 0.00107957434375, 0.000323283165926, 0.000210782614886, 0.000272771925665, 0.000208385012229, 0.000248072086833, 0.000276093691355, 0.000233029408264, 0.000331482791808, 9.30714013521e-05, 3.7671343307e-05, 9.25599451875e-05, 8.2801161625e-05, 6.31277434877e-05, 8.57448321767e-05, 3.88025619031e-05, 5.40064902452e-05, 8.97861027624e-05, 4.96821849083e-05, 3.5515291529e-05, 2.41512880166e-05, 2.52460413321e-05, 1.84765522135e-05, 1.8895490939e-05, 1.4694804122e-05, 1.03154579847e-05, 7.80839127401e-06, 7.29032080926e-06, 5.23592234458e-06, 4.66891378892e-06, 5.3969538385e-06, 4.7238145271e-06, 4.67664267489e-06, 4.379953225e-06, 4.00118778998e-06, 3.19565992868e-06, 2.00536737793e-06],
        "dvar": [4.61111176264e-06, 8.91383933777e-06, 2.71103800742e-07, 2.64990080723e-06, 1.37464979844e-07, 4.13316811887e-08, 1.28300456481e-07, 5.58933663797e-08, 1.44942916336e-07, 1.44387584555e-07, 9.8546109939e-08, 1.85158668842e-07, 1.60112545444e-08, 1.62875346543e-09, 9.47069800361e-09, 8.1651725381e-09, 3.61459240317e-09, 9.84604398013e-09, 1.30061339476e-09, 2.6638786732e-09, 4.35967395518e-09, 8.49911030443e-10, 1.10833875411e-09, 2.80985901213e-10, 2.6800209274e-10, 1.35911809584e-10, 2.10391024047e-10, 1.02866722085e-10, 6.28843782602e-11, 3.1496836389e-11, 2.90336088504e-11, 1.84757296268e-11, 1.32664417646e-11, 2.3164657692e-11, 2.18102393784e-11, 2.60451851058e-11, 3.60896486307e-11, 4.8909262057e-11, 4.63046337384e-11, 1.31159449621e-11],
        "dvar2": [1.24807538668e-05, 2.51801229751e-05, 7.56963800086e-07, 5.57556222702e-06, 3.4584502373e-07, 1.06131629707e-07, 3.27477522433e-07, 1.43348657389e-07, 3.45673186075e-07, 3.33371673378e-07, 2.08676155466e-07, 4.52556491837e-07, 4.2114557175e-08, 3.82659592901e-09, 2.24638476709e-08, 2.20087841285e-08, 8.71130545477e-09, 2.37166268846e-08, 2.89101009798e-09, 6.82204648328e-09, 1.17500285057e-08, 2.31983143806e-09, 2.62830845976e-09, 7.5070283323e-10, 7.72246766534e-10, 3.61705665419e-10, 5.40019418072e-10, 2.78488621053e-10, 1.68747113505e-10, 8.89680759619e-11, 7.83510270552e-11, 4.81653918138e-11, 3.52201288967e-11, 5.56803075868e-11, 4.6108977747e-11, 5.63590320246e-11, 6.53289158881e-11, 8.26138671361e-11, 8.59313176171e-11, 2.24259326387e-11],
        "max": [0.0143535910174, 0.0224184207618, 0.00537265231833, 0.0136324493214, 0.00400485796854, 0.0021403527353, 0.00438555702567, 0.00277468166314, 0.00812443252653, 0.00622338335961, 0.00447927741334, 0.00450944341719, 0.002609673189, 0.000831888231914, 0.00185220770072, 0.00111697847024, 0.000968735315837, 0.00115894293413, 0.000466735305963, 0.000871268799528, 0.000842797395308, 0.000298877275782, 0.000581232714467, 0.000175225170096, 0.000206209806493, 0.000124812984723, 0.000192340230569, 0.000116153350973, 0.000101673540485, 5.74554906052e-05, 5.9564023104e-05, 6.39723002678e-05, 4.19290990976e-05, 5.97921862209e-05, 7.15065689292e-05, 8.00862690085e-05, 0.000109535059892, 9.88578249235e-05, 0.000130009488203, 6.13855008851e-05],
        "mean": [0.0011719915783, 0.00184262474068, 0.000724278914277, 0.00081275170669, 0.000255443505011, 0.000191483093658, 0.000215871885302, 0.000172970656422, 0.000283417728497, 0.000310296280077, 0.000234281615121, 0.000269389216555, 8.86272173375e-05, 3.95249771827e-05, 9.70017645159e-05, 9.0774425189e-05, 6.76211202517e-05, 8.63398963702e-05, 4.6522491175e-05, 6.62077072775e-05, 0.000110967863293, 6.4407424361e-05, 4.54973778687e-05, 3.06495421682e-05, 3.15882898576e-05, 2.36561154452e-05, 2.34325270867e-05, 1.95311968127e-05, 1.40566262417e-05, 1.06365432657e-05, 9.01280327525e-06, 6.54152063362e-06, 5.85469706493e-06, 6.76416857459e-06, 6.90646584189e-06, 6.7017776928e-06, 6.75270666761e-06, 5.7953166106e-06, 4.51640062238e-06, 2.63442439064e-06],
        "median": [0.000502726587001, 0.00110756431241, 0.000597813457716, 0.000283230037894, 0.000140306394314, 0.000115246111818, 9.25175118027e-05, 7.76617162046e-05, 7.99859117251e-05, 9.51966212597e-05, 7.37349837436e-05, 6.68734355713e-05, 4.89934136567e-05, 2.26205738727e-05, 5.17513872182e-05, 4.91247374157e-05, 3.54984877049e-05, 4.55865847471e-05, 3.0967155908e-05, 4.77595895063e-05, 8.47220799187e-05, 5.68504983676e-05, 3.1703413697e-05, 2.64450336545e-05, 2.90337266051e-05, 2.1409801775e-05, 2.00605300051e-05, 1.71422725543e-05, 1.2604665244e-05, 9.404404409e-06, 7.56916415412e-06, 5.40902374269e-06, 4.95655285704e-06, 5.22400887348e-06, 5.0748162721e-06, 4.44537181465e-06, 3.77703713639e-06, 2.48214792009e-06, 1.809803166e-06, 1.12889551929e-06],
        "min": [1.35344365049e-07, 3.62177445368e-07, 5.34454466106e-06, 4.09104177379e-06, 1.95805910153e-06, 1.26049872051e-06, 7.73006831878e-07, 2.32038260606e-07, 1.73087840949e-07, 1.36549843432e-07, 1.30639774554e-08, 4.15826306721e-08, 5.8764829447e-08, 1.48914818254e-08, 2.07214174708e-08, 2.42083988411e-08, 1.01869028768e-08, 3.25278826097e-09, 1.39597204907e-08, 2.36795152375e-08, 9.11142272741e-09, 1.33085338305e-08, 8.53205950335e-09, 1.742439526e-09, 2.87110046848e-09, 2.26610508136e-09, 6.70008326598e-10, 8.35382818476e-10, 6.91207979742e-10, 2.21639040454e-10, 9.76534964003e-11, 3.02924976769e-11, 2.32786914744e-11, 9.33378287854e-12, 2.34527154641e-12, 9.11370588372e-13, 7.0519279435e-13, 2.71692553438e-13, 8.85354073041e-14, 5.60982196026e-14],
