{
"highlevel": {
    "danceability": {
        "all": {
            "danceable": 0.815014779568,
            "not_danceable": 0.184985235333
        },
        "probability": 0.815014779568,
        "value": "danceable"
    },
    "gender": {
        "all": {
            "female": 0.629402220249,
            "male": 0.370597809553
        },
        "probability": 0.629402220249,
        "value": "female"
    },
    "genre_dortmund": {
        "all": {
            "alternative": 0.23785674572,
            "blues": 0.0595172606409,
            "electronic": 0.0160850659013,
            "folkcountry": 0.0736263990402,
            "funksoulrnb": 0.00447187852114,
            "jazz": 0.0421514213085,
            "pop": 0.0161786433309,
            "raphiphop": 0.00422860402614,
            "rock": 0.545883953571
        },
        "probability": 0.545883953571,
        "value": "rock"
    },
    "genre_electronic": {
        "all": {
            "ambient": 0.702313482761,
            "dnb": 0.0779654458165,
            "house": 0.0332475528121,
            "techno": 0.0095442533493,
            "trance": 0.176929295063
        },
        "probability": 0.702313482761,
        "value": "ambient"
    },
    "genre_rosamerica": {
        "all": {
            "cla": 0.0250540003181,
            "dan": 0.0119094187394,
            "hip": 0.00982078444213,
            "jaz": 0.0152783608064,
            "pop": 0.221712082624,
            "rhy": 0.0500973016024,
            "roc": 0.650221884251,
            "spe": 0.0159061830491
        },
        "probability": 0.650221884251,
        "value": "roc"
    },
    "genre_tzanetakis": {
        "all": {
            "blu": 0.0626613423228,
            "cla": 0.0348169617355,
            "cou": 0.104475811124,
            "dis": 0.0784321576357,
            "hip": 0.15692435205,
            "jaz": 0.313974827528,
            "met": 0.0448166541755,
            "pop": 0.0627359300852,
            "reg": 0.0627360641956,
            "roc": 0.0784258767962
        },
        "probability": 0.313974827528,
        "value": "jaz"
    },
    "ismir04_rhythm": {
        "all": {
            "ChaChaCha": 0.00528316991404,
            "Jive": 0.0193462949246,
            "Quickstep": 0.00277862884104,
            "Rumba-American": 0.00265473895706,
            "Rumba-International": 0.0316489525139,
            "Rumba-Misc": 0.00339512433857,
            "Samba": 0.0112442262471,
            "Tango": 0.0260647237301,
            "VienneseWaltz": 0.884011209011,
            "Waltz": 0.0135729014874
        },
        "probability": 0.884011209011,
        "value": "VienneseWaltz"
    },
    "mood_acoustic": {
        "all": {
            "acoustic": 0.388177841902,
            "not_acoustic": 0.611822128296
        },
        "probability": 0.611822128296,
        "value": "not_acoustic"
    },
    "mood_aggressive": {
        "all": {
            "aggressive": 0.207591056824,
            "not_aggressive": 0.792408943176
        },
        "probability": 0.792408943176,
        "value": "not_aggressive"
    },
    "mood_electronic": {
        "all": {
            "electronic": 0.179539978504,
            "not_electronic": 0.820460021496
        },
        "probability": 0.820460021496,
        "value": "not_electronic"
    },
    "mood_happy": {
        "all": {
            "happy": 0.0187815036625,
            "not_happy": 0.981218516827
        },
        "probability": 0.981218516827,
        "value": "not_happy"
    },
    "mood_party": {
        "all": {
            "not_party": 0.937811434269,
            "party": 0.0621885731816
        },
        "probability": 0.937811434269,
        "value": "not_party"
    },
    "mood_relaxed": {
        "all": {
            "not_relaxed": 0.328106343746,
            "relaxed": 0.671893656254
        },
        "probability": 0.671893656254,
        "value": "relaxed"
    },
    "mood_sad": {
        "all": {
            "not_sad": 0.491336226463,
            "sad": 0.508663773537
        },
        "probability": 0.508663773537,
        "value": "sad"
    },
    "moods_mirex": {
        "all": {
            "Cluster1": 0.239424139261,
            "Cluster2": 0.116430446506,
            "Cluster3": 0.374483138323,
            "Cluster4": 0.0608908459544,
            "Cluster5": 0.208771437407
        },
        "probability": 0.374483138323,
        "value": "Cluster3"
    },
    "timbre": {
        "all": {
            "bright": 0.342134207487,
            "dark": 0.657865822315
        },
        "probability": 0.657865822315,
        "value": "dark"
    },
    "tonal_atonal": {
        "all": {
            "atonal": 0.000913898984436,
            "tonal": 0.999086081982
        },
        "probability": 0.999086081982,
        "value": "tonal"
    },
    "voice_instrumental": {
        "all": {
            "instrumental": 0.143238335848,
            "voice": 0.85676163435
        },
        "probability": 0.85676163435,
        "value": "voice"
    }
},
"lowlevel": {
    "average_loudness": 0.965976417065,
    "barkbands_crest": {
        "dmean": 2.80119872093,
        "dmean2": 4.45550727844,
        "dvar": 6.5433216095,
        "dvar2": 14.5189142227,
        "max": 24.7942028046,
        "mean": 10.6779174805,
        "median": 10.0092716217,
        "min": 2.91215276718,
        "var": 17.5148715973
    },
    "barkbands_flatness_db": {
        "dmean": 0.0225739795715,
        "dmean2": 0.0354506000876,
        "dvar": 0.000435493624536,
        "dvar2": 0.000984806451015,
        "max": 0.390402764082,
        "mean": 0.177327185869,
        "median": 0.172376602888,
        "min": 0.0908053964376,
        "var": 0.00141716981307
    },
    "barkbands_kurtosis": {
        "dmean": 3.03392958641,
        "dmean2": 4.76999807358,
        "dvar": 29.259677887,
        "dvar2": 69.2547454834,
        "max": 94.3739471436,
        "mean": 4.60174036026,
        "median": 1.89674568176,
        "min": -1.5834056139,
        "var": 72.2237472534
    },
    "barkbands_skewness": {
        "dmean": 0.525503218174,
        "dmean2": 0.816793739796,
        "dvar": 0.293602883816,
        "dvar2": 0.716313660145,
        "max": 8.16493797302,
        "mean": 1.5675342083,
        "median": 1.37108051777,
        "min": -1.02042448521,
        "var": 1.60572218895
    },
    "barkbands_spread": {
        "dmean": 3.86705970764,
        "dmean2": 6.1874294281,
        "dvar": 13.630238533,
        "dvar2": 32.5616722107,
        "max": 52.502571106,
        "mean": 16.1962680817,
        "median": 15.712348938,
        "min": 0.985096216202,
        "var": 47.4163169861
    },
    "dissonance": {
        "dmean": 0.0221503134817,
        "dmean2": 0.0370489060879,
        "dvar": 0.000428209925303,
        "dvar2": 0.0011623671744,
        "max": 0.499467015266,
        "mean": 0.449539363384,
        "median": 0.46002086997,
        "min": 0.290409654379,
        "var": 0.00131466472521
    },
    "dynamic_complexity": 2.01886916161,
    "erbbands_crest": {
        "dmean": 2.58119368553,
        "dmean2": 4.04482746124,
        "dvar": 5.57448577881,
        "dvar2": 13.2387256622,
        "max": 26.3139438629,
        "mean": 10.0127706528,
        "median": 9.23311901093,
        "min": 3.05292415619,
        "var": 17.2498168945
    },
    "erbbands_flatness_db": {
        "dmean": 0.0161062926054,
        "dmean2": 0.0236663799733,
        "dvar": 0.000213216451812,
        "dvar2": 0.000424165540608,
        "max": 0.281983405352,
        "mean": 0.181447118521,
        "median": 0.177481606603,
        "min": 0.0947348624468,
        "var": 0.00141820986755
    },
    "erbbands_kurtosis": {
        "dmean": 0.781125605106,
        "dmean2": 1.24851441383,
        "dvar": 1.08235216141,
        "dvar2": 2.67681670189,
        "max": 13.8344707489,
        "mean": 0.348108232021,
        "median": -0.18792963028,
        "min": -1.71095716953,
        "var": 2.98767924309
    },
    "erbbands_skewness": {
        "dmean": 0.345210283995,
        "dmean2": 0.52894538641,
        "dvar": 0.0886141210794,
        "dvar2": 0.200233578682,
        "max": 2.88432097435,
        "mean": 0.286099404097,
        "median": 0.238327771425,
        "min": -2.05937719345,
        "var": 0.518545031548
    },
    "erbbands_spread": {
        "dmean": 5.72702217102,
        "dmean2": 8.78133010864,
        "dvar": 31.6113319397,
        "dvar2": 76.0500030518,
        "max": 85.5543746948,
        "mean": 33.3600845337,
        "median": 32.7112541199,
        "min": 5.87228631973,
        "var": 249.836837769
    },
    "hfc": {
        "dmean": 4.87337303162,
        "dmean2": 7.04202079773,
        "dvar": 26.0188426971,
        "dvar2": 54.7034339905,
        "max": 68.3514938354,
        "mean": 22.37799263,
        "median": 20.379108429,
        "min": 1.26538383961,
        "var": 174.101821899
    },
    "melbands_crest": {
        "dmean": 3.08678078651,
        "dmean2": 5.00075435638,
        "dvar": 7.50871515274,
        "dvar2": 18.9016971588,
        "max": 27.2863407135,
        "mean": 13.5895433426,
        "median": 12.7521438599,
        "min": 4.6919927597,
        "var": 23.0476341248
    },
    "melbands_flatness_db": {
        "dmean": 0.0257187429816,
        "dmean2": 0.0395825877786,
        "dvar": 0.000582817185204,
        "dvar2": 0.00131547870114,
        "max": 0.475937664509,
        "mean": 0.235953882337,
        "median": 0.231157228351,
        "min": 0.131023809314,
        "var": 0.00242264196277
    },
    "melbands_kurtosis": {
        "dmean": 6.75810480118,
        "dmean2": 10.7353372574,
        "dvar": 116.293937683,
        "dvar2": 290.634429932,
        "max": 145.924743652,
        "mean": 13.1876974106,
        "median": 6.52144432068,
        "min": -1.31106972694,
        "var": 317.101409912
    },
    "melbands_skewness": {
        "dmean": 0.721066296101,
        "dmean2": 1.12699580193,
        "dvar": 0.547298014164,
        "dvar2": 1.30676245689,
        "max": 9.30648136139,
        "mean": 2.53543353081,
        "median": 2.24557328224,
        "min": -0.423944085836,
        "var": 3.19890975952
    },
    "melbands_spread": {
        "dmean": 4.41105794907,
        "dmean2": 6.98811101913,
        "dvar": 17.6618251801,
        "dvar2": 41.8189430237,
        "max": 53.0500068665,
        "mean": 17.562789917,
        "median": 17.0394802094,
        "min": 0.883438646793,
        "var": 84.5376663208
    },
    "pitch_salience": {
        "dmean": 0.0792818516493,
        "dmean2": 0.129850059748,
        "dvar": 0.00501633156091,
        "dvar2": 0.0125878835097,
        "max": 0.788818120956,
        "mean": 0.508755743504,
        "median": 0.510706245899,
        "min": 0.164256975055,
        "var": 0.0107047604397
    },
    "silence_rate_20dB": {
        "dmean": 0,
        "dmean2": 0,
        "dvar": 0,
        "dvar2": 0,
        "max": 1,
        "mean": 1,
        "median": 1,
        "min": 1,
        "var": 0
    },
    "silence_rate_30dB": {
        "dmean": 0.0448916405439,
        "dmean2": 0.0898528248072,
        "dvar": 0.042875982821,
        "dvar2": 0.109663426876,
        "max": 1,
        "mean": 0.968290805817,
        "median": 1,
        "min": 0,
        "var": 0.0307037755847
    },
    "silence_rate_60dB": {
        "dmean": 0,
        "dmean2": 0,
        "dvar": 0,
        "dvar2": 0,
        "max": 0,
        "mean": 0,
        "median": 0,
        "min": 0,
        "var": 0
    },
    "spectral_centroid": {
        "dmean": 154.883331299,
        "dmean2": 243.630111694,
        "dvar": 22806.0175781,
        "dvar2": 53101.8671875,
        "max": 2176.37915039,
        "mean": 1046.4173584,
        "median": 1025.92749023,
        "min": 198.089172363,
        "var": 106154.65625
    },
    "spectral_complexity": {
        "dmean": 2.92414855957,
        "dmean2": 4.53989171982,
        "dvar": 8.40136241913,
        "dvar2": 15.9339475632,
        "max": 42,
        "mean": 19.4640369415,
        "median": 20,
        "min": 4,
        "var": 36.4297103882
    },
    "spectral_decrease": {
        "dmean": 3.66493879689e-09,
        "dmean2": 5.50780043795e-09,
        "dvar": 1.96905034319e-17,
        "dvar2": 4.08363881381e-17,
        "max": -1.23103605087e-09,
        "mean": -1.11423634763e-08,
        "median": -9.67186952749e-09,
        "min": -4.0302285953e-08,
        "var": 4.49532858991e-17
    },
    "spectral_energy": {
        "dmean": 0.0141145950183,
        "dmean2": 0.0211756806821,
        "dvar": 0.000287992297672,
        "dvar2": 0.000596162688453,
        "max": 0.154353737831,
        "mean": 0.0440836139023,
        "median": 0.0382833406329,
        "min": 0.00483262259513,
        "var": 0.000677027332131
    },
    "spectral_energyband_high": {
        "dmean": 9.77479066933e-05,
        "dmean2": 0.000143479453982,
        "dvar": 4.6491379635e-08,
        "dvar2": 9.83955388278e-08,
        "max": 0.00417346321046,
        "mean": 0.000247794348979,
        "median": 0.000174787870492,
        "min": 6.69024984745e-06,
        "var": 1.00184294638e-07
    },
    "spectral_energyband_low": {
        "dmean": 0.0111568542197,
        "dmean2": 0.0169035363942,
        "dvar": 0.00022894940048,
        "dvar2": 0.000464811979327,
        "max": 0.142568618059,
        "mean": 0.0203014891595,
        "median": 0.0133928889409,
        "min": 0.000160905678058,
        "var": 0.000476809073007
    },
    "spectral_energyband_middle_high": {
        "dmean": 0.00220369221643,
        "dmean2": 0.00325405411422,
        "dvar": 8.63440982357e-06,
        "dvar2": 1.89772326848e-05,
        "max": 0.0533074997365,
        "mean": 0.00788545142859,
        "median": 0.00491643510759,
        "min": 0.000111247936729,
        "var": 7.49933751649e-05
    },
    "spectral_energyband_middle_low": {
        "dmean": 0.00598701182753,
        "dmean2": 0.00942883361131,
        "dvar": 0.000106196734123,
        "dvar2": 0.000267508206889,
        "max": 0.113394536078,
        "mean": 0.0170972980559,
        "median": 0.0134161459282,
        "min": 0.00100979255512,
        "var": 0.000189510799828
    },
    "spectral_entropy": {
        "dmean": 0.135110422969,
        "dmean2": 0.200595334172,
        "dvar": 0.0188681706786,
        "dvar2": 0.0389129780233,
        "max": 8.19384384155,
        "mean": 7.26617050171,
        "median": 7.28841209412,
        "min": 5.94742059708,
        "var": 0.0883742496371
    },
    "spectral_flux": {
        "dmean": 0.0302475765347,
        "dmean2": 0.0493971221149,
        "dvar": 0.00107416440733,
        "dvar2": 0.00270384293981,
        "max": 0.297856479883,
        "mean": 0.0985862314701,
        "median": 0.0899808853865,
        "min": 0.021089233458,
        "var": 0.00199539377354
    },
    "spectral_kurtosis": {
        "dmean": 2.34074234962,
        "dmean2": 4.13232135773,
        "dvar": 5.05964279175,
        "dvar2": 14.3823661804,
        "max": 25.5883636475,
        "mean": 6.17545557022,
        "median": 5.52160644531,
        "min": -0.0541956424713,
        "var": 11.8857069016
    },
    "spectral_rms": {
        "dmean": 0.00100274872966,
        "dmean2": 0.00149333255831,
        "dvar": 1.08564393031e-06,
        "dvar2": 2.23039683078e-06,
        "max": 0.0122714713216,
        "mean": 0.00629437435418,
        "median": 0.00611143186688,
        "min": 0.00217134831473,
        "var": 3.38925428878e-06
    },
    "spectral_rolloff": {
        "dmean": 258.947692871,
        "dmean2": 446.843444824,
        "dvar": 142186.484375,
        "dvar2": 338275.65625,
        "max": 3423.77929688,
        "mean": 864.726318359,
        "median": 753.662109375,
        "min": 86.1328125,
        "var": 311879.53125
    },
    "spectral_skewness": {
        "dmean": 0.253062278032,
        "dmean2": 0.431194841862,
        "dvar": 0.0492999665439,
        "dvar2": 0.136384263635,
        "max": 3.99949598312,
        "mean": 1.74319708347,
        "median": 1.71830999851,
        "min": 0.575692892075,
        "var": 0.211116999388
    },
    "spectral_spread": {
        "dmean": 311917.6875,
        "dmean2": 458758.84375,
        "dvar": 144549707776,
        "dvar2": 261392793600,
        "max": 9588970,
        "mean": 3366513.25,
        "median": 3279887.25,
        "min": 1908664.5,
        "var": 556221005824
    },
    "spectral_strongpeak": {
        "dmean": 0.634291112423,
        "dmean2": 1.07333493233,
        "dvar": 0.973603308201,
        "dvar2": 2.27464795113,
        "max": 7.56329107285,
        "mean": 1.31591236591,
        "median": 0.559760212898,
        "min": 0.0709411427379,
        "var": 2.51693868637
    },
    "zerocrossingrate": {
        "dmean": 0.00574788684025,
        "dmean2": 0.00749819958583,
        "dvar": 2.87264956569e-05,
        "dvar2": 4.06113213103e-05,
        "max": 0.10595703125,
        "mean": 0.0385844148695,
        "median": 0.03857421875,
        "min": 0.00390625,
        "var": 0.000171621970367
    },
    "barkbands": {
        "dmean": [8.2707949332e-05, 0.00901514198631, 0.00354196457192, 0.00178999709897, 0.00285583734512, 0.00101536256261, 0.000965420797002, 0.00103415630292, 0.00149429391604, 0.00103726715315, 0.000352546252543, 0.000391279318137, 0.000494369887747, 0.00030083762249, 0.00030695629539, 0.00057051301701, 0.000242534108111, 0.000110291242891, 0.00010539831419, 4.52686253993e-05, 3.12167685479e-05, 3.0532504752e-05, 2.14971169044e-05, 1.1629121218e-05, 1.04757009467e-05, 4.28974681199e-06, 4.53654536159e-09],
        "dmean2": [0.00014320758055, 0.01351103466, 0.0060470062308, 0.00304630235769, 0.00464136060327, 0.00162250862923, 0.00153895420954, 0.00159414228983, 0.0022007827647, 0.00162281258963, 0.000561966269743, 0.000632442708593, 0.000734251050744, 0.000461595365778, 0.000488240533741, 0.000885086948983, 0.000371560483472, 0.000171905805473, 0.000165039411513, 7.35135618015e-05, 4.97376931889e-05, 4.69359983981e-05, 3.32913768943e-05, 1.70898765646e-05, 1.57519207278e-05, 7.11434722689e-06, 6.61818955194e-09],
        "dvar": [4.02002271471e-08, 0.000211140504689, 2.28204335144e-05, 1.43289789776e-05, 4.23121564381e-05, 2.1159435164e-06, 2.56798784903e-06, 3.99293685405e-06, 8.41075780045e-06, 6.2945823629e-06, 5.39580696568e-07, 9.50886999362e-07, 1.69269844719e-06, 3.52667768766e-07, 3.08675254246e-07, 6.00626322012e-07, 1.26021987512e-07, 2.82254504214e-08, 2.23636185126e-08, 4.42658265598e-09, 3.04044389665e-09, 5.55589263485e-09, 3.32079541643e-09, 1.68958036451e-09, 8.46666958765e-10, 1.40585570962e-10, 2.93294538877e-15],
        "dvar2": [1.12083959891e-07, 0.000411092303693, 6.27940098639e-05, 3.88632688555e-05, 0.00010278593254, 5.41684858035e-06, 6.91813465892e-06, 9.86673876469e-06, 1.676948159e-05, 1.39808071253e-05, 1.31233957745e-06, 2.40764802584e-06, 3.45309445038e-06, 8.41411804231e-07, 7.0383862294e-07, 1.46806928569e-06, 2.69100809192e-07, 6.0938226909e-08, 4.98824768158e-08, 1.12736211477e-08, 7.42404937526e-09, 1.322076848e-08, 7.31151450495e-09, 3.4977303276e-09, 1.44951262104e-09, 3.70253994131e-10, 2.99409672064e-15],
        "max": [0.00245094439015, 0.128319531679, 0.0511556491256, 0.0357930958271, 0.0724260210991, 0.0192785877734, 0.0261971969157, 0.0323309674859, 0.0565273836255, 0.0377103239298, 0.0109846619889, 0.0151656847447, 0.0224890541285, 0.00842973589897, 0.00768730184063, 0.00848300382495, 0.00483577791601, 0.00341066531837, 0.0020376292523, 0.000866833026521, 0.00109281949699, 0.00154119799845, 0.00142624531873, 0.00133366754744, 0.000890666909982, 0.000125447986647, 1.77095466825e-06],
        "mean": [0.00010229680629, 0.012872655876, 0.00600998941809, 0.00214646500535, 0.00435714563355, 0.00197574077174, 0.00197831261903, 0.00199159653857, 0.00432878546417, 0.00255011487752, 0.000600495899562, 0.000654114293866, 0.00103320903145, 0.000574844423681, 0.000570074655116, 0.00102174642961, 0.000516090542078, 0.000241226836806, 0.000249784847256, 9.21884420677e-05, 6.95764974807e-05, 6.43475577817e-05, 4.13681773352e-05, 1.96404744202e-05, 1.76267876668e-05, 4.18914760303e-06, 3.99814581442e-09],
        "median": [2.45652718149e-05, 0.00524417310953, 0.0045542367734, 0.00103983154986, 0.00268471194431, 0.0012699716026, 0.00101183401421, 0.000930450973101, 0.000867811555509, 0.000485896453029, 0.000213508319575, 0.000226240721531, 0.000169422593899, 0.000231328624068, 0.000206285141758, 0.00065110239666, 0.00029087587609, 0.000139714145917, 0.000160049385158, 6.15225217189e-05, 4.8153087846e-05, 3.83902261092e-05, 2.39765176957e-05, 1.04515247585e-05, 8.17207455839e-06, 1.41681209698e-06, 7.02907509975e-10],
        "min": [9.70644009612e-09, 1.64042539836e-05, 3.02309636027e-05, 1.42901553772e-05, 5.3017764003e-05, 4.15421272919e-05, 1.4211915186e-05, 1.37345750773e-05, 1.06928682726e-05, 6.66285586703e-06, 1.46839772697e-06, 3.51265498466e-06, 1.66893858022e-06, 1.59104081376e-06, 1.42087446875e-06, 2.47549792221e-06, 2.57016313299e-06, 3.29567774315e-06, 3.17003923556e-06, 2.26456654673e-06, 1.17538684208e-06, 1.3560103298e-06, 6.2871896489e-07, 1.58901542591e-07, 3.34782201961e-10, 1.11800091754e-11, 9.35706286759e-12],
        "var": [3.8964699911e-08, 0.00037953350693, 3.50993977918e-05, 1.19070546134e-05, 4.28536259278e-05, 5.17740181749e-06, 6.46157559459e-06, 9.62989452091e-06, 7.0160262112e-05, 3.42919993273e-05, 1.33053231366e-06, 2.27597979574e-06, 5.67945971852e-06, 1.01260968677e-06, 7.63561160966e-07, 1.24318216876e-06, 4.14486521549e-07, 8.32626696479e-08, 7.38649106324e-08, 1.00675867643e-08, 5.94816862431e-09, 1.12272946495e-08, 5.0390172035e-09, 2.74075895312e-09, 2.12655026921e-09, 1.10848885626e-10, 2.92615176101e-15]
    },
    "erbbands": {
        "dmean": [0.186127096415, 2.2699201107, 3.94845795631, 5.17133665085, 9.3126707077, 8.37207698822, 9.21294116974, 8.99736404419, 12.10983181, 16.2781772614, 26.4979343414, 29.7121353149, 35.6422767639, 20.4386825562, 13.8748140335, 13.4914464951, 23.9016685486, 11.3973426819, 14.2044095993, 17.9249897003, 36.8782348633, 11.3604421616, 6.48305702209, 4.31786489487, 4.9404592514, 1.80712604523, 1.26153898239, 1.26740133762, 1.14979505539, 0.871815681458, 0.579514980316, 0.261658638716, 0.194372594357, 0.122842654586, 0.0794171616435, 0.023279286921, 0.00808266550303, 0.000551448727492, 1.55527814059e-05, 1.57342874445e-05],
        "dmean2": [0.261570394039, 3.48879337311, 6.77842473984, 8.70390987396, 15.58984375, 13.9655561447, 14.4736051559, 14.3591394424, 19.7048778534, 24.3184738159, 41.0475082397, 44.1573181152, 53.1133041382, 31.0414562225, 22.3074626923, 21.0962314606, 35.2143058777, 17.5624008179, 21.9393253326, 28.5982913971, 57.1685829163, 17.617729187, 9.88807964325, 6.76890707016, 7.67703294754, 2.87852215767, 2.03760433197, 2.01265406609, 1.77544295788, 1.33768248558, 0.896640956402, 0.392866432667, 0.286341130733, 0.177110284567, 0.12296167016, 0.0382380634546, 0.0132490526885, 0.000936667085625, 2.41344823735e-05, 2.35199477174e-05],
        "dvar": [0.120783485472, 12.6846160889, 24.5785732269, 71.692237854, 938.166320801, 195.782623291, 164.514099121, 152.229232788, 485.609558105, 722.579528809, 2543.7121582, 3558.24804688, 4849.03710938, 2232.70166016, 689.631652832, 1051.75610352, 4116.91699219, 530.473937988, 609.867431641, 912.904052734, 2476.45678711, 242.654922485, 97.3835525513, 36.6228256226, 55.6211547852, 7.99355649948, 4.05070161819, 5.49601316452, 6.909927845, 6.9571928978, 2.41456842422, 0.411856681108, 0.933373332024, 0.157356023788, 0.0573726147413, 0.00395249854773, 0.000541304354556, 2.95602467304e-06, 1.1766203567e-09, 3.52604945242e-10],
        "dvar2": [0.183718308806, 26.5877685547, 65.7146987915, 193.440216064, 2352.50244141, 522.490539551, 426.429748535, 388.537719727, 1298.16040039, 1688.33825684, 6355.07958984, 7490.98046875, 10789.9306641, 4693.68212891, 1651.24731445, 2652.4675293, 7978.33984375, 1342.94592285, 1408.22216797, 2191.62524414, 6058.00488281, 539.569641113, 201.975204468, 84.5297698975, 126.97844696, 19.4537715912, 10.4140577316, 12.4618444443, 15.9166870117, 18.357919693, 4.94096279144, 0.807691216469, 1.95940494537, 0.207767695189, 0.134770348668, 0.0104148499668, 0.00138822500594, 7.63448224461e-06, 2.83595480433e-09, 7.21014359328e-10],
        "max": [3.21231079102, 30.1854362488, 40.8159942627, 101.728462219, 319.929351807, 152.787109375, 174.76739502, 166.050949097, 414.771362305, 376.505981445, 829.637817383, 1421.6875, 1323.51611328, 881.469787598, 409.451141357, 459.574493408, 1186.05419922, 495.764953613, 359.231781006, 461.659393311, 580.303100586, 252.838562012, 224.238708496, 89.192489624, 117.218460083, 46.2787399292, 36.5060157776, 55.933757782, 51.3905601501, 50.4508361816, 41.1656723022, 13.8647890091, 33.7959365845, 15.2286014557, 3.44074296951, 0.731282234192, 0.238748699427, 0.0186570622027, 0.000418859097408, 0.000173012012965],
        "mean": [0.276796489954, 3.21953248978, 6.84697723389, 8.11916351318, 10.1094274521, 13.4812917709, 17.9727058411, 17.2815799713, 21.7735290527, 38.5678062439, 55.5380058289, 72.9611587524, 107.531478882, 50.6260528564, 26.4579524994, 25.3663864136, 51.7606887817, 24.4318504333, 28.2368850708, 36.5037002563, 67.1923675537, 27.3298473358, 16.2667655945, 10.3442602158, 12.1603927612, 4.25060272217, 2.82664608955, 2.64836716652, 2.3951921463, 1.68998205662, 1.10680782795, 0.490361064672, 0.307460784912, 0.224603548646, 0.107179306448, 0.0260984711349, 0.00727584306151, 0.000474024680443, 3.2872761949e-05, 5.11056859978e-05],
        "median": [0.101950928569, 1.37225174904, 5.23324871063, 5.2341594696, 4.09695386887, 8.90296840668, 12.0500535965, 11.07010746, 11.7966823578, 17.6209335327, 25.5246105194, 20.7595882416, 20.714050293, 14.5947036743, 11.9612445831, 8.82154369354, 8.51270961761, 12.3040590286, 12.5403547287, 18.0230712891, 44.8623008728, 20.0749092102, 10.3375606537, 7.53271150589, 7.52129411697, 3.05761837959, 2.10770153999, 1.77633237839, 1.38628399372, 0.978588938713, 0.609482765198, 0.286036580801, 0.140933215618, 0.103785417974, 0.0418809093535, 0.010711257346, 0.00162733357865, 7.80426562415e-05, 2.48270516749e-05, 4.45159421361e-05],
        "min": [0.000212581871892, 0.0057961284183, 0.0434756688774, 0.166818901896, 0.0747708380222, 0.257784128189, 0.264647334814, 0.335094422102, 0.264393746853, 0.172809317708, 0.403243839741, 0.349193006754, 0.596404492855, 0.240316703916, 0.240854501724, 0.120653286576, 0.0932151228189, 0.150335595012, 0.0921251922846, 0.123307868838, 0.169065460563, 0.176223188639, 0.248759895563, 0.157376602292, 0.196187332273, 0.132745742798, 0.0522488616407, 0.0593519695103, 0.042644765228, 0.0422531999648, 0.0189982037991, 0.00342527171597, 0.00107069895603, 7.35286230338e-05, 3.22867781506e-05, 8.98940379557e-06, 3.64875154446e-06, 6.30072236163e-07, 2.51166420639e-06, 5.46147930436e-06],
        "var": [0.254579633474, 21.2835350037, 40.7400627136, 88.109375, 752.65045166, 237.862411499, 376.03414917, 390.144805908, 1041.62109375, 2829.21264648, 6506.23046875, 14818.3027344, 38144.1445312, 10600.8876953, 1774.66943359, 2506.28979492, 14725.5839844, 1473.0411377, 1490.05834961, 2795.43310547, 5049.44335938, 702.303100586, 342.419219971, 99.0781402588, 182.420669556, 19.1700134277, 7.39413642883, 11.8587446213, 15.2982435226, 9.2097234726, 3.83654594421, 0.782033145428, 1.3675416708, 0.479520648718, 0.077803529799, 0.00334381917492, 0.000439040799392, 2.32343563766e-06, 1.28321608894e-09, 8.69901428668e-10]
    },
    "gfcc": {
        "mean": [8.59899330139, 133.812759399, -127.973243713, 40.2173652649, -52.2547683716, 12.7736244202, -34.6106147766, 14.0464048386, -10.375670433, -4.43404483795, -15.4957027435, -4.48487997055, -3.41965937614],
        "cov": [[1567.73278809, -457.956451416, -143.365234375, -204.243835449, 27.3687896729, 140.136260986, -63.8910827637, 185.063156128, -70.8211135864, 143.167480469, -196.260101318, 54.105304718, -104.620414734], [-457.956451416, 389.682067871, -43.3507575989, -31.8140048981, 64.0223922729, -51.2305717468, 99.5927124023, -61.2353782654, 71.2056121826, -70.0222320557, 76.3069992065, -59.2867965698, 49.7678375244], [-143.365234375, -43.3507575989, 355.883056641, 186.606262207, 28.8140697479, -23.2310562134, -63.9498596191, -28.4050045013, -19.6182022095, 4.54261875153, 1.12419998646, 29.8241271973, 0.839364528656], [-204.243835449, -31.8140048981, 186.606262207, 420.119384766, 52.1360244751, -54.7094306946, -65.9192962646, -77.2021026611, 33.7835731506, -64.234375, 30.3032512665, -14.2613964081, 45.2585067749], [27.3687896729, 64.0223922729, 28.8140697479, 52.1360244751, 230.745498657, 26.460647583, 33.3229293823, 5.67309856415, 30.5791130066, -5.82228040695, -27.4120311737, 30.4846382141, 12.7252063751], [140.136260986, -51.2305717468, -23.2310562134, -54.7094306946, 26.460647583, 157.471069336, 83.0160446167, -1.21067333221, -46.2822914124, 4.73893880844, 10.7440538406, 19.2673053741, -23.06939888], [-63.8910827637, 99.5927124023, -63.9498596191, -65.9192962646, 33.3229293823, 83.0160446167, 206.01574707, 12.7548904419, -4.99191713333, -21.2005977631, 13.5997591019, -12.9580879211, -1.71207821369], [185.063156128, -61.2353782654, -28.4050045013, -77.2021026611, 5.67309856415, -1.21067333221, 12.7548904419, 164.276229858, 57.8224945068, 46.3562049866, -54.1044540405, -7.49543094635, 20.619052887], [-70.8211135864, 71.2056121826, -19.6182022095, 33.7835731506, 30.5791130066, -46.2822914124, -4.99191713333, 57.8224945068, 136.948486328, 3.81053900719, -13.7458276749, -39.502784729, 44.5052185059], [143.167480469, -70.0222320557, 4.54261875153, -64.234375, -5.82228040695, 4.73893880844, -21.2005977631, 46.3562049866, 3.81053900719, 89.9017410278, -1.74320054054, 18.5584621429, -22.208574295], [-196.260101318, 76.3069992065, 1.12419998646, 30.3032512665, -27.4120311737, 10.7440538406, 13.5997591019, -54.1044540405, -13.7458276749, -1.74320054054, 146.619140625, 28.1079235077, -4.72832536697], [54.105304718, -59.2867965698, 29.8241271973, -14.2613964081, 30.4846382141, 19.2673053741, -12.9580879211, -7.49543094635, -39.502784729, 18.5584621429, 28.1079235077, 106.970657349, -5.64990615845], [-104.620414734, 49.7678375244, 0.839364528656, 45.2585067749, 12.7252063751, -23.06939888, -1.71207821369, 20.619052887, 44.5052185059, -22.208574295, -4.72832536697, -5.64990615845, 86.6668167114]],
        "icov": [[0.00152604258619, 0.000745813420508, 0.000844234600663, -0.000158846829436, -0.000350326328771, -0.00110611866694, 0.000701449345797, -0.00100224127527, 0.000449796178145, -0.000956630217843, 0.001379844849, -0.000274753692793, 0.00107922812458], [0.000745813420508, 0.0142894415185, -0.00249029137194, 0.00765233905986, -0.006811439991, 0.00754342786968, -0.00558733521029, 0.00610256288201, -0.0048363795504, 0.00710780080408, -0.00927374046296, 0.00871924310923, -0.00546407839283], [0.000844234600663, -0.00249029137194, 0.00525571545586, -0.00391257274896, 0.0011089843465, -0.00215127272531, 0.00197204039432, -0.00214301515371, 0.00234017660841, -0.00348326377571, 0.00339766195975, -0.00294450903311, 0.00215387623757], [-0.000158846829436, 0.00765233905986, -0.00391257274896, 0.00896024703979, -0.00463907793164, 0.00480940239504, -0.00221290485933, 0.00507172010839, -0.00398596283048, 0.00674910796806, -0.00676259351894, 0.00603510066867, -0.00471547944471], [-0.000350326328771, -0.006811439991, 0.0011089843465, -0.00463907793164, 0.00914982799441, -0.00475104339421, 0.00134229217656, -0.00194392679259, -0.00045208161464, -0.00354212266393, 0.00667363358662, -0.00739922327921, 0.00298746186309], [-0.00110611866694, 0.00754342786968, -0.00215127272531, 0.00480940239504, -0.00475104339421, 0.0151803530753, -0.00750031927601, 0.00385304470547, 2.43342788053e-06, 0.00430221203715, -0.00727550126612, 0.00494602369145, -0.00345749012195], [0.000701449345797, -0.00558733521029, 0.00197204039432, -0.00221290485933, 0.00134229217656, -0.00750031927601, 0.0104238474742, -0.00450700893998, 0.00234428048134, -0.000779823632911, 0.00315818237141, -0.00205610832199, 0.00291098188609], [-0.00100224127527, 0.00610256288201, -0.00214301515371, 0.00507172010839, -0.00194392679259, 0.00385304470547, -0.00450700893998, 0.0151764852926, -0.00733934296295, -0.00101096904837, -0.00167243694887, 0.00312215881422, -0.00610849494115], [0.000449796178145, -0.0048363795504, 0.00234017660841, -0.00398596283048, -0.00045208161464, 2.43342788053e-06, 0.00234428048134, -0.00733934296295, 0.0162277612835, -0.00471578352153, 0.00192962610163, 0.00200084992684, -0.00206746975891], [-0.000956630217843, 0.00710780080408, -0.00348326377571, 0.00674910796806, -0.00354212266393, 0.00430221203715, -0.000779823632911, -0.00101096904837, -0.00471578352153, 0.0227853357792, -0.0083189914003, 0.0029160878621, 0.00115993153304], [0.001379844849, -0.00927374046296, 0.00339766195975, -0.00676259351894, 0.00667363358662, -0.00727550126612, 0.00315818237141, -0.00167243694887, 0.00192962610163, -0.0083189914003, 0.0179612990469, -0.0103007014841, 0.00521919177845], [-0.000274753692793, 0.00871924310923, -0.00294450903311, 0.00603510066867, -0.00739922327921, 0.00494602369145, -0.00205610832199, 0.00312215881422, 0.00200084992684, 0.0029160878621, -0.0103007014841, 0.0197345521301, -0.00639785127714], [0.00107922812458, -0.00546407839283, 0.00215387623757, -0.00471547944471, 0.00298746186309, -0.00345749012195, 0.00291098188609, -0.00610849494115, -0.00206746975891, 0.00115993153304, 0.00521919177845, -0.00639785127714, 0.0197989698499]]
    },
    "melbands": {
        "dmean": [0.00218637939543, 0.00232934369706, 0.000997208058834, 0.000633603369351, 0.000336921890266, 0.000204247684451, 0.000179152164492, 0.000194329128135, 0.00023838384368, 0.0001887006365, 0.000190187216504, 9.94078291114e-05, 5.31667137693e-05, 4.55784793303e-05, 4.78063520859e-05, 4.40957483079e-05, 2.19979410758e-05, 2.56423663814e-05, 2.64447953668e-05, 2.25236526603e-05, 4.83533149236e-05, 1.28094497995e-05, 9.41850339586e-06, 4.85990631205e-06, 3.7159366002e-06, 4.7229896154e-06, 2.74887815976e-06, 1.06116362986e-06, 8.97959694157e-07, 8.17320881197e-07, 7.63631362588e-07, 7.19533090887e-07, 5.88900945786e-07, 4.99622728967e-07, 3.86769869465e-07, 2.19269224999e-07, 1.55567704496e-07, 1.42645774304e-07, 1.38126523552e-07, 9.8156270667e-08],
        "dmean2": [0.0031602922827, 0.00382155389525, 0.00165734929033, 0.00104656361509, 0.000537455955055, 0.000326090928866, 0.000290255818982, 0.000288891722448, 0.000362884136848, 0.00028183858376, 0.000284961482976, 0.000152447944856, 8.49230636959e-05, 7.27296064724e-05, 7.15883797966e-05, 6.51337031741e-05, 3.41905360983e-05, 3.91831199522e-05, 4.24487552664e-05, 3.54735566361e-05, 7.4932249845e-05, 2.00525992113e-05, 1.46723923535e-05, 7.53163431e-06, 5.9160706769e-06, 7.45713896322e-06, 4.43385533799e-06, 1.72796637798e-06, 1.46793240674e-06, 1.32626985305e-06, 1.21635537198e-06, 1.12697603072e-06, 9.36705532695e-07, 7.88275201558e-07, 6.02994532528e-07, 3.46035506027e-07, 2.41399789047e-07, 2.17939827962e-07, 2.08480628316e-07, 1.49322346488e-07],
        "dvar": [1.42484450407e-05, 8.74272700457e-06, 3.84042914447e-06, 2.77476328847e-06, 2.20723066491e-07, 7.68981180954e-08, 9.41814448652e-08, 8.98652317005e-08, 1.88618358266e-07, 1.43165195254e-07, 1.37508138209e-07, 5.74296912248e-08, 1.16306644316e-08, 1.53221080268e-08, 2.14159641132e-08, 1.16366134506e-08, 2.29258034778e-09, 2.55854226694e-09, 2.62291366404e-09, 1.18470211419e-09, 4.07542888325e-09, 3.27941729328e-10, 2.09158371178e-10, 5.91478324652e-11, 2.89307050538e-11, 5.21827026034e-11, 1.7223285298e-11, 3.11531876684e-12, 1.87838351644e-12, 1.90045592111e-12, 2.37913291498e-12, 2.25247923612e-12, 2.93460741818e-12, 2.04834174795e-12, 1.03437516798e-12, 2.46310567428e-13, 1.5462515979e-13, 5.92105140959e-13, 2.4487646611e-13, 9.99058827203e-14],
        "dvar2": [2.46038016485e-05, 2.15949767153e-05, 1.01640207504e-05, 6.83476810082e-06, 5.86430132898e-07, 1.97773871946e-07, 2.52270638157e-07, 2.01887544904e-07, 4.45773480351e-07, 2.89260412956e-07, 3.04250733052e-07, 1.21404269748e-07, 2.82872463231e-08, 3.88994365608e-08, 5.07001409744e-08, 2.3988379283e-08, 5.77375258715e-09, 5.8246616419e-09, 6.25740437243e-09, 2.84876344736e-09, 9.92733717453e-09, 7.25020099512e-10, 4.65311289499e-10, 1.29007624028e-10, 6.97845739528e-11, 1.1901327146e-10, 4.3725273402e-11, 7.59091747793e-12, 4.93318060013e-12, 4.82048732528e-12, 5.37611014734e-12, 4.76320762346e-12, 7.93025714541e-12, 5.41754228284e-12, 2.14817031351e-12, 4.87548749203e-13, 3.16949916833e-13, 1.31856439829e-12, 4.1830506615e-13, 1.44557448152e-13],
        "max": [0.0346935465932, 0.0240439027548, 0.0195224136114, 0.0175588056445, 0.00614969758317, 0.00360590522178, 0.00535547500476, 0.00405623065308, 0.00580598507077, 0.00851361081004, 0.00652592163533, 0.00434022163972, 0.00171301409137, 0.00223191548139, 0.00298211723566, 0.00184375490062, 0.00106970628258, 0.000735434121452, 0.000842742214445, 0.000576412247028, 0.000731276581064, 0.000264979404164, 0.000266299233772, 0.000200936265173, 7.94799925643e-05, 0.000111040164484, 5.42308698641e-05, 3.31965893565e-05, 2.0251267415e-05, 2.53484486166e-05, 4.2493629735e-05, 3.2721000025e-05, 3.87726031477e-05, 2.57735555351e-05, 2.73322129942e-05, 9.04693661141e-06, 8.5324727479e-06, 2.59634089161e-05, 1.77516176336e-05, 1.10221699288e-05],
        "mean": [0.00317001482472, 0.00400950480253, 0.00146650092211, 0.000834400649182, 0.000664874853101, 0.000392106012441, 0.000338459736668, 0.000428642029874, 0.000486362288939, 0.000505184754729, 0.000560629880056, 0.000240896944888, 9.19854064705e-05, 7.75816733949e-05, 9.13460971788e-05, 9.26358115976e-05, 4.19331408921e-05, 4.70260310976e-05, 5.02490765939e-05, 4.40447802248e-05, 8.55627295095e-05, 2.65422531811e-05, 2.02569899557e-05, 1.08025915324e-05, 7.71086070017e-06, 1.06607494672e-05, 5.87067415836e-06, 2.10213920582e-06, 1.75638831479e-06, 1.68720271176e-06, 1.44729017393e-06, 1.42219596455e-06, 1.10648170448e-06, 8.96521441973e-07, 7.1383010436e-07, 3.85638486478e-07, 2.67130019438e-07, 1.96928780838e-07, 2.37956470528e-07, 1.68354006291e-07],
        "median": [0.00122561119497, 0.00275768665597, 0.000928993802518, 0.000462043186417, 0.000462429743493, 0.000249711563811, 0.000199477362912, 0.000202049472136, 0.000206090175197, 0.000118883704999, 0.000102223755675, 5.12083861395e-05, 3.93457848986e-05, 2.51606088568e-05, 1.64886077982e-05, 2.0459499865e-05, 1.98145171453e-05, 1.67784328369e-05, 1.63326440088e-05, 2.53651051025e-05, 5.55971528229e-05, 1.64858574863e-05, 1.20187360153e-05, 6.00266776019e-06, 5.26445046489e-06, 6.59435318084e-06, 3.44549653164e-06, 1.42098258493e-06, 1.28670262711e-06, 1.10826294986e-06, 9.39933443078e-07, 8.29257771784e-07, 5.52114045149e-07, 5.12859060109e-07, 4.04007806765e-07, 1.97690795289e-07, 1.41828593314e-07, 8.05863464848e-08, 1.04499441989e-07, 7.27574587245e-08],
        "min": [3.9366236706e-06, 2.1161920813e-05, 3.17041449307e-05, 3.68002065443e-06, 9.51959282247e-06, 6.64832259645e-06, 3.42385601471e-06, 1.72084639871e-06, 3.23577728523e-06, 1.50353639583e-06, 2.08058804674e-06, 7.83717837294e-07, 5.24500705978e-07, 3.88868159007e-07, 3.29237735741e-07, 1.35693483116e-07, 1.03564403275e-07, 1.37282569312e-07, 6.25320879521e-08, 2.22317623866e-07, 1.73791022462e-07, 1.18512666347e-07, 3.04546460939e-07, 1.24812800095e-07, 8.6031569424e-08, 1.22555775306e-07, 8.29391808566e-08, 9.04414587666e-09, 2.06705585981e-08, 2.40362059145e-08, 3.17001003225e-08, 2.14925304221e-08, 8.13341749506e-09, 1.57915458487e-08, 1.09580469143e-08, 1.21789944796e-09, 3.00810709675e-10, 3.56920187849e-10, 2.0828282675e-12, 7.59529361605e-14],
