{
"highlevel": {
    "danceability": {
        "all": {
            "danceable": 0.0323480255902,
            "not_danceable": 0.967651963234
        },
        "probability": 0.967651963234,
        "value": "not_danceable"
    },
    "gender": {
        "all": {
            "female": 0.117905765772,
            "male": 0.88209426403
        },
        "probability": 0.88209426403,
        "value": "male"
    },
    "genre_dortmund": {
        "all": {
            "alternative": 0.192514851689,
            "blues": 0.0642151087523,
            "electronic": 0.00341713940725,
            "folkcountry": 0.276962131262,
            "funksoulrnb": 0.00288058677688,
            "jazz": 0.0126978931949,
            "pop": 0.0965901464224,
            "raphiphop": 0.000825571944006,
            "rock": 0.349896579981
        },
        "probability": 0.349896579981,
        "value": "rock"
    },
    "genre_electronic": {
        "all": {
            "ambient": 0.941990196705,
            "dnb": 0.0132032297552,
            "house": 0.01681416668,
            "techno": 0.00224415841512,
            "trance": 0.0257482454181
        },
        "probability": 0.941990196705,
        "value": "ambient"
    },
    "genre_rosamerica": {
        "all": {
            "cla": 0.222327023745,
            "dan": 0.0307331625372,
            "hip": 0.0160438921303,
            "jaz": 0.0648369044065,
            "pop": 0.140168979764,
            "rhy": 0.146903738379,
            "roc": 0.297564297915,
            "spe": 0.0814219862223
        },
        "probability": 0.297564297915,
        "value": "roc"
    },
    "genre_tzanetakis": {
        "all": {
            "blu": 0.0626541376114,
            "cla": 0.0348133966327,
            "cou": 0.0783501937985,
            "dis": 0.104547761381,
            "hip": 0.15693578124,
            "jaz": 0.313987255096,
            "met": 0.044816005975,
            "pop": 0.0627349764109,
            "reg": 0.0627352520823,
            "roc": 0.0784252434969
        },
        "probability": 0.313987255096,
        "value": "jaz"
    },
    "ismir04_rhythm": {
        "all": {
            "ChaChaCha": 0.188230648637,
            "Jive": 0.0523589365184,
            "Quickstep": 0.139595612884,
            "Rumba-American": 0.0387804470956,
            "Rumba-International": 0.317529410124,
            "Rumba-Misc": 0.00981012266129,
            "Samba": 0.0437957644463,
            "Tango": 0.0273296814412,
            "VienneseWaltz": 0.157725140452,
            "Waltz": 0.0248442348093
        },
        "probability": 0.317529410124,
        "value": "Rumba-International"
    },
    "mood_acoustic": {
        "all": {
            "acoustic": 0.949069261551,
            "not_acoustic": 0.0509307198226
        },
        "probability": 0.949069261551,
        "value": "acoustic"
    },
    "mood_aggressive": {
        "all": {
            "aggressive": 0.0129270600155,
            "not_aggressive": 0.987072944641
        },
        "probability": 0.987072944641,
        "value": "not_aggressive"
    },
    "mood_electronic": {
        "all": {
            "electronic": 0.0692479088902,
            "not_electronic": 0.93075209856
        },
        "probability": 0.93075209856,
        "value": "not_electronic"
    },
    "mood_happy": {
        "all": {
            "happy": 0.319075793028,
            "not_happy": 0.680924236774
        },
        "probability": 0.680924236774,
        "value": "not_happy"
    },
    "mood_party": {
        "all": {
            "not_party": 0.97256320715,
            "party": 0.0274367835373
        },
        "probability": 0.97256320715,
        "value": "not_party"
    },
    "mood_relaxed": {
        "all": {
            "not_relaxed": 0.159249588847,
            "relaxed": 0.840750396252
        },
        "probability": 0.840750396252,
        "value": "relaxed"
    },
    "mood_sad": {
        "all": {
            "not_sad": 0.0601716935635,
            "sad": 0.939828336239
        },
        "probability": 0.939828336239,
        "value": "sad"
    },
    "moods_mirex": {
        "all": {
            "Cluster1": 0.237917289138,
            "Cluster2": 0.191024437547,
            "Cluster3": 0.477631598711,
            "Cluster4": 0.0852547958493,
            "Cluster5": 0.00817187223583
        },
        "probability": 0.477631598711,
        "value": "Cluster3"
    },
    "timbre": {
        "all": {
            "bright": 0.978834092617,
            "dark": 0.0211658813059
        },
        "probability": 0.978834092617,
        "value": "bright"
    },
    "tonal_atonal": {
        "all": {
            "atonal": 0.00305611663498,
            "tonal": 0.996943891048
        },
        "probability": 0.996943891048,
        "value": "tonal"
    },
    "voice_instrumental": {
        "all": {
            "instrumental": 0.00179598655086,
            "voice": 0.998203992844
        },
        "probability": 0.998203992844,
        "value": "voice"
    }
},
"lowlevel": {
    "average_loudness": 0.943631827831,
    "barkbands_crest": {
        "dmean": 2.54735636711,
        "dmean2": 4.25887393951,
        "dvar": 4.70336055756,
        "dvar2": 12.8439025879,
        "max": 24.0157184601,
        "mean": 10.3453245163,
        "median": 9.73984527588,
        "min": 3.93159174919,
        "var": 10.571641922
    },
    "barkbands_flatness_db": {
        "dmean": 0.0236402023584,
        "dmean2": 0.0360449962318,
        "dvar": 0.000410019798437,
        "dvar2": 0.000942223181482,
        "max": 0.332378327847,
        "mean": 0.186697214842,
        "median": 0.182282477617,
        "min": 0.0935284793377,
        "var": 0.00160570046864
    },
    "barkbands_kurtosis": {
        "dmean": 3.31413412094,
        "dmean2": 5.4081788063,
        "dvar": 15.0613994598,
        "dvar2": 37.652015686,
        "max": 44.4862976074,
        "mean": 7.1077413559,
        "median": 5.65119457245,
        "min": -1.14567351341,
        "var": 34.0697975159
    },
    "barkbands_skewness": {
        "dmean": 0.472983628511,
        "dmean2": 0.758771896362,
        "dvar": 0.196527987719,
        "dvar2": 0.510435223579,
        "max": 5.2651848793,
        "mean": 2.1020386219,
        "median": 2.04552102089,
        "min": 0.186451107264,
        "var": 0.606330394745
    },
    "barkbands_spread": {
        "dmean": 3.882999897,
        "dmean2": 6.08266305923,
        "dvar": 20.5086421967,
        "dvar2": 44.4892082214,
        "max": 71.8286972046,
        "mean": 12.3935518265,
        "median": 11.2936925888,
        "min": 1.63137149811,
        "var": 47.1706352234
    },
    "dissonance": {
        "dmean": 0.0220411513001,
        "dmean2": 0.0370889790356,
        "dvar": 0.000333753501764,
        "dvar2": 0.000910312694032,
        "max": 0.499061137438,
        "mean": 0.447709292173,
        "median": 0.450202792883,
        "min": 0.336799681187,
        "var": 0.000685409002472
    },
    "dynamic_complexity": 1.5250300169,
    "erbbands_crest": {
        "dmean": 3.34489512444,
        "dmean2": 5.56474304199,
        "dvar": 8.76118087769,
        "dvar2": 21.4221973419,
        "max": 25.3511199951,
        "mean": 10.3660469055,
        "median": 9.38360500336,
        "min": 2.70720481873,
        "var": 18.0962295532
    },
    "erbbands_flatness_db": {
        "dmean": 0.0196672827005,
        "dmean2": 0.0289998017251,
        "dvar": 0.000320598104736,
        "dvar2": 0.000659198092762,
        "max": 0.28445777297,
        "mean": 0.166232183576,
        "median": 0.166340187192,
        "min": 0.0646433457732,
        "var": 0.0011600239668
    },
    "erbbands_kurtosis": {
        "dmean": 1.01287412643,
        "dmean2": 1.63413906097,
        "dvar": 1.3321198225,
        "dvar2": 3.21145272255,
        "max": 10.1949081421,
        "mean": 0.36304885149,
        "median": -0.0989763736725,
        "min": -1.71702110767,
        "var": 2.5592815876
    },
    "erbbands_skewness": {
        "dmean": 0.426603615284,
        "dmean2": 0.685677528381,
        "dvar": 0.128668740392,
        "dvar2": 0.304348796606,
        "max": 3.20965194702,
        "mean": 0.78798019886,
        "median": 0.769828617573,
        "min": -1.30807065964,
        "var": 0.365090399981
    },
    "erbbands_spread": {
        "dmean": 7.95678949356,
        "dmean2": 12.1769857407,
        "dvar": 75.5091934204,
        "dvar2": 155.369995117,
        "max": 111.267593384,
        "mean": 36.2073020935,
        "median": 33.6786346436,
        "min": 10.4614458084,
        "var": 209.34992981
    },
    "hfc": {
        "dmean": 4.54522562027,
        "dmean2": 6.52938079834,
        "dvar": 22.9880199432,
        "dvar2": 44.2441635132,
        "max": 66.0883636475,
        "mean": 15.7493867874,
        "median": 13.736120224,
        "min": 2.5863070488,
        "var": 92.4572753906
    },
    "melbands_crest": {
        "dmean": 2.89385604858,
        "dmean2": 4.97587537766,
        "dvar": 6.09449481964,
        "dvar2": 17.7067070007,
        "max": 25.5729885101,
        "mean": 12.4073085785,
        "median": 11.9097757339,
        "min": 6.3690943718,
        "var": 10.425526619
    },
    "melbands_flatness_db": {
        "dmean": 0.0256286486983,
        "dmean2": 0.0379536747932,
        "dvar": 0.000522488786373,
        "dvar2": 0.00108676543459,
        "max": 0.419954806566,
        "mean": 0.252913326025,
        "median": 0.24653942883,
        "min": 0.132352888584,
        "var": 0.00248749321327
    },
    "melbands_kurtosis": {
        "dmean": 6.52231121063,
        "dmean2": 10.589392662,
        "dvar": 65.3086395264,
        "dvar2": 172.288330078,
        "max": 88.5195083618,
        "mean": 15.6303853989,
        "median": 12.4440450668,
        "min": 0.0344333648682,
        "var": 143.426498413
    },
    "melbands_skewness": {
        "dmean": 0.653542876244,
        "dmean2": 1.03842711449,
        "dvar": 0.414865344763,
        "dvar2": 1.03266000748,
        "max": 7.87283611298,
        "mean": 2.84675335884,
        "median": 2.76807332039,
        "min": 0.541860878468,
        "var": 1.24268507957
    },
    "melbands_spread": {
        "dmean": 3.28499078751,
        "dmean2": 5.21701288223,
        "dvar": 11.0561122894,
        "dvar2": 26.0218677521,
        "max": 42.6488609314,
        "mean": 11.4154539108,
        "median": 10.5933504105,
        "min": 1.93380308151,
        "var": 33.9402961731
    },
    "pitch_salience": {
        "dmean": 0.0609875656664,
        "dmean2": 0.10309240967,
        "dvar": 0.00242273206823,
        "dvar2": 0.0067879576236,
        "max": 0.788237452507,
        "mean": 0.567644298077,
        "median": 0.570521593094,
        "min": 0.306984871626,
        "var": 0.00522030564025
    },
    "silence_rate_20dB": {
        "dmean": 0,
        "dmean2": 0,
        "dvar": 0,
        "dvar2": 0,
        "max": 1,
        "mean": 1,
        "median": 1,
        "min": 1,
        "var": 0
    },
    "silence_rate_30dB": {
        "dmean": 0,
        "dmean2": 0,
        "dvar": 0,
        "dvar2": 0,
        "max": 1,
        "mean": 1,
        "median": 1,
        "min": 1,
        "var": 0
    },
    "silence_rate_60dB": {
        "dmean": 0,
        "dmean2": 0,
        "dvar": 0,
        "dvar2": 0,
        "max": 0,
        "mean": 0,
        "median": 0,
        "min": 0,
        "var": 0
    },
    "spectral_centroid": {
        "dmean": 173.271530151,
        "dmean2": 268.112640381,
        "dvar": 32365.5917969,
        "dvar2": 72191.5,
        "max": 2738.92651367,
        "mean": 733.06451416,
        "median": 676.479492188,
        "min": 260.518463135,
        "var": 95186.1875
    },
    "spectral_complexity": {
        "dmean": 2.97368431091,
        "dmean2": 4.46630525589,
        "dvar": 7.07981872559,
        "dvar2": 14.5076570511,
        "max": 37,
        "mean": 16.8553752899,
        "median": 16,
        "min": 6,
        "var": 33.7710876465
    },
    "spectral_decrease": {
        "dmean": 2.72681233149e-09,
        "dmean2": 4.39740732716e-09,
        "dvar": 7.69259771701e-18,
        "dvar2": 2.0290905862e-17,
        "max": -2.40302400201e-09,
        "mean": -9.10386077635e-09,
        "median": -8.40326652707e-09,
        "min": -2.67196700321e-08,
        "var": 1.51643150494e-17
    },
    "spectral_energy": {
        "dmean": 0.0106097748503,
        "dmean2": 0.0170482210815,
        "dvar": 0.000115986425953,
        "dvar2": 0.000303729379084,
        "max": 0.105616204441,
        "mean": 0.0357885472476,
        "median": 0.033013086766,
        "min": 0.00932064000517,
        "var": 0.000236515086726
    },
    "spectral_energyband_high": {
        "dmean": 0.000146824968397,
        "dmean2": 0.000212265003938,
        "dvar": 1.09849786156e-07,
        "dvar2": 2.23305221425e-07,
        "max": 0.00654998328537,
        "mean": 0.000242150257691,
        "median": 0.000116929673823,
        "min": 1.19272124266e-06,
        "var": 1.65829547427e-07
    },
    "spectral_energyband_low": {
        "dmean": 0.00402769166976,
        "dmean2": 0.00702618993819,
        "dvar": 2.18555396714e-05,
        "dvar2": 6.06005924055e-05,
        "max": 0.0438757538795,
        "mean": 0.010753097944,
        "median": 0.0100661013275,
        "min": 0.00055973167764,
        "var": 2.85084515781e-05
    },
    "spectral_energyband_middle_high": {
        "dmean": 0.00108698010445,
        "dmean2": 0.00157010322437,
        "dvar": 2.0711538582e-06,
        "dvar2": 4.64668983113e-06,
        "max": 0.0284299999475,
        "mean": 0.00320292287506,
        "median": 0.00235974648967,
        "min": 0.000312093528919,
        "var": 8.05407125881e-06
    },
    "spectral_energyband_middle_low": {
        "dmean": 0.00939701031893,
        "dmean2": 0.015149846673,
        "dvar": 0.000104770464532,
        "dvar2": 0.000276342121651,
        "max": 0.0924931019545,
        "mean": 0.0231289695948,
        "median": 0.019860047847,
        "min": 0.00232341582887,
        "var": 0.000188516627531
    },
    "spectral_entropy": {
        "dmean": 0.214975237846,
        "dmean2": 0.322272777557,
        "dvar": 0.0417379401624,
        "dvar2": 0.0864093378186,
        "max": 8.37993049622,
        "mean": 7.16920757294,
        "median": 7.20383214951,
        "min": 5.65948629379,
        "var": 0.147923216224
    },
    "spectral_flux": {
        "dmean": 0.0263426452875,
        "dmean2": 0.0426279269159,
        "dvar": 0.000606630579568,
        "dvar2": 0.00137862435076,
        "max": 0.248072594404,
        "mean": 0.0898538902402,
        "median": 0.0840816795826,
        "min": 0.0201987996697,
        "var": 0.0013605634449
    },
    "spectral_kurtosis": {
        "dmean": 2.494358778,
        "dmean2": 3.97143793106,
        "dvar": 7.17379951477,
        "dvar2": 18.2341918945,
        "max": 34.396774292,
        "mean": 7.41295146942,
        "median": 6.64133739471,
        "min": 0.337173461914,
        "var": 19.5212173462
    },
    "spectral_rms": {
        "dmean": 0.000859843799844,
        "dmean2": 0.00136717082933,
        "dvar": 6.3100293346e-07,
        "dvar2": 1.64322329965e-06,
        "max": 0.0101508721709,
        "mean": 0.00578045658767,
        "median": 0.00567519944161,
        "min": 0.00301551120356,
        "var": 1.50199980453e-06
    },
    "spectral_rolloff": {
        "dmean": 198.565093994,
        "dmean2": 343.913208008,
        "dvar": 137011.6875,
        "dvar2": 331828.875,
        "max": 5857.03125,
        "mean": 594.653564453,
        "median": 495.263671875,
        "min": 172.265625,
        "var": 185099.796875
    },
    "spectral_skewness": {
        "dmean": 0.295371949673,
        "dmean2": 0.449340730906,
        "dvar": 0.0744606778026,
        "dvar2": 0.17641942203,
        "max": 4.20382833481,
        "mean": 2.04335427284,
        "median": 2.00010943413,
        "min": 0.646739661694,
        "var": 0.266782015562
    },
    "spectral_spread": {
        "dmean": 533214.8125,
        "dmean2": 757348.0625,
        "dvar": 448986611712,
        "dvar2": 807850344448,
        "max": 9332230,
        "mean": 3878557.25,
        "median": 3619946,
        "min": 1529940.25,
        "var": 1.43703447962e+12
    },
    "spectral_strongpeak": {
        "dmean": 0.499889880419,
        "dmean2": 0.832008063793,
        "dvar": 0.338232517242,
        "dvar2": 0.779209196568,
        "max": 4.65049505234,
        "mean": 0.915936052799,
        "median": 0.627678275108,
        "min": 0,
        "var": 0.610583484173
    },
    "zerocrossingrate": {
        "dmean": 0.00640094373375,
        "dmean2": 0.00770584214479,
        "dvar": 5.02220100316e-05,
        "dvar2": 7.08833249519e-05,
        "max": 0.17138671875,
        "mean": 0.0340833924711,
        "median": 0.03271484375,
        "min": 0.0087890625,
        "var": 0.000221674912609
    },
    "barkbands": {
        "dmean": [4.38498136646e-05, 0.00214375788346, 0.00194163923152, 0.00205359933898, 0.00600656913593, 0.00140333024319, 0.00248880614527, 0.00147365371231, 0.000610217510257, 0.000245179107878, 0.000223092982196, 0.000274234625977, 0.000220863978029, 0.000316841265885, 0.000199298025109, 9.49243330979e-05, 0.000187957310118, 8.72978271218e-05, 0.000121383483929, 5.3021551139e-05, 3.51667149516e-05, 2.43043996306e-05, 1.87094610737e-05, 2.83935951302e-05, 2.35557490669e-05, 1.15570055641e-05, 3.25844573545e-09],
        "dmean2": [7.28981904103e-05, 0.00368687720038, 0.00342558929697, 0.0036371035967, 0.00997883453965, 0.00230883690529, 0.00386174791493, 0.00222153379582, 0.000926487962715, 0.000383199629141, 0.000346629880369, 0.000434653658886, 0.000367307366105, 0.000526677700691, 0.000326039589709, 0.000147237878991, 0.000292349723168, 0.000134379282827, 0.000180917224498, 8.51037766552e-05, 5.58919127798e-05, 3.75440831704e-05, 2.75728816632e-05, 4.16408875026e-05, 3.56141317752e-05, 1.77432430064e-05, 4.79137041154e-09],
        "dvar": [8.04560595924e-09, 7.83139694249e-06, 5.73164061279e-06, 1.26591639855e-05, 4.59633629362e-05, 3.81589279641e-06, 1.60566851264e-05, 7.67513847677e-06, 1.7815901856e-06, 2.06533997016e-07, 2.9710997751e-07, 3.37411364626e-07, 1.92427322077e-07, 6.23640858066e-07, 1.17822665402e-07, 2.40884912017e-08, 8.29154487292e-08, 2.42561810637e-08, 4.73323176209e-08, 9.82162440266e-09, 8.76433858821e-09, 3.70230757163e-09, 1.54063617419e-09, 5.84945913928e-09, 4.60738647234e-09, 1.04708375304e-09, 1.38411133988e-15],
        "dvar2": [1.97837231042e-08, 2.09090121643e-05, 1.60919171321e-05, 3.58616161975e-05, 0.000121519398817, 9.61284331424e-06, 3.6872093915e-05, 1.64597877301e-05, 4.30362615589e-06, 4.74108304616e-07, 7.27029203063e-07, 7.72747227984e-07, 4.8070074854e-07, 1.99001260626e-06, 2.78468149872e-07, 5.32210542303e-08, 1.89228003933e-07, 5.99568323878e-08, 1.06924737509e-07, 2.28760708154e-08, 2.05369801165e-08, 8.70391936303e-09, 3.28346971834e-09, 1.1323582072e-08, 1.08797451048e-08, 2.46045606112e-09, 1.38717611684e-15],
        "max": [0.000930290261749, 0.0291524715722, 0.0202853679657, 0.0306488275528, 0.0619662329555, 0.0265092365444, 0.0425514429808, 0.0341134928167, 0.018177581951, 0.00822416134179, 0.00923125818372, 0.00893516838551, 0.00562246656045, 0.0196037404239, 0.0054525542073, 0.0030877168756, 0.00588738266379, 0.00231081945822, 0.00432400777936, 0.00152785226237, 0.0022037923336, 0.000806286989246, 0.000689003558364, 0.00178865960333, 0.00098394358065, 0.000502553069964, 9.84345888355e-07],
        "mean": [3.83234400942e-05, 0.0062692691572, 0.002957763616, 0.00289333984256, 0.0104314815253, 0.00252049649134, 0.00391235761344, 0.00238744332455, 0.00085927429609, 0.000380041921744, 0.000316337536788, 0.00044083641842, 0.000332144816639, 0.000553130055778, 0.00031244038837, 0.000177740963409, 0.000337906531058, 0.000157004484208, 0.000224148272537, 8.23170194053e-05, 4.46978374384e-05, 3.38197132805e-05, 3.22944943036e-05, 4.78853398818e-05, 3.20390136039e-05, 1.40596866913e-05, 2.81823298032e-09],
        "median": [9.14309384825e-06, 0.00591710908338, 0.0020980508998, 0.00185031956062, 0.0077361734584, 0.0017614052631, 0.00151937361807, 0.000454507564427, 0.000280291453237, 0.00021055326215, 0.000129917054437, 0.000148655235535, 0.000137504554004, 0.000299094157526, 0.000159781484399, 9.27237197175e-05, 0.000188288380741, 8.2552593085e-05, 0.00012401494314, 4.30520703958e-05, 1.55405286932e-05, 1.05489916677e-05, 1.68541373569e-05, 2.6643201636e-05, 1.15015282063e-05, 4.08296500609e-06, 5.38182332033e-10],
        "min": [6.57162102513e-09, 7.0196154411e-05, 1.08192007247e-05, 3.72159342987e-06, 0.000335279648425, 0.000137163020554, 1.25458354887e-05, 7.40214090911e-06, 7.03287605575e-06, 1.04108175947e-05, 5.4597903727e-06, 5.79810421186e-06, 5.08335415361e-06, 2.61060486082e-05, 6.67804988552e-06, 4.77286221212e-06, 9.74923386821e-06, 3.49883589479e-06, 1.98884981728e-06, 7.81224002822e-07, 2.89656384211e-07, 3.59937217809e-08, 7.80190916316e-08, 1.14586029554e-07, 4.54332216293e-09, 7.26141854979e-11, 9.06020831276e-12],
        "var": [7.04353064762e-09, 1.3285039131e-05, 7.1965018833e-06, 1.17512763609e-05, 8.09323537396e-05, 7.67464189266e-06, 3.38398640451e-05, 1.71791725734e-05, 2.99725979858e-06, 3.34445047656e-07, 4.23588716103e-07, 6.92220794463e-07, 3.16307080084e-07, 9.00483769328e-07, 1.92338973193e-07, 5.92254352227e-08, 1.95031617523e-07, 5.17708294012e-08, 1.04359777708e-07, 1.42007250403e-08, 9.39026101321e-09, 4.43643166648e-09, 2.46925857539e-09, 9.00686458749e-09, 5.3313136128e-09, 1.1637292241e-09, 1.39790834192e-15]
    },
    "erbbands": {
        "dmean": [0.0309416148812, 0.596803069115, 2.11286091805, 4.10641050339, 12.2079820633, 28.2486553192, 12.1743392944, 13.3665723801, 24.1633529663, 51.6500205994, 23.8078193665, 12.0542573929, 10.5433149338, 8.02226638794, 9.03632450104, 11.1534080505, 9.32670211792, 17.2277641296, 10.7459554672, 6.60811042786, 5.89054775238, 8.95063018799, 5.04533529282, 5.45072317123, 4.96988868713, 2.61179161072, 1.88818264008, 1.03194153309, 0.959789991379, 0.587154209614, 0.563142597675, 0.584019362926, 0.484206110239, 0.313107579947, 0.146917358041, 0.0662965103984, 0.0191220920533, 0.001433702535, 2.97098267765e-05, 1.24359994516e-05],
        "dmean2": [0.052002903074, 1.03494203091, 3.71327447891, 7.24226093292, 21.2174510956, 46.7376670837, 19.3975410461, 22.084810257, 38.8493347168, 77.368927002, 35.0331878662, 18.5400886536, 15.7338047028, 12.5184621811, 13.6483917236, 17.6399040222, 15.3910169601, 28.7780418396, 17.3922958374, 10.0468330383, 9.18471622467, 13.4638242722, 7.59567737579, 8.21182823181, 7.35856389999, 4.18934822083, 3.1024825573, 1.59079909325, 1.53177511692, 0.885715067387, 0.850579023361, 0.877903044224, 0.709408223629, 0.471460044384, 0.225145339966, 0.102364100516, 0.0295560676605, 0.00224684458226, 4.54302462458e-05, 1.97006520466e-05],
        "dvar": [0.00166512699798, 0.612398386002, 7.36561012268, 30.147146225, 546.78704834, 1078.43981934, 246.199020386, 419.778625488, 1718.98950195, 9265.42773438, 2248.89404297, 753.312011719, 524.711425781, 259.605010986, 421.752075195, 493.114685059, 358.323486328, 2004.46166992, 379.16506958, 150.000488281, 71.3188476562, 244.444824219, 79.1877288818, 83.4225692749, 72.7851486206, 24.1567783356, 29.9959602356, 5.78422307968, 6.42715930939, 1.71975600719, 1.60761475563, 2.5829436779, 1.49912834167, 0.857906937599, 0.160472869873, 0.0371432751417, 0.00283228699118, 1.36340668178e-05, 5.0229536086e-09, 1.51724785513e-10],
        "dvar2": [0.0044362815097, 1.64189219475, 20.7388114929, 86.6035995483, 1519.78601074, 2766.23999023, 541.902954102, 1047.03601074, 4320.33056641, 20018.1386719, 5083.99609375, 1876.72351074, 1089.09545898, 611.132141113, 992.701416016, 1176.24865723, 903.101928711, 6360.74267578, 907.115783691, 335.148254395, 170.140884399, 486.421875, 187.006347656, 183.7837677, 154.134399414, 57.8374938965, 78.6266555786, 11.8467502594, 15.5758752823, 3.92252373695, 3.54158377647, 5.08869695663, 2.85239720345, 1.94223320484, 0.390778839588, 0.0887872129679, 0.00666324794292, 3.20274448313e-05, 1.15300649028e-08, 3.86661841434e-10],
        "max": [0.485371947289, 8.21907424927, 23.1779251099, 45.9374694824, 243.56640625, 333.156219482, 197.168731689, 290.724182129, 454.679748535, 1152.41369629, 763.96081543, 487.668609619, 373.00479126, 289.801483154, 304.483612061, 370.035827637, 227.416412354, 1119.36779785, 337.992645264, 161.631973267, 142.356124878, 417.926391602, 135.554092407, 140.649383545, 140.095046997, 80.0430755615, 117.896438599, 42.2755775452, 33.9665184021, 16.1511878967, 25.6487140656, 36.0760345459, 26.4195899963, 15.9243803024, 5.88683652878, 3.00815677643, 0.830833673477, 0.043474778533, 0.000924731022678, 0.000122271609143],
        "mean": [0.090795725584, 1.69181466103, 3.76890778542, 7.21222066879, 16.6806354523, 45.8390159607, 24.6800441742, 23.2542743683, 40.3839263916, 78.6455154419, 42.8143959045, 19.4947109222, 15.7683486938, 13.4040765762, 14.0568141937, 19.1635093689, 16.2275085449, 30.6696033478, 19.4017333984, 11.8701782227, 12.2080879211, 17.3261051178, 9.7320318222, 10.4526491165, 9.20504951477, 4.05381727219, 2.34285354614, 1.48039340973, 1.26999437809, 0.939898192883, 0.94091540575, 0.991614460945, 0.774649560452, 0.429227262735, 0.192605182528, 0.0776119157672, 0.0242945272475, 0.00180999143049, 5.36062470928e-05, 4.26844017056e-05],
        "median": [0.0946249291301, 1.55114686489, 3.07078242302, 5.41815090179, 10.6063699722, 30.4387226105, 17.6642475128, 14.7574052811, 20.6498756409, 21.9631919861, 11.078704834, 6.80654478073, 5.83013010025, 7.53730106354, 5.917573452, 6.94774532318, 7.72418642044, 16.7844638824, 9.93938350677, 6.32851028442, 7.18929481506, 9.27744293213, 5.17183446884, 5.95543670654, 4.81462574005, 2.15514588356, 0.913279473782, 0.510703623295, 0.36255505681, 0.352011650801, 0.509035229683, 0.517823398113, 0.418309003115, 0.159213140607, 0.0693320930004, 0.0204513613135, 0.00746578769758, 0.000515527557582, 3.09706301778e-05, 3.94442831748e-05],
        "min": [0.0015276937047, 0.0299688503146, 0.128138020635, 0.112612716854, 0.673502981663, 1.15848946571, 0.92281961441, 1.55723309517, 0.410925865173, 0.242957502604, 0.222318261862, 0.25237211585, 0.36145684123, 0.302612185478, 0.400457113981, 0.372265815735, 0.407429248095, 1.16509985924, 0.557693898678, 0.514622688293, 0.667720675468, 0.861012816429, 0.345581531525, 0.162210077047, 0.0950875133276, 0.0479001998901, 0.0167831946164, 0.00811104755849, 0.00187335023656, 0.00287662330084, 0.00217309664004, 0.00250746984966, 0.00111018889584, 0.000358521559974, 7.93099679868e-05, 4.36024893133e-05, 1.10506398414e-05, 9.844906117e-07, 4.40039866589e-06, 1.03236989162e-05],
        "var": [0.00345010776073, 0.993345975876, 8.24428749084, 38.8414840698, 445.185913086, 2132.59570312, 593.807861328, 814.834716797, 3122.08789062, 20682.4023438, 5808.81494141, 1326.67028809, 942.829772949, 407.295471191, 721.050720215, 1083.79760742, 598.020324707, 2941.58178711, 662.694824219, 276.3956604, 185.250030518, 660.936523438, 187.555953979, 204.761535645, 187.863952637, 32.7749023438, 25.4146537781, 8.37672233582, 7.00797700882, 2.44381737709, 2.31078457832, 3.72807836533, 2.48127484322, 1.05641961098, 0.17400097847, 0.0402387529612, 0.00313837942667, 1.58028233272e-05, 6.14570838664e-09, 3.3269814681e-10]
    },
    "gfcc": {
        "mean": [2.1708381176, 128.816558838, -103.188156128, 31.9028911591, -48.9703178406, 9.74776935577, -52.4145393372, 9.49650001526, -24.2004737854, 0.821800291538, -6.49586629868, -5.97065973282, -11.4158143997],
        "cov": [[1680.23583984, -838.307922363, -140.259674072, -11.4896850586, -350.08505249, 25.9987754822, -26.7886505127, 225.363098145, -89.900932312, 132.073898315, -122.426277161, 12.7846813202, -248.903884888], [-838.307922363, 807.540466309, -142.08795166, -112.386260986, 182.627639771, -75.4325866699, 93.862701416, -113.089393616, 120.189628601, -136.736419678, 158.316894531, -93.9464187622, 101.165557861], [-140.259674072, -142.08795166, 331.171020508, 37.7867240906, 29.4367618561, 35.1639709473, -68.5477371216, -24.7194309235, -73.6883621216, 21.7784347534, -47.0824279785, 104.432411194, 40.0447349548], [-11.4896850586, -112.386260986, 37.7867240906, 255.791824341, -32.3646430969, 27.9813175201, 16.3043823242, -79.0149536133, 10.0956707001, 24.645450592, -44.0507545471, -0.888203978539, 49.8842697144], [-350.08505249, 182.627639771, 29.4367618561, -32.3646430969, 226.511245728, -37.2533073425, -33.1235275269, -3.8841779232, 5.91854047775, -9.07086849213, 28.4798679352, -1.63964617252, 29.8164577484], [25.9987754822, -75.4325866699, 35.1639709473, 27.9813175201, -37.2533073425, 118.206932068, 31.3424797058, -12.073184967, -15.2469873428, 5.74816799164, -24.8000888824, 11.2462749481, 7.79905319214], [-26.7886505127, 93.862701416, -68.5477371216, 16.3043823242, -33.1235275269, 31.3424797058, 119.595504761, -4.38479948044, 22.0137062073, -11.0176725388, 13.3511314392, -29.1917743683, -3.06345677376], [225.363098145, -113.089393616, -24.7194309235, -79.0149536133, -3.8841779232, -12.073184967, -4.38479948044, 143.649597168, -4.72720766068, 25.4081611633, 10.8364524841, -0.458458006382, -64.2635345459], [-89.900932312, 120.189628601, -73.6883621216, 10.0956707001, 5.91854047775, -15.2469873428, 22.0137062073, -4.72720766068, 102.059463501, 8.5960893631, 18.6531276703, -39.9987716675, -1.96423685551], [132.073898315, -136.736419678, 21.7784347534, 24.645450592, -9.07086849213, 5.74816799164, -11.0176725388, 25.4081611633, 8.5960893631, 94.0712356567, -24.6703624725, 5.49610900879, -29.0933513641], [-122.426277161, 158.316894531, -47.0824279785, -44.0507545471, 28.4798679352, -24.8000888824, 13.3511314392, 10.8364524841, 18.6531276703, -24.6703624725, 115.451080322, -8.56940364838, -0.344736069441], [12.7846813202, -93.9464187622, 104.432411194, -0.888203978539, -1.63964617252, 11.2462749481, -29.1917743683, -0.458458006382, -39.9987716675, 5.49610900879, -8.56940364838, 93.0805206299, 20.8461818695], [-248.903884888, 101.165557861, 40.0447349548, 49.8842697144, 29.8164577484, 7.79905319214, -3.06345677376, -64.2635345459, -1.96423685551, -29.0933513641, -0.344736069441, 20.8461818695, 102.792747498]],
        "icov": [[0.00303033995442, 0.00182510504965, 0.00210567074828, -0.000121923338156, 0.00248149875551, 0.000662000558805, 0.000422469602199, -0.00137831293978, 0.00145847385284, -0.000299584586173, 0.000779210822657, -0.00086739519611, 0.00328284315765], [0.00182510504965, 0.0138448597863, -0.000877761980519, 0.00764854019508, -0.0051289354451, 0.00507326098159, -0.00949480757117, 0.00834216549993, -0.00900641456246, 0.0080050593242, -0.00812333170325, 0.00738768046722, -0.00597290415317], [0.00210567074828, -0.000877761980519, 0.00778668606654, -0.00189813761972, 0.00185646791942, -0.00172492780257, 0.00378936831839, -0.00194298883434, 0.00445239804685, -0.00252979784273, 0.00304337101988, -0.0068637561053, 0.00311211263761], [-0.000121923338156, 0.00764854019508, -0.00189813761972, 0.0105076665059, -0.00324814324267, 0.00271013309248, -0.00676680821925, 0.00802347343415, -0.00643125781789, 0.00249695265666, -0.00398486386985, 0.0058438917622, -0.00724621815607], [0.00248149875551, -0.0051289354451, 0.00185646791942, -0.00324814324267, 0.0109445815906, -0.000632220413536, 0.00639859260991, -0.00619456823915, 0.00604965630919, -0.00496072601527, 0.00393175426871, -0.00313037331216, 0.00446048378944], [0.000662000558805, 0.00507326098159, -0.00172492780257, 0.00271013309248, -0.000632220413536, 0.012712710537, -0.00722555723041, 0.003334304085, -0.00221463735215, 0.00232713855803, -0.00147460668813, 0.00261029205285, -0.00286313821562], [0.000422469602199, -0.00949480757117, 0.00378936831839, -0.00676680821925, 0.00639859260991, -0.00722555723041, 0.0190868768841, -0.0074621536769, 0.00677800038829, -0.00516484910622, 0.00526139233261, -0.00475838035345, 0.0064213690348], [-0.00137831293978, 0.00834216549993, -0.00194298883434, 0.00802347343415, -0.00619456823915, 0.003334304085, -0.0074621536769, 0.0184725280851, -0.00720329396427, 0.00374065712094, -0.00696261227131, 0.00455939630046, -0.00184125115629], [0.00145847385284, -0.00900641456246, 0.00445239804685, -0.00643125781789, 0.00604965630919, -0.00221463735215, 0.00677800038829, -0.00720329396427, 0.0218955464661, -0.00952363759279, 0.00542096048594, -0.00280174333602, 0.00620314059779], [-0.000299584586173, 0.0080050593242, -0.00252979784273, 0.00249695265666, -0.00496072601527, 0.00232713855803, -0.00516484910622, 0.00374065712094, -0.00952363759279, 0.0199675187469, -0.00333481421694, 0.00358009780757, -0.000650784815662], [0.000779210822657, -0.00812333170325, 0.00304337101988, -0.00398486386985, 0.00393175426871, -0.00147460668813, 0.00526139233261, -0.00696261227131, 0.00542096048594, -0.00333481421694, 0.0170044600964, -0.00716383894905, 0.00607469351962], [-0.00086739519611, 0.00738768046722, -0.0068637561053, 0.0058438917622, -0.00313037331216, 0.00261029205285, -0.00475838035345, 0.00455939630046, -0.00280174333602, 0.00358009780757, -0.00716383894905, 0.0244296584278, -0.010133148171], [0.00328284315765, -0.00597290415317, 0.00311211263761, -0.00724621815607, 0.00446048378944, -0.00286313821562, 0.0064213690348, -0.00184125115629, 0.00620314059779, -0.000650784815662, 0.00607469351962, -0.010133148171, 0.0258333012462]]
    },
    "melbands": {
        "dmean": [0.000434067042079, 0.000990904984064, 0.000921306316741, 0.00138816412073, 0.000652325514238, 0.000296705024084, 0.000406283303164, 0.000510375131853, 0.000172472151462, 7.74815416662e-05, 5.32305348315e-05, 3.29588037857e-05, 3.31683950208e-05, 2.82438541035e-05, 2.85073365376e-05, 2.39202690864e-05, 3.38937024935e-05, 1.69435643329e-05, 1.2104362213e-05, 7.78401499701e-06, 7.99480767455e-06, 1.0827126971e-05, 7.90001286077e-06, 3.6419726257e-06, 4.76395189253e-06, 4.94716550747e-06, 2.31841886489e-06, 1.71390513515e-06, 1.32346622195e-06, 8.27007795579e-07, 5.69364658531e-07, 5.85800080444e-07, 4.30995868328e-07, 3.08770637503e-07, 3.1188471894e-07, 3.78162013703e-07, 3.94596952447e-07, 3.77568795784e-07, 3.01421692939e-07, 2.69588724677e-07],
        "dmean2": [0.000735399546102, 0.00173749728128, 0.00162173481658, 0.00234412262216, 0.00104262516834, 0.000492499384563, 0.000646970875096, 0.000761840958148, 0.000253844074905, 0.000119793483464, 7.95686501078e-05, 5.16100262757e-05, 5.13764098287e-05, 4.4474578317e-05, 4.60972441942e-05, 3.96675350203e-05, 5.67150964343e-05, 2.69957326964e-05, 1.92784573301e-05, 1.2310949387e-05, 1.30287080538e-05, 1.6570875232e-05, 1.2156286175e-05, 5.73905163037e-06, 7.38010385248e-06, 7.40908581065e-06, 3.57295402864e-06, 2.81219240605e-06, 2.2033186724e-06, 1.30846990487e-06, 8.83795166828e-07, 9.45135866459e-07, 6.81026619986e-07, 4.69450611718e-07, 4.76824340012e-07, 5.846434874e-07, 5.94667483256e-07, 5.63335447623e-07, 4.44411568878e-07, 4.14041153363e-07],
        "dvar": [3.09574289759e-07, 1.5130800648e-06, 2.45296769208e-06, 2.61717173089e-06, 6.57354121358e-07, 2.01869795546e-07, 4.24773730856e-07, 9.03135571662e-07, 1.25711437704e-07, 3.19234203516e-08, 1.31499247047e-08, 4.57679094623e-09, 6.25488727479e-09, 4.54544446526e-09, 4.35862057557e-09, 3.16904524844e-09, 6.49850528944e-09, 1.00218111587e-09, 4.5043191399e-10, 2.1819181184e-10, 1.32004115971e-10, 3.17364801106e-10, 2.16336393244e-10, 4.96600920108e-11, 6.77851039188e-11, 9.41529285092e-11, 1.57851596377e-11, 1.21388983934e-11, 1.6471471756e-11, 3.42524229466e-12, 2.01425421481e-12, 2.35402409371e-12, 1.19904227606e-12, 4.10936502925e-13, 4.45120421641e-13, 8.34017913325e-13, 1.15025079305e-12, 8.09029763755e-13, 6.35571781836e-13, 6.89849436256e-13],
        "dvar2": [8.11819859337e-07, 4.22335779149e-06, 6.86146040607e-06, 7.31133968657e-06, 1.46318689076e-06, 5.07998663579e-07, 1.04025946257e-06, 1.94607559934e-06, 2.89020277933e-07, 7.80661295607e-08, 2.77311364982e-08, 1.05905701986e-08, 1.54876111935e-08, 9.62364854473e-09, 1.10126645581e-08, 9.08552255652e-09, 2.04499883694e-08, 2.38797270846e-09, 1.01209762793e-09, 4.73458161565e-10, 3.40454442416e-10, 6.81199707753e-10, 4.67464011944e-10, 1.27692356688e-10, 1.52553816801e-10, 2.13293369078e-10, 3.50610721012e-11, 3.00815691801e-11, 4.43791739468e-11, 7.86375044942e-12, 4.37773949036e-12, 5.70809241887e-12, 2.88444637099e-12, 9.63142759991e-13, 9.97115367704e-13, 1.82845622324e-12, 2.28093672422e-12, 1.61068641064e-12, 1.20318533782e-12, 1.66392745936e-12],
        "max": [0.00573441758752, 0.0102685783058, 0.0142048634589, 0.0148222427815, 0.0108811445534, 0.00609515607357, 0.00665791612118, 0.0112299388275, 0.00514957914129, 0.00261560734361, 0.00187657121569, 0.00130688701756, 0.00122846430168, 0.00132367026526, 0.0013466340024, 0.00100898661185, 0.00199449481443, 0.00052015169058, 0.000311703828629, 0.000305650290102, 0.000154550099978, 0.000468192360131, 0.000260432861978, 0.000131599605083, 0.000124064099509, 0.000202669427381, 5.5653614254e-05, 5.67852985114e-05, 8.6786931206e-05, 3.65721061826e-05, 2.46061863436e-05, 2.06367112696e-05, 1.25985561681e-05, 9.65293020272e-06, 1.31000379042e-05, 1.70526382135e-05, 2.3862481612e-05, 1.75112636498e-05, 1.35099235195e-05, 1.40862257467e-05],
        "mean": [0.00134268391412, 0.00219545327127, 0.00145046797115, 0.00224169460125, 0.00123307749163, 0.000512004480697, 0.000679049640894, 0.000779072521254, 0.000303414301015, 0.000114674301585, 7.69524631323e-05, 5.22638874827e-05, 4.81225906697e-05, 4.56314883195e-05, 4.38562819909e-05, 3.79806988349e-05, 5.87770773564e-05, 2.99470102618e-05, 1.97326571652e-05, 1.36976241265e-05, 1.49276547745e-05, 1.91733870452e-05, 1.33263965836e-05, 6.28786847301e-06, 8.61433090904e-06, 8.79019808053e-06, 3.87939371649e-06, 2.39118003265e-06, 1.55281702519e-06, 1.02072488062e-06, 8.0596674934e-07, 7.57864711431e-07, 5.73101317514e-07, 4.92971537369e-07, 5.04093577547e-07, 5.85482155202e-07, 6.32213755125e-07, 5.8480259213e-07, 4.30444828226e-07, 3.40540509569e-07],
        "median": [0.00141150644049, 0.00193594535813, 0.00107197638135, 0.00165626534726, 0.000840495224111, 0.000335540185915, 0.000339249178069, 0.000218247427256, 6.04454944551e-05, 3.85964667657e-05, 2.76571208815e-05, 2.86639224214e-05, 1.96410601347e-05, 1.3807753021e-05, 1.78855261765e-05, 1.44637460835e-05, 3.31113333232e-05, 1.45138510561e-05, 1.00105899037e-05, 6.51872915114e-06, 8.91028776095e-06, 1.01674513644e-05, 5.86318765272e-06, 3.45332728102e-06, 4.72861529488e-06, 4.3630179789e-06, 1.87288742381e-06, 1.18647471936e-06, 5.92195306126e-07, 3.61341790267e-07, 2.64895817281e-07, 2.08740772223e-07, 1.74574978473e-07, 1.99761515773e-07, 2.69529067509e-07, 2.92809630764e-07, 3.26423304386e-07, 3.17296979802e-07, 1.78413927188e-07, 1.03964538312e-07],
        "min": [1.87031473615e-05, 0.000104753904452, 2.09707468457e-05, 4.68528851343e-05, 2.78360530501e-05, 3.2631920476e-05, 5.5745354075e-06, 3.73891725758e-06, 9.5388088539e-07, 1.10073153792e-06, 1.45545118357e-06, 9.76606656877e-07, 1.02590684037e-06, 5.31520925051e-07, 7.6639304325e-07, 5.95740232257e-07, 1.55234226895e-06, 7.48472075429e-07, 3.6141665305e-07, 3.28124798443e-07, 5.31538717041e-07, 4.47142923576e-07, 1.57277327162e-07, 1.31553704819e-07, 1.00722914453e-07, 4.73824286473e-08, 4.47492034539e-08, 1.66084586084e-08, 5.80464210032e-09, 1.82416792782e-09, 2.11087258783e-09, 3.24238941252e-10, 8.20602252816e-10, 5.20495757605e-10, 1.11462850061e-09, 1.23196441937e-09, 1.59056012805e-09, 5.25731069789e-10, 1.34743285973e-10, 4.11092999919e-11],
