{
"highlevel": {
    "danceability": {
        "all": {
            "danceable": 0.0178240071982,
            "not_danceable": 0.98217600584
        },
        "probability": 0.98217600584,
        "value": "not_danceable"
    },
    "gender": {
        "all": {
            "female": 0.5,
            "male": 0.5
        },
        "probability": 0.5,
        "value": "female"
    },
    "genre_dortmund": {
        "all": {
            "alternative": 0.10567022115,
            "blues": 0.00990459602326,
            "electronic": 0.0089212115854,
            "folkcountry": 0.0136902779341,
            "funksoulrnb": 0.002984944731,
            "jazz": 0.0095078535378,
            "pop": 0.0148468045518,
            "raphiphop": 0.00184031063691,
            "rock": 0.832633793354
        },
        "probability": 0.832633793354,
        "value": "rock"
    },
    "genre_electronic": {
        "all": {
            "ambient": 0.226321607828,
            "dnb": 0.133393719792,
            "house": 0.0329792834818,
            "techno": 0.017590045929,
            "trance": 0.589715361595
        },
        "probability": 0.589715361595,
        "value": "trance"
    },
    "genre_rosamerica": {
        "all": {
            "cla": 8.39248314151e-05,
            "dan": 0.00498033082113,
            "hip": 0.00049182708608,
            "jaz": 0.000208244469832,
            "pop": 0.00707749789581,
            "rhy": 0.000474045897136,
            "roc": 0.986644804478,
            "spe": 3.9313279558e-05
        },
        "probability": 0.986644804478,
        "value": "roc"
    },
    "genre_tzanetakis": {
        "all": {
            "blu": 0.0626541376114,
            "cla": 0.0348133966327,
            "cou": 0.0783501937985,
            "dis": 0.104547761381,
            "hip": 0.15693578124,
            "jaz": 0.313987255096,
            "met": 0.044816005975,
            "pop": 0.0627349764109,
            "reg": 0.0627352520823,
            "roc": 0.0784252434969
        },
        "probability": 0.313987255096,
        "value": "jaz"
    },
    "ismir04_rhythm": {
        "all": {
            "ChaChaCha": 0.256003588438,
            "Jive": 0.619254112244,
            "Quickstep": 0.00523293716833,
            "Rumba-American": 0.00312733277678,
            "Rumba-International": 0.00166823808104,
            "Rumba-Misc": 0.00111981772352,
            "Samba": 0.049185089767,
            "Tango": 0.00286146183498,
            "VienneseWaltz": 0.0603539682925,
            "Waltz": 0.00119347614236
        },
        "probability": 0.619254112244,
        "value": "Jive"
    },
    "mood_acoustic": {
        "all": {
            "acoustic": 1.00405145531e-07,
            "not_acoustic": 0.999999880791
        },
        "probability": 0.999999880791,
        "value": "not_acoustic"
    },
    "mood_aggressive": {
        "all": {
            "aggressive": 0.996841967106,
            "not_aggressive": 0.00315802404657
        },
        "probability": 0.996841967106,
        "value": "aggressive"
    },
    "mood_electronic": {
        "all": {
            "electronic": 0.629638969898,
            "not_electronic": 0.370361000299
        },
        "probability": 0.629638969898,
        "value": "electronic"
    },
    "mood_happy": {
        "all": {
            "happy": 0.548630833626,
            "not_happy": 0.451369136572
        },
        "probability": 0.548630833626,
        "value": "happy"
    },
    "mood_party": {
        "all": {
            "not_party": 0.4492367208,
            "party": 0.550763249397
        },
        "probability": 0.550763249397,
        "value": "party"
    },
    "mood_relaxed": {
        "all": {
            "not_relaxed": 0.979635953903,
            "relaxed": 0.0203640386462
        },
        "probability": 0.979635953903,
        "value": "not_relaxed"
    },
    "mood_sad": {
        "all": {
            "not_sad": 0.861420810223,
            "sad": 0.138579159975
        },
        "probability": 0.861420810223,
        "value": "not_sad"
    },
    "moods_mirex": {
        "all": {
            "Cluster1": 0.497682183981,
            "Cluster2": 0.0205555763096,
            "Cluster3": 0.0240081995726,
            "Cluster4": 0.00644216313958,
            "Cluster5": 0.451311886311
        },
        "probability": 0.497682183981,
        "value": "Cluster1"
    },
    "timbre": {
        "all": {
            "bright": 0.441552370787,
            "dark": 0.558447599411
        },
        "probability": 0.558447599411,
        "value": "dark"
    },
    "tonal_atonal": {
        "all": {
            "atonal": 0.0214559473097,
            "tonal": 0.978544056416
        },
        "probability": 0.978544056416,
        "value": "tonal"
    },
    "voice_instrumental": {
        "all": {
            "instrumental": 0.000520144239999,
            "voice": 0.999479830265
        },
        "probability": 0.999479830265,
        "value": "voice"
    }
},
"lowlevel": {
    "average_loudness": 0.976166188717,
    "barkbands_crest": {
        "dmean": 2.55634045601,
        "dmean2": 4.33156919479,
        "dvar": 5.13894414902,
        "dvar2": 14.4378738403,
        "max": 20.5679740906,
        "mean": 8.53882694244,
        "median": 7.94726991653,
        "min": 2.42677426338,
        "var": 12.5084552765
    },
    "barkbands_flatness_db": {
        "dmean": 0.0153917688876,
        "dmean2": 0.0251087155193,
        "dvar": 0.000200416281587,
        "dvar2": 0.000543842383195,
        "max": 0.292032897472,
        "mean": 0.0904578566551,
        "median": 0.084509678185,
        "min": 0.0408219285309,
        "var": 0.00079913175432
    },
    "barkbands_kurtosis": {
        "dmean": 0.892885565758,
        "dmean2": 1.5555036068,
        "dvar": 2.09924936295,
        "dvar2": 5.90135765076,
        "max": 11.8327970505,
        "mean": -0.386233597994,
        "median": -0.805353403091,
        "min": -1.69484376907,
        "var": 1.96877944469
    },
    "barkbands_skewness": {
        "dmean": 0.42832583189,
        "dmean2": 0.69540989399,
        "dvar": 0.190578818321,
        "dvar2": 0.536738455296,
        "max": 3.43339419365,
        "mean": 0.685282886028,
        "median": 0.612064778805,
        "min": -0.775690317154,
        "var": 0.31029894948
    },
    "barkbands_spread": {
        "dmean": 7.30759000778,
        "dmean2": 11.3933010101,
        "dvar": 44.1903991699,
        "dvar2": 115.319313049,
        "max": 80.7225036621,
        "mean": 44.4424247742,
        "median": 44.9976348877,
        "min": 6.18491220474,
        "var": 156.039215088
    },
    "dissonance": {
        "dmean": 0.00963273923844,
        "dmean2": 0.0163571983576,
        "dvar": 0.000116036251711,
        "dvar2": 0.000320250575896,
        "max": 0.499990284443,
        "mean": 0.483785122633,
        "median": 0.48796069622,
        "min": 0.387948423624,
        "var": 0.000213560240809
    },
    "dynamic_complexity": 0.933966755867,
    "erbbands_crest": {
        "dmean": 2.19263720512,
        "dmean2": 3.50658392906,
        "dvar": 4.78467273712,
        "dvar2": 11.388961792,
        "max": 29.9043159485,
        "mean": 7.5725851059,
        "median": 6.25922870636,
        "min": 2.37402844429,
        "var": 19.3318538666
    },
    "erbbands_flatness_db": {
        "dmean": 0.0117771420628,
        "dmean2": 0.0176307186484,
        "dvar": 0.000139817871968,
        "dvar2": 0.000281383079709,
        "max": 0.347662329674,
        "mean": 0.123392149806,
        "median": 0.117517635226,
        "min": 0.0613405555487,
        "var": 0.000925243948586
    },
    "erbbands_kurtosis": {
        "dmean": 0.654227972031,
        "dmean2": 0.995605647564,
        "dvar": 0.582615077496,
        "dvar2": 1.37119221687,
        "max": 10.5157899857,
        "mean": 0.244670048356,
        "median": -0.0214247703552,
        "min": -1.41297316551,
        "var": 1.4070905447
    },
    "erbbands_skewness": {
        "dmean": 0.277435004711,
        "dmean2": 0.426004827023,
        "dvar": 0.0693077668548,
        "dvar2": 0.163282334805,
        "max": 3.03651499748,
        "mean": -0.26423317194,
        "median": -0.392468780279,
        "min": -1.52909040451,
        "var": 0.38195219636
    },
    "erbbands_spread": {
        "dmean": 7.13010644913,
        "dmean2": 10.9901132584,
        "dvar": 45.325717926,
        "dvar2": 109.583740234,
        "max": 77.7806167603,
        "mean": 38.9361152649,
        "median": 38.2062187195,
        "min": 7.4357676506,
        "var": 132.541915894
    },
    "hfc": {
        "dmean": 6.87828731537,
        "dmean2": 10.3057985306,
        "dvar": 49.2914657593,
        "dvar2": 108.240356445,
        "max": 100.837852478,
        "mean": 42.2226867676,
        "median": 41.5813713074,
        "min": 7.20795726776,
        "var": 135.300003052
    },
    "melbands_crest": {
        "dmean": 3.33273768425,
        "dmean2": 5.75113582611,
        "dvar": 8.57319259644,
        "dvar2": 23.7450790405,
        "max": 25.7526111603,
        "mean": 12.8654899597,
        "median": 12.4653453827,
        "min": 4.0466504097,
        "var": 17.0628528595
    },
    "melbands_flatness_db": {
        "dmean": 0.0234021395445,
        "dmean2": 0.0377956703305,
        "dvar": 0.000477679015603,
        "dvar2": 0.00138004065957,
        "max": 0.253298223019,
        "mean": 0.123434454203,
        "median": 0.117627568543,
        "min": 0.0453491210938,
        "var": 0.00126447400544
    },
    "melbands_kurtosis": {
        "dmean": 3.86174869537,
        "dmean2": 6.57726049423,
        "dvar": 36.4664535522,
        "dvar2": 104.623634338,
        "max": 54.298866272,
        "mean": 5.21115016937,
        "median": 3.46737861633,
        "min": -1.29023265839,
        "var": 36.6311950684
    },
    "melbands_skewness": {
        "dmean": 0.662084817886,
        "dmean2": 1.08411467075,
        "dvar": 0.505237519741,
        "dvar2": 1.43449234962,
        "max": 6.85752344131,
        "mean": 2.05987000465,
        "median": 1.92561876774,
        "min": -0.535891473293,
        "var": 0.936395823956
    },
    "melbands_spread": {
        "dmean": 11.8066587448,
        "dmean2": 18.7531776428,
        "dvar": 106.739814758,
        "dvar2": 285.217651367,
        "max": 101.842079163,
        "mean": 45.219745636,
        "median": 44.7002258301,
        "min": 7.56065225601,
        "var": 250.788070679
    },
    "pitch_salience": {
        "dmean": 0.068493835628,
        "dmean2": 0.112394541502,
        "dvar": 0.00336969341151,
        "dvar2": 0.00893445499241,
        "max": 0.832343220711,
        "mean": 0.558752834797,
        "median": 0.560877501965,
        "min": 0.275133550167,
        "var": 0.0101057933643
    },
    "silence_rate_20dB": {
        "dmean": 0,
        "dmean2": 0,
        "dvar": 0,
        "dvar2": 0,
        "max": 1,
        "mean": 1,
        "median": 1,
        "min": 1,
        "var": 0
    },
    "silence_rate_30dB": {
        "dmean": 0,
        "dmean2": 0,
        "dvar": 0,
        "dvar2": 0,
        "max": 1,
        "mean": 1,
        "median": 1,
        "min": 1,
        "var": 0
    },
    "silence_rate_60dB": {
        "dmean": 0,
        "dmean2": 0,
        "dvar": 0,
        "dvar2": 0,
        "max": 0,
        "mean": 0,
        "median": 0,
        "min": 0,
        "var": 0
    },
    "spectral_centroid": {
        "dmean": 257.606506348,
        "dmean2": 392.945404053,
        "dvar": 55548.390625,
        "dvar2": 133860.96875,
        "max": 3186.03710938,
        "mean": 2283.47241211,
        "median": 2339.67138672,
        "min": 963.416748047,
        "var": 166795.265625
    },
    "spectral_complexity": {
        "dmean": 4.66021680832,
        "dmean2": 7.31835794449,
        "dvar": 14.3125181198,
        "dvar2": 30.3023967743,
        "max": 58,
        "mean": 37.8321723938,
        "median": 38,
        "min": 9,
        "var": 58.8463897705
    },
    "spectral_decrease": {
        "dmean": 2.40985076339e-09,
        "dmean2": 4.16125001124e-09,
        "dvar": 1.04519680157e-17,
        "dvar2": 2.99285923197e-17,
        "max": -1.46226797337e-09,
        "mean": -7.803423685e-09,
        "median": -7.10126801806e-09,
        "min": -2.71478022285e-08,
        "var": 1.10296279421e-17
    },
    "spectral_energy": {
        "dmean": 0.00931739993393,
        "dmean2": 0.0160894617438,
        "dvar": 0.000153377957758,
        "dvar2": 0.000437105278252,
        "max": 0.106643922627,
        "mean": 0.0332816801965,
        "median": 0.0306836571544,
        "min": 0.00633184425533,
        "var": 0.000164814890013
    },
    "spectral_energyband_high": {
        "dmean": 0.000579463492613,
        "dmean2": 0.000861007429194,
        "dvar": 3.37066296652e-07,
        "dvar2": 7.64923413499e-07,
        "max": 0.0075123719871,
        "mean": 0.00253941491246,
        "median": 0.00246815336868,
        "min": 0.000224535819143,
        "var": 1.10210839921e-06
    },
    "spectral_energyband_low": {
        "dmean": 0.00725646084175,
        "dmean2": 0.0126238157973,
        "dvar": 0.000140911899507,
        "dvar2": 0.000418564304709,
        "max": 0.0875585004687,
        "mean": 0.0121004935354,
        "median": 0.00921070761979,
        "min": 9.50852552251e-08,
        "var": 0.000128507614136
    },
    "spectral_energyband_middle_high": {
        "dmean": 0.00214415276423,
        "dmean2": 0.00318814837374,
        "dvar": 5.76624461246e-06,
        "dvar2": 1.13431897262e-05,
        "max": 0.0378062650561,
        "mean": 0.00956559740007,
        "median": 0.00818431191146,
        "min": 0.00162131094839,
        "var": 2.52912523138e-05
    },
    "spectral_energyband_middle_low": {
        "dmean": 0.00440594227985,
        "dmean2": 0.00713999476284,
        "dvar": 3.82921280107e-05,
        "dvar2": 9.85117003438e-05,
        "max": 0.0607784502208,
        "mean": 0.00985274743289,
        "median": 0.00720184575766,
        "min": 0.00138999684714,
        "var": 6.39698919258e-05
    },
    "spectral_entropy": {
        "dmean": 0.0771385282278,
        "dmean2": 0.117340810597,
        "dvar": 0.00484033348039,
        "dvar2": 0.0107346065342,
        "max": 8.4782705307,
        "mean": 8.04759979248,
        "median": 8.06922912598,
        "min": 7.00321054459,
        "var": 0.0290174428374
    },
    "spectral_flux": {
        "dmean": 0.0223647784442,
        "dmean2": 0.0341033637524,
        "dvar": 0.000621760671493,
        "dvar2": 0.00112434860785,
        "max": 0.254562795162,
        "mean": 0.106212608516,
        "median": 0.0986128225923,
        "min": 0.0319172255695,
        "var": 0.00123677006923
    },
    "spectral_kurtosis": {
        "dmean": 0.607861757278,
        "dmean2": 1.01607680321,
        "dvar": 0.274188697338,
        "dvar2": 0.735732734203,
        "max": 8.69247913361,
        "mean": 2.76744198799,
        "median": 2.61621141434,
        "min": 0.384404420853,
        "var": 0.812238514423
    },
    "spectral_rms": {
        "dmean": 0.000744781631511,
        "dmean2": 0.0012659545755,
        "dvar": 7.35013600206e-07,
        "dvar2": 2.07207995118e-06,
        "max": 0.0102001400664,
        "mean": 0.00561115471646,
        "median": 0.00547131383792,
        "min": 0.00248543941416,
        "var": 9.84843381957e-07
    },
    "spectral_rolloff": {
        "dmean": 662.563110352,
        "dmean2": 1072.42333984,
        "dvar": 459629.65625,
        "dvar2": 1126830.375,
        "max": 8828.61328125,
        "mean": 2800.71508789,
        "median": 2799.31640625,
        "min": 150.732421875,
        "var": 1045806.9375
    },
    "spectral_skewness": {
        "dmean": 0.104748241603,
        "dmean2": 0.172089636326,
        "dvar": 0.00726577453315,
        "dvar2": 0.0183422267437,
        "max": 2.0961868763,
        "mean": 1.22114241123,
        "median": 1.20921874046,
        "min": 0.829675137997,
        "var": 0.0233424734324
    },
    "spectral_spread": {
        "dmean": 353154.40625,
        "dmean2": 543074.5,
        "dvar": 111075131392,
        "dvar2": 232633597952,
        "max": 9133681,
        "mean": 4898381,
        "median": 4906489,
        "min": 3051989.75,
        "var": 502908518400
    },
    "spectral_strongpeak": {
        "dmean": 0.611439526081,
        "dmean2": 1.07473516464,
        "dvar": 1.0929684639,
        "dvar2": 2.87255263329,
        "max": 8.8573141098,
        "mean": 0.880082190037,
        "median": 0.339709758759,
        "min": 0.0380034707487,
        "var": 1.67444217205
    },
    "zerocrossingrate": {
        "dmean": 0.0107361404225,
        "dmean2": 0.0133239133283,
        "dvar": 8.51116346894e-05,
        "dvar2": 0.000126690531033,
        "max": 0.212890625,
        "mean": 0.0991188287735,
        "median": 0.0986328125,
        "min": 0.0341796875,
        "var": 0.000563993002288
    },
    "barkbands": {
        "dmean": [0.000195254251594, 0.00519262813032, 0.00247268867679, 0.00106209143996, 0.00162280618679, 0.00111807801295, 0.000581207918003, 0.000517787237186, 0.00115590333007, 0.000951458874624, 0.000477590598166, 0.000507745775394, 0.000343452440575, 0.000447651545983, 0.000485407363158, 0.000440461444668, 0.000630478723906, 0.000548562675249, 0.000391186447814, 0.000314782373607, 0.000189297192264, 0.00016238297394, 0.000174769971636, 9.90376938717e-05, 8.15304010757e-05, 3.48811117874e-05, 4.19252366157e-08],
        "dmean2": [0.000333110772772, 0.00887989159673, 0.00452752923593, 0.00187127524987, 0.00271188095212, 0.00183217879385, 0.00095086049987, 0.000857548671775, 0.00182468944695, 0.00146537728142, 0.00074394303374, 0.000783953699283, 0.000534002727363, 0.000721419695765, 0.000783848809078, 0.000737971276976, 0.00105573399924, 0.000863152614329, 0.000624806154519, 0.000518287299201, 0.000307930255076, 0.000268269708613, 0.000276459468296, 0.00015466415789, 0.000122662095237, 5.47737654415e-05, 7.82739917327e-08],
        "dvar": [6.807912456e-08, 4.60754308733e-05, 3.25027649524e-05, 2.35679340221e-06, 9.76672799879e-06, 2.76867262983e-06, 1.29591990117e-06, 1.03428783405e-06, 4.07106108469e-06, 3.93947630073e-06, 1.32662194119e-06, 1.41076804994e-06, 3.5613510363e-07, 1.06164304725e-06, 6.18918704731e-07, 2.67223725814e-07, 4.04145822586e-07, 3.17894489399e-07, 1.4538241544e-07, 9.58605710366e-08, 3.83662879244e-08, 2.8071438507e-08, 2.81680332392e-08, 1.12761027182e-08, 1.4124111658e-08, 2.61967181281e-09, 1.00720044013e-14],
        "dvar2": [1.77127716938e-07, 0.000135182141094, 9.40433092183e-05, 6.34105936115e-06, 2.60225606326e-05, 6.98153462508e-06, 3.26707822751e-06, 2.64908112513e-06, 9.33281353355e-06, 9.59534827416e-06, 3.1030322134e-06, 2.86366639557e-06, 7.28802774574e-07, 2.73289083452e-06, 1.49260119997e-06, 6.48543334592e-07, 1.05049048216e-06, 7.81596042998e-07, 3.76467539809e-07, 2.55493318946e-07, 9.6986518372e-08, 7.4291669705e-08, 7.37688310437e-08, 2.44334437127e-08, 2.84258270256e-08, 5.78206593715e-09, 2.93257680238e-14],
        "max": [0.00188612483907, 0.0536529496312, 0.0403705835342, 0.0114336423576, 0.0290923547, 0.0171670541167, 0.0145719870925, 0.0117329070345, 0.0303476452827, 0.0283596199006, 0.0175882168114, 0.0220306757838, 0.00953324697912, 0.0267848465592, 0.0109413908795, 0.00711094355211, 0.00634616939351, 0.00851406063884, 0.00392576446757, 0.00391100812703, 0.00234095938504, 0.00210855319165, 0.00204213662073, 0.00137377588544, 0.00216999929398, 0.000956802396104, 1.02719502593e-06],
        "mean": [0.000219258959987, 0.00882382504642, 0.00252622598782, 0.00114718289115, 0.00218324037269, 0.00174037693068, 0.000781315087806, 0.000757524103392, 0.00229161558673, 0.00151694728993, 0.000723098521121, 0.000907450157683, 0.000567613577005, 0.000734277011361, 0.00084644544404, 0.000888967013452, 0.00141320424154, 0.00127069232985, 0.00100178527646, 0.000775854510721, 0.00050094909966, 0.000469143415103, 0.00054733856814, 0.000304944231175, 0.000253507489106, 8.88836875674e-05, 2.71962630194e-08],
        "median": [0.000115020557132, 0.00680646300316, 0.00131993554533, 0.000630055263173, 0.00125690747518, 0.00110953720286, 0.00041523197433, 0.000351596157998, 0.000877891085111, 0.000497103959788, 0.000252794096014, 0.000331722083502, 0.000277382496279, 0.000413944682805, 0.000555561389774, 0.000680386030581, 0.00120464770589, 0.00109455361962, 0.00087841815548, 0.000688296044245, 0.000452034524642, 0.000427447754191, 0.000512332655489, 0.000283194589429, 0.000232722566579, 7.94486768427e-05, 2.02554839568e-09],
        "min": [2.82029843923e-09, 4.30252704575e-08, 1.44699336957e-08, 2.22875087275e-08, 8.11345870488e-08, 4.12591252825e-05, 5.64848846807e-07, 1.32563656052e-07, 3.58647230314e-05, 3.42081511917e-05, 2.87225930151e-06, 1.43470297189e-05, 8.69874929776e-06, 3.66726635548e-05, 6.06722460361e-05, 8.5734485765e-05, 0.000168475788087, 0.000130141241243, 2.30195855693e-05, 1.55222769536e-05, 1.89568909263e-05, 4.1472765588e-05, 1.26749882838e-05, 3.6906162677e-06, 1.01418245322e-05, 1.13130010959e-06, 6.24408250799e-12],
        "var": [8.19333578761e-08, 6.02022191742e-05, 2.03806466743e-05, 2.20347942559e-06, 9.70067685557e-06, 3.81747531719e-06, 1.5844735799e-06, 1.47278922213e-06, 1.51574859046e-05, 7.76673823566e-06, 2.47372577178e-06, 4.46005606136e-06, 8.1473552882e-07, 1.46858428707e-06, 9.03286661469e-07, 5.5448498415e-07, 7.75746968884e-07, 6.67430526846e-07, 3.51455639702e-07, 1.7713556133e-07, 7.40556274081e-08, 5.76885419434e-08, 7.7737844606e-08, 3.10286765171e-08, 3.61397418658e-08, 6.31893914971e-09, 6.2395923965e-15]
    },
    "erbbands": {
        "dmean": [0.130384325981, 1.28485071659, 2.87282776833, 3.10526132584, 5.15926170349, 5.49256324768, 6.23327970505, 10.4793567657, 8.16336536407, 9.63274765015, 12.2860393524, 20.3064231873, 42.5327453613, 17.7519702911, 18.2579154968, 20.7286376953, 15.7183628082, 20.7206420898, 21.7715454102, 22.1238250732, 24.7306461334, 34.0922622681, 28.7720890045, 22.3248157501, 17.3943252563, 15.0283231735, 8.17525482178, 7.8650097847, 6.14835977554, 6.00133466721, 5.11854028702, 2.71312069893, 1.55408740044, 1.09368157387, 0.566420257092, 0.198756068945, 0.0635693445802, 0.00672886893153, 0.000114105190733, 1.31957694975e-05],
        "dmean2": [0.230573698878, 2.17645931244, 5.21220159531, 5.59854269028, 8.78464508057, 9.26924419403, 10.2776937485, 17.2344207764, 13.1825847626, 15.9497270584, 20.3423862457, 32.0001335144, 65.4431838989, 28.0540771484, 27.8596897125, 30.8614864349, 24.405462265, 33.2714538574, 34.7423400879, 35.6383285522, 41.0920906067, 56.8883628845, 45.0789680481, 34.9738388062, 28.5992717743, 24.7543773651, 13.3629322052, 12.8502645493, 10.1459722519, 9.8212518692, 8.06638908386, 4.30057382584, 2.4032433033, 1.68783867359, 0.865438818932, 0.312374204397, 0.101149320602, 0.0106702409685, 0.000178991671419, 2.21110840357e-05],
        "dvar": [0.0243626460433, 3.34925866127, 37.8321990967, 34.9988670349, 112.668273926, 94.9038543701, 98.3889465332, 270.079193115, 227.637939453, 353.988128662, 597.77130127, 1128.25585938, 9373.32128906, 1092.62072754, 1956.51525879, 2456.65551758, 738.649047852, 1828.28430176, 1139.83508301, 1271.09838867, 768.971740723, 1268.59179688, 861.919128418, 557.136657715, 294.120910645, 223.901382446, 88.7267456055, 64.7687759399, 40.415348053, 33.7226600647, 23.8068943024, 7.64990615845, 3.64902639389, 2.50058817863, 0.567914366722, 0.102342233062, 0.00690632173792, 6.6238513682e-05, 1.93560474315e-08, 2.50652942846e-10],
        "dvar2": [0.0714121460915, 9.73410224915, 109.132392883, 100.381645203, 291.157318115, 260.262756348, 268.078369141, 682.658691406, 534.623168945, 930.361938477, 1446.55810547, 2681.3125, 21420.5410156, 2633.84594727, 4234.33056641, 4659.59570312, 1440.79589844, 4467.92626953, 2849.62963867, 2993.46630859, 1969.2512207, 3268.5456543, 2111.6953125, 1308.49536133, 798.878723145, 583.922668457, 219.141555786, 164.367553711, 105.675575256, 91.0499343872, 62.8854827881, 18.2285804749, 8.28329277039, 5.44007015228, 1.14472949505, 0.221628159285, 0.015572170727, 0.000163944729138, 4.59907525396e-08, 6.82019551945e-10],
        "max": [1.17390990257, 15.3410015106, 43.1742897034, 45.3036422729, 101.271781921, 96.2051849365, 98.8647537231, 179.239364624, 199.214736938, 269.096374512, 295.624450684, 339.75100708, 1517.58813477, 444.574279785, 634.291015625, 1105.53491211, 468.481201172, 948.679992676, 509.083953857, 583.061828613, 448.189331055, 388.851226807, 380.861480713, 263.891784668, 207.547149658, 185.018280029, 137.183029175, 96.1739883423, 74.3596038818, 65.4597625732, 66.9085998535, 37.7214393616, 29.9733657837, 28.6595516205, 12.208650589, 6.11067342758, 1.38982546329, 0.113820798695, 0.00209402828477, 0.000173464795807],
        "mean": [0.192409545183, 2.15560555458, 3.43817472458, 3.49684071541, 5.80693006516, 7.47083234787, 9.66511726379, 15.2273693085, 11.7430791855, 13.3503732681, 20.0277385712, 37.7973213196, 80.1355819702, 31.4875984192, 31.4455966949, 39.4354820251, 29.9685993195, 36.0447120667, 40.6423110962, 42.2363853455, 54.5340957642, 80.1560134888, 73.2740325928, 57.111995697, 46.8499145508, 37.2058296204, 21.3354358673, 20.3678817749, 16.9814510345, 17.2297172546, 15.13539505, 8.27333831787, 4.35773801804, 2.98558831215, 1.67137050629, 0.517460227013, 0.153666064143, 0.0129232313484, 0.000277341896435, 5.93425247644e-05],
        "median": [0.148079842329, 1.54271066189, 2.20049667358, 2.15740346909, 2.59689307213, 4.27454328537, 6.68431663513, 9.05580711365, 6.42572402954, 6.83475017548, 9.7320356369, 18.045797348, 18.8724765778, 16.4698543549, 11.1406641006, 14.7681455612, 15.4019727707, 20.2308254242, 28.0441036224, 28.7883396149, 43.570274353, 67.0205307007, 62.37758255, 49.0974617004, 42.5693740845, 33.257106781, 18.7044887543, 19.0043296814, 15.2854404449, 15.9366188049, 14.0205593109, 7.72732782364, 3.92782664299, 2.6171066761, 1.51558613777, 0.452579975128, 0.136258870363, 0.0110778482631, 0.000251340854447, 5.72355602344e-05],
        "min": [1.33797436774e-06, 9.55818541115e-06, 2.63483598246e-05, 7.05309867044e-05, 0.000154196546646, 0.0011289191898, 0.0256096180528, 0.55822378397, 0.448184669018, 0.0719532370567, 0.102103233337, 1.45121252537, 1.4328417778, 1.90669858456, 0.817596673965, 1.21574568748, 1.18602585793, 2.37011671066, 2.11223697662, 2.82860302925, 5.77039718628, 9.31032371521, 7.69472169876, 5.0850186348, 1.40477609634, 0.620193243027, 0.572519600391, 1.16979420185, 1.17232775688, 1.50998163223, 0.480495870113, 0.266462743282, 0.097336627543, 0.125982090831, 0.0616726316512, 0.00632075546309, 0.00102793623228, 4.52228086942e-05, 8.5732426669e-06, 9.45683041209e-06],
        "var": [0.0299936700612, 4.0628824234, 24.8706436157, 23.7365093231, 111.840545654, 94.3051681519, 119.054573059, 361.522216797, 324.709136963, 441.289398193, 993.534606934, 2784.12939453, 31425.0078125, 2629.2109375, 4280.64697266, 8362.17285156, 1882.46130371, 3198.22363281, 1763.27758789, 2004.53088379, 1578.94177246, 2427.28808594, 1941.49475098, 1349.42163086, 624.032409668, 400.111663818, 166.332336426, 116.421318054, 78.5126800537, 77.1319274902, 64.3976135254, 20.6124973297, 8.43987941742, 5.47771072388, 1.56022369862, 0.235210612416, 0.0172440018505, 0.000132084081997, 4.42853149707e-08, 3.51257162245e-10]
    },
    "gfcc": {
        "mean": [74.9215164185, 53.3099975586, -122.177459717, 51.7927055359, -56.8726005554, 24.1164798737, -39.4832992554, 24.367395401, -22.7136917114, 5.50916290283, -18.2469902039, 8.63588142395, -11.4996671677],
        "cov": [[454.840301514, 3.34440541267, 164.562301636, 54.5178337097, 2.60881614685, 4.72285604477, -22.3881511688, -5.50943994522, -37.1548194885, 29.8995342255, -23.3924427032, -20.8661956787, -63.7073097229], [3.34440541267, 270.002288818, 3.02415752411, 27.2440376282, 9.65510654449, 4.26832437515, 45.3203849792, -14.2280139923, -4.17215442657, -43.6598854065, -12.7301740646, -59.0198440552, 4.93875265121], [164.562301636, 3.02415752411, 308.361663818, 134.335845947, 33.1642913818, 4.31161642075, -31.3704986572, 42.3395805359, 16.4118652344, 19.1515331268, -32.1919975281, -1.19784486294, -28.8462905884], [54.5178337097, 27.2440376282, 134.335845947, 190.281524658, 83.5749435425, 25.290643692, -8.45414638519, 24.7929496765, 26.7313671112, 12.1376342773, 2.32386517525, -17.1833992004, -18.0480251312], [2.60881614685, 9.65510654449, 33.1642913818, 83.5749435425, 135.040878296, 62.1695518494, 24.0672779083, 22.2935523987, 16.4791088104, 19.893409729, 18.6890239716, 0.16768181324, -12.568063736], [4.72285604477, 4.26832437515, 4.31161642075, 25.290643692, 62.1695518494, 89.8238525391, 60.965461731, 16.4944019318, -9.98394012451, -3.68609380722, 16.6376266479, 2.19347786903, -6.80694961548], [-22.3881511688, 45.3203849792, -31.3704986572, -8.45414638519, 24.0672779083, 60.965461731, 123.001533508, 53.2369689941, 1.79179942608, -21.630443573, 2.96742582321, -8.382853508, 5.72915744781], [-5.50943994522, -14.2280139923, 42.3395805359, 24.7929496765, 22.2935523987, 16.4944019318, 53.2369689941, 96.3955383301, 47.4904022217, -0.736864209175, -15.298699379, -3.64282107353, 11.977763176], [-37.1548194885, -4.17215442657, 16.4118652344, 26.7313671112, 16.4791088104, -9.98394012451, 1.79179942608, 47.4904022217, 73.1817016602, 24.4254493713, -8.28793907166, -5.67619514465, 11.7377672195], [29.8995342255, -43.6598854065, 19.1515331268, 12.1376342773, 19.893409729, -3.68609380722, -21.630443573, -0.736864209175, 24.4254493713, 61.4827537537, 29.5986232758, 14.0803546906, -12.6877994537], [-23.3924427032, -12.7301740646, -32.1919975281, 2.32386517525, 18.6890239716, 16.6376266479, 2.96742582321, -15.298699379, -8.28793907166, 29.5986232758, 65.4789962769, 31.6848659515, -7.82848119736], [-20.8661956787, -59.0198440552, -1.19784486294, -17.1833992004, 0.16768181324, 2.19347786903, -8.382853508, -3.64282107353, -5.67619514465, 14.0803546906, 31.6848659515, 59.0221252441, 15.4797067642], [-63.7073097229, 4.93875265121, -28.8462905884, -18.0480251312, -12.568063736, -6.80694961548, 5.72915744781, 11.977763176, 11.7377672195, -12.6877994537, -7.82848119736, 15.4797067642, 54.8969078064]],
        "icov": [[0.00413673836738, -0.00167929520831, -0.000232034231885, -0.00119667884428, 0.00169360544533, -0.00154858315364, 0.00121159339324, -0.00309622683562, 0.00609626946971, -0.00702600227669, 0.00573141686618, -0.00232819118537, 0.00372769031674], [-0.00167929520831, 0.0104343285784, -0.00505036860704, 0.00307382876053, -0.00462903827429, 0.00705977994949, -0.0083546852693, 0.0111766615883, -0.00910141784698, 0.0137557834387, -0.0143907163292, 0.0154384197667, -0.00756201241165], [-0.000232034231885, -0.00505036860704, 0.0108923399821, -0.00772316008806, 0.00478745717555, -0.00561385322362, 0.00681966077536, -0.010438404046, 0.0079166488722, -0.0108597949147, 0.0149955460802, -0.013170145452, 0.00698475399986], [-0.00119667884428, 0.00307382876053, -0.00772316008806, 0.0145557941869, -0.00869379006326, 0.00343022611924, -0.00113232759759, 0.00531420763582, -0.00884348805994, 0.0115626649931, -0.0137420445681, 0.0116743883118, -0.00423278659582], [0.00169360544533, -0.00462903827429, 0.00478745717555, -0.00869379006326, 0.0194654706866, -0.0151422899216, 0.0064200302586, -0.00788135360926, 0.00481208739802, -0.0122932177037, 0.00961472652853, -0.00877738464624, 0.00564375054091], [-0.00154858315364, 0.00705977994949, -0.00561385322362, 0.00343022611924, -0.0151422899216, 0.0338421277702, -0.0195459555835, 0.0115291429684, -0.00312752043828, 0.0115299616009, -0.0138087049127, 0.00990284606814, -0.00542846787721], [0.00121159339324, -0.0083546852693, 0.00681966077536, -0.00113232759759, 0.0064200302586, -0.0195459555835, 0.0295334868133, -0.0236653555185, 0.0110050067306, -0.00645131897181, 0.00701572559774, -0.00734520656988, 0.00572394067422], [-0.00309622683562, 0.0111766615883, -0.010438404046, 0.00531420763582, -0.00788135360926, 0.0115291429684, -0.0236653555185, 0.0424803346395, -0.0304012391716, 0.0213123206049, -0.0147586492822, 0.0127527201548, -0.00978485494852], [0.00609626946971, -0.00910141784698, 0.0079166488722, -0.00884348805994, 0.00481208739802, -0.00312752043828, 0.0110050067306, -0.0304012391716, 0.0497330501676, -0.0372552648187, 0.0245319157839, -0.00968020409346, 0.00232829665765], [-0.00702600227669, 0.0137557834387, -0.0108597949147, 0.0115626649931, -0.0122932177037, 0.0115299616009, -0.00645131897181, 0.0213123206049, -0.0372552648187, 0.0630017518997, -0.0438447147608, 0.0210010148585, -0.00630521634594], [0.00573141686618, -0.0143907163292, 0.0149955460802, -0.0137420445681, 0.00961472652853, -0.0138087049127, 0.00701572559774, -0.0147586492822, 0.0245319157839, -0.0438447147608, 0.0657197311521, -0.0433255471289, 0.0204945746809], [-0.00232819118537, 0.0154384197667, -0.013170145452, 0.0116743883118, -0.00877738464624, 0.00990284606814, -0.00734520656988, 0.0127527201548, -0.00968020409346, 0.0210010148585, -0.0433255471289, 0.0581255070865, -0.0256154984236], [0.00372769031674, -0.00756201241165, 0.00698475399986, -0.00423278659582, 0.00564375054091, -0.00542846787721, 0.00572394067422, -0.00978485494852, 0.00232829665765, -0.00630521634594, 0.0204945746809, -0.0256154984236, 0.0358479097486]]
    },
    "melbands": {
        "dmean": [0.0013112736633, 0.00155732408166, 0.00059775885893, 0.000377000164008, 0.000215015956201, 0.000225425188546, 0.000124291109387, 0.000104141356132, 0.000105562117824, 0.000151590895257, 0.000210300611798, 7.12275214028e-05, 6.49920330034e-05, 5.56679078727e-05, 5.09387500642e-05, 3.12293195748e-05, 4.20924079663e-05, 3.65377309208e-05, 3.84073464375e-05, 2.73464647762e-05, 3.46162596543e-05, 3.65597552445e-05, 4.15754548158e-05, 2.60517444985e-05, 1.97767731152e-05, 1.58847014973e-05, 1.24869657157e-05, 1.08252634163e-05, 6.08421441939e-06, 4.31841681348e-06, 5.34667287866e-06, 3.90505920222e-06, 3.62289119948e-06, 3.95733877667e-06, 3.30572288476e-06, 2.65913558906e-06, 1.66120605627e-06, 1.34319668632e-06, 1.01352713955e-06, 1.05056471966e-06],
        "dmean2": [0.0022918577306, 0.00272873276845, 0.00105673982762, 0.00063378084451, 0.000358605524525, 0.000369840388885, 0.000201014772756, 0.000174675209564, 0.000172203654074, 0.000239975590375, 0.000323805259541, 0.000113555288408, 9.94402362267e-05, 8.22750662337e-05, 7.72315252107e-05, 5.00395981362e-05, 6.74010661896e-05, 5.9579648223e-05, 6.26745240879e-05, 4.44335455541e-05, 5.776366379e-05, 6.09079070273e-05, 6.90629603923e-05, 4.09831518482e-05, 3.12468982884e-05, 2.64508598775e-05, 2.073791984e-05, 1.79688831849e-05, 1.01143432403e-05, 7.21730430087e-06, 8.79465369508e-06, 6.37738048681e-06, 6.12331587035e-06, 6.58526505504e-06, 5.30028910362e-06, 4.30197496826e-06, 2.68667122327e-06, 2.13729435927e-06, 1.63130505371e-06, 1.64753737408e-06],
        "dvar": [2.63232254838e-06, 8.47381124913e-06, 9.51210154199e-07, 5.72543285671e-07, 1.15176675308e-07, 1.21245335549e-07, 5.1946333457e-08, 3.87208523023e-08, 3.98961468306e-08, 6.40385096062e-08, 2.24605742005e-07, 2.0307714621e-08, 2.68700688366e-08, 1.76598824453e-08, 1.07682120998e-08, 2.37907249456e-09, 9.04077612773e-09, 4.24680290934e-09, 4.4565688917e-09, 1.5730561298e-09, 1.58231860947e-09, 1.62170943341e-09, 2.27103713613e-09, 7.12149617055e-10, 4.58962035044e-10, 2.45556991407e-10, 1.56783128147e-10, 1.2124651283e-10, 5.16809754714e-11, 2.032003385e-11, 3.24237199589e-11, 1.60717186087e-11, 1.20409029969e-11, 1.62193539849e-11, 1.02510985811e-11, 6.97145336251e-12, 3.31543126286e-12, 2.41745772706e-12, 2.25050165135e-12, 2.10302370136e-12],
        "dvar2": [7.67180154071e-06, 2.45612372964e-05, 2.61812647295e-06, 1.51728136188e-06, 3.23540916725e-07, 3.03832564441e-07, 1.26959406543e-07, 1.03295512588e-07, 9.35130231028e-08, 1.4750611399e-07, 5.14248313266e-07, 4.9263345403e-08, 5.81139758538e-08, 2.98749398553e-08, 2.34216859241e-08, 5.37737987472e-09, 2.226832585e-08, 1.14371516702e-08, 1.08874376181e-08, 3.55510532124e-09, 4.22187484972e-09, 4.24441504165e-09, 5.87929038787e-09, 1.72060510284e-09, 1.11410125569e-09, 6.48886722132e-10, 4.40311676009e-10, 3.09805681109e-10, 1.28589042192e-10, 4.97251614884e-11, 8.28421359289e-11, 4.35723505887e-11, 3.35506449012e-11, 4.38837507999e-11, 2.75269095712e-11, 1.80902879482e-11, 7.98205165159e-12, 5.93181059827e-12, 5.27793043645e-12, 4.63423353511e-12],
        "max": [0.0122463852167, 0.0221146829426, 0.00676976889372, 0.0072155916132, 0.00375070399605, 0.00351663562469, 0.00267264433205, 0.00255051138811, 0.00276978872716, 0.00308603513986, 0.00731993187219, 0.0018740411615, 0.00281825917773, 0.00283444183879, 0.00181969290134, 0.000689102802426, 0.00231626606546, 0.00134140206501, 0.00104738574009, 0.000651784124784, 0.000687191728503, 0.000386225030525, 0.000775042222813, 0.000347645254806, 0.000239749686443, 0.000176274523255, 0.000141271826578, 0.000135534908623, 0.000106716855953, 7.29008461349e-05, 7.03664991306e-05, 5.14047314937e-05, 3.05500543618e-05, 4.24543795816e-05, 4.10484863096e-05, 3.03924716718e-05, 2.56423427345e-05, 2.26494248636e-05, 2.83565295831e-05, 2.68741241598e-05],
        "mean": [0.00218526180834, 0.00229846383445, 0.000692498288117, 0.000476950983284, 0.000344346161, 0.00033776377677, 0.000178180693183, 0.000143731318531, 0.000171288658748, 0.000289658200927, 0.000388084590668, 0.000114068709081, 0.000102530088043, 0.000102411679109, 8.97132485989e-05, 5.48508469365e-05, 6.78878059261e-05, 6.00300118094e-05, 6.62374004605e-05, 5.0051818107e-05, 6.73512113281e-05, 7.76523156674e-05, 8.64843532327e-05, 5.71749842493e-05, 4.44339384558e-05, 3.72949034499e-05, 2.90620355372e-05, 2.38210523094e-05, 1.36563066917e-05, 1.0668424693e-05, 1.21863176901e-05, 9.37913773669e-06, 8.92644129635e-06, 1.00284314613e-05, 8.84420660441e-06, 7.12103337719e-06, 4.36988011643e-06, 3.20628942063e-06, 2.47259254138e-06, 2.52467134487e-06],
        "median": [0.00173130794428, 0.00164119887631, 0.000421648030169, 0.000258853076957, 0.00025138570345, 0.000205374468351, 9.66316292761e-05, 7.25746504031e-05, 7.94892184786e-05, 0.00011770081619, 8.62759479787e-05, 5.11610560352e-05, 3.53005561919e-05, 3.53942486981e-05, 3.92148431274e-05, 3.0138720831e-05, 3.65872328985e-05, 4.0117502067e-05, 4.30077016063e-05, 3.34501455654e-05, 5.37728410563e-05, 6.40617727186e-05, 7.1463335189e-05, 4.81681236124e-05, 3.63000908692e-05, 3.25258079101e-05, 2.58976724581e-05, 2.04586212931e-05, 1.14495915113e-05, 9.50680714595e-06, 1.09770589916e-05, 8.27435360407e-06, 7.89421119407e-06, 9.06047444005e-06, 8.21951562102e-06, 6.55182930132e-06, 4.01618081014e-06, 2.82395785689e-06, 2.10312282434e-06, 2.15589489017e-06],
        "min": [1.44394913804e-08, 1.38433868813e-08, 1.77896986031e-08, 1.50784629227e-08, 4.71436720773e-08, 9.24538926483e-06, 2.41416569224e-06, 1.18739244215e-07, 1.04940795609e-07, 8.17911859485e-06, 3.65155483451e-06, 8.08604738722e-07, 1.95320353669e-06, 1.46694742398e-06, 1.52684640398e-06, 2.5198730782e-06, 3.58549095836e-06, 1.17409808809e-06, 4.61343870484e-06, 3.18938828059e-06, 6.33402805761e-06, 7.11880784365e-06, 4.68219195682e-06, 6.1188361542e-06, 3.80027017854e-06, 1.08696622192e-06, 2.29880640745e-07, 2.46948161475e-07, 2.19089102416e-07, 3.97912771177e-07, 6.95383732818e-07, 5.12157669164e-07, 1.00643910628e-06, 5.14047712841e-07, 4.71815440051e-08, 1.43892634696e-07, 7.34075484843e-08, 3.07161514002e-08, 6.16009003807e-08, 8.42948466584e-08],
