{
"highlevel": {
    "danceability": {
        "all": {
            "danceable": 0.0491551198065,
            "not_danceable": 0.950844883919
        },
        "probability": 0.950844883919,
        "value": "not_danceable"
    },
    "gender": {
        "all": {
            "female": 0.0894903838634,
            "male": 0.910509586334
        },
        "probability": 0.910509586334,
        "value": "male"
    },
    "genre_dortmund": {
        "all": {
            "alternative": 0.0942794904113,
            "blues": 0.0829585790634,
            "electronic": 0.0113363424316,
            "folkcountry": 0.0142401037738,
            "funksoulrnb": 0.00371102360077,
            "jazz": 0.0266257915646,
            "pop": 0.0151796992868,
            "raphiphop": 0.00403248239309,
            "rock": 0.747636497021
        },
        "probability": 0.747636497021,
        "value": "rock"
    },
    "genre_electronic": {
        "all": {
            "ambient": 0.444825947285,
            "dnb": 0.155049353838,
            "house": 0.0351485610008,
            "techno": 0.0238013267517,
            "trance": 0.341174811125
        },
        "probability": 0.444825947285,
        "value": "ambient"
    },
    "genre_rosamerica": {
        "all": {
            "cla": 0.00125828862656,
            "dan": 0.0139958616346,
            "hip": 0.00422300770879,
            "jaz": 0.00149902666453,
            "pop": 0.146340623498,
            "rhy": 0.00194774218835,
            "roc": 0.828348875046,
            "spe": 0.00238657346927
        },
        "probability": 0.828348875046,
        "value": "roc"
    },
    "genre_tzanetakis": {
        "all": {
            "blu": 0.0626541376114,
            "cla": 0.0348133966327,
            "cou": 0.0783501937985,
            "dis": 0.104547761381,
            "hip": 0.15693578124,
            "jaz": 0.313987255096,
            "met": 0.044816005975,
            "pop": 0.0627349764109,
            "reg": 0.0627352520823,
            "roc": 0.0784252434969
        },
        "probability": 0.313987255096,
        "value": "jaz"
    },
    "ismir04_rhythm": {
        "all": {
            "ChaChaCha": 0.0916800275445,
            "Jive": 0.302831709385,
            "Quickstep": 0.105196788907,
            "Rumba-American": 0.0332370363176,
            "Rumba-International": 0.0188648588955,
            "Rumba-Misc": 0.0119606973603,
            "Samba": 0.316559046507,
            "Tango": 0.023759810254,
            "VienneseWaltz": 0.0875816866755,
            "Waltz": 0.00832832790911
        },
        "probability": 0.316559046507,
        "value": "Samba"
    },
    "mood_acoustic": {
        "all": {
            "acoustic": 0.0567121580243,
            "not_acoustic": 0.943287849426
        },
        "probability": 0.943287849426,
        "value": "not_acoustic"
    },
    "mood_aggressive": {
        "all": {
            "aggressive": 0.973823964596,
            "not_aggressive": 0.026176026091
        },
        "probability": 0.973823964596,
        "value": "aggressive"
    },
    "mood_electronic": {
        "all": {
            "electronic": 0.179578691721,
            "not_electronic": 0.820421338081
        },
        "probability": 0.820421338081,
        "value": "not_electronic"
    },
    "mood_happy": {
        "all": {
            "happy": 0.519823491573,
            "not_happy": 0.480176538229
        },
        "probability": 0.519823491573,
        "value": "happy"
    },
    "mood_party": {
        "all": {
            "not_party": 0.827955543995,
            "party": 0.172044441104
        },
        "probability": 0.827955543995,
        "value": "not_party"
    },
    "mood_relaxed": {
        "all": {
            "not_relaxed": 0.658091247082,
            "relaxed": 0.341908723116
        },
        "probability": 0.658091247082,
        "value": "not_relaxed"
    },
    "mood_sad": {
        "all": {
            "not_sad": 0.715692162514,
            "sad": 0.284307807684
        },
        "probability": 0.715692162514,
        "value": "not_sad"
    },
    "moods_mirex": {
        "all": {
            "Cluster1": 0.215209558606,
            "Cluster2": 0.0427451357245,
            "Cluster3": 0.0477760657668,
            "Cluster4": 0.0174542069435,
            "Cluster5": 0.676815032959
        },
        "probability": 0.676815032959,
        "value": "Cluster5"
    },
    "timbre": {
        "all": {
            "bright": 0.835769236088,
            "dark": 0.164230763912
        },
        "probability": 0.835769236088,
        "value": "bright"
    },
    "tonal_atonal": {
        "all": {
            "atonal": 0.0333044119179,
            "tonal": 0.966695606709
        },
        "probability": 0.966695606709,
        "value": "tonal"
    },
    "voice_instrumental": {
        "all": {
            "instrumental": 0.143903762102,
            "voice": 0.8560962677
        },
        "probability": 0.8560962677,
        "value": "voice"
    }
},
"lowlevel": {
    "average_loudness": 0.978619158268,
    "barkbands_crest": {
        "dmean": 2.45906090736,
        "dmean2": 4.07082748413,
        "dvar": 6.11982679367,
        "dvar2": 16.6562747955,
        "max": 23.4176292419,
        "mean": 9.31254863739,
        "median": 8.78081703186,
        "min": 3.72111105919,
        "var": 9.98263168335
    },
    "barkbands_flatness_db": {
        "dmean": 0.0184351783246,
        "dmean2": 0.0309289693832,
        "dvar": 0.000288418930722,
        "dvar2": 0.000743504206184,
        "max": 0.262199252844,
        "mean": 0.128546208143,
        "median": 0.126035496593,
        "min": 0.0626269206405,
        "var": 0.000671259942465
    },
    "barkbands_kurtosis": {
        "dmean": 1.76310682297,
        "dmean2": 2.91662502289,
        "dvar": 5.30899572372,
        "dvar2": 13.2210569382,
        "max": 21.0011577606,
        "mean": 2.40735220909,
        "median": 1.67456579208,
        "min": -1.19217348099,
        "var": 7.78569841385
    },
    "barkbands_skewness": {
        "dmean": 0.406078696251,
        "dmean2": 0.666376888752,
        "dvar": 0.178331539035,
        "dvar2": 0.432805299759,
        "max": 4.52185964584,
        "mean": 1.59077501297,
        "median": 1.4914816618,
        "min": -0.214591965079,
        "var": 0.384158492088
    },
    "barkbands_spread": {
        "dmean": 4.59746789932,
        "dmean2": 7.37333488464,
        "dvar": 16.3255519867,
        "dvar2": 42.8099021912,
        "max": 50.8463859558,
        "mean": 24.6891307831,
        "median": 24.3615932465,
        "min": 7.51360845566,
        "var": 42.0464324951
    },
    "dissonance": {
        "dmean": 0.0123437847942,
        "dmean2": 0.0209976471961,
        "dvar": 0.000112247529614,
        "dvar2": 0.00032014871249,
        "max": 0.499928534031,
        "mean": 0.475305825472,
        "median": 0.477025151253,
        "min": 0.410796552896,
        "var": 0.000199626563699
    },
    "dynamic_complexity": 0.781850278378,
    "erbbands_crest": {
        "dmean": 2.55497956276,
        "dmean2": 3.98962759972,
        "dvar": 5.91015863419,
        "dvar2": 14.143948555,
        "max": 23.4506511688,
        "mean": 9.22505760193,
        "median": 8.43064212799,
        "min": 2.60277271271,
        "var": 20.3064022064
    },
    "erbbands_flatness_db": {
        "dmean": 0.0123318033293,
        "dmean2": 0.0180720463395,
        "dvar": 0.000124837009935,
        "dvar2": 0.000261097826296,
        "max": 0.205158129334,
        "mean": 0.132010325789,
        "median": 0.131894990802,
        "min": 0.0748116001487,
        "var": 0.000478949514218
    },
    "erbbands_kurtosis": {
        "dmean": 0.365805506706,
        "dmean2": 0.5901273489,
        "dvar": 0.135109320283,
        "dvar2": 0.33060836792,
        "max": 2.35299634933,
        "mean": -0.582447528839,
        "median": -0.709318637848,
        "min": -1.55949532986,
        "var": 0.366975754499
    },
    "erbbands_skewness": {
        "dmean": 0.256181120872,
        "dmean2": 0.408244162798,
        "dvar": 0.046796888113,
        "dvar2": 0.114512473345,
        "max": 1.47907567024,
        "mean": 0.139463037252,
        "median": 0.127527117729,
        "min": -1.15243339539,
        "var": 0.166150510311
    },
    "erbbands_spread": {
        "dmean": 6.0171661377,
        "dmean2": 9.67311477661,
        "dvar": 29.1964950562,
        "dvar2": 73.4519577026,
        "max": 84.1864700317,
        "mean": 44.5289230347,
        "median": 44.0946655273,
        "min": 17.3673858643,
        "var": 96.5276260376
    },
    "hfc": {
        "dmean": 5.82196426392,
        "dmean2": 9.58086967468,
        "dvar": 51.2624397278,
        "dvar2": 138.264068604,
        "max": 80.3420410156,
        "mean": 30.2211551666,
        "median": 28.5341949463,
        "min": 13.3384151459,
        "var": 66.0971069336
    },
    "melbands_crest": {
        "dmean": 3.14848446846,
        "dmean2": 5.1546216011,
        "dvar": 8.25375843048,
        "dvar2": 21.4920101166,
        "max": 29.1644668579,
        "mean": 13.6336612701,
        "median": 12.8816671371,
        "min": 4.37546300888,
        "var": 17.347776413
    },
    "melbands_flatness_db": {
        "dmean": 0.0229819379747,
        "dmean2": 0.0377831533551,
        "dvar": 0.000467176025268,
        "dvar2": 0.00120421766769,
        "max": 0.324288994074,
        "mean": 0.184294968843,
        "median": 0.18065084517,
        "min": 0.0933034569025,
        "var": 0.00115261343308
    },
    "melbands_kurtosis": {
        "dmean": 5.20527410507,
        "dmean2": 8.66203594208,
        "dvar": 55.2252388,
        "dvar2": 143.083999634,
        "max": 81.2672958374,
        "mean": 11.1853561401,
        "median": 8.7330493927,
        "min": -0.663385629654,
        "var": 81.2153930664
    },
    "melbands_skewness": {
        "dmean": 0.624370157719,
        "dmean2": 1.02424967289,
        "dvar": 0.464624553919,
        "dvar2": 1.1748945713,
        "max": 8.25400352478,
        "mean": 2.80808520317,
        "median": 2.64360666275,
        "min": 0.445503234863,
        "var": 1.04218161106
    },
    "melbands_spread": {
        "dmean": 5.18867635727,
        "dmean2": 8.5889081955,
        "dvar": 22.1416473389,
        "dvar2": 55.1371383667,
        "max": 52.6861343384,
        "mean": 21.5258178711,
        "median": 21.2524929047,
        "min": 4.50755548477,
        "var": 58.5287742615
    },
    "pitch_salience": {
        "dmean": 0.0755967050791,
        "dmean2": 0.123793408275,
        "dvar": 0.00542894331738,
        "dvar2": 0.0144701115787,
        "max": 0.823956608772,
        "mean": 0.537514865398,
        "median": 0.521706998348,
        "min": 0.22848443687,
        "var": 0.010558645241
    },
    "silence_rate_20dB": {
        "dmean": 0,
        "dmean2": 0,
        "dvar": 0,
        "dvar2": 0,
        "max": 1,
        "mean": 1,
        "median": 1,
        "min": 1,
        "var": 0
    },
    "silence_rate_30dB": {
        "dmean": 0.0278637763113,
        "dmean2": 0.0557707212865,
        "dvar": 0.0270875487477,
        "dvar2": 0.0774473100901,
        "max": 1,
        "mean": 0.984532117844,
        "median": 1,
        "min": 0,
        "var": 0.0152285341173
    },
    "silence_rate_60dB": {
        "dmean": 0,
        "dmean2": 0,
        "dvar": 0,
        "dvar2": 0,
        "max": 0,
        "mean": 0,
        "median": 0,
        "min": 0,
        "var": 0
    },
    "spectral_centroid": {
        "dmean": 228.674194336,
        "dmean2": 365.874847412,
        "dvar": 34754.875,
        "dvar2": 90198.0234375,
        "max": 2577.67919922,
        "mean": 1505.30029297,
        "median": 1499.38989258,
        "min": 724.476013184,
        "var": 90598.7890625
    },
    "spectral_complexity": {
        "dmean": 4.51702785492,
        "dmean2": 7.2920217514,
        "dvar": 14.9478054047,
        "dvar2": 35.5312728882,
        "max": 54,
        "mean": 32.1647338867,
        "median": 32,
        "min": 16,
        "var": 36.7811393738
    },
    "spectral_decrease": {
        "dmean": 3.85471787823e-09,
        "dmean2": 6.35125285697e-09,
        "dvar": 2.18754381542e-17,
        "dvar2": 5.55383158426e-17,
        "max": -3.68831543085e-09,
        "mean": -1.29889210498e-08,
        "median": -1.14758966774e-08,
        "min": -4.02394277899e-08,
        "var": 3.28834634475e-17
    },
    "spectral_energy": {
        "dmean": 0.0148370563984,
        "dmean2": 0.0244351252913,
        "dvar": 0.000323696061969,
        "dvar2": 0.000822296191473,
        "max": 0.1559253335,
        "mean": 0.0517642982304,
        "median": 0.0461695343256,
        "min": 0.0156823694706,
        "var": 0.00048304212396
    },
    "spectral_energyband_high": {
        "dmean": 0.000299107196042,
        "dmean2": 0.00048512002104,
        "dvar": 1.51684361072e-07,
        "dvar2": 3.72474147525e-07,
        "max": 0.00401965714991,
        "mean": 0.0010104192188,
        "median": 0.000919993559364,
        "min": 0.000170843995875,
        "var": 2.61860350292e-07
    },
    "spectral_energyband_low": {
        "dmean": 0.0123587492853,
        "dmean2": 0.0206303931773,
        "dvar": 0.000255319348071,
        "dvar2": 0.000644249434117,
        "max": 0.133898720145,
        "mean": 0.025910044089,
        "median": 0.0194007270038,
        "min": 0.00219084462151,
        "var": 0.000383050297387
    },
    "spectral_energyband_middle_high": {
        "dmean": 0.00195437436923,
        "dmean2": 0.00324009102769,
        "dvar": 5.38129734196e-06,
        "dvar2": 1.45645835801e-05,
        "max": 0.0252754185349,
        "mean": 0.00748689519241,
        "median": 0.00661046197638,
        "min": 0.00241872435436,
        "var": 9.83097106655e-06
    },
    "spectral_energyband_middle_low": {
        "dmean": 0.00671952869743,
        "dmean2": 0.0110154673457,
        "dvar": 7.40147734177e-05,
        "dvar2": 0.000188651014469,
        "max": 0.0824123695493,
        "mean": 0.0205948296934,
        "median": 0.0189807992429,
        "min": 0.00152480986435,
        "var": 0.000126237093355
    },
    "spectral_entropy": {
        "dmean": 0.0937796384096,
        "dmean2": 0.14286082983,
        "dvar": 0.00691151898354,
        "dvar2": 0.0152604551986,
        "max": 8.23154354095,
        "mean": 7.75497627258,
        "median": 7.76261901855,
        "min": 7.23259162903,
        "var": 0.022607171908
    },
    "spectral_flux": {
        "dmean": 0.0348507389426,
        "dmean2": 0.0521575324237,
        "dvar": 0.00124255917035,
        "dvar2": 0.00225019338541,
        "max": 0.327258825302,
        "mean": 0.112455159426,
        "median": 0.0994907096028,
        "min": 0.0407735183835,
        "var": 0.0025520673953
    },
    "spectral_kurtosis": {
        "dmean": 0.945776283741,
        "dmean2": 1.64371657372,
        "dvar": 0.778142154217,
        "dvar2": 2.41755032539,
        "max": 10.4073133469,
        "mean": 3.36708784103,
        "median": 3.20113658905,
        "min": 0.735743045807,
        "var": 1.03869283199
    },
    "spectral_rms": {
        "dmean": 0.000967137282714,
        "dmean2": 0.0015776787186,
        "dvar": 1.0787937299e-06,
        "dvar2": 2.67880864158e-06,
        "max": 0.0123337861151,
        "mean": 0.00696924701333,
        "median": 0.00671144155785,
        "min": 0.00391150498763,
        "var": 1.93141590898e-06
    },
    "spectral_rolloff": {
        "dmean": 415.347198486,
        "dmean2": 727.959655762,
        "dvar": 184464.6875,
        "dvar2": 457614.96875,
        "max": 3402.24609375,
        "mean": 1055.1940918,
        "median": 904.39453125,
        "min": 86.1328125,
        "var": 316540.65625
    },
    "spectral_skewness": {
        "dmean": 0.139691635966,
        "dmean2": 0.232514068484,
        "dvar": 0.014870182611,
        "dvar2": 0.0412994101644,
        "max": 2.73002171516,
        "mean": 1.3078148365,
        "median": 1.31303012371,
        "min": 0.683005094528,
        "var": 0.0303421486169
    },
    "spectral_spread": {
        "dmean": 350178.125,
        "dmean2": 524218.25,
        "dvar": 185657769984,
        "dvar2": 327869333504,
        "max": 12426775,
        "mean": 4361487,
        "median": 4316163,
        "min": 2453000.75,
        "var": 597194440704
    },
    "spectral_strongpeak": {
        "dmean": 0.578137516975,
        "dmean2": 1.03138899803,
        "dvar": 0.674267530441,
        "dvar2": 1.46758902073,
        "max": 6.18515825272,
        "mean": 0.927622497082,
        "median": 0.511493861675,
        "min": 0.0595441460609,
        "var": 1.00826632977
    },
    "zerocrossingrate": {
        "dmean": 0.00700864987448,
        "dmean2": 0.00899443589151,
        "dvar": 3.65074520232e-05,
        "dvar2": 5.38550193596e-05,
        "max": 0.119140625,
        "mean": 0.0549087934196,
        "median": 0.05322265625,
        "min": 0.013671875,
        "var": 0.000218318207772
    },
    "barkbands": {
        "dmean": [0.000493659521453, 0.00885722972453, 0.00481422711164, 0.00297460728325, 0.00266446475871, 0.00173029920552, 0.00177683401853, 0.000693277223036, 0.00161962094717, 0.000772748608142, 0.000310041941702, 0.000327662943164, 0.000575631973334, 0.000227556214668, 0.000338916521287, 0.00041310270899, 0.000321639556205, 0.000251276127528, 0.000324324209942, 0.00023711117683, 9.98332034214e-05, 7.49944738345e-05, 5.43850765098e-05, 4.60552073491e-05, 3.6812180042e-05, 3.4755874367e-05, 1.33867148477e-08],
        "dmean2": [0.000800703943241, 0.0149374119937, 0.00833517871797, 0.00498428335413, 0.004511768464, 0.00296634109691, 0.0028156794142, 0.00115627003834, 0.00249766279012, 0.00125081103761, 0.000533098878805, 0.000566083414014, 0.000907376059331, 0.000375480361981, 0.000562566507142, 0.000676335592289, 0.000536330509931, 0.000424915866461, 0.000539356959052, 0.000392629823182, 0.000170317827724, 0.000130188185722, 8.87193818926e-05, 7.57150046411e-05, 5.65537338844e-05, 5.23080052517e-05, 1.52234331807e-08],
        "dvar": [5.19617742611e-07, 0.000168607555679, 5.5514046835e-05, 2.04773587029e-05, 1.7028354705e-05, 1.33710527734e-05, 5.86967007621e-06, 1.85375870387e-06, 7.19903209756e-06, 1.93002551896e-06, 4.10959017927e-07, 2.87639210228e-07, 8.54887900914e-07, 8.81687185483e-08, 1.36843240739e-07, 2.09147941632e-07, 8.80765611555e-08, 6.27968219646e-08, 1.00586419194e-07, 5.37382511823e-08, 1.36460682754e-08, 1.31391617586e-08, 4.08807920849e-09, 2.70099675959e-09, 4.24439017266e-09, 7.79954767438e-09, 8.66325443999e-14],
        "dvar2": [1.13543114821e-06, 0.000439253693912, 0.000158261900651, 5.40806249774e-05, 4.5289281843e-05, 3.73449947801e-05, 1.30577136588e-05, 4.88696423417e-06, 1.45011399582e-05, 4.15538215748e-06, 1.10488861083e-06, 7.66239679706e-07, 1.84842929229e-06, 2.24109001579e-07, 3.5591497749e-07, 5.23370260908e-07, 2.31465790534e-07, 1.78470401124e-07, 2.59025682681e-07, 1.39975796287e-07, 3.79650053617e-08, 3.77752726877e-08, 1.01831627575e-08, 6.38444230816e-09, 8.47012593397e-09, 1.83306578805e-08, 8.66416178169e-14],
        "max": [0.00746988039464, 0.12693837285, 0.0921016633511, 0.0468216314912, 0.0503406226635, 0.0456870570779, 0.0222744774073, 0.0173393674195, 0.0287090726197, 0.0135509259999, 0.011864034459, 0.00919571146369, 0.015842474997, 0.00438703782856, 0.00362400175072, 0.00798136834055, 0.00270761968568, 0.00272497627884, 0.00437843799591, 0.00311019807123, 0.00144003680907, 0.00129454466514, 0.000733287131879, 0.000693536130711, 0.000811748963315, 0.0010759193683, 9.15959753911e-06],
        "mean": [0.000716537935659, 0.0144772008061, 0.00762368226424, 0.00506744440645, 0.00454008951783, 0.00236968812533, 0.00380597333424, 0.00123731628992, 0.00334080588073, 0.0013699211413, 0.000449498184025, 0.000500777445268, 0.00103744282387, 0.000431648542872, 0.000644204090349, 0.000798098742962, 0.000693152716849, 0.000580071471632, 0.000727451290004, 0.000529321900103, 0.000245214265306, 0.000172935600858, 0.000134253336, 0.000141176045872, 8.19591150503e-05, 4.84619631607e-05, 1.30086439398e-08],
        "median": [0.000445095589384, 0.00989860668778, 0.00496238237247, 0.00282659730874, 0.00307390233502, 0.00106498482637, 0.00152352568693, 0.000356696691597, 0.00086115981685, 0.000447981554316, 0.000257160776528, 0.000300769519527, 0.000565076421481, 0.00026331160916, 0.000515007996, 0.000648757559247, 0.000607824593317, 0.000507047283463, 0.000638002937194, 0.000470337108709, 0.000221258524107, 0.000148540362716, 0.000115923088742, 0.000119401040138, 5.52791716473e-05, 1.85082917596e-05, 8.93431162385e-10],
        "min": [1.81515326858e-06, 0.000498045759741, 5.07946315338e-05, 5.09007577421e-06, 7.10883468855e-05, 3.34153519361e-05, 4.59272996522e-05, 2.39349137701e-05, 4.69958322356e-05, 2.24805517064e-05, 1.6480578779e-05, 3.1457937439e-05, 4.20609649154e-05, 2.6278594305e-05, 4.64230834041e-05, 8.20421919343e-05, 5.4893673223e-05, 8.57704508235e-05, 5.60766420676e-05, 7.43013006286e-05, 3.71791138605e-05, 7.47236526877e-06, 4.49524804935e-06, 1.96469113689e-06, 1.30778776697e-10, 1.29933980242e-10, 8.83695287085e-12],
        "var": [7.46239948057e-07, 0.000200957656489, 7.71038539824e-05, 3.65873383998e-05, 2.08646342799e-05, 1.46857773871e-05, 2.08236979233e-05, 5.26163921677e-06, 2.52680674748e-05, 5.38539688932e-06, 4.79644427287e-07, 4.02567479796e-07, 2.10293023883e-06, 2.53912617154e-07, 2.23874025096e-07, 3.30848564545e-07, 1.71645609726e-07, 9.71342828393e-08, 1.747237377e-07, 8.71319869589e-08, 1.60662878557e-08, 1.3264968679e-08, 8.74293615283e-09, 9.67634061766e-09, 8.62967386439e-09, 9.55323553598e-09, 8.66195068688e-14]
    },
    "erbbands": {
        "dmean": [0.289485156536, 2.04319286346, 5.03042030334, 7.83778381348, 8.22578811646, 9.75694561005, 10.6251688004, 15.1053142548, 24.8659801483, 22.5127353668, 12.6300268173, 44.4047966003, 19.7608089447, 22.6128730774, 12.5258588791, 13.8103561401, 27.4209461212, 11.4602432251, 16.6352787018, 18.2010421753, 19.763551712, 15.2473545074, 13.2446184158, 13.8801183701, 17.0433692932, 11.9067382812, 5.02185058594, 3.14542889595, 2.86190891266, 2.01740574837, 1.48698174953, 1.24214732647, 0.727743923664, 0.435556739569, 0.280085593462, 0.132615014911, 0.0724323987961, 0.00974561274052, 0.000163136253832, 2.04293010029e-05],
        "dmean2": [0.461018949747, 3.55440044403, 8.78322696686, 12.8931970596, 13.8007278442, 16.8722743988, 18.0192108154, 26.2473163605, 39.2523345947, 37.2674407959, 20.5898036957, 67.9596176147, 31.8087081909, 36.6095733643, 21.6354579926, 23.176202774, 43.153213501, 18.2793865204, 27.6631736755, 29.6524715424, 32.6732826233, 25.1654853821, 22.4058170319, 23.4540214539, 27.8796081543, 19.6811237335, 8.58428955078, 5.40894699097, 4.97175550461, 3.39235877991, 2.41577315331, 2.07335400581, 1.17599797249, 0.701889097691, 0.434063911438, 0.20264942944, 0.109785094857, 0.0155869293958, 0.00025661624386, 3.27616762661e-05],
        "dvar": [0.179408729076, 9.51404476166, 57.8630638123, 133.280410767, 131.762619019, 317.604370117, 379.343536377, 1257.56787109, 1190.23815918, 1636.60290527, 460.528625488, 5647.58300781, 840.756103516, 1874.63659668, 492.705169678, 471.552734375, 2091.6105957, 213.337417603, 417.605407715, 402.15133667, 585.079650879, 202.022079468, 168.038589478, 204.940444946, 348.04598999, 168.300750732, 31.1170444489, 15.0861778259, 18.9218158722, 7.10095787048, 3.09147644043, 1.74182164669, 0.891843795776, 0.479763358831, 0.260769605637, 0.0708477422595, 0.0364727601409, 0.000945151783526, 2.39423229687e-07, 6.43299635783e-10],
        "dvar2": [0.416393309832, 26.1187667847, 170.168884277, 331.252166748, 349.382537842, 886.191894531, 1016.09399414, 3508.82373047, 2604.92504883, 4237.95800781, 1180.59851074, 11369.0166016, 1944.64819336, 4148.14355469, 1317.93798828, 1195.84924316, 4553.20654297, 519.581604004, 1081.19824219, 1088.71557617, 1483.6027832, 545.561096191, 461.426940918, 550.398010254, 900.225097656, 413.377990723, 85.0481414795, 41.9342155457, 54.1252975464, 18.9824466705, 7.59543609619, 4.485268116, 2.03376317024, 0.980035245419, 0.542964935303, 0.161118328571, 0.0843930914998, 0.0023542016279, 5.88820512348e-07, 1.55433965698e-09],
        "max": [4.09254074097, 26.3282165527, 84.7557830811, 146.742263794, 166.040100098, 210.393463135, 281.215118408, 483.159637451, 322.225097656, 537.600097656, 291.685516357, 820.624816895, 309.845703125, 537.716003418, 363.283477783, 471.954376221, 819.161865234, 218.761703491, 200.939926147, 264.231689453, 509.629486084, 153.410293579, 151.173538208, 169.973266602, 270.753845215, 197.966720581, 65.5214691162, 41.3186912537, 54.0484733582, 26.251083374, 18.1880950928, 17.877407074, 17.4293022156, 6.6898393631, 7.70998573303, 3.48639988899, 2.72505497932, 0.365217059851, 0.00591317052022, 0.000274039892247],
        "mean": [0.4583106637, 3.08216762543, 8.24232959747, 14.8219442368, 15.3036298752, 14.5865459442, 15.9192028046, 20.5292682648, 49.2846298218, 47.8651504517, 26.423406601, 91.7822341919, 39.6474990845, 40.5291748047, 20.381072998, 24.1720542908, 50.1387710571, 25.2192783356, 31.6874370575, 38.1639175415, 40.5086631775, 36.7510108948, 32.6295661926, 34.5622901917, 37.663734436, 26.8328018188, 12.6076374054, 7.83125352859, 6.37651586533, 4.71502304077, 3.66901469231, 3.32397937775, 2.02738237381, 0.994513750076, 0.55151695013, 0.217311874032, 0.0949619859457, 0.0101369917393, 0.000207172866794, 6.89972293912e-05],
        "median": [0.291443556547, 2.15051364899, 5.62678432465, 9.34625053406, 10.5098085403, 9.31606864929, 8.21402740479, 9.82060909271, 21.191619873, 19.1073131561, 14.1562690735, 23.8165664673, 22.6017379761, 14.027012825, 12.7794923782, 15.6190233231, 27.3834609985, 17.5437641144, 24.1266174316, 31.8270359039, 32.6347618103, 32.6492652893, 28.8248386383, 30.8200454712, 31.2703762054, 23.1074333191, 11.4969301224, 6.95359802246, 5.42302942276, 3.97190403938, 3.15075731277, 2.95856642723, 1.5369540453, 0.697389304638, 0.327094078064, 0.110095411539, 0.0314914211631, 0.00198746239766, 7.21687320038e-05, 6.07453839621e-05],
        "min": [0.0122585436329, 0.0825898125768, 0.123537644744, 0.322502493858, 0.161347001791, 0.452117621899, 0.440230339766, 0.40246245265, 0.727929651737, 0.997314453125, 1.20211160183, 1.75352180004, 1.37087130547, 1.08787190914, 1.78732585907, 2.03141331673, 2.48033261299, 3.06518244743, 3.35517859459, 7.0340590477, 5.83404016495, 5.26892757416, 7.27619934082, 4.68990898132, 6.60730600357, 5.3083281517, 2.22859978676, 1.45326256752, 0.516297340393, 0.400662839413, 0.0973544195294, 0.0874521508813, 0.00519155012444, 0.000528748030774, 0.000306475674734, 0.000143819124787, 2.21299287659e-05, 4.1632583816e-06, 1.2918801076e-05, 2.43503218371e-05],
        "var": [0.254896402359, 9.59153175354, 69.4673080444, 266.653289795, 233.301986694, 286.758666992, 544.484985352, 1193.37451172, 3691.99267578, 5436.42285156, 1301.66345215, 19726.984375, 1976.84362793, 5085.66748047, 622.909667969, 821.069885254, 4918.23486328, 679.614257812, 613.93560791, 612.478881836, 912.933776855, 403.712860107, 249.251083374, 305.980285645, 581.885131836, 271.063873291, 36.6250076294, 18.1972541809, 18.1064720154, 10.5213871002, 6.81093454361, 4.57689523697, 2.91730928421, 1.00796306133, 0.489008158445, 0.10761654377, 0.0446586683393, 0.000889137561899, 2.34891842865e-07, 9.1378843381e-10]
    },
    "gfcc": {
        "mean": [64.2596359253, 94.6800003052, -117.721870422, 50.902256012, -52.0714302063, 17.8645629883, -36.456993103, 19.8202533722, -22.3218307495, 5.41087818146, -14.2490720749, -3.44178724289, -12.4484148026],
        "cov": [[419.568603516, -217.076049805, 191.832687378, -131.386245728, -70.4786758423, 29.4185619354, -35.8271408081, 16.1351184845, -57.5524864197, 27.9005470276, -88.3053665161, 64.6662445068, -54.1614189148], [-217.076049805, 425.252380371, -182.849746704, 117.428451538, 18.1910629272, -76.5613250732, 28.0592536926, -93.7522201538, 52.971408844, -58.5588340759, 110.842422485, -47.756439209, 81.6979827881], [191.832687378, -182.849746704, 213.105560303, -43.162361145, 13.9433717728, 31.0910110474, -8.50758838654, 41.4079856873, -28.9925689697, 29.3105049133, -66.6277770996, 31.7986927032, -53.5668640137], [-131.386245728, 117.428451538, -43.162361145, 141.049240112, 43.0934944153, 7.03380489349, 2.97884249687, -32.3250007629, 26.1651077271, -21.9227600098, 55.3142700195, -36.2446670532, 28.892742157], [-70.4786758423, 18.1910629272, 13.9433717728, 43.0934944153, 109.093086243, 21.4541740417, 35.4488830566, 7.30905008316, 1.02649509907, -2.7709710598, 0.873141527176, -7.97434186935, -3.73373889923], [29.4185619354, -76.5613250732, 31.0910110474, 7.03380489349, 21.4541740417, 81.2718048096, 26.9617347717, 24.2649726868, -15.6257963181, -13.7352762222, -27.784406662, -7.77099752426, -3.15450382233], [-35.8271408081, 28.0592536926, -8.50758838654, 2.97884249687, 35.4488830566, 26.9617347717, 93.5675201416, 37.165096283, 9.89449691772, -26.4307003021, -15.7764759064, -12.2376270294, 5.50892353058], [16.1351184845, -93.7522201538, 41.4079856873, -32.3250007629, 7.30905008316, 24.2649726868, 37.165096283, 86.8452911377, 12.540517807, 5.923391819, -41.9789581299, -1.65500414371, -15.6572065353], [-57.5524864197, 52.971408844, -28.9925689697, 26.1651077271, 1.02649509907, -15.6257963181, 9.89449691772, 12.540517807, 62.9349250793, 17.5752182007, 26.1222038269, -15.3925542831, 4.16390323639], [27.9005470276, -58.5588340759, 29.3105049133, -21.9227600098, -2.7709710598, -13.7352762222, -26.4307003021, 5.923391819, 17.5752182007, 84.9901123047, 31.8437252045, 23.8486366272, -30.2931652069], [-88.3053665161, 110.842422485, -66.6277770996, 55.3142700195, 0.873141527176, -27.784406662, -15.7764759064, -41.9789581299, 26.1222038269, 31.8437252045, 109.097221375, 16.5467891693, 25.7682552338], [64.6662445068, -47.756439209, 31.7986927032, -36.2446670532, -7.97434186935, -7.77099752426, -12.2376270294, -1.65500414371, -15.3925542831, 23.8486366272, 16.5467891693, 81.8089447021, 17.9440765381], [-54.1614189148, 81.6979827881, -53.5668640137, 28.892742157, -3.73373889923, -3.15450382233, 5.50892353058, -15.6572065353, 4.16390323639, -30.2931652069, 25.7682552338, 17.9440765381, 76.2140426636]],
        "icov": [[0.00819956790656, -0.00135896075517, -0.00603083381429, 0.00360213569365, 0.0050388504751, -0.00407459540293, 0.000428255589213, 0.00353365694173, 0.000285258720396, -0.000563917914405, 0.00304892240092, -0.00395722268149, 0.00211374694481], [-0.00135896075517, 0.012617408298, 0.00173236080445, -9.0842237114e-05, -0.00286490097642, 0.00995274167508, -0.00681058317423, 0.00864259712398, -0.0053989700973, 0.00704887835309, -0.00827661436051, 0.00759783713147, -0.00659340200946], [-0.00603083381429, 0.00173236080445, 0.0146541604772, -0.0069370502606, -0.00386766600423, 0.00222940486856, 0.000275434809737, -0.00391356274486, 0.00143017538358, -0.00277417176403, 0.00511169433594, -0.00400564167649, 0.00389957637526], [0.00360213569365, -9.0842237114e-05, -0.0069370502606, 0.0219173226506, -0.00516772922128, -0.00541488360614, 0.00432885810733, 0.00434065423906, -0.00643430883065, 0.00883556995541, -0.0127512319013, 0.00897347833961, -0.00436382554471], [0.0050388504751, -0.00286490097642, -0.00386766600423, -0.00516772922128, 0.0173552092165, -0.00427748262882, -0.00520535791293, 0.00143791327719, 0.00381320016459, -0.00571772828698, 0.00651965849102, -0.00569398188964, 0.0038927514106], [-0.00407459540293, 0.00995274167508, 0.00222940486856, -0.00541488360614, -0.00427748262882, 0.026632135734, -0.0093315159902, 0.0014591133222, 0.00252908165567, 0.0032315722201, -0.00435662269592, 0.00856627244502, -0.00747535331175], [0.000428255589213, -0.00681058317423, 0.000275434809737, 0.00432885810733, -0.00520535791293, -0.0093315159902, 0.0234089437872, -0.0125012099743, -0.00160812889226, 0.0057742651552, -0.000366634019883, -0.00356986233965, 0.00460342783481], [0.00353365694173, 0.00864259712398, -0.00391356274486, 0.00434065423906, 0.00143791327719, 0.0014591133222, -0.0125012099743, 0.0311527531594, -0.0120892105624, 0.000111316869152, 0.0036247333046, 0.00276697892696, -0.00488734291866], [0.000285258720396, -0.0053989700973, 0.00143017538358, -0.00643430883065, 0.00381320016459, 0.00252908165567, -0.00160812889226, -0.0120892105624, 0.0309867523611, -0.0133313983679, 0.00183493993245, 0.00289352331311, -0.000934733194299], [-0.000563917914405, 0.00704887835309, -0.00277417176403, 0.00883556995541, -0.00571772828698, 0.0032315722201, 0.0057742651552, 0.000111316869152, -0.0133313983679, 0.0361242666841, -0.0213663224131, -0.000438607123215, 0.00861706584692], [0.00304892240092, -0.00827661436051, 0.00511169433594, -0.0127512319013, 0.00651965849102, -0.00435662269592, -0.000366634019883, 0.0036247333046, 0.00183493993245, -0.0213663224131, 0.0373719222844, -0.0162761490792, 0.00297952909023], [-0.00395722268149, 0.00759783713147, -0.00400564167649, 0.00897347833961, -0.00569398188964, 0.00856627244502, -0.00356986233965, 0.00276697892696, 0.00289352331311, -0.000438607123215, -0.0162761490792, 0.0332146920264, -0.0189214106649], [0.00211374694481, -0.00659340200946, 0.00389957637526, -0.00436382554471, 0.0038927514106, -0.00747535331175, 0.00460342783481, -0.00488734291866, -0.000934733194299, 0.00861706584692, 0.00297952909023, -0.0189214106649, 0.0315542109311]]
    },
    "melbands": {
        "dmean": [0.00244801072404, 0.00248310272582, 0.00128387007862, 0.000624179723673, 0.000373489165213, 0.000340005935868, 0.00037731602788, 0.000225273339311, 0.000118501498946, 0.000279080850305, 9.95675873128e-05, 0.000100018529338, 4.32753331552e-05, 3.8767735532e-05, 4.68523721793e-05, 5.50948243472e-05, 1.99079258891e-05, 2.75351176242e-05, 2.24322011491e-05, 3.19779755955e-05, 2.30486712098e-05, 1.68913775269e-05, 1.91822018678e-05, 1.2675983271e-05, 1.25185997604e-05, 1.55691941472e-05, 1.01564046417e-05, 7.70455790189e-06, 3.67205598195e-06, 2.85684859591e-06, 1.80151539553e-06, 1.80491667834e-06, 1.53418079663e-06, 1.16560204333e-06, 9.07426795038e-07, 9.19955596146e-07, 7.98368091637e-07, 5.7830931155e-07, 4.8030454991e-07, 3.91826034729e-07],
        "dmean2": [0.00407637609169, 0.00429089693353, 0.00213064393029, 0.00106120191049, 0.000635249016341, 0.000586460460909, 0.000595507386606, 0.000371007161448, 0.000191932937014, 0.000427155318903, 0.000161092961207, 0.00016153670731, 7.42765987525e-05, 6.72684618621e-05, 7.50359104131e-05, 8.5978412244e-05, 3.27103189193e-05, 4.58189279016e-05, 3.75152521883e-05, 5.23455164512e-05, 3.81959071092e-05, 2.7989202863e-05, 3.17024969263e-05, 2.162592682e-05, 2.10655998671e-05, 2.56500661635e-05, 1.69446557265e-05, 1.28123292598e-05, 6.29836222288e-06, 4.89756848765e-06, 3.12495581056e-06, 3.13855707645e-06, 2.66973370344e-06, 1.94792437469e-06, 1.48478875417e-06, 1.51390690917e-06, 1.33214814468e-06, 9.43540499065e-07, 7.78696517045e-07, 6.32747457985e-07],
        "dvar": [1.32524992296e-05, 1.20763197629e-05, 3.21235074807e-06, 8.64232902131e-07, 4.73810899848e-07, 5.74125238018e-07, 2.71747126135e-07, 1.72471061433e-07, 3.85874123765e-08, 2.35501957491e-07, 2.32707577652e-08, 3.7515540896e-08, 7.82494158358e-09, 3.95110522078e-09, 5.36425170949e-09, 7.3314527782e-09, 8.11121891875e-10, 1.07730901977e-09, 5.56676482688e-10, 1.21791765562e-09, 1.00818620119e-09, 2.81113576861e-10, 4.06237210537e-10, 1.77694373105e-10, 1.75450390327e-10, 3.27819438262e-10, 1.09759118461e-10, 7.01659494395e-11, 1.48577244258e-11, 1.08828180842e-11, 5.04672042004e-12, 6.59030252245e-12, 5.71760043824e-12, 1.89155917492e-12, 1.08787653365e-12, 1.08868155376e-12, 7.05075429465e-13, 5.39012356884e-13, 3.93129241183e-13, 3.95777188149e-13],
        "dvar2": [3.31184382958e-05, 3.40654842148e-05, 8.2532851593e-06, 2.30826049119e-06, 1.26779934817e-06, 1.60185538789e-06, 5.92313540437e-07, 4.52897211289e-07, 9.68184821204e-08, 4.62695084025e-07, 5.34298187915e-08, 8.17311089918e-08, 2.07805381791e-08, 1.08565263446e-08, 1.2257490134e-08, 1.46892791264e-08, 2.02583660958e-09, 2.82888246161e-09, 1.49052703513e-09, 3.07899816754e-09, 2.59361288002e-09, 7.64484253679e-10, 1.09760600608e-09, 4.98381780289e-10, 4.71184813389e-10, 8.09294520288e-10, 2.991080994e-10, 1.71374456293e-10, 3.94183852226e-11, 3.0250472266e-11, 1.40257762002e-11, 1.88718624061e-11, 1.62320122621e-11, 4.92786107059e-12, 2.75473198939e-12, 2.70672221615e-12, 1.92604309238e-12, 1.29097958452e-12, 9.18283678264e-13, 8.36923683568e-13],
        "max": [0.0371405482292, 0.0318900048733, 0.0215070936829, 0.0110631575808, 0.0091305654496, 0.0100732389838, 0.00479371938854, 0.00484924484044, 0.00224777800031, 0.00554965622723, 0.00164382136427, 0.00233339285478, 0.00166017678566, 0.000939669611398, 0.00133674545214, 0.00163254991639, 0.000480705522932, 0.000289319985313, 0.000222811868298, 0.000404794060159, 0.000752337859012, 0.000201448216103, 0.000217633103603, 0.000137412745971, 0.000151076979819, 0.000288520008326, 0.000107940832095, 0.000122613753774, 4.07394618378e-05, 3.97926232836e-05, 2.44250732067e-05, 2.94571364066e-05, 2.74842641375e-05, 1.34397341753e-05, 9.98387531581e-06, 1.02756730485e-05, 1.14615031634e-05, 1.4320758055e-05, 6.85085024088e-06, 5.79185189054e-06],
        "mean": [0.00402937084436, 0.00431600213051, 0.00257233250886, 0.00109538936522, 0.000567575800233, 0.000461726885987, 0.000771312625147, 0.000466711411718, 0.000222899849177, 0.00057886360446, 0.000185587850865, 0.000174988192157, 6.57633936498e-05, 5.78020590183e-05, 8.38288324303e-05, 0.000100797558844, 3.94677117583e-05, 4.87260549562e-05, 4.46476951765e-05, 5.99058766966e-05, 4.33976274508e-05, 3.65297310054e-05, 3.7368532503e-05, 2.64915706794e-05, 2.71014341706e-05, 3.07862392219e-05, 2.25307176152e-05, 1.5825531591e-05, 7.88550914876e-06, 6.30803378954e-06, 3.91522917198e-06, 3.75895797333e-06, 2.97494057122e-06, 2.53387065641e-06, 2.00496879188e-06, 2.17343540498e-06, 1.95710731532e-06, 1.50500738982e-06, 1.05157209873e-06, 7.57485338454e-07],
        "median": [0.00272017600946, 0.00317701138556, 0.00183101720177, 0.000739434501156, 0.000308885908453, 0.000214947533095, 0.0003405532334, 0.000180717572221, 9.09415830392e-05, 0.000133234483656, 8.88363210834e-05, 5.44520080439e-05, 3.8579768443e-05, 3.36337834597e-05, 5.08248594997e-05, 5.48202115169e-05, 2.44597013079e-05, 3.60452613677e-05, 3.72973881895e-05, 4.86866811116e-05, 3.32529089064e-05, 3.01234667859e-05, 2.99016155623e-05, 2.24291616178e-05, 2.35472780332e-05, 2.40888584813e-05, 1.976666681e-05, 1.35710915856e-05, 6.88307500241e-06, 5.55391079615e-06, 3.24761208503e-06, 3.20554318023e-06, 2.40718395617e-06, 2.13194084608e-06, 1.64361802035e-06, 1.87047055533e-06, 1.69414624906e-06, 1.12997281576e-06, 7.39593815524e-07, 5.03904630023e-07],
        "min": [0.000130574640934, 0.000234839710174, 5.43130190636e-05, 1.65654018929e-05, 1.4692645891e-05, 6.41254473521e-06, 1.01372379504e-05, 7.94027255324e-06, 6.04815431871e-06, 6.71344878356e-06, 4.58335807707e-06, 2.78227685158e-06, 2.75676302408e-06, 3.16190244121e-06, 4.44285433332e-06, 4.28780549555e-06, 2.86645308734e-06, 4.04182947022e-06, 4.01230136049e-06, 4.30512091043e-06, 3.62483251592e-06, 3.73685384147e-06, 6.02449108555e-06, 2.63236915998e-06, 3.1651397876e-06, 3.52402594217e-06, 2.97075644085e-06, 1.82566100193e-06, 1.35329617024e-06, 8.06528987596e-07, 4.78823324102e-07, 1.55057875872e-07, 1.45266568552e-07, 1.64138171499e-07, 3.20219974981e-08, 8.08791611462e-08, 2.0803023304e-08, 1.20537346771e-09, 1.14969101947e-12, 1.15630020749e-12],
