{
"highlevel": {
    "danceability": {
        "all": {
            "danceable": 0.999801516533,
            "not_danceable": 0.000198496316443
        },
        "probability": 0.999801516533,
        "value": "danceable"
    },
    "gender": {
        "all": {
            "female": 0.0860489085317,
            "male": 0.913951098919
        },
        "probability": 0.913951098919,
        "value": "male"
    },
    "genre_dortmund": {
        "all": {
            "alternative": 0.00258293189108,
            "blues": 0.0346066951752,
            "electronic": 0.0365449152887,
            "folkcountry": 0.00505466293544,
            "funksoulrnb": 0.00416843267158,
            "jazz": 0.0218123830855,
            "pop": 0.00673377234489,
            "raphiphop": 0.885706722736,
            "rock": 0.002789481543
        },
        "probability": 0.885706722736,
        "value": "raphiphop"
    },
    "genre_electronic": {
        "all": {
            "ambient": 0.403045296669,
            "dnb": 0.136572301388,
            "house": 0.358453154564,
            "techno": 0.0503853447735,
            "trance": 0.0515439063311
        },
        "probability": 0.403045296669,
        "value": "ambient"
    },
    "genre_rosamerica": {
        "all": {
            "cla": 0.000178629052243,
            "dan": 0.00229297182523,
            "hip": 0.624387085438,
            "jaz": 0.000947199994698,
            "pop": 0.0154490750283,
            "rhy": 0.355526417494,
            "roc": 0.000150483901962,
            "spe": 0.00106814189348
        },
        "probability": 0.624387085438,
        "value": "hip"
    },
    "genre_tzanetakis": {
        "all": {
            "blu": 0.0626613423228,
            "cla": 0.0348169617355,
            "cou": 0.104475811124,
            "dis": 0.0784321576357,
            "hip": 0.15692435205,
            "jaz": 0.313974827528,
            "met": 0.0448166541755,
            "pop": 0.0627359300852,
            "reg": 0.0627360641956,
            "roc": 0.0784258767962
        },
        "probability": 0.313974827528,
        "value": "jaz"
    },
    "ismir04_rhythm": {
        "all": {
            "ChaChaCha": 0.121661104262,
            "Jive": 0.0195615515113,
            "Quickstep": 0.133901014924,
            "Rumba-American": 0.0344344377518,
            "Rumba-International": 0.445406883955,
            "Rumba-Misc": 0.0295519307256,
            "Samba": 0.171254232526,
            "Tango": 0.025074230507,
            "VienneseWaltz": 0.0100470222533,
            "Waltz": 0.00910758879036
        },
        "probability": 0.445406883955,
        "value": "Rumba-International"
    },
    "mood_acoustic": {
        "all": {
            "acoustic": 0.563222050667,
            "not_acoustic": 0.436777919531
        },
        "probability": 0.563222050667,
        "value": "acoustic"
    },
    "mood_aggressive": {
        "all": {
            "aggressive": 0.00667573092505,
            "not_aggressive": 0.993324279785
        },
        "probability": 0.993324279785,
        "value": "not_aggressive"
    },
    "mood_electronic": {
        "all": {
            "electronic": 0.971929371357,
            "not_electronic": 0.0280706174672
        },
        "probability": 0.971929371357,
        "value": "electronic"
    },
    "mood_happy": {
        "all": {
            "happy": 0.0857359543443,
            "not_happy": 0.914264023304
        },
        "probability": 0.914264023304,
        "value": "not_happy"
    },
    "mood_party": {
        "all": {
            "not_party": 0.294000059366,
            "party": 0.705999970436
        },
        "probability": 0.705999970436,
        "value": "party"
    },
    "mood_relaxed": {
        "all": {
            "not_relaxed": 0.438639253378,
            "relaxed": 0.561360776424
        },
        "probability": 0.561360776424,
        "value": "relaxed"
    },
    "mood_sad": {
        "all": {
            "not_sad": 0.732533752918,
            "sad": 0.267466276884
        },
        "probability": 0.732533752918,
        "value": "not_sad"
    },
    "moods_mirex": {
        "all": {
            "Cluster1": 0.0842898637056,
            "Cluster2": 0.0903098657727,
            "Cluster3": 0.522100865841,
            "Cluster4": 0.083390429616,
            "Cluster5": 0.219908952713
        },
        "probability": 0.522100865841,
        "value": "Cluster3"
    },
    "timbre": {
        "all": {
            "bright": 0.282696038485,
            "dark": 0.717303991318
        },
        "probability": 0.717303991318,
        "value": "dark"
    },
    "tonal_atonal": {
        "all": {
            "atonal": 0.949483394623,
            "tonal": 0.0505166351795
        },
        "probability": 0.949483394623,
        "value": "atonal"
    },
    "voice_instrumental": {
        "all": {
            "instrumental": 0.00248816725798,
            "voice": 0.997511804104
        },
        "probability": 0.997511804104,
        "value": "voice"
    }
},
"lowlevel": {
    "average_loudness": 0.953044772148,
    "barkbands_crest": {
        "dmean": 3.16724228859,
        "dmean2": 5.01981878281,
        "dvar": 10.6527414322,
        "dvar2": 24.0733890533,
        "max": 25.7117767334,
        "mean": 14.7611598969,
        "median": 15.2641210556,
        "min": 2.84881877899,
        "var": 28.3054523468
    },
    "barkbands_flatness_db": {
        "dmean": 0.0458738766611,
        "dmean2": 0.0642744600773,
        "dvar": 0.00224523129873,
        "dvar2": 0.00438733352348,
        "max": 0.600014925003,
        "mean": 0.238823249936,
        "median": 0.236175537109,
        "min": 0.0514158047736,
        "var": 0.00677690980956
    },
    "barkbands_kurtosis": {
        "dmean": 19.911901474,
        "dmean2": 30.8776988983,
        "dvar": 2036.81054688,
        "dvar2": 4519.79150391,
        "max": 565.553283691,
        "mean": 27.8096122742,
        "median": 7.62871360779,
        "min": -1.95803582668,
        "var": 3923.69140625
    },
    "barkbands_skewness": {
        "dmean": 1.4728910923,
        "dmean2": 2.21278214455,
        "dvar": 3.12896728516,
        "dvar2": 6.63359165192,
        "max": 17.199338913,
        "mean": 3.08986496925,
        "median": 2.46697926521,
        "min": -3.6134595871,
        "var": 9.65319252014
    },
    "barkbands_spread": {
        "dmean": 11.7692193985,
        "dmean2": 18.0610771179,
        "dvar": 291.905944824,
        "dvar2": 624.44744873,
        "max": 120.267951965,
        "mean": 19.2163562775,
        "median": 11.0348682404,
        "min": 0.184424117208,
        "var": 444.620880127
    },
    "dissonance": {
        "dmean": 0.0399355702102,
        "dmean2": 0.0615244880319,
        "dvar": 0.00173253694084,
        "dvar2": 0.00403344305232,
        "max": 0.499839425087,
        "mean": 0.42496663332,
        "median": 0.443318754435,
        "min": 0.170827865601,
        "var": 0.00423106923699
    },
    "dynamic_complexity": 3.49409103394,
    "erbbands_crest": {
        "dmean": 3.82115530968,
        "dmean2": 6.02822494507,
        "dvar": 11.6183128357,
        "dvar2": 26.9368076324,
        "max": 27.6591415405,
        "mean": 11.5183420181,
        "median": 10.540438652,
        "min": 3.01110720634,
        "var": 26.080499649
    },
    "erbbands_flatness_db": {
        "dmean": 0.0305970348418,
        "dmean2": 0.0458139255643,
        "dvar": 0.000784686300904,
        "dvar2": 0.00166149332654,
        "max": 0.358985424042,
        "mean": 0.173766434193,
        "median": 0.166315019131,
        "min": 0.0670747682452,
        "var": 0.00295409141108
    },
    "erbbands_kurtosis": {
        "dmean": 3.22444319725,
        "dmean2": 5.24023675919,
        "dvar": 25.52435112,
        "dvar2": 65.4712600708,
        "max": 58.3751869202,
        "mean": 2.77267551422,
        "median": 1.23423194885,
        "min": -1.84585285187,
        "var": 28.2681083679
    },
    "erbbands_skewness": {
        "dmean": 0.9049025774,
        "dmean2": 1.34697496891,
        "dvar": 0.841472029686,
        "dvar2": 1.6787519455,
        "max": 5.4862818718,
        "mean": 0.545872688293,
        "median": 0.716945230961,
        "min": -6.34697246552,
        "var": 1.95988309383
    },
    "erbbands_spread": {
        "dmean": 20.665971756,
        "dmean2": 32.8866920471,
        "dvar": 545.756408691,
        "dvar2": 1300.78955078,
        "max": 199.497573853,
        "mean": 46.8669815063,
        "median": 38.4096565247,
        "min": 3.9249856472,
        "var": 1126.10803223
    },
    "hfc": {
        "dmean": 18.8286895752,
        "dmean2": 31.1520900726,
        "dvar": 1114.82751465,
        "dvar2": 2931.66064453,
        "max": 199.303115845,
        "mean": 23.2813472748,
        "median": 12.5189027786,
        "min": 0.00555134704337,
        "var": 1020.69104004
    },
    "melbands_crest": {
        "dmean": 3.84565210342,
        "dmean2": 6.08015823364,
        "dvar": 16.2407188416,
        "dvar2": 37.1127624512,
        "max": 37.1037025452,
        "mean": 23.2277488708,
        "median": 23.6251411438,
        "min": 3.8216342926,
        "var": 71.7613830566
    },
    "melbands_flatness_db": {
        "dmean": 0.059430975467,
        "dmean2": 0.08143620193,
        "dvar": 0.00396587746218,
        "dvar2": 0.0077587175183,
        "max": 0.72304558754,
        "mean": 0.306895852089,
        "median": 0.310823619366,
        "min": 0.0324235334992,
        "var": 0.0123258447275
    },
    "melbands_kurtosis": {
        "dmean": 56.7653045654,
        "dmean2": 91.6620635986,
        "dvar": 19777.390625,
        "dvar2": 49004.84375,
        "max": 1794.61523438,
        "mean": 79.4540786743,
        "median": 19.5152320862,
        "min": -1.77678704262,
        "var": 31337.0214844
    },
    "melbands_skewness": {
        "dmean": 2.2277700901,
        "dmean2": 3.47746729851,
        "dvar": 9.23963832855,
        "dvar2": 20.5241508484,
        "max": 33.9768333435,
        "mean": 5.05107975006,
        "median": 3.58739161491,
        "min": -1.96450102329,
        "var": 24.1368942261
    },
    "melbands_spread": {
        "dmean": 13.4561195374,
        "dmean2": 21.9164409637,
        "dvar": 655.869567871,
        "dvar2": 1482.98876953,
        "max": 215.935562134,
        "mean": 19.2511940002,
        "median": 9.0229473114,
        "min": 0.113287083805,
        "var": 814.553833008
    },
    "pitch_salience": {
        "dmean": 0.0869136750698,
        "dmean2": 0.139261797071,
        "dvar": 0.00841625966132,
        "dvar2": 0.0193709786981,
        "max": 0.838365852833,
        "mean": 0.415723323822,
        "median": 0.416812449694,
        "min": 0.0552042648196,
        "var": 0.0249085444957
    },
    "silence_rate_20dB": {
        "dmean": 0,
        "dmean2": 0,
        "dvar": 0,
        "dvar2": 0,
        "max": 1,
        "mean": 1,
        "median": 1,
        "min": 1,
        "var": 0
    },
    "silence_rate_30dB": {
        "dmean": 0.0433436520398,
        "dmean2": 0.0867544561625,
        "dvar": 0.0414642132819,
        "dvar2": 0.0885214656591,
        "max": 1,
        "mean": 0.932714641094,
        "median": 1,
        "min": 0,
        "var": 0.0627579092979
    },
    "silence_rate_60dB": {
        "dmean": 0.0139318881556,
        "dmean2": 0.0278853606433,
        "dvar": 0.0137381684035,
        "dvar2": 0.0317558385432,
        "max": 1,
        "mean": 0.0324825979769,
        "median": 0,
        "min": 0,
        "var": 0.0314279235899
    },
    "spectral_centroid": {
        "dmean": 613.264587402,
        "dmean2": 910.692199707,
        "dvar": 673026.625,
        "dvar2": 1237605.25,
        "max": 6623.98974609,
        "mean": 1299.28125,
        "median": 828.916931152,
        "min": 101.902046204,
        "var": 1264242
    },
    "spectral_complexity": {
        "dmean": 5,
        "dmean2": 7.77846622467,
        "dvar": 59.2941169739,
        "dvar2": 126.787498474,
        "max": 62,
        "mean": 10.0525913239,
        "median": 8,
        "min": 0,
        "var": 82.4720458984
    },
    "spectral_decrease": {
        "dmean": 3.23358384513e-09,
        "dmean2": 4.56814319705e-09,
        "dvar": 2.31672163383e-17,
        "dvar2": 4.28832730337e-17,
        "max": -1.76799319542e-12,
        "mean": -1.08800159992e-08,
        "median": -9.62250279457e-09,
        "min": -5.36212034774e-08,
        "var": 8.13206686506e-17
    },
    "spectral_energy": {
        "dmean": 0.0133812157437,
        "dmean2": 0.0194187406451,
        "dvar": 0.000367399276001,
        "dvar2": 0.000708201841917,
        "max": 0.204375073314,
        "mean": 0.0431753844023,
        "median": 0.0376418605447,
        "min": 7.17632474334e-06,
        "var": 0.00122335623018
    },
    "spectral_energyband_high": {
        "dmean": 0.00224091811106,
        "dmean2": 0.00382954650559,
        "dvar": 2.28439257626e-05,
        "dvar2": 5.99349623371e-05,
        "max": 0.0272907353938,
        "mean": 0.00180422293488,
        "median": 0.0001905648096,
        "min": 1.32444014866e-07,
        "var": 1.73697189894e-05
    },
    "spectral_energyband_low": {
        "dmean": 0.00678078969941,
        "dmean2": 0.00953623373061,
        "dvar": 0.00027629014221,
        "dvar2": 0.000531298806891,
        "max": 0.177300706506,
        "mean": 0.0273374747485,
        "median": 0.0214408207685,
        "min": 2.48013041215e-08,
        "var": 0.00091476959642
    },
    "spectral_energyband_middle_high": {
        "dmean": 0.00232868967578,
        "dmean2": 0.00368267321028,
        "dvar": 1.99072073883e-05,
        "dvar2": 4.80903036078e-05,
        "max": 0.0347244888544,
        "mean": 0.00362376426347,
        "median": 0.000921146536712,
        "min": 6.13000452176e-07,
        "var": 3.952098632e-05
    },
    "spectral_energyband_middle_low": {
        "dmean": 0.00625572632998,
        "dmean2": 0.00916666351259,
        "dvar": 6.84406913933e-05,
        "dvar2": 0.000155265282956,
        "max": 0.0739856734872,
        "mean": 0.0114756710827,
        "median": 0.00810344424099,
        "min": 5.31948580829e-06,
        "var": 0.000134412257466
    },
    "spectral_entropy": {
        "dmean": 0.399203747511,
        "dmean2": 0.579125463963,
        "dvar": 0.185214355588,
        "dvar2": 0.320171505213,
        "max": 8.84141731262,
        "mean": 7.25627040863,
        "median": 7.19359922409,
        "min": 5.02669620514,
        "var": 0.504849016666
    },
    "spectral_flux": {
        "dmean": 0.0391573905945,
        "dmean2": 0.0615081079304,
        "dvar": 0.00199107034132,
        "dvar2": 0.00374441966414,
        "max": 0.445799708366,
        "mean": 0.0965757593513,
        "median": 0.0820215493441,
        "min": 0.00226128054783,
        "var": 0.00506980251521
    },
    "spectral_kurtosis": {
        "dmean": 2.82974243164,
        "dmean2": 4.43883895874,
        "dvar": 14.4414243698,
        "dvar2": 30.7637119293,
        "max": 47.3702850342,
        "mean": 5.02512454987,
        "median": 3.21505117416,
        "min": -1.4552719593,
        "var": 29.0299034119
    },
    "spectral_rms": {
        "dmean": 0.00102250406053,
        "dmean2": 0.00145969341975,
        "dvar": 1.58652187565e-06,
        "dvar2": 3.14083081321e-06,
        "max": 0.0141205638647,
        "mean": 0.00594183290377,
        "median": 0.00606001354754,
        "min": 8.36737235659e-05,
        "var": 6.81699475535e-06
    },
    "spectral_rolloff": {
        "dmean": 945.595581055,
        "dmean2": 1646.31567383,
        "dvar": 3654738,
        "dvar2": 7975060.5,
        "max": 11089.5996094,
        "mean": 1269.49633789,
        "median": 409.130859375,
        "min": 64.599609375,
        "var": 4711129
    },
    "spectral_skewness": {
        "dmean": 0.526025533676,
        "dmean2": 0.765615046024,
        "dvar": 0.328598856926,
        "dvar2": 0.590887188911,
        "max": 5.51081752777,
        "mean": 1.68752968311,
        "median": 1.57448422909,
        "min": -0.297618240118,
        "var": 0.891711354256
    },
    "spectral_spread": {
        "dmean": 1338581.75,
        "dmean2": 2054967.75,
        "dvar": 2.55069074227e+12,
        "dvar2": 5.17203925402e+12,
        "max": 18814138,
        "mean": 5690941.5,
        "median": 5303523,
        "min": 1322849.625,
        "var": 5.90379168563e+12
    },
    "spectral_strongpeak": {
        "dmean": 0.312960326672,
        "dmean2": 0.502650439739,
        "dvar": 0.389138638973,
        "dvar2": 0.873535990715,
        "max": 5.25325536728,
        "mean": 0.624966979027,
        "median": 0.279043823481,
        "min": 0,
        "var": 0.732515156269
    },
    "zerocrossingrate": {
        "dmean": 0.0189719181508,
        "dmean2": 0.022552844137,
        "dvar": 0.000660072430037,
        "dvar2": 0.000846000970341,
        "max": 0.33642578125,
        "mean": 0.0467481166124,
        "median": 0.0302734375,
        "min": 0.001953125,
        "var": 0.0024330674205
    },
    "barkbands": {
        "dmean": [0.000653329421766, 0.00625433865935, 0.00272992765531, 0.00116535637062, 0.00194547697902, 0.00122244039085, 0.00173872872256, 0.00183963996824, 0.000705665093847, 0.000489015015773, 0.000323766143993, 0.000645258405712, 0.000342278828612, 0.000169554332388, 0.00019105237152, 0.000150300824316, 0.000201210496016, 0.00020686564676, 0.000255451363046, 0.000258911662968, 0.000659756769892, 0.000926724809688, 0.000279218133073, 0.000171495441464, 0.000154312729137, 3.40276419593e-05, 5.33283319726e-08],
        "dmean2": [0.00085674849106, 0.00939152948558, 0.0051676328294, 0.00184056221042, 0.00314406398684, 0.00191758421715, 0.00265567889437, 0.0028672250919, 0.00116150442045, 0.000703194877133, 0.000535062165, 0.00101183576044, 0.000586872047279, 0.000287566595944, 0.000323259271681, 0.000245447648922, 0.000322336127283, 0.000347047374817, 0.000429012725363, 0.000423623889219, 0.00117374386173, 0.0016396335559, 0.000472580722999, 0.000271252822131, 0.000237094791373, 5.49873802811e-05, 1.02556462878e-07],
        "dvar": [1.39396865961e-06, 0.00027312504244, 0.000139387964737, 1.32925424623e-05, 1.09614320536e-05, 4.88026080347e-06, 1.09368629637e-05, 1.73729276867e-05, 4.67631707579e-06, 1.22297910821e-06, 6.52830067338e-07, 3.39212738254e-06, 1.0121999594e-06, 3.21750604826e-07, 2.16528420083e-07, 1.18686365624e-07, 2.47034904532e-07, 3.96431516947e-07, 5.93506854329e-07, 3.39435928254e-07, 2.53605958278e-06, 4.87095076096e-06, 3.27259016331e-07, 9.90002391177e-08, 1.33003567271e-07, 7.46165707e-09, 8.50621317632e-14],
        "dvar2": [2.17864658225e-06, 0.000659608282149, 0.00041089716251, 3.15239994961e-05, 2.52449444815e-05, 1.07202777144e-05, 2.06510849239e-05, 3.93286463805e-05, 1.03263437268e-05, 2.10635471376e-06, 1.58728335009e-06, 7.04119747752e-06, 2.61187892647e-06, 7.75764760874e-07, 5.68755581298e-07, 2.80619474324e-07, 5.71504244817e-07, 9.8640282431e-07, 1.59642524977e-06, 8.46109969643e-07, 6.71805446473e-06, 1.3102559933e-05, 8.52461994327e-07, 2.30080814845e-07, 2.82275749441e-07, 1.9353739944e-08, 2.49915214391e-13],
        "max": [0.015323988162, 0.164758339524, 0.0971426665783, 0.0363467857242, 0.0272409506142, 0.0215441826731, 0.0331579744816, 0.0535435117781, 0.0385745353997, 0.021033719182, 0.0136072319001, 0.0214994065464, 0.00769546069205, 0.00941104069352, 0.00706963334233, 0.00273362058215, 0.00497414171696, 0.00589997321367, 0.00726933451369, 0.00991757120937, 0.00952671375126, 0.0113545693457, 0.00449943868443, 0.00322019308805, 0.00386298424564, 0.00114272220526, 4.05471428166e-06],
        "mean": [0.00313682248816, 0.0214956942946, 0.00199122168124, 0.00144383206498, 0.00273666717112, 0.00154107750859, 0.00185443134978, 0.00254934746772, 0.000676530762576, 0.000916567340028, 0.000449549464975, 0.00112367630936, 0.000289161514957, 0.000170731422259, 0.000165153775015, 0.00013695153757, 0.000182850664714, 0.000170336614246, 0.00022125907708, 0.0002246695949, 0.000446833699243, 0.000626475142781, 0.000231242665905, 0.000186299221241, 0.000172271553311, 3.57108619937e-05, 2.96334921046e-08],
        "median": [0.00165696325712, 0.0166689231992, 0.000352969567757, 0.000290499941912, 0.00102695228998, 0.000528968696017, 0.000388257380109, 0.000182612333447, 6.24787644483e-05, 3.93467344111e-05, 2.97316582873e-05, 2.25364819926e-05, 2.02996598091e-05, 3.04088080156e-05, 1.92689585674e-05, 1.90224036487e-05, 2.86044687527e-05, 1.64532157214e-05, 2.35169409279e-05, 2.89245472231e-05, 1.08014392026e-05, 2.08458841371e-05, 2.67076411546e-05, 3.63634098903e-05, 3.11048861477e-05, 6.50621223031e-06, 2.63894600616e-10],
        "min": [1.36292810371e-10, 4.46215508987e-09, 1.106585934e-09, 1.2992381393e-08, 1.81233616559e-07, 2.70302802363e-08, 1.83464493375e-07, 2.01818522783e-07, 2.56546179855e-08, 8.10196532086e-09, 1.02695105753e-08, 1.15523963728e-08, 1.18577334618e-08, 1.26317276639e-08, 5.50658940668e-09, 2.95716500176e-08, 3.06303959974e-08, 2.16911377748e-08, 3.13468540014e-08, 2.50497276255e-08, 9.88092896392e-09, 2.81099166166e-09, 1.66699489768e-08, 2.8845128508e-09, 1.16875016332e-08, 6.35805158522e-11, 8.55687222467e-12],
        "var": [1.14081631182e-05, 0.000599163002335, 8.10771744e-05, 1.50415080498e-05, 1.63504410011e-05, 7.04825015418e-06, 1.63990735018e-05, 2.86146751023e-05, 5.24919551026e-06, 6.20902028459e-06, 1.32497734739e-06, 9.78841762844e-06, 8.48562990541e-07, 2.99660968039e-07, 1.89065531231e-07, 1.17879963568e-07, 2.49560287102e-07, 3.25850891159e-07, 4.50808556707e-07, 3.20985151347e-07, 1.7469778868e-06, 3.27917450704e-06, 2.64285318963e-07, 1.30121989628e-07, 1.80519734272e-07, 7.83577203123e-09, 4.51519450626e-14]
    },
    "erbbands": {
        "dmean": [0.265377610922, 1.24311327934, 2.66719341278, 3.9395468235, 4.82918787003, 7.83887481689, 6.16273212433, 12.7856760025, 22.3273715973, 32.910697937, 34.83776474, 13.6329545975, 18.2746086121, 8.07201385498, 13.466094017, 30.6773738861, 17.8304824829, 9.37985706329, 8.07918834686, 9.49967861176, 8.66192245483, 10.52850914, 11.3159475327, 12.7532243729, 12.0407190323, 11.8495969772, 11.1984186172, 41.3202018738, 39.825252533, 16.3644809723, 6.63207244873, 4.44732761383, 2.52768850327, 1.93479859829, 0.980405986309, 0.266022950411, 0.0390815101564, 0.00195062893908, 6.61516241962e-05, 2.15831350943e-05],
        "dmean2": [0.374029844999, 1.92666423321, 4.71387195587, 7.18767118454, 7.45120000839, 12.6935014725, 10.092051506, 19.7576770782, 34.5649871826, 49.0973434448, 53.6466331482, 22.3227977753, 25.9283981323, 13.0327796936, 21.2758731842, 48.5766868591, 30.3646430969, 15.9184713364, 13.5738916397, 15.9640798569, 14.100851059, 16.9442157745, 19.2992458344, 21.4989299774, 19.6981258392, 19.5830345154, 19.3126525879, 73.9547195435, 70.9255599976, 28.4097595215, 11.0247077942, 7.17498826981, 4.01346635818, 3.01577019691, 1.51357805729, 0.427482753992, 0.0632869675756, 0.00322066154331, 0.000106839026557, 3.33145799232e-05],
        "dvar": [0.434244155884, 12.9089136124, 122.658088684, 219.160064697, 90.512046814, 246.80456543, 123.745948792, 583.00793457, 2180.43823242, 5183.53808594, 6535.76953125, 1341.84594727, 1828.61779785, 348.435638428, 1265.70263672, 7660.88378906, 2445.46655273, 870.141906738, 370.275421143, 442.854431152, 406.389282227, 655.966430664, 1139.25073242, 2008.69104004, 792.861022949, 676.954345703, 642.234130859, 10330.4863281, 9339.38085938, 1285.15612793, 175.785186768, 69.7918701172, 21.5547466278, 20.2677631378, 6.14001512527, 0.512020647526, 0.00708256335929, 1.65641449712e-05, 1.65463660551e-08, 9.29182064624e-10],
        "dvar2": [0.886536419392, 31.6761322021, 338.931732178, 623.905639648, 178.839508057, 607.87701416, 286.7706604, 1321.24084473, 4935.05322266, 10335.6337891, 14631.3154297, 3047.23461914, 3107.64086914, 809.401733398, 2805.49511719, 16035.4931641, 6370.765625, 2123.82543945, 967.87713623, 1089.79699707, 939.457763672, 1523.28369141, 2895.52099609, 5452.31103516, 2014.9276123, 1694.88269043, 1668.92468262, 27653.3789062, 25182.6992188, 3417.01123047, 448.522064209, 166.553451538, 49.4516792297, 42.7570800781, 13.5513925552, 1.29807639122, 0.0177273452282, 4.30281834269e-05, 4.20276968782e-08, 2.14701767476e-09],
        "max": [6.78768920898, 33.8907623291, 95.0035018921, 130.252990723, 83.6175308228, 154.337402344, 99.6800537109, 242.150970459, 576.753479004, 787.529663086, 986.030456543, 576.547058105, 762.751281738, 319.128356934, 754.710021973, 1102.47570801, 389.921783447, 405.268341064, 314.162689209, 175.598571777, 160.222518921, 198.238204956, 312.378692627, 419.045532227, 286.877502441, 367.683502197, 161.804855347, 647.12121582, 485.405761719, 190.950927734, 117.99822998, 96.017364502, 49.3162879944, 50.6744842529, 27.0429897308, 9.02023220062, 0.725408732891, 0.0327517725527, 0.00112164404709, 0.000261914188741],
        "mean": [1.13719415665, 2.71969747543, 2.38325047493, 4.11404275894, 6.61481761932, 10.1893625259, 7.18827962875, 16.0071849823, 23.6545238495, 39.0514411926, 53.8229904175, 16.5393657684, 35.8202133179, 11.8024244308, 20.5563182831, 54.2722053528, 18.2118988037, 8.97085475922, 8.47409915924, 8.32665729523, 8.31211948395, 9.77498435974, 9.41227436066, 10.7719192505, 11.0135831833, 10.3941888809, 8.27120399475, 27.2403507233, 26.3719520569, 12.094745636, 5.82196760178, 4.51915645599, 2.7771692276, 2.08928871155, 1.09970259666, 0.292902678251, 0.0400300472975, 0.00190647167619, 8.49334755912e-05, 5.71051205043e-05],
        "median": [0.700345337391, 1.79454040527, 0.551206707954, 1.07352983952, 2.62013888359, 2.4709353447, 2.63880634308, 5.18390369415, 7.46428918839, 6.49274921417, 4.27474403381, 2.11975169182, 1.64975547791, 1.0631557703, 1.43180918694, 1.12374985218, 1.18304336071, 2.03720021248, 1.82079339027, 1.00294411182, 1.47259569168, 1.59259748459, 1.09179580212, 0.968358576298, 1.9380171299, 1.39915788174, 0.679670751095, 0.463080823421, 0.700663387775, 0.914218664169, 0.7867410779, 0.546380460262, 0.644192695618, 0.353638738394, 0.19910787046, 0.0456151403487, 0.00938114710152, 0.000471435021609, 3.8401765778e-05, 4.80360577058e-05],
        "min": [5.4040839359e-08, 1.28426256651e-06, 1.21796538224e-05, 3.03729993902e-05, 0.000192338353372, 0.00040553699364, 0.00144488958176, 0.000483267795062, 0.0103240022436, 0.00243041664362, 0.00413313461468, 0.000773185747676, 0.000238173015532, 0.000238234861172, 0.000529953918885, 0.000665786559694, 0.000523313879967, 0.000472667743452, 0.000380606856197, 0.000847042247187, 0.00214015948586, 0.00191227067262, 0.00187443313189, 0.002862744499, 0.00116036541294, 0.00108984403778, 0.000510930723976, 0.000529593904503, 0.000900842191186, 0.000717319664545, 0.000380132667487, 8.77643833519e-05, 0.000168866507011, 0.000137913346407, 6.44133106107e-05, 1.19907363114e-05, 1.28317560666e-06, 4.59652298446e-08, 8.1533233498e-09, 9.19196185833e-09],
        "var": [1.54854106903, 17.5588912964, 84.3095245361, 168.669433594, 128.716461182, 354.682525635, 151.779632568, 825.10760498, 2454.94726562, 7512.42138672, 15053.5, 1775.0324707, 9700.609375, 620.108459473, 2755.87255859, 23325.0039062, 2250.15527344, 804.657714844, 341.825195312, 416.772338867, 419.24609375, 650.528015137, 898.556274414, 1465.67626953, 707.015258789, 641.132385254, 478.655273438, 6925.49121094, 6210.42626953, 920.071838379, 152.832458496, 83.6454391479, 27.7828636169, 26.0614356995, 8.30117511749, 0.57496213913, 0.00774210132658, 1.59983719641e-05, 1.76776211447e-08, 2.0636363729e-09]
    },
    "gfcc": {
        "mean": [-43.8586120605, 85.3739471436, -77.2140884399, 46.4544525146, -64.6280899048, 23.3723545074, -41.0619773865, 17.7571277618, -15.6520671844, 10.9040155411, -3.51133513451, 2.64662194252, -6.27005386353],
        "cov": [[7047.25634766, -383.105895996, -1274.79284668, -81.0756988525, -435.94039917, 268.98248291, 487.427490234, 142.737640381, -17.9869804382, 148.603668213, -242.727996826, 106.858276367, -38.1744194031], [-383.105895996, 2810.04663086, 155.471405029, -908.264587402, 475.236297607, 138.108093262, 534.803710938, 39.8497276306, 151.876647949, -175.424713135, 409.959960938, -105.223716736, 61.1773223877], [-1274.79284668, 155.471405029, 1713.27124023, 746.202331543, 401.775482178, 280.468536377, -60.9011116028, 14.7483177185, 80.3954772949, 141.326660156, 60.0774421692, 117.900253296, 129.67729187], [-81.0756988525, -908.264587402, 746.202331543, 1388.90576172, 230.256790161, 60.1254119873, -157.046081543, -78.4689941406, 70.6467208862, 130.58821106, -143.478713989, 171.303848267, 179.1509552], [-435.94039917, 475.236297607, 401.775482178, 230.256790161, 612.282287598, 179.093795776, 81.1744842529, 82.92527771, 99.6028594971, 79.3723144531, 135.589553833, 26.2625617981, 83.6897583008], [268.98248291, 138.108093262, 280.468536377, 60.1254119873, 179.093795776, 470.61807251, 315.357086182, 68.220954895, 34.2165718079, 57.8530921936, 79.5925674438, 20.140832901, 11.3731870651], [487.427490234, 534.803710938, -60.9011116028, -157.046081543, 81.1744842529, 315.357086182, 674.545837402, 93.1778869629, -23.6309089661, -68.6302261353, 125.742477417, 34.5971832275, -5.418156147], [142.737640381, 39.8497276306, 14.7483177185, -78.4689941406, 82.92527771, 68.220954895, 93.1778869629, 227.913970947, 42.2510414124, 27.4885654449, 74.8127441406, -13.2118444443, -5.71420526505], [-17.9869804382, 151.876647949, 80.3954772949, 70.6467208862, 99.6028594971, 34.2165718079, -23.6309089661, 42.2510414124, 208.636032104, 85.2581710815, 30.3358535767, -21.309715271, 37.3492889404], [148.603668213, -175.424713135, 141.326660156, 130.58821106, 79.3723144531, 57.8530921936, -68.6302261353, 27.4885654449, 85.2581710815, 207.663040161, 2.41407155991, -2.62974834442, 15.3498268127], [-242.727996826, 409.959960938, 60.0774421692, -143.478713989, 135.589553833, 79.5925674438, 125.742477417, 74.8127441406, 30.3358535767, 2.41407155991, 204.203155518, -27.0109329224, 4.44165372849], [106.858276367, -105.223716736, 117.900253296, 171.303848267, 26.2625617981, 20.140832901, 34.5971832275, -13.2118444443, -21.309715271, -2.62974834442, -27.0109329224, 151.111694336, 45.398639679], [-38.1744194031, 61.1773223877, 129.67729187, 179.1509552, 83.6897583008, 11.3731870651, -5.418156147, -5.71420526505, 37.3492889404, 15.3498268127, 4.44165372849, 45.398639679, 113.548942566]],
        "icov": [[0.000265620445134, -0.000256882980466, 0.000365729152691, -0.000300479412545, 0.000338282698067, -0.000382373807952, 5.20431822224e-05, -0.000436055735918, 0.000260824686848, -0.000541794928722, 0.000490241218358, -0.000296502839774, 0.000140434509376], [-0.000256882980466, 0.00180661119521, -0.000973861373495, 0.00172092148568, -0.00148460408673, 0.00131506018806, -0.00128653040156, 0.00176049664151, -0.00164819136262, 0.00165681459475, -0.00144941743929, 0.000803680275567, -0.00161947170272], [0.000365729152691, -0.000973861373495, 0.00173253705725, -0.00139759201556, 0.00068796146661, -0.00153132167179, 0.000982348108664, -0.00110537698492, 0.00100583245512, -0.00123277166858, 0.000565387425013, -0.000929070520215, 0.000696781266015], [-0.000300479412545, 0.00172092148568, -0.00139759201556, 0.00305914436467, -0.00174047134351, 0.00134134362452, -0.00114911841229, 0.00192900188267, -0.00163889769465, 0.00123369134963, -0.000309684750391, 0.000147738028318, -0.00274261180311], [0.000338282698067, -0.00148460408673, 0.00068796146661, -0.00174047134351, 0.00394389173016, -0.00172519183252, 0.00112645886838, -0.00191209593322, 0.000932893715799, -0.00168555788696, -0.000207094140933, -0.000750166596845, 0.000326495734043], [-0.000382373807952, 0.00131506018806, -0.00153132167179, 0.00134134362452, -0.00172519183252, 0.00535975163803, -0.00298760714941, 0.00139815825969, -0.00124543579295, 0.000153181303176, -0.00098177860491, 0.00106607028283, -0.000540922803339], [5.20431822224e-05, -0.00128653040156, 0.000982348108664, -0.00114911841229, 0.00112645886838, -0.00298760714941, 0.00398134859279, -0.00163547915872, 0.00128304481041, 0.00023988034809, -0.000297365855658, -0.00145189010072, 0.00111611757893], [-0.000436055735918, 0.00176049664151, -0.00110537698492, 0.00192900188267, -0.00191209593322, 0.00139815825969, -0.00163547915872, 0.00727923354134, -0.00237520853989, 0.00126283359714, -0.00284010195173, 0.000824518618174, -0.000926675274968], [0.000260824686848, -0.00164819136262, 0.00100583245512, -0.00163889769465, 0.000932893715799, -0.00124543579295, 0.00128304481041, -0.00237520853989, 0.00817404035479, -0.00380997313187, 0.00106119085103, 0.000735051871743, -0.000717404240277], [-0.000541794928722, 0.00165681459475, -0.00123277166858, 0.00123369134963, -0.00168555788696, 0.000153181303176, 0.00023988034809, 0.00126283359714, -0.00380997313187, 0.00881537329406, -0.00169833377004, 0.000904433487449, -0.000545055023395], [0.000490241218358, -0.00144941743929, 0.000565387425013, -0.000309684750391, -0.000207094140933, -0.00098177860491, -0.000297365855658, -0.00284010195173, 0.00106119085103, -0.00169833377004, 0.00964670907706, 0.000305910711177, 0.000263368390733], [-0.000296502839774, 0.000803680275567, -0.000929070520215, 0.000147738028318, -0.000750166596845, 0.00106607028283, -0.00145189010072, 0.000824518618174, 0.000735051871743, 0.000904433487449, 0.000305910711177, 0.0095578180626, -0.0034837804269], [0.000140434509376, -0.00161947170272, 0.000696781266015, -0.00274261180311, 0.000326495734043, -0.000540922803339, 0.00111611757893, -0.000926675274968, -0.000717404240277, -0.000545055023395, 0.000263368390733, -0.0034837804269, 0.0147702889517]]
    },
    "melbands": {
        "dmean": [0.00200266134925, 0.00123938301113, 0.000660493562464, 0.000444113917183, 0.000252935366007, 0.000282080465695, 0.000341134960763, 0.000371635367628, 0.000271762080956, 7.95201485744e-05, 9.16176577448e-05, 3.25114306179e-05, 4.58174181404e-05, 6.62092206767e-05, 7.21004762454e-05, 2.66818406089e-05, 1.73315675056e-05, 1.20955764942e-05, 1.52153970703e-05, 1.19546157293e-05, 1.00026118162e-05, 1.13333408081e-05, 9.85010410659e-06, 1.12827365228e-05, 1.04029204522e-05, 9.43111081142e-06, 8.9725235739e-06, 7.59817294238e-06, 6.17156047156e-06, 1.10484779725e-05, 2.66976967396e-05, 2.54714741459e-05, 1.34811380121e-05, 7.34275772629e-06, 3.58484658136e-06, 3.22843789036e-06, 2.68675944426e-06, 1.86016654879e-06, 1.70504074504e-06, 1.69200006894e-06],
        "dmean2": [0.0029559105169, 0.00186849827878, 0.00106680206954, 0.000696329458151, 0.000413512374507, 0.000439930852735, 0.000521487207152, 0.000554596481379, 0.000419478456024, 0.000131105611217, 0.000130493775941, 5.30754878127e-05, 7.39974129829e-05, 9.91643100861e-05, 0.000119277006888, 4.63143733214e-05, 2.94937290164e-05, 2.03687905014e-05, 2.55648028542e-05, 1.99571568373e-05, 1.63229105965e-05, 1.84217515198e-05, 1.58876318892e-05, 1.93751620827e-05, 1.76786506927e-05, 1.56178557518e-05, 1.47696473505e-05, 1.26814175019e-05, 1.06667775981e-05, 1.94385320356e-05, 4.78380206914e-05, 4.57905007352e-05, 2.31504855037e-05, 1.28199590108e-05, 5.94713355895e-06, 5.31403793502e-06, 4.36300388174e-06, 3.03332922158e-06, 2.70360328614e-06, 2.65665130428e-06],
        "dvar": [2.59463504335e-05, 1.7033162294e-05, 4.75596152683e-06, 6.06791104474e-07, 2.04875220788e-07, 2.85380167497e-07, 4.56354086964e-07, 6.96234565112e-07, 4.5200289378e-07, 4.34481286504e-08, 4.5635577095e-08, 5.91643845027e-09, 1.36968916209e-08, 3.92129742011e-08, 3.62504657403e-08, 5.66947155889e-09, 3.86122689378e-09, 8.57067306015e-10, 1.52726875591e-09, 7.72825359263e-10, 5.69831459796e-10, 8.18319467744e-10, 5.51125256543e-10, 1.6317251994e-09, 1.38290467966e-09, 6.91597445979e-10, 5.13702524962e-10, 2.97143754047e-10, 2.09925424266e-10, 6.88597567855e-10, 4.32394653416e-09, 3.9942489316e-09, 8.99369634322e-10, 2.53201209999e-10, 5.16918591265e-11, 4.04495603679e-11, 2.77545226385e-11, 1.19548156097e-11, 1.25584039695e-11, 1.80357118129e-11],
        "dvar2": [6.0707105149e-05, 3.93781447201e-05, 1.23494237414e-05, 1.39769610996e-06, 4.76609415045e-07, 6.4247882392e-07, 9.47462297063e-07, 1.44910791278e-06, 9.77104150479e-07, 1.03136976293e-07, 7.8069525955e-08, 1.36651694405e-08, 3.18169739444e-08, 8.09121161183e-08, 8.4460239691e-08, 1.51556172057e-08, 9.37861965866e-09, 2.18644391481e-09, 3.94297705597e-09, 1.87181981026e-09, 1.29633614954e-09, 1.9069394952e-09, 1.30180477509e-09, 4.35721769776e-09, 3.7824063881e-09, 1.83892645556e-09, 1.29094301915e-09, 7.58207552298e-10, 5.44351619336e-10, 1.8228177856e-09, 1.15857217153e-08, 1.08645901165e-08, 2.35287966888e-09, 6.81340928121e-10, 1.3214652983e-10, 9.86388748458e-11, 6.71072503122e-11, 2.82501903814e-11, 2.94347879404e-11, 3.77441550237e-11],
        "max": [0.0485215447843, 0.0368309691548, 0.0198275186121, 0.00704329553992, 0.00422739610076, 0.00577909033746, 0.00769617687911, 0.0108403442428, 0.00996982492507, 0.00301918038167, 0.0038908009883, 0.00123398052529, 0.00193091959227, 0.00255226716399, 0.0028720444534, 0.000550836382899, 0.000929454632569, 0.000433906010585, 0.000509302772116, 0.000214305851841, 0.000189418104128, 0.000229763463722, 0.000253350182902, 0.000399891840061, 0.000352959526936, 0.000256440922385, 0.000491292448714, 0.000178989430424, 0.00010125830886, 0.000153589251568, 0.00041733685066, 0.000333931093337, 0.000165087520145, 9.22451072256e-05, 6.07862712059e-05, 7.02983161318e-05, 5.78892359044e-05, 3.64812476619e-05, 4.10246902902e-05, 4.49108010798e-05],
        "mean": [0.0076676919125, 0.00194949214347, 0.000774812535383, 0.000617407436948, 0.000308791117277, 0.000350656744558, 0.000369481393136, 0.000444446894107, 0.000410897773691, 8.60652362462e-05, 0.00017710449174, 4.21786789957e-05, 6.55906042084e-05, 0.000112805049866, 9.8395626992e-05, 2.29921788559e-05, 1.61437274073e-05, 1.32659515657e-05, 1.28216743178e-05, 1.02079729913e-05, 9.74246995611e-06, 1.03389947981e-05, 8.84747441887e-06, 8.55636153574e-06, 8.69258474268e-06, 8.25851657282e-06, 8.07576634543e-06, 6.49115781926e-06, 4.57586020275e-06, 7.61325145504e-06, 1.74925007741e-05, 1.64220964507e-05, 9.76617957349e-06, 5.45228840565e-06, 3.13149894282e-06, 3.0329913443e-06, 2.69041493084e-06, 1.93683990801e-06, 1.82648739155e-06, 1.75257173396e-06],
        "median": [0.00563409971073, 0.000853537640069, 0.000213298902963, 0.000242048641667, 9.82459096122e-05, 0.000121917764773, 0.000107746353024, 6.43228704575e-05, 2.41492052737e-05, 9.1735373644e-06, 7.63096250012e-06, 3.67669781554e-06, 4.40444227934e-06, 3.14719181915e-06, 2.66205256594e-06, 1.93779055735e-06, 2.85153100776e-06, 2.64757909463e-06, 1.24182759009e-06, 1.08839947188e-06, 1.58042257681e-06, 1.60070078437e-06, 9.80013055596e-07, 6.7483716748e-07, 5.21535866937e-07, 9.35750335884e-07, 1.18536343052e-06, 7.95041046331e-07, 3.49214900552e-07, 2.39219502873e-07, 2.10263891631e-07, 3.256743355e-07, 4.69629299005e-07, 4.972480383e-07, 4.5881256483e-07, 2.91287392429e-07, 3.27034996417e-07, 3.63427545835e-07, 4.18520528456e-07, 2.04534174486e-07],
        "min": [7.55639217864e-10, 2.68015742932e-09, 5.55120882595e-09, 2.02965306784e-08, 6.04292722528e-08, 7.51560058632e-09, 1.76137760377e-07, 3.23239675026e-08, 2.74214801976e-08, 3.26617111135e-09, 9.20282738903e-10, 7.59247054116e-10, 1.51078938249e-09, 2.68411204374e-09, 1.30170518808e-09, 9.3959862113e-10, 7.33080929294e-10, 5.10096132e-10, 5.88463111573e-10, 1.61329472004e-09, 2.21089790919e-09, 1.24056276363e-09, 1.56185897549e-09, 5.31633403966e-10, 7.08621883394e-10, 6.0207955288e-10, 1.05582209642e-09, 6.42255248984e-10, 1.30549085431e-10, 1.93921857738e-11, 1.48052707247e-12, 5.72762566542e-11, 2.61568433579e-10, 3.6665850911e-10, 2.35302805018e-10, 7.78033540372e-11, 1.00247058918e-11, 4.56382986957e-11, 1.84477910378e-12, 1.19846320368e-11],
