{
"highlevel": {
    "danceability": {
        "all": {
            "danceable": 1.12178659037e-05,
            "not_danceable": 0.999988794327
        },
        "probability": 0.999988794327,
        "value": "not_danceable"
    },
    "gender": {
        "all": {
            "female": 0.125979438424,
            "male": 0.874020576477
        },
        "probability": 0.874020576477,
        "value": "male"
    },
    "genre_dortmund": {
        "all": {
            "alternative": 0.361324965954,
            "blues": 0.0321515239775,
            "electronic": 0.00426329253241,
            "folkcountry": 0.0472089163959,
            "funksoulrnb": 0.00247289356776,
            "jazz": 0.00280795316212,
            "pop": 0.0266813784838,
            "raphiphop": 0.00012398470426,
            "rock": 0.522965073586
        },
        "probability": 0.522965073586,
        "value": "rock"
    },
    "genre_electronic": {
        "all": {
            "ambient": 0.501897931099,
            "dnb": 0.0951352566481,
            "house": 0.0201660357416,
            "techno": 0.00690956553444,
            "trance": 0.375891208649
        },
        "probability": 0.501897931099,
        "value": "ambient"
    },
    "genre_rosamerica": {
        "all": {
            "cla": 0.00132854399271,
            "dan": 0.000175953653525,
            "hip": 2.74443009403e-05,
            "jaz": 0.00020100826805,
            "pop": 0.00242188782431,
            "rhy": 0.000141907774378,
            "roc": 0.995613336563,
            "spe": 8.98989092093e-05
        },
        "probability": 0.995613336563,
        "value": "roc"
    },
    "genre_tzanetakis": {
        "all": {
            "blu": 0.0626613423228,
            "cla": 0.0348169617355,
            "cou": 0.104475811124,
            "dis": 0.0784321576357,
            "hip": 0.15692435205,
            "jaz": 0.313974827528,
            "met": 0.0448166541755,
            "pop": 0.0627359300852,
            "reg": 0.0627360641956,
            "roc": 0.0784258767962
        },
        "probability": 0.313974827528,
        "value": "jaz"
    },
    "ismir04_rhythm": {
        "all": {
            "ChaChaCha": 0.00404934445396,
            "Jive": 0.683335781097,
            "Quickstep": 0.00250963889994,
            "Rumba-American": 0.0018564471975,
            "Rumba-International": 0.00632785540074,
            "Rumba-Misc": 0.00282398029231,
            "Samba": 0.00517676118761,
            "Tango": 0.0219538193196,
            "VienneseWaltz": 0.265665024519,
            "Waltz": 0.00630134018138
        },
        "probability": 0.683335781097,
        "value": "Jive"
    },
    "mood_acoustic": {
        "all": {
            "acoustic": 0.009740954265,
            "not_acoustic": 0.990259051323
        },
        "probability": 0.990259051323,
        "value": "not_acoustic"
    },
    "mood_aggressive": {
        "all": {
            "aggressive": 0.948023378849,
            "not_aggressive": 0.0519766323268
        },
        "probability": 0.948023378849,
        "value": "aggressive"
    },
    "mood_electronic": {
        "all": {
            "electronic": 0.0277552697808,
            "not_electronic": 0.972244739532
        },
        "probability": 0.972244739532,
        "value": "not_electronic"
    },
    "mood_happy": {
        "all": {
            "happy": 0.589711070061,
            "not_happy": 0.410288900137
        },
        "probability": 0.589711070061,
        "value": "happy"
    },
    "mood_party": {
        "all": {
            "not_party": 0.707614481449,
            "party": 0.292385518551
        },
        "probability": 0.707614481449,
        "value": "not_party"
    },
    "mood_relaxed": {
        "all": {
            "not_relaxed": 0.897013247013,
            "relaxed": 0.102986752987
        },
        "probability": 0.897013247013,
        "value": "not_relaxed"
    },
    "mood_sad": {
        "all": {
            "not_sad": 0.781577527523,
            "sad": 0.218422472477
        },
        "probability": 0.781577527523,
        "value": "not_sad"
    },
    "moods_mirex": {
        "all": {
            "Cluster1": 0.29599454999,
            "Cluster2": 0.0471313074231,
            "Cluster3": 0.227989196777,
            "Cluster4": 0.0388688668609,
            "Cluster5": 0.390016078949
        },
        "probability": 0.390016078949,
        "value": "Cluster5"
    },
    "timbre": {
        "all": {
            "bright": 0.991048693657,
            "dark": 0.00895133148879
        },
        "probability": 0.991048693657,
        "value": "bright"
    },
    "tonal_atonal": {
        "all": {
            "atonal": 0.000359671481419,
            "tonal": 0.999640345573
        },
        "probability": 0.999640345573,
        "value": "tonal"
    },
    "voice_instrumental": {
        "all": {
            "instrumental": 0.00342049403116,
            "voice": 0.996579527855
        },
        "probability": 0.996579527855,
        "value": "voice"
    }
},
"lowlevel": {
    "average_loudness": 0.985245704651,
    "barkbands_crest": {
        "dmean": 2.00189995766,
        "dmean2": 3.39025592804,
        "dvar": 3.76020288467,
        "dvar2": 10.8403501511,
        "max": 17.9632492065,
        "mean": 7.32113933563,
        "median": 6.77169132233,
        "min": 2.88187289238,
        "var": 6.15723657608
    },
    "barkbands_flatness_db": {
        "dmean": 0.013829072006,
        "dmean2": 0.022143824026,
        "dvar": 0.000158441340318,
        "dvar2": 0.000430149375461,
        "max": 0.21638995409,
        "mean": 0.130037337542,
        "median": 0.129603609443,
        "min": 0.0669112503529,
        "var": 0.000415011279983
    },
    "barkbands_kurtosis": {
        "dmean": 0.787330269814,
        "dmean2": 1.31202971935,
        "dvar": 1.65837049484,
        "dvar2": 4.63204908371,
        "max": 16.2886562347,
        "mean": -0.123514950275,
        "median": -0.426542043686,
        "min": -1.70768737793,
        "var": 1.82084000111
    },
    "barkbands_skewness": {
        "dmean": 0.345340818167,
        "dmean2": 0.553065776825,
        "dvar": 0.129333183169,
        "dvar2": 0.353019744158,
        "max": 3.98269748688,
        "mean": 0.732023000717,
        "median": 0.680711865425,
        "min": -0.687964975834,
        "var": 0.314487427473
    },
    "barkbands_spread": {
        "dmean": 4.06512975693,
        "dmean2": 6.28950071335,
        "dvar": 14.9811506271,
        "dvar2": 35.8432159424,
        "max": 68.0282058716,
        "mean": 27.5251026154,
        "median": 27.1806221008,
        "min": 10.9853096008,
        "var": 49.1202735901
    },
    "dissonance": {
        "dmean": 0.0137285003439,
        "dmean2": 0.0232207477093,
        "dvar": 0.000157116737682,
        "dvar2": 0.000434904795839,
        "max": 0.499836802483,
        "mean": 0.472784608603,
        "median": 0.476035147905,
        "min": 0.388362705708,
        "var": 0.00028230441967
    },
    "dynamic_complexity": 1.09780073166,
    "erbbands_crest": {
        "dmean": 2.38514780998,
        "dmean2": 3.85581183434,
        "dvar": 4.63210582733,
        "dvar2": 11.3987150192,
        "max": 22.0671272278,
        "mean": 8.6507396698,
        "median": 7.84926891327,
        "min": 2.75382494926,
        "var": 12.204117775
    },
    "erbbands_flatness_db": {
        "dmean": 0.0121214482933,
        "dmean2": 0.0182699542493,
        "dvar": 0.000115120768896,
        "dvar2": 0.000243983231485,
        "max": 0.239958807826,
        "mean": 0.173360213637,
        "median": 0.175015479326,
        "min": 0.0937206745148,
        "var": 0.000492048449814
    },
    "erbbands_kurtosis": {
        "dmean": 0.560641288757,
        "dmean2": 0.890380263329,
        "dvar": 0.310532569885,
        "dvar2": 0.829080462456,
        "max": 5.96959972382,
        "mean": 0.0381862893701,
        "median": -0.142619609833,
        "min": -1.49340283871,
        "var": 0.809927642345
    },
    "erbbands_skewness": {
        "dmean": 0.275776296854,
        "dmean2": 0.426565825939,
        "dvar": 0.0602295920253,
        "dvar2": 0.141934350133,
        "max": 1.27263569832,
        "mean": -0.233673617244,
        "median": -0.254018574953,
        "min": -2.1678507328,
        "var": 0.242234393954
    },
    "erbbands_spread": {
        "dmean": 5.4209189415,
        "dmean2": 8.52134132385,
        "dvar": 28.3266563416,
        "dvar2": 68.4110870361,
        "max": 80.236038208,
        "mean": 31.193145752,
        "median": 30.2425346375,
        "min": 10.9604263306,
        "var": 106.850868225
    },
    "hfc": {
        "dmean": 5.89056682587,
        "dmean2": 8.86683082581,
        "dvar": 36.6084289551,
        "dvar2": 71.8431930542,
        "max": 73.926399231,
        "mean": 33.3700370789,
        "median": 33.9557762146,
        "min": 7.02222013474,
        "var": 141.031738281
    },
    "melbands_crest": {
        "dmean": 2.8958170414,
        "dmean2": 4.91463851929,
        "dvar": 8.82843017578,
        "dvar2": 24.6206607819,
        "max": 26.5546836853,
        "mean": 12.1419553757,
        "median": 11.5889863968,
        "min": 4.52799892426,
        "var": 15.4296674728
    },
    "melbands_flatness_db": {
        "dmean": 0.0173704512417,
        "dmean2": 0.0279963240027,
        "dvar": 0.000328559544869,
        "dvar2": 0.0009020708967,
        "max": 0.290730595589,
        "mean": 0.165444016457,
        "median": 0.162293210626,
        "min": 0.0947431698442,
        "var": 0.000847236660775
    },
    "melbands_kurtosis": {
        "dmean": 2.59190535545,
        "dmean2": 4.31378936768,
        "dvar": 21.1242961884,
        "dvar2": 58.7511367798,
        "max": 76.2313461304,
        "mean": 3.66076278687,
        "median": 2.27926015854,
        "min": -1.32049322128,
        "var": 26.3517951965
    },
    "melbands_skewness": {
        "dmean": 0.496598243713,
        "dmean2": 0.7977835536,
        "dvar": 0.305931806564,
        "dvar2": 0.824270963669,
        "max": 7.69542646408,
        "mean": 1.72272908688,
        "median": 1.62077081203,
        "min": -0.112245492637,
        "var": 0.816857993603
    },
    "melbands_spread": {
        "dmean": 6.37069702148,
        "dmean2": 10.1637058258,
        "dvar": 36.2264976501,
        "dvar2": 96.625541687,
        "max": 80.7673873901,
        "mean": 32.5866317749,
        "median": 31.7767105103,
        "min": 6.09157800674,
        "var": 92.4429779053
    },
    "pitch_salience": {
        "dmean": 0.0610334910452,
        "dmean2": 0.10180182755,
        "dvar": 0.00333635206334,
        "dvar2": 0.00959335267544,
        "max": 0.772844910622,
        "mean": 0.546813607216,
        "median": 0.546206653118,
        "min": 0.211901828647,
        "var": 0.00560810929164
    },
    "silence_rate_20dB": {
        "dmean": 0,
        "dmean2": 0,
        "dvar": 0,
        "dvar2": 0,
        "max": 1,
        "mean": 1,
        "median": 1,
        "min": 1,
        "var": 0
    },
    "silence_rate_30dB": {
        "dmean": 0,
        "dmean2": 0,
        "dvar": 0,
        "dvar2": 0,
        "max": 1,
        "mean": 1,
        "median": 1,
        "min": 1,
        "var": 0
    },
    "silence_rate_60dB": {
        "dmean": 0,
        "dmean2": 0,
        "dvar": 0,
        "dvar2": 0,
        "max": 0,
        "mean": 0,
        "median": 0,
        "min": 0,
        "var": 0
    },
    "spectral_centroid": {
        "dmean": 184.471069336,
        "dmean2": 289.674224854,
        "dvar": 25566.5625,
        "dvar2": 62882.765625,
        "max": 2858.4440918,
        "mean": 1639.10302734,
        "median": 1639.58044434,
        "min": 869.277648926,
        "var": 91283.546875
    },
    "spectral_complexity": {
        "dmean": 3.82739949226,
        "dmean2": 6.04879951477,
        "dvar": 9.16140460968,
        "dvar2": 21.0594158173,
        "max": 59,
        "mean": 31.4702243805,
        "median": 31,
        "min": 12,
        "var": 29.8516139984
    },
    "spectral_decrease": {
        "dmean": 2.1403607775e-09,
        "dmean2": 3.57699159181e-09,
        "dvar": 6.70462105159e-18,
        "dvar2": 1.8278014781e-17,
        "max": -3.14727799378e-09,
        "mean": -9.36099109339e-09,
        "median": -9.16053011224e-09,
        "min": -2.52261180833e-08,
        "var": 9.01563588366e-18
    },
    "spectral_energy": {
        "dmean": 0.00844725500792,
        "dmean2": 0.0140105132014,
        "dvar": 9.83679201454e-05,
        "dvar2": 0.000265909882728,
        "max": 0.0972972735763,
        "mean": 0.0383572801948,
        "median": 0.037999432534,
        "min": 0.0127215571702,
        "var": 0.00014227302745
    },
    "spectral_energyband_high": {
        "dmean": 0.000245153583819,
        "dmean2": 0.000361921906006,
        "dvar": 1.65149288023e-07,
        "dvar2": 3.04249653027e-07,
        "max": 0.00764819001779,
        "mean": 0.000728035811335,
        "median": 0.000553180696443,
        "min": 0.000100116158137,
        "var": 3.75775101702e-07
    },
    "spectral_energyband_low": {
        "dmean": 0.00525569310412,
        "dmean2": 0.00922757945955,
        "dvar": 8.84458859218e-05,
        "dvar2": 0.000251685385592,
        "max": 0.0822520628572,
        "mean": 0.0116743827239,
        "median": 0.00940449815243,
        "min": 0.00102603225969,
        "var": 7.98230612418e-05
    },
    "spectral_energyband_middle_high": {
        "dmean": 0.00296439207159,
        "dmean2": 0.00442168163136,
        "dvar": 9.22924937186e-06,
        "dvar2": 1.96781311388e-05,
        "max": 0.0446436181664,
        "mean": 0.0126792723313,
        "median": 0.0112163946033,
        "min": 0.00159333844204,
        "var": 4.72998071928e-05
    },
    "spectral_energyband_middle_low": {
        "dmean": 0.00480305124074,
        "dmean2": 0.00785711314529,
        "dvar": 3.40909464285e-05,
        "dvar2": 8.49404823384e-05,
        "max": 0.053677931428,
        "mean": 0.0149081731215,
        "median": 0.0134271839634,
        "min": 0.00293976836838,
        "var": 5.69675139559e-05
    },
    "spectral_entropy": {
        "dmean": 0.079306229949,
        "dmean2": 0.119085632265,
        "dvar": 0.00557965645567,
        "dvar2": 0.0108243627474,
        "max": 8.36165809631,
        "mean": 7.65534877777,
        "median": 7.64737510681,
        "min": 7.23868131638,
        "var": 0.0237475205213
    },
    "spectral_flux": {
        "dmean": 0.0244691986591,
        "dmean2": 0.0392111502588,
        "dvar": 0.000558682018891,
        "dvar2": 0.00119898444973,
        "max": 0.228146001697,
        "mean": 0.101694956422,
        "median": 0.0948846191168,
        "min": 0.0381742753088,
        "var": 0.00123019434977
    },
    "spectral_kurtosis": {
        "dmean": 1.55121958256,
        "dmean2": 2.74133300781,
        "dvar": 1.77232086658,
        "dvar2": 5.21619176865,
        "max": 18.7661342621,
        "mean": 4.11384105682,
        "median": 3.89049386978,
        "min": -0.0423214435577,
        "var": 2.77816295624
    },
    "spectral_rms": {
        "dmean": 0.000652225746308,
        "dmean2": 0.00106461532414,
        "dvar": 4.87188231091e-07,
        "dvar2": 1.27337068534e-06,
        "max": 0.00974290352315,
        "mean": 0.00604690890759,
        "median": 0.00608872855082,
        "min": 0.00352296396159,
        "var": 8.56662154547e-07
    },
    "spectral_rolloff": {
        "dmean": 353.964202881,
        "dmean2": 588.369018555,
        "dvar": 177463.1875,
        "dvar2": 429141.875,
        "max": 7385.88867188,
        "mean": 1774.93017578,
        "median": 1765.72265625,
        "min": 107.666015625,
        "var": 358297.21875
    },
    "spectral_skewness": {
        "dmean": 0.186982363462,
        "dmean2": 0.323219537735,
        "dvar": 0.0253869369626,
        "dvar2": 0.0672885403037,
        "max": 3.33844995499,
        "mean": 1.27543234825,
        "median": 1.26407265663,
        "min": 0.473220020533,
        "var": 0.0591333471239
    },
    "spectral_spread": {
        "dmean": 264973.8125,
        "dmean2": 396645.34375,
        "dvar": 105992486912,
        "dvar2": 185750110208,
        "max": 8817795,
        "mean": 3361387,
        "median": 3223046,
        "min": 2487072.5,
        "var": 318401085440
    },
    "spectral_strongpeak": {
        "dmean": 0.832323849201,
        "dmean2": 1.48700392246,
        "dvar": 1.55881869793,
        "dvar2": 4.10227632523,
        "max": 8.89768791199,
        "mean": 1.29659426212,
        "median": 0.482308894396,
        "min": 0.0689432993531,
        "var": 2.18507385254
    },
    "zerocrossingrate": {
        "dmean": 0.00610124785453,
        "dmean2": 0.00763776246458,
        "dvar": 2.9592494684e-05,
        "dvar2": 4.39135073975e-05,
        "max": 0.14111328125,
        "mean": 0.0595839060843,
        "median": 0.05859375,
        "min": 0.01806640625,
        "var": 0.000171838924871
    },
    "barkbands": {
        "dmean": [0.000144340781844, 0.0032127534505, 0.00244922656566, 0.00211955816485, 0.00162979937159, 0.000978618860245, 0.000353627779987, 0.00108007655945, 0.00169551710133, 0.000882819236722, 0.000631240662187, 0.000647796958219, 0.000692186935339, 0.000721355201676, 0.000748120481148, 0.000746881298255, 0.000640015816316, 0.000359840254532, 0.000253703125054, 0.000174541288288, 9.34621639317e-05, 6.70503141009e-05, 4.82113428006e-05, 3.04874902213e-05, 1.67202342709e-05, 2.47947582466e-06, 7.04640612526e-09],
        "dmean2": [0.000225798139581, 0.00586542207748, 0.00408729258925, 0.00355146662332, 0.00268259458244, 0.00158651918173, 0.000555963197257, 0.00167348992545, 0.00255797384307, 0.00133327580988, 0.000907632464077, 0.00105057493784, 0.00108729628846, 0.00114663376007, 0.00117746961769, 0.00118984677829, 0.00102864438668, 0.000589392671827, 0.000393909402192, 0.000283697765553, 0.000150960288011, 0.00010294556705, 7.07972285454e-05, 4.39542018285e-05, 2.50752891588e-05, 3.90134073314e-06, 1.09097841872e-08],
        "dvar": [1.66701227045e-07, 4.13418638345e-05, 1.91237886611e-05, 1.55205761985e-05, 4.66631036034e-06, 1.56498970227e-06, 3.4566744489e-07, 5.63454432267e-06, 9.28629833652e-06, 3.09573783852e-06, 1.45858405176e-06, 8.21461810574e-07, 1.28188321469e-06, 1.74675801645e-06, 1.3423962173e-06, 8.95541347745e-07, 5.71852694975e-07, 1.47070181811e-07, 1.20434322071e-07, 3.59425129659e-08, 1.47441694409e-08, 1.13599432083e-08, 2.29612631131e-08, 6.62326016254e-09, 5.72747405059e-09, 3.04266091489e-11, 6.57629900446e-15],
        "dvar2": [4.13808351141e-07, 0.000125832724734, 5.31569276063e-05, 4.10565007769e-05, 1.30685921249e-05, 4.14752139477e-06, 9.01339660686e-07, 1.36439002745e-05, 2.05828036997e-05, 6.97872883393e-06, 2.69665019914e-06, 1.76591686341e-06, 2.73328328149e-06, 4.57396436104e-06, 2.96783468912e-06, 2.17302613237e-06, 1.51005053795e-06, 3.56196807161e-07, 2.34702085322e-07, 9.23305876199e-08, 3.61051881725e-08, 2.57828887129e-08, 4.72266528107e-08, 1.15984093441e-08, 1.40160913986e-08, 7.30865437615e-11, 6.88853779519e-15],
        "max": [0.00585425179452, 0.0557783544064, 0.0457405522466, 0.0314025916159, 0.0214041750878, 0.0120169408619, 0.0100451987237, 0.0335759334266, 0.0381141006947, 0.0291479900479, 0.0209106691182, 0.0148535994813, 0.0162862148136, 0.0190656296909, 0.0133134415373, 0.0096687041223, 0.0133935753256, 0.00512259174138, 0.00809233542532, 0.00251353322528, 0.001512850984, 0.00186737021431, 0.00294677633792, 0.00186898140237, 0.00214226590469, 9.52963237069e-05, 2.87260013465e-06],
        "mean": [0.00012078940199, 0.00520155625418, 0.00485857622698, 0.00288342591375, 0.00376515113749, 0.00216208561324, 0.000711301632691, 0.00168956222478, 0.00333671458066, 0.00197350187227, 0.00135850009974, 0.00123102904763, 0.0013212619815, 0.00113239919301, 0.00133621890564, 0.00145546637941, 0.00139056856278, 0.000815401959699, 0.000637325516436, 0.000418757670559, 0.000233891580137, 0.000153418601258, 8.33295343909e-05, 5.65590344195e-05, 2.63869078481e-05, 4.13712132286e-06, 5.8642255496e-09],
        "median": [1.02773637991e-05, 0.00417286437005, 0.00394852086902, 0.00159102049656, 0.00306009338237, 0.00166617927607, 0.00047485291725, 0.000737465044949, 0.00123353337403, 0.000636076903902, 0.000439070630819, 0.000780624512117, 0.000590245588683, 0.000590863346588, 0.000739114824682, 0.000999730546027, 0.00110250758007, 0.000642808096018, 0.000450154504506, 0.000348876492353, 0.000184783115401, 0.000103639344161, 3.86977699236e-05, 2.84942598228e-05, 1.34925494422e-05, 2.28476369557e-06, 9.08419395262e-10],
        "min": [7.42352455063e-08, 1.81002833415e-05, 6.51485606795e-05, 1.74995766429e-05, 9.29864982027e-05, 7.25880236132e-05, 2.7224114092e-05, 2.21410919039e-05, 1.34243946377e-05, 1.34918254844e-05, 6.95307790011e-06, 3.03847573377e-05, 1.85605385923e-05, 2.42865735345e-05, 6.2773222453e-05, 0.000109786837129, 0.000150560212205, 9.60894612945e-05, 6.84861661284e-05, 5.72391327296e-05, 3.65814339602e-05, 1.35021782626e-05, 4.31564194514e-06, 1.27920043269e-06, 4.34030113183e-07, 4.14357159695e-10, 7.11095895709e-12],
        "var": [1.47615139667e-07, 3.52764400304e-05, 2.05064407055e-05, 1.47305281644e-05, 8.18644457468e-06, 3.08576977659e-06, 7.01482861132e-07, 9.49816330831e-06, 2.17640354094e-05, 1.37183933475e-05, 6.73154909236e-06, 2.27197460845e-06, 3.62723790204e-06, 2.4730993573e-06, 2.94639426102e-06, 1.74780052475e-06, 1.13809016966e-06, 3.62386430197e-07, 4.97387873111e-07, 7.48216848478e-08, 2.85522734345e-08, 2.17236664213e-08, 3.42044259583e-08, 1.24911156973e-08, 5.41232925144e-09, 4.03177664865e-11, 6.53006244049e-15]
    },
    "erbbands": {
        "dmean": [0.0710157677531, 0.818705260754, 2.76388025284, 4.4967083931, 6.31303548813, 5.76905679703, 8.76062488556, 7.50335168839, 4.3108124733, 8.77112579346, 28.9646377563, 37.8672103882, 27.4146938324, 28.7229862213, 23.2304039001, 25.7464027405, 23.9104480743, 40.5428161621, 34.3437194824, 36.4439468384, 38.0840759277, 31.6909351349, 20.753534317, 11.7150707245, 13.2384490967, 7.34971427917, 4.38926362991, 3.19992280006, 2.58726143837, 1.6709446907, 1.39139866829, 0.828379333019, 0.433572262526, 0.248520493507, 0.0882741585374, 0.0203561782837, 0.00327692576684, 0.000206995624467, 8.69880477694e-06, 9.93660432869e-06],
        "dmean2": [0.130954787135, 1.47453784943, 4.64656591415, 7.53832054138, 10.626660347, 9.26390457153, 14.1941871643, 12.1000919342, 6.83031845093, 13.6475057602, 44.6793212891, 56.3509979248, 40.8082466125, 42.4880371094, 33.9130325317, 41.3249588013, 36.7978363037, 64.5369110107, 54.0024032593, 58.5613632202, 60.8833694458, 50.5739364624, 33.7782249451, 18.3219547272, 20.9168071747, 12.0995922089, 7.2626581192, 5.11020612717, 4.01828861237, 2.46335577965, 2.04716396332, 1.20921278, 0.645428419113, 0.373776584864, 0.133351325989, 0.0315090231597, 0.00534358294681, 0.000347516906913, 1.3288048649e-05, 1.62156356964e-05],
        "dvar": [0.0261673182249, 2.89787006378, 28.9085998535, 53.395904541, 143.869873047, 55.4587783813, 137.243301392, 132.526382446, 37.4779701233, 244.222015381, 3674.98535156, 6141.78808594, 2415.66552734, 3311.99755859, 1401.14587402, 1399.25036621, 1520.83911133, 5082.40869141, 3371.56811523, 2680.46044922, 2556.03710938, 1308.61608887, 528.259216309, 240.44241333, 286.980194092, 58.1938552856, 28.1530208588, 18.8012504578, 15.3618688583, 13.4092311859, 22.8837432861, 5.65467834473, 1.64826083183, 1.21143054962, 0.116588026285, 0.0038966727443, 4.62152638647e-05, 2.19419632685e-07, 3.23821552906e-10, 1.23965296361e-10],
        "dvar2": [0.0792569369078, 8.35181236267, 78.90574646, 141.827255249, 396.835845947, 148.891540527, 370.776184082, 356.901885986, 99.5044326782, 595.039550781, 8597.90234375, 13684.3056641, 5191.71435547, 6852.72412109, 2462.70043945, 3127.43310547, 3131.71191406, 13359.5449219, 7150.19042969, 5807.83447266, 6281.96533203, 3179.95288086, 1296.41662598, 489.47946167, 617.703063965, 150.928222656, 71.5667877197, 44.1385688782, 35.1317405701, 28.6182346344, 48.5464820862, 10.5830068588, 2.91665148735, 2.90218663216, 0.271700412035, 0.00981447473168, 0.000117964133096, 5.79709819704e-07, 6.00640870374e-10, 3.30774851953e-10],
        "max": [1.21640014648, 15.7828092575, 47.733707428, 55.8960914612, 130.757888794, 100.892601013, 124.400039673, 145.301834106, 109.251167297, 207.001922607, 860.532958984, 1114.24597168, 809.637145996, 1159.91040039, 599.41784668, 680.184631348, 642.502380371, 811.679260254, 769.585449219, 776.275756836, 611.261352539, 465.081756592, 352.144897461, 392.95690918, 256.300262451, 105.193847656, 67.9451370239, 54.7443504333, 59.9180297852, 62.1781196594, 91.6489334106, 39.9916725159, 36.5920181274, 31.1693191528, 9.5050611496, 1.57093262672, 0.083396345377, 0.00649498170242, 0.000457031303085, 0.000107566171209],
        "mean": [0.0774526521564, 1.42296350002, 5.61804771423, 7.853972435, 10.1916799545, 13.4527082443, 17.7487869263, 15.9737939835, 9.99346828461, 15.9216756821, 49.9677009583, 74.5311508179, 59.7369804382, 72.8509674072, 53.9733543396, 52.6867141724, 52.3303260803, 70.1655578613, 67.3638916016, 74.9531326294, 79.5916290283, 74.7890396118, 52.2809066772, 33.048992157, 32.8439178467, 19.6479225159, 10.9869804382, 7.84517240524, 5.96724081039, 3.38057398796, 2.30740094185, 1.41220641136, 0.815058946609, 0.392332285643, 0.137098804116, 0.0328787714243, 0.00528380135074, 0.000298374798149, 3.11125404551e-05, 4.72374413221e-05],
        "median": [0.0337750278413, 1.20345818996, 4.84001493454, 5.56911659241, 6.92986059189, 9.59911632538, 12.8065233231, 11.690788269, 8.00336837769, 9.46258544922, 21.1882705688, 27.5170097351, 32.0165557861, 25.6879901886, 28.8208122253, 32.1962661743, 27.3391895294, 34.5488357544, 34.6159248352, 50.8549613953, 58.6674575806, 60.7376594543, 43.7580718994, 24.5993537903, 24.2258415222, 16.6775817871, 9.01856231689, 5.83781194687, 4.10846614838, 1.97599923611, 1.01490867138, 0.63390827179, 0.429373621941, 0.205993950367, 0.0666228681803, 0.0176226664335, 0.0030367875006, 0.000147020458826, 2.7631627745e-05, 4.720963625e-05],
        "min": [0.000640496029519, 0.0139067946002, 0.119924008846, 0.441760450602, 0.193381682038, 0.40661907196, 0.686849832535, 0.875868558884, 0.821305632591, 0.765970945358, 1.08104026318, 0.900433063507, 0.88945877552, 1.40716743469, 0.631683588028, 1.40449392796, 1.66857099533, 1.67834818363, 2.73330783844, 4.82409906387, 8.80589199066, 8.66971492767, 7.045109272, 4.42686700821, 3.79123783112, 2.54458856583, 1.91457009315, 1.19439125061, 0.522712409496, 0.234729364514, 0.124187789857, 0.0491538308561, 0.0153955472633, 0.00473630568013, 0.00199786713347, 0.000300828774925, 3.56372911483e-05, 3.23419999404e-06, 9.28953068069e-06, 1.69442755578e-05],
        "var": [0.0196772124618, 2.4218981266, 26.209815979, 56.2568588257, 129.537612915, 170.505020142, 280.727172852, 224.426834106, 61.8186340332, 423.921112061, 7044.25830078, 13925.3007812, 6587.27294922, 16634.2558594, 6284.29052734, 3930.18139648, 5322.64746094, 8272.31054688, 8742.390625, 5857.99609375, 4487.11523438, 2790.37133789, 1175.47290039, 1129.68261719, 812.339538574, 139.416549683, 51.0519943237, 39.4635009766, 29.7795410156, 22.3240261078, 31.8885955811, 10.0021924973, 2.88130116463, 1.19229424, 0.122805826366, 0.00403351569548, 5.72231510887e-05, 2.51518287087e-07, 4.25388974046e-10, 2.00928051974e-10]
    },
    "gfcc": {
        "mean": [43.2192268372, 113.865379333, -151.066299438, 47.5357017517, -51.9613227844, 14.3933153152, -36.4630622864, 9.42165565491, -23.0643959045, -6.75404691696, -18.3726291656, -7.57963180542, -4.88176059723],
        "cov": [[410.446289062, -236.348129272, 11.927532196, -60.9216651917, -61.5891304016, 99.0762557983, -43.6785964966, 34.833240509, -36.241268158, 1.12173163891, -47.1637306213, 3.87245583534, -58.9408874512], [-236.348129272, 303.696136475, -44.6330833435, -22.2163848877, 70.8999786377, -63.7626495361, 93.4708786011, -26.8763370514, 37.8558654785, -1.18882977962, 54.175743103, -9.65516853333, 54.60546875], [11.927532196, -44.6330833435, 135.712921143, 73.6594390869, -15.0587205887, -5.66332864761, -38.9155426025, 13.2157964706, 3.34082221985, 8.41875648499, -9.6902589798, 18.2767448425, -9.96100139618], [-60.9216651917, -22.2163848877, 73.6594390869, 170.736160278, 21.3246517181, -50.9495887756, -43.4834671021, -4.53369665146, 40.1484298706, 5.62151384354, 0.0432185642421, -0.22598092258, 14.7442951202], [-61.5891304016, 70.8999786377, -15.0587205887, 21.3246517181, 108.60962677, 7.5507683754, 41.7769393921, -2.22757554054, 10.4296331406, 21.6458835602, 22.1643428802, 13.2237405777, 16.1488933563], [99.0762557983, -63.7626495361, -5.66332864761, -50.9495887756, 7.5507683754, 133.433563232, 36.2514305115, 10.4939022064, -29.3292217255, 3.80138134956, 16.8218479156, 8.92741012573, -10.0785675049], [-43.6785964966, 93.4708786011, -38.9155426025, -43.4834671021, 41.7769393921, 36.2514305115, 119.482925415, 19.2673034668, 1.29044151306, 9.09147453308, 23.5085678101, 7.31715679169, 11.1506986618], [34.833240509, -26.8763370514, 13.2157964706, -4.53369665146, -2.22757554054, 10.4939022064, 19.2673034668, 79.2257919312, 38.3107643127, 11.8130683899, -5.99288129807, -13.1895437241, -8.99833106995], [-36.241268158, 37.8558654785, 3.34082221985, 40.1484298706, 10.4296331406, -29.3292217255, 1.29044151306, 38.3107643127, 91.8410263062, 22.1478710175, 2.67147755623, -23.7218818665, 3.28569698334], [1.12173163891, -1.18882977962, 8.41875648499, 5.62151384354, 21.6458835602, 3.80138134956, 9.09147453308, 11.8130683899, 22.1478710175, 57.5511207581, 20.6762676239, 7.40471124649, -7.60831308365], [-47.1637306213, 54.175743103, -9.6902589798, 0.0432185642421, 22.1643428802, 16.8218479156, 23.5085678101, -5.99288129807, 2.67147755623, 20.6762676239, 69.6990890503, 20.5427246094, 15.6993970871], [3.87245583534, -9.65516853333, 18.2767448425, -0.22598092258, 13.2237405777, 8.92741012573, 7.31715679169, -13.1895437241, -23.7218818665, 7.40471124649, 20.5427246094, 66.1936340332, 16.9561004639], [-58.9408874512, 54.60546875, -9.96100139618, 14.7442951202, 16.1488933563, -10.0785675049, 11.1506986618, -8.99833106995, 3.28569698334, -7.60831308365, 15.6993970871, 16.9561004639, 59.0441055298]],
        "icov": [[0.00561327766627, 0.00373863731511, -0.000193747677258, 0.00217649363913, 0.000117907940876, -0.00182714394759, 0.000119807991723, -0.000234614373767, -0.00100974726956, 8.50924188853e-05, 0.00114067143295, -0.000564671412576, 0.0010931910947], [0.00373863731511, 0.0263178106397, -0.012424018234, 0.0163307338953, -0.0110584618524, 0.0164419822395, -0.0184125415981, 0.0174232069403, -0.0146236605942, 0.0112376408651, -0.0166682433337, 0.0144219445065, -0.0122654540464], [-0.000193747677258, -0.012424018234, 0.0197478160262, -0.0146724348888, 0.00830225460231, -0.0105435689911, 0.0114488229156, -0.0131948105991, 0.00976162217557, -0.00803399179131, 0.0108830584213, -0.0127842221409, 0.0092477761209], [0.00217649363913, 0.0163307338953, -0.0146724348888, 0.0222304742783, -0.0108817759901, 0.012647530064, -0.00885024853051, 0.0136850625277, -0.014073968865, 0.00903756823391, -0.0117375776172, 0.0107241552323, -0.0100759323686], [0.000117907940876, -0.0110584618524, 0.00830225460231, -0.0108817759901, 0.0187485124916, -0.00913289655, 0.00393367372453, -0.00706302095205, 0.00666164979339, -0.00984342396259, 0.00830421596766, -0.00856442004442, 0.00456912862137], [-0.00182714394759, 0.0164419822395, -0.0105435689911, 0.012647530064, -0.00913289655, 0.0238776896149, -0.0155260376632, 0.0109156267717, -0.0065056537278, 0.00834621861577, -0.0159685555845, 0.0118255857378, -0.00851015001535], [0.000119807991723, -0.0184125415981, 0.0114488229156, -0.00885024853051, 0.00393367372453, -0.0155260376632, 0.027706567198, -0.0174990445375, 0.0107641508803, -0.00792347919196, 0.0112039214, -0.0120419003069, 0.0085231512785], [-0.000234614373767, 0.0174232069403, -0.0131948105991, 0.0136850625277, -0.00706302095205, 0.0109156267717, -0.0174990445375, 0.0331170558929, -0.0202202536166, 0.00769713753834, -0.0103230364621, 0.0119701977819, -0.00841988902539], [-0.00100974726956, -0.0146236605942, 0.00976162217557, -0.014073968865, 0.00666164979339, -0.0065056537278, 0.0107641508803, -0.0202202536166, 0.0301966927946, -0.0138611700386, 0.0086623635143, -0.00193728890736, 0.00441734446213], [8.50924188853e-05, 0.0112376408651, -0.00803399179131, 0.00903756823391, -0.00984342396259, 0.00834621861577, -0.00792347919196, 0.00769713753834, -0.0138611700386, 0.03120694682, -0.0151922376826, 0.00318971090019, 0.00078232033411], [0.00114067143295, -0.0166682433337, 0.0108830584213, -0.0117375776172, 0.00830421596766, -0.0159685555845, 0.0112039214, -0.0103230364621, 0.0086623635143, -0.0151922376826, 0.0335789769888, -0.0154197458178, 0.00569493090734], [-0.000564671412576, 0.0144219445065, -0.0127842221409, 0.0107241552323, -0.00856442004442, 0.0118255857378, -0.0120419003069, 0.0119701977819, -0.00193728890736, 0.00318971090019, -0.0154197458178, 0.0321946442127, -0.0149035379291], [0.0010931910947, -0.0122654540464, 0.0092477761209, -0.0100759323686, 0.00456912862137, -0.00851015001535, 0.0085231512785, -0.00841988902539, 0.00441734446213, 0.00078232033411, 0.00569493090734, -0.0149035379291, 0.0304729938507]]
    },
    "melbands": {
        "dmean": [0.000749080849346, 0.00129588774871, 0.000839070184156, 0.000384770479286, 0.000285091868136, 0.000166946352692, 6.65072948323e-05, 0.00011102847202, 0.000240491819568, 0.000249340839218, 0.000138537463499, 0.00012398531544, 9.06015920918e-05, 7.49895625631e-05, 5.35560757271e-05, 7.78474204708e-05, 7.37422305974e-05, 5.87233407714e-05, 4.79509435536e-05, 5.67453571421e-05, 4.68578800792e-05, 3.62732425856e-05, 3.13716373057e-05, 1.59935443662e-05, 1.05236522359e-05, 1.05778635771e-05, 9.35521802603e-06, 4.93025481774e-06, 3.11558437716e-06, 2.63024094238e-06, 1.89780371329e-06, 1.66906681898e-06, 1.25749363633e-06, 9.23045092804e-07, 8.52316645705e-07, 7.16916702004e-07, 4.84426948333e-07, 3.63167941941e-07, 2.28935121527e-07, 2.18135397745e-07],
        "dmean2": [0.00137758452911, 0.00220171129331, 0.00141140702181, 0.000622217834461, 0.000462377094664, 0.000269095704425, 0.000105327257188, 0.000177432346391, 0.000371027272195, 0.000367489905329, 0.00020815350581, 0.000183538344572, 0.000128860236146, 0.000121810924611, 8.18435801193e-05, 0.000122907091281, 0.000117616051284, 9.16582357604e-05, 7.59129761718e-05, 9.07752109924e-05, 7.48255915823e-05, 5.85374327784e-05, 5.04686577187e-05, 2.66788065346e-05, 1.6448653696e-05, 1.62378000823e-05, 1.52017482833e-05, 8.27039275464e-06, 5.25970608578e-06, 4.32002389061e-06, 3.0534522466e-06, 2.65042035608e-06, 1.91287381313e-06, 1.38951304507e-06, 1.28424176182e-06, 1.05799870198e-06, 7.4267711625e-07, 5.44450358575e-07, 3.44140460129e-07, 3.3962041357e-07],
        "dvar": [2.17947240344e-06, 6.69217570248e-06, 2.12273562283e-06, 3.00429093159e-07, 1.28179806325e-07, 5.67890303671e-08, 9.47662659456e-09, 4.31621813846e-08, 2.24417220807e-07, 2.46151017791e-07, 6.0990366535e-08, 6.42538040552e-08, 2.65745558892e-08, 1.11469375952e-08, 8.21085421876e-09, 1.49593777365e-08, 1.79189694194e-08, 9.95566473705e-09, 7.38385574905e-09, 5.79901593412e-09, 3.89892695907e-09, 2.05613881477e-09, 1.20245557955e-09, 3.42450012791e-10, 2.19386869782e-10, 2.0118001709e-10, 1.41592723657e-10, 2.73405569018e-11, 1.23396171753e-11, 1.29758443573e-11, 6.18307878855e-12, 6.08531064081e-12, 4.84271563822e-12, 4.52030426978e-12, 7.41493845491e-12, 6.81886795292e-12, 1.42092782852e-12, 1.05837517569e-12, 6.38053357978e-13, 1.08649938005e-12],
        "dvar2": [6.88511909175e-06, 1.8201470084e-05, 5.67857341593e-06, 8.37865854919e-07, 3.4763135659e-07, 1.51409921045e-07, 2.5522354008e-08, 1.10112033269e-07, 5.11371297307e-07, 5.40989105957e-07, 1.31509608536e-07, 1.36196135259e-07, 4.6729578429e-08, 2.46399398662e-08, 1.52111674367e-08, 3.38928956012e-08, 4.63983340637e-08, 2.11362323199e-08, 1.67085154601e-08, 1.33446631523e-08, 9.50365564023e-09, 5.18658183069e-09, 2.90094814837e-09, 8.6252688325e-10, 4.56509136049e-10, 4.20966428383e-10, 3.32079919119e-10, 7.54001514003e-11, 3.18253028098e-11, 3.35572923615e-11, 1.47526400818e-11, 1.43379856599e-11, 1.11266247951e-11, 9.76898856947e-12, 1.57387974181e-11, 1.40828416637e-11, 2.81920515578e-12, 2.05215033335e-12, 1.27393083062e-12, 2.7602835382e-12],
        "max": [0.0102322548628, 0.0224901530892, 0.0118127185851, 0.00581645732746, 0.00386619544588, 0.00284520839341, 0.00184382381849, 0.00262579624541, 0.00631802808493, 0.00652583083138, 0.00396537035704, 0.00504465680569, 0.00293512106873, 0.0017836552579, 0.00196274416521, 0.00165919319261, 0.00152327225078, 0.00140605913475, 0.00109025172424, 0.00081730709644, 0.000999187468551, 0.000574606994633, 0.000507411255967, 0.000256275001448, 0.000381202960853, 0.000228612349019, 0.000157793969265, 6.49246139801e-05, 4.32751403423e-05, 5.07566765009e-05, 2.90951102215e-05, 3.08085727738e-05, 4.32038104918e-05, 3.76717107429e-05, 5.24608440173e-05, 4.52105741715e-05, 1.80524202733e-05, 3.03704528051e-05, 2.25972435146e-05, 2.87940329144e-05],
        "mean": [0.00105694867671, 0.00267331744544, 0.0014754376607, 0.000816765008494, 0.000625944579951, 0.000365006795619, 0.000154776789714, 0.000191234314116, 0.000426954647992, 0.000483164971229, 0.000294857018162, 0.000300961371977, 0.000201155402465, 0.000142408447573, 0.000105952007289, 0.000145938523929, 0.000118838695926, 0.000106093953946, 8.62311717356e-05, 0.000108109801658, 8.82684544194e-05, 7.58591486374e-05, 6.81387318764e-05, 3.54987569153e-05, 2.5212075343e-05, 2.44795282924e-05, 2.04721163755e-05, 1.13510886877e-05, 6.90894648869e-06, 5.59266163691e-06, 4.13249290432e-06, 3.58953047908e-06, 2.52258973887e-06, 1.63430684097e-06, 1.36620110425e-06, 1.06916741061e-06, 7.94137235971e-07, 6.26413395821e-07, 4.05578191476e-07, 3.04839318233e-07],
        "median": [0.000712761713658, 0.00221525435336, 0.00107403285801, 0.000662123027723, 0.000469053251436, 0.000275677070022, 0.000122143625049, 0.000113298192446, 0.000165034580277, 0.000161683332408, 0.000142649951158, 9.72839625319e-05, 7.5528943853e-05, 8.57354170876e-05, 5.8786055888e-05, 6.65715051582e-05, 5.47796225874e-05, 4.8272555432e-05, 4.9641890655e-05, 7.35185167287e-05, 6.30793438177e-05, 5.67950955883e-05, 5.23818707734e-05, 2.76944156212e-05, 1.7594829842e-05, 1.65053406818e-05, 1.57320882863e-05, 9.45293504628e-06, 5.6753519857e-06, 4.24385643782e-06, 3.02255307361e-06, 2.42129067374e-06, 1.62099036061e-06, 8.70679684795e-07, 6.07312642842e-07, 3.91473349737e-07, 3.54831684035e-07, 3.12135028935e-07, 2.24825171813e-07, 1.4980355445e-07],
        "min": [3.01824798044e-06, 5.54035686946e-05, 0.000131046923343, 2.61650675384e-05, 2.90945827146e-05, 1.19074720715e-05, 5.7387637753e-06, 6.66822643325e-06, 5.88256079936e-06, 3.39354096468e-06, 4.60086357634e-06, 2.0438849333e-06, 1.81146720024e-06, 2.76411810773e-06, 2.51089204539e-06, 2.5276526685e-06, 2.5550675673e-06, 2.78474226434e-06, 5.95543178861e-06, 6.34259095023e-06, 7.0884075285e-06, 8.1728967416e-06, 5.33017055204e-06, 3.28213218381e-06, 2.24148675443e-06, 1.85522549145e-06, 2.34777667174e-06, 8.04527473974e-07, 1.10302005396e-06, 7.40653433695e-07, 5.5503249996e-07, 2.88014064154e-07, 1.59116140708e-07, 7.18703887514e-08, 8.12577738429e-08, 2.06593480101e-08, 1.87406357099e-08, 8.91364848599e-09, 5.31486854527e-09, 4.03014788208e-10],
