{
"highlevel": {
    "danceability": {
        "all": {
            "danceable": 0.936731338501,
            "not_danceable": 0.0632686465979
        },
        "probability": 0.936731338501,
        "value": "danceable"
    },
    "gender": {
        "all": {
            "female": 0.0417251326144,
            "male": 0.958274841309
        },
        "probability": 0.958274841309,
        "value": "male"
    },
    "genre_dortmund": {
        "all": {
            "alternative": 0.0568734966218,
            "blues": 0.0114135127515,
            "electronic": 0.0026544095017,
            "folkcountry": 0.743468999863,
            "funksoulrnb": 0.00509854080155,
            "jazz": 0.029158860445,
            "pop": 0.100395791233,
            "raphiphop": 0.00147936772555,
            "rock": 0.0494570359588
        },
        "probability": 0.743468999863,
        "value": "folkcountry"
    },
    "genre_electronic": {
        "all": {
            "ambient": 0.53815728426,
            "dnb": 0.0657346770167,
            "house": 0.169690236449,
            "techno": 0.0122715840116,
            "trance": 0.214146226645
        },
        "probability": 0.53815728426,
        "value": "ambient"
    },
    "genre_rosamerica": {
        "all": {
            "cla": 0.0246102958918,
            "dan": 0.0235447920859,
            "hip": 0.0128620220348,
            "jaz": 0.0375756807625,
            "pop": 0.585961401463,
            "rhy": 0.130248755217,
            "roc": 0.175945848227,
            "spe": 0.00925121083856
        },
        "probability": 0.585961401463,
        "value": "pop"
    },
    "genre_tzanetakis": {
        "all": {
            "blu": 0.0626613423228,
            "cla": 0.0348169617355,
            "cou": 0.104475811124,
            "dis": 0.0784321576357,
            "hip": 0.15692435205,
            "jaz": 0.313974827528,
            "met": 0.0448166541755,
            "pop": 0.0627359300852,
            "reg": 0.0627360641956,
            "roc": 0.0784258767962
        },
        "probability": 0.313974827528,
        "value": "jaz"
    },
    "ismir04_rhythm": {
        "all": {
            "ChaChaCha": 0.256549984217,
            "Jive": 0.137690871954,
            "Quickstep": 0.130921572447,
            "Rumba-American": 0.0257637277246,
            "Rumba-International": 0.106525577605,
            "Rumba-Misc": 0.0236707981676,
            "Samba": 0.116417475045,
            "Tango": 0.0452446751297,
            "VienneseWaltz": 0.129611030221,
            "Waltz": 0.0276043079793
        },
        "probability": 0.256549984217,
        "value": "ChaChaCha"
    },
    "mood_acoustic": {
        "all": {
            "acoustic": 0.914876282215,
            "not_acoustic": 0.0851237252355
        },
        "probability": 0.914876282215,
        "value": "acoustic"
    },
    "mood_aggressive": {
        "all": {
            "aggressive": 2.37206040765e-06,
            "not_aggressive": 0.999997615814
        },
        "probability": 0.999997615814,
        "value": "not_aggressive"
    },
    "mood_electronic": {
        "all": {
            "electronic": 0.0507125779986,
            "not_electronic": 0.949287414551
        },
        "probability": 0.949287414551,
        "value": "not_electronic"
    },
    "mood_happy": {
        "all": {
            "happy": 0.979031145573,
            "not_happy": 0.0209688469768
        },
        "probability": 0.979031145573,
        "value": "happy"
    },
    "mood_party": {
        "all": {
            "not_party": 0.818712413311,
            "party": 0.181287586689
        },
        "probability": 0.818712413311,
        "value": "not_party"
    },
    "mood_relaxed": {
        "all": {
            "not_relaxed": 0.941902697086,
            "relaxed": 0.0580972917378
        },
        "probability": 0.941902697086,
        "value": "not_relaxed"
    },
    "mood_sad": {
        "all": {
            "not_sad": 0.239909470081,
            "sad": 0.760090529919
        },
        "probability": 0.760090529919,
        "value": "sad"
    },
    "moods_mirex": {
        "all": {
            "Cluster1": 0.254855841398,
            "Cluster2": 0.307703077793,
            "Cluster3": 0.229939743876,
            "Cluster4": 0.201484441757,
            "Cluster5": 0.00601687747985
        },
        "probability": 0.307703077793,
        "value": "Cluster2"
    },
    "timbre": {
        "all": {
            "bright": 0.999999940395,
            "dark": 6.64269208528e-08
        },
        "probability": 0.999999940395,
        "value": "bright"
    },
    "tonal_atonal": {
        "all": {
            "atonal": 2.12956165342e-05,
            "tonal": 0.999978721142
        },
        "probability": 0.999978721142,
        "value": "tonal"
    },
    "voice_instrumental": {
        "all": {
            "instrumental": 0.00188405520748,
            "voice": 0.998115956783
        },
        "probability": 0.998115956783,
        "value": "voice"
    }
},
"lowlevel": {
    "average_loudness": 0.912234544754,
    "barkbands_crest": {
        "dmean": 2.45065498352,
        "dmean2": 3.71084570885,
        "dvar": 4.56401491165,
        "dvar2": 12.0615692139,
        "max": 22.2348709106,
        "mean": 9.31781291962,
        "median": 8.6145401001,
        "min": 3.23326158524,
        "var": 12.1317272186
    },
    "barkbands_flatness_db": {
        "dmean": 0.0226994100958,
        "dmean2": 0.0329280681908,
        "dvar": 0.000393701513531,
        "dvar2": 0.000735325040296,
        "max": 0.302867203951,
        "mean": 0.146886378527,
        "median": 0.141724735498,
        "min": 0.0605875998735,
        "var": 0.00146395387128
    },
    "barkbands_kurtosis": {
        "dmean": 2.37733745575,
        "dmean2": 3.65118527412,
        "dvar": 11.1486911774,
        "dvar2": 21.6798171997,
        "max": 42.9995193481,
        "mean": 3.54207229614,
        "median": 2.05220031738,
        "min": -1.88197255135,
        "var": 26.1056289673
    },
    "barkbands_skewness": {
        "dmean": 0.475102335215,
        "dmean2": 0.724084794521,
        "dvar": 0.240561321378,
        "dvar2": 0.48093855381,
        "max": 5.53038358688,
        "mean": 1.48245728016,
        "median": 1.35436952114,
        "min": -0.953292548656,
        "var": 0.785288929939
    },
    "barkbands_spread": {
        "dmean": 9.43157863617,
        "dmean2": 14.0687084198,
        "dvar": 151.245101929,
        "dvar2": 277.443817139,
        "max": 103.709136963,
        "mean": 23.8468360901,
        "median": 18.7579097748,
        "min": 3.40596461296,
        "var": 276.587524414
    },
    "dissonance": {
        "dmean": 0.0254490412772,
        "dmean2": 0.0423692576587,
        "dvar": 0.000590247218497,
        "dvar2": 0.00156367651653,
        "max": 0.49998664856,
        "mean": 0.441991388798,
        "median": 0.450807780027,
        "min": 0.244674906135,
        "var": 0.00143903528806
    },
    "dynamic_complexity": 2.53504037857,
    "erbbands_crest": {
        "dmean": 2.95173072815,
        "dmean2": 4.65538215637,
        "dvar": 7.36614751816,
        "dvar2": 17.4639759064,
        "max": 28.1408061981,
        "mean": 10.8880205154,
        "median": 9.87437343597,
        "min": 2.63162946701,
        "var": 26.2656440735
    },
    "erbbands_flatness_db": {
        "dmean": 0.0233781281859,
        "dmean2": 0.0325660072267,
        "dvar": 0.000453199638287,
        "dvar2": 0.000759770686273,
        "max": 0.289664208889,
        "mean": 0.165987342596,
        "median": 0.164096161723,
        "min": 0.077145844698,
        "var": 0.00166541873477
    },
    "erbbands_kurtosis": {
        "dmean": 1.18381738663,
        "dmean2": 1.84550082684,
        "dvar": 2.32659339905,
        "dvar2": 5.08726453781,
        "max": 20.665845871,
        "mean": 0.934773683548,
        "median": 0.219296693802,
        "min": -1.89159595966,
        "var": 6.03924131393
    },
    "erbbands_skewness": {
        "dmean": 0.381409406662,
        "dmean2": 0.5901247859,
        "dvar": 0.135429531336,
        "dvar2": 0.30649805069,
        "max": 3.10370969772,
        "mean": 0.849311709404,
        "median": 0.871687650681,
        "min": -1.85340416431,
        "var": 0.500007510185
    },
    "erbbands_spread": {
        "dmean": 13.0740432739,
        "dmean2": 19.1359558105,
        "dvar": 231.721969604,
        "dvar2": 439.708618164,
        "max": 168.309234619,
        "mean": 43.106716156,
        "median": 37.4556770325,
        "min": 5.15552139282,
        "var": 585.025878906
    },
    "hfc": {
        "dmean": 10.8902206421,
        "dmean2": 16.1824226379,
        "dvar": 170.563430786,
        "dvar2": 345.544647217,
        "max": 111.45741272,
        "mean": 25.8755588531,
        "median": 21.3215522766,
        "min": 0.905288040638,
        "var": 384.447662354
    },
    "melbands_crest": {
        "dmean": 2.85969257355,
        "dmean2": 4.52523231506,
        "dvar": 6.5424323082,
        "dvar2": 16.458650589,
        "max": 28.7216129303,
        "mean": 12.5548238754,
        "median": 11.8220806122,
        "min": 4.55781507492,
        "var": 18.3162288666
    },
    "melbands_flatness_db": {
        "dmean": 0.0278247818351,
        "dmean2": 0.038562361151,
        "dvar": 0.000685029954184,
        "dvar2": 0.00116514915135,
        "max": 0.390766888857,
        "mean": 0.180142581463,
        "median": 0.173703014851,
        "min": 0.0483967885375,
        "var": 0.00306700728834
    },
    "melbands_kurtosis": {
        "dmean": 5.33540821075,
        "dmean2": 8.19785785675,
        "dvar": 63.1555709839,
        "dvar2": 135.744354248,
        "max": 121.012672424,
        "mean": 11.5629243851,
        "median": 7.78251647949,
        "min": -1.46231019497,
        "var": 163.654891968
    },
    "melbands_skewness": {
        "dmean": 0.651721417904,
        "dmean2": 0.970929801464,
        "dvar": 0.44626224041,
        "dvar2": 0.841792881489,
        "max": 7.69820594788,
        "mean": 2.35302209854,
        "median": 2.1620080471,
        "min": -0.67575353384,
        "var": 1.88348889351
    },
    "melbands_spread": {
        "dmean": 7.966360569,
        "dmean2": 12.1182460785,
        "dvar": 106.136238098,
        "dvar2": 236.249908447,
        "max": 98.7085189819,
        "mean": 23.6035499573,
        "median": 21.0247154236,
        "min": 2.17501306534,
        "var": 199.811248779
    },
    "pitch_salience": {
        "dmean": 0.0663883313537,
        "dmean2": 0.102755226195,
        "dvar": 0.00295284343883,
        "dvar2": 0.00727181555703,
        "max": 0.80786126852,
        "mean": 0.55973559618,
        "median": 0.56069624424,
        "min": 0.23892788589,
        "var": 0.00917830504477
    },
    "silence_rate_20dB": {
        "dmean": 0,
        "dmean2": 0,
        "dvar": 0,
        "dvar2": 0,
        "max": 1,
        "mean": 1,
        "median": 1,
        "min": 1,
        "var": 0
    },
    "silence_rate_30dB": {
        "dmean": 0,
        "dmean2": 0,
        "dvar": 0,
        "dvar2": 0,
        "max": 1,
        "mean": 1,
        "median": 1,
        "min": 1,
        "var": 0
    },
    "silence_rate_60dB": {
        "dmean": 0.0139318881556,
        "dmean2": 0.0278853606433,
        "dvar": 0.0137379253283,
        "dvar2": 0.0286571495235,
        "max": 1,
        "mean": 0.0216550659388,
        "median": 0,
        "min": 0,
        "var": 0.0211862009019
    },
    "spectral_centroid": {
        "dmean": 257.115081787,
        "dmean2": 387.896850586,
        "dvar": 77069.625,
        "dvar2": 162520.3125,
        "max": 3303.98632812,
        "mean": 1293.48852539,
        "median": 1214.55371094,
        "min": 278.765655518,
        "var": 257939.59375
    },
    "spectral_complexity": {
        "dmean": 2.91795659065,
        "dmean2": 4.54841184616,
        "dvar": 8.07074451447,
        "dvar2": 18.1593475342,
        "max": 40,
        "mean": 16.2242851257,
        "median": 16,
        "min": 3,
        "var": 41.8089637756
    },
    "spectral_decrease": {
        "dmean": 1.67876779145e-09,
        "dmean2": 2.43460074323e-09,
        "dvar": 2.95694280162e-18,
        "dvar2": 6.10709720995e-18,
        "max": -1.99246896759e-10,
        "mean": -6.45186748471e-09,
        "median": -5.67289504261e-09,
        "min": -2.21843929893e-08,
        "var": 1.60629938454e-17
    },
    "spectral_energy": {
        "dmean": 0.00700940750539,
        "dmean2": 0.0100615192205,
        "dvar": 4.89672529511e-05,
        "dvar2": 0.000100543860754,
        "max": 0.0903443619609,
        "mean": 0.0266978498548,
        "median": 0.0240596178919,
        "min": 0.000872016767971,
        "var": 0.000267039664323
    },
    "spectral_energyband_high": {
        "dmean": 0.00100265827496,
        "dmean2": 0.00156684650574,
        "dvar": 2.06578351936e-06,
        "dvar2": 4.28329303759e-06,
        "max": 0.0103943515569,
        "mean": 0.00135674478952,
        "median": 0.000702235440258,
        "min": 4.1480220716e-06,
        "var": 2.59270518654e-06
    },
    "spectral_energyband_low": {
        "dmean": 0.00172244932037,
        "dmean2": 0.00250820047222,
        "dvar": 5.46333649254e-06,
        "dvar2": 1.12883835754e-05,
        "max": 0.0308584012091,
        "mean": 0.00502011179924,
        "median": 0.0034294994548,
        "min": 9.76280716714e-06,
        "var": 2.6700892704e-05
    },
    "spectral_energyband_middle_high": {
        "dmean": 0.00210508448072,
        "dmean2": 0.00282409135252,
        "dvar": 9.03537602426e-06,
        "dvar2": 1.51670838022e-05,
        "max": 0.0540573783219,
        "mean": 0.00592882046476,
        "median": 0.00342003209516,
        "min": 8.52432640386e-05,
        "var": 4.70265804324e-05
    },
    "spectral_energyband_middle_low": {
        "dmean": 0.00528954155743,
        "dmean2": 0.00794796086848,
        "dvar": 3.50004593201e-05,
        "dvar2": 7.85744487075e-05,
        "max": 0.0781253129244,
        "mean": 0.0157573614269,
        "median": 0.0127074923366,
        "min": 0.000318720733048,
        "var": 0.000144339559483
    },
    "spectral_entropy": {
        "dmean": 0.267236679792,
        "dmean2": 0.369700461626,
        "dvar": 0.0643707066774,
        "dvar2": 0.109294757247,
        "max": 8.59916591644,
        "mean": 7.57339334488,
        "median": 7.54041957855,
        "min": 6.28270483017,
        "var": 0.173818334937
    },
    "spectral_flux": {
        "dmean": 0.0232242289931,
        "dmean2": 0.0349468663335,
        "dvar": 0.000469011749374,
        "dvar2": 0.00104878703132,
        "max": 0.23872692883,
        "mean": 0.0799616873264,
        "median": 0.0758051723242,
        "min": 0.010943280533,
        "var": 0.00126253080089
    },
    "spectral_kurtosis": {
        "dmean": 1.40203154087,
        "dmean2": 2.14986371994,
        "dvar": 1.85325729847,
        "dvar2": 4.29607486725,
        "max": 13.0384693146,
        "mean": 2.30732727051,
        "median": 2.0535697937,
        "min": -1.09995794296,
        "var": 3.76169800758
    },
    "spectral_rms": {
        "dmean": 0.000685316103045,
        "dmean2": 0.000970476539806,
        "dvar": 3.91880149664e-07,
        "dvar2": 7.25283427983e-07,
        "max": 0.00938833504915,
        "mean": 0.00484892725945,
        "median": 0.00484487321228,
        "min": 0.000922360050026,
        "var": 2.53456755672e-06
    },
    "spectral_rolloff": {
        "dmean": 1051.17749023,
        "dmean2": 1796.19616699,
        "dvar": 3761997,
        "dvar2": 8266715.5,
        "max": 9474.609375,
        "mean": 1805.79016113,
        "median": 1033.59375,
        "min": 107.666015625,
        "var": 4068521
    },
    "spectral_skewness": {
        "dmean": 0.234442055225,
        "dmean2": 0.36048707366,
        "dvar": 0.0498304627836,
        "dvar2": 0.102012336254,
        "max": 2.69368243217,
        "mean": 1.23616063595,
        "median": 1.20439445972,
        "min": 0.208918705583,
        "var": 0.127316400409
    },
    "spectral_spread": {
        "dmean": 1297766.875,
        "dmean2": 1870400.5,
        "dvar": 2.33786703872e+12,
        "dvar2": 3.99078693274e+12,
        "max": 15489406,
        "mean": 5600923,
        "median": 4745555.5,
        "min": 2474740.75,
        "var": 4.86400956826e+12
    },
    "spectral_strongpeak": {
        "dmean": 0.677695930004,
        "dmean2": 1.08344960213,
        "dvar": 0.761424779892,
        "dvar2": 1.71560490131,
        "max": 9.18489265442,
        "mean": 1.61514115334,
        "median": 1.15062892437,
        "min": 0.0262710936368,
        "var": 2.26438188553
    },
    "zerocrossingrate": {
        "dmean": 0.0199673771858,
        "dmean2": 0.0236394684762,
        "dvar": 0.000464486627607,
        "dvar2": 0.000634436204564,
        "max": 0.25390625,
        "mean": 0.0701565369964,
        "median": 0.060546875,
        "min": 0.0078125,
        "var": 0.0014195406111
    },
    "barkbands": {
        "dmean": [3.65918167518e-05, 0.000743839074858, 0.000803029281087, 0.000828503572848, 0.0022256183438, 0.000458141235868, 0.000841691740789, 0.00201041344553, 0.00148219917901, 0.00120491557755, 0.00051920954138, 0.000587627175264, 0.0002223666379, 0.000191701037693, 0.000241240821197, 0.000122572368127, 0.000132062399643, 0.000132829198265, 0.000129975378513, 0.000140000629472, 0.000106539104308, 0.000149447179865, 0.000129585547256, 0.000405378377764, 0.000244299357291, 2.12812992686e-05, 1.57246071719e-09],
        "dmean2": [5.87793329032e-05, 0.000999677926302, 0.00124457722995, 0.0012962348992, 0.00366409751587, 0.000688901345711, 0.0011665901402, 0.00291273416951, 0.00217130361125, 0.001679797424, 0.000764773285482, 0.000870143587235, 0.000328857946442, 0.000281090091448, 0.000365036248695, 0.000195289467229, 0.000206817639992, 0.000212153725442, 0.000210075479117, 0.000223874420044, 0.000167751131812, 0.000229053533985, 0.000207208213396, 0.000644020154141, 0.000395054492401, 3.48826251866e-05, 2.51657161776e-09],
        "dvar": [3.1464517658e-09, 1.04461105366e-06, 1.32587979351e-06, 2.14440251511e-06, 1.33994853968e-05, 5.07497361468e-07, 2.53397888628e-06, 1.49509960465e-05, 1.04308137452e-05, 5.96596601099e-06, 1.66752113273e-06, 2.46708873419e-06, 4.03493828571e-07, 2.09804284168e-07, 4.38786287305e-07, 6.97846189723e-08, 3.94949104532e-08, 8.15536154164e-08, 4.79310635626e-08, 4.79265196418e-08, 2.25389111819e-08, 3.7550123011e-08, 3.49493234353e-08, 4.36579483676e-07, 1.61283850275e-07, 1.39180789116e-09, 1.57413489655e-16],
        "dvar2": [7.22873094716e-09, 1.91629078472e-06, 3.31500405082e-06, 5.07018239659e-06, 3.39601574524e-05, 1.25948611185e-06, 4.2138117351e-06, 3.09056376864e-05, 2.45114806603e-05, 1.12405423351e-05, 3.37440610565e-06, 4.26580027124e-06, 7.38032042591e-07, 4.91665161917e-07, 9.26618156427e-07, 1.61147497124e-07, 9.63160289302e-08, 2.08858963902e-07, 1.20194769693e-07, 1.25369894022e-07, 5.52164536316e-08, 8.79528485598e-08, 8.36891373979e-08, 9.41947916999e-07, 3.31081793092e-07, 3.21908699696e-09, 1.60611555192e-16],
        "max": [0.000637001474388, 0.0203678440303, 0.0124557139352, 0.0197534505278, 0.03607942909, 0.0136526115239, 0.0368923321366, 0.0743998810649, 0.0461899638176, 0.0485887005925, 0.0200374443084, 0.0295257046819, 0.0176244266331, 0.00722142541781, 0.0143358903006, 0.00489355297759, 0.00310014956631, 0.00421475898474, 0.0059383418411, 0.0028789259959, 0.00220824964345, 0.00230211834423, 0.00149621616583, 0.00383833353408, 0.00217742240056, 0.000280833308352, 3.50622428869e-07],
        "mean": [7.46680816519e-05, 0.00232937908731, 0.00171469605993, 0.00144784827717, 0.00351718696766, 0.00103371450678, 0.00184068956878, 0.00412888592109, 0.00266484334134, 0.00233972119167, 0.000914603180718, 0.00106746994425, 0.000410392036429, 0.000331220246153, 0.000428991217632, 0.000223287919653, 0.000241898611421, 0.000219454072067, 0.000263098685537, 0.000251339108218, 0.000209088917472, 0.000261078123003, 0.000161104864674, 0.000376869749743, 0.000227190204896, 1.91276067198e-05, 1.35307276494e-09],
        "median": [1.56921250891e-05, 0.001286535291, 0.00113015598617, 0.000756695750169, 0.00182935432531, 0.000449070648756, 0.000603187887464, 0.00137967127375, 0.000820083601866, 0.000607666850556, 0.000177496418473, 0.000171085062902, 8.87467467692e-05, 8.48906129249e-05, 0.000102966034319, 8.22348665679e-05, 0.000127084393171, 0.000129389838548, 0.000170743485796, 0.000146553167724, 0.00013145286357, 0.000175546098035, 8.44100286486e-05, 5.58768988412e-05, 2.38724260271e-05, 3.50991035702e-06, 3.38243766329e-10],
        "min": [6.10035613136e-08, 1.81151699508e-06, 5.72637077312e-07, 2.37904032474e-06, 4.56068228232e-05, 6.82919471728e-06, 7.33849901735e-06, 5.88943521507e-06, 3.82248208552e-06, 3.79951347895e-06, 6.81746314513e-07, 1.20291372241e-06, 1.46623494857e-06, 2.75583516895e-07, 9.96499124994e-07, 9.61194700722e-07, 1.94043059309e-06, 2.07143330044e-06, 3.06806043682e-07, 7.32739351861e-07, 1.59195440119e-06, 6.66448272568e-07, 7.1352252462e-07, 2.32281365697e-07, 6.74501565712e-09, 1.00462580963e-11, 1.42335093364e-11],
        "var": [1.4230462142e-08, 8.76261401572e-06, 3.40134602084e-06, 4.74317175758e-06, 2.06933618756e-05, 2.76831406154e-06, 1.20057520689e-05, 5.2464682085e-05, 2.39729997702e-05, 1.99161331693e-05, 4.3694476517e-06, 8.0137160694e-06, 1.37134168199e-06, 4.60088557475e-07, 1.42971248351e-06, 1.92507798147e-07, 9.89475310575e-08, 1.0069476275e-07, 1.17872495764e-07, 8.6282462064e-08, 5.45269998042e-08, 6.85438195092e-08, 3.81078528733e-08, 4.67888497724e-07, 1.80060055754e-07, 1.34670719021e-09, 1.57978209168e-16]
    },
    "erbbands": {
        "dmean": [0.0194136872888, 0.185506790876, 0.766215264797, 2.08060359955, 6.33039045334, 7.43359375, 3.65080451965, 3.79627895355, 9.12703609467, 21.9198799133, 47.333278656, 30.6495475769, 37.9693908691, 28.0139350891, 21.5958194733, 25.3023223877, 10.7503347397, 9.77568149567, 10.917057991, 9.35712718964, 5.33316802979, 5.83646535873, 7.14315319061, 6.13121604919, 7.40000200272, 7.02476549149, 4.31835031509, 4.34419536591, 5.02591466904, 4.75686168671, 3.85691475868, 6.15678882599, 7.72499322891, 3.83222389221, 1.22753751278, 0.191862776875, 0.0266705509275, 0.00172505236696, 5.5900280131e-05, 1.45918875205e-05],
        "dmean2": [0.0281395055354, 0.252599537373, 1.19397628307, 3.1721971035, 10.1563568115, 12.3070421219, 5.76967334747, 5.74637889862, 12.9795007706, 31.0132656097, 69.830947876, 44.7863883972, 54.565410614, 38.3363838196, 31.2061214447, 37.5344772339, 14.9896879196, 13.4916229248, 16.370880127, 13.7723169327, 8.39258670807, 8.99406242371, 11.391201973, 9.67183494568, 11.879732132, 11.3486852646, 6.91536712646, 6.85944700241, 7.83488702774, 7.50044536591, 6.14638853073, 9.86036872864, 12.3966770172, 6.14132070541, 2.00236320496, 0.310515075922, 0.0440120846033, 0.00288837589324, 8.92874813871e-05, 2.15082254726e-05],
        "dvar": [0.000744842051063, 0.0685825869441, 1.21678566933, 13.1384296417, 112.430053711, 153.939224243, 44.2369842529, 39.8542366028, 303.86038208, 2200.10400391, 9830.28125, 4715.47509766, 6177.5859375, 5362.53222656, 3251.12890625, 5596.50488281, 811.505981445, 463.067382812, 913.669494629, 459.812683105, 70.7638931274, 81.9206390381, 276.20425415, 190.737609863, 140.396194458, 130.551559448, 36.6032524109, 37.8265342712, 43.1683502197, 45.670249939, 31.5008640289, 101.463867188, 166.192245483, 39.8716125488, 4.13624095917, 0.102009505033, 0.00241492362693, 1.24394509839e-05, 8.98070862121e-09, 2.60505117478e-10],
        "dvar2": [0.00147831940558, 0.132759660482, 2.82466483116, 30.4389038086, 266.174194336, 409.796905518, 109.505844116, 101.814445496, 516.004882812, 4427.39599609, 20807.4570312, 11617.0839844, 12154.8818359, 9962.20019531, 6657.70410156, 9655.52539062, 1310.24658203, 873.364074707, 1899.88220215, 911.50177002, 169.541732788, 196.988525391, 710.343505859, 428.602050781, 363.867919922, 341.460784912, 90.0493087769, 91.8441772461, 99.9442443848, 108.699104309, 74.0162277222, 226.195343018, 358.96963501, 83.5719985962, 8.39528751373, 0.221557080746, 0.00560384616256, 3.06410911435e-05, 2.01594740901e-08, 5.37039190895e-10],
        "max": [0.391347557306, 5.3869433403, 16.2094192505, 54.0096282959, 118.091758728, 141.542098999, 100.37600708, 125.003883362, 301.862762451, 924.925720215, 2038.64099121, 860.82635498, 1220.80529785, 1843.68371582, 972.526794434, 1505.94226074, 975.6171875, 361.010681152, 735.520874023, 390.070037842, 125.990638733, 134.249633789, 265.827423096, 467.675018311, 176.237411499, 152.003707886, 82.9197540283, 78.7256698608, 75.5328598022, 68.1063995361, 38.1273918152, 65.5645980835, 77.7363586426, 36.9529571533, 12.3274068832, 2.20364928246, 0.347233563662, 0.0306577440351, 0.000700037635397, 0.000139478157507],
        "mean": [0.0613865219057, 0.542687058449, 1.85407578945, 4.12375164032, 10.386590004, 10.3190364838, 6.02323818207, 8.88137435913, 23.1228294373, 45.3209266663, 98.359161377, 61.2451438904, 78.98777771, 54.2490081787, 41.6483726501, 50.3802223206, 21.7260799408, 20.1352577209, 20.2931594849, 17.9804649353, 11.0418310165, 11.9276857376, 13.0433769226, 11.6319360733, 14.7674207687, 12.8470430374, 8.66569423676, 8.19060230255, 8.93628692627, 7.21370840073, 4.59926700592, 5.99390220642, 7.00223779678, 3.48645544052, 1.16254937649, 0.179128617048, 0.0240152813494, 0.00146238051821, 6.44010578981e-05, 3.92443034798e-05],
        "median": [0.0350106582046, 0.302376389503, 1.14365541935, 2.41647171974, 4.56754636765, 5.40154123306, 3.23815441132, 3.67254853249, 6.93457984924, 15.392747879, 36.2512512207, 24.8337688446, 26.5276451111, 15.5429649353, 12.3335533142, 8.50663948059, 5.70267057419, 5.60692977905, 5.79716062546, 5.41951799393, 5.46996116638, 7.20254230499, 7.76857423782, 7.55046653748, 9.43002700806, 7.62690782547, 5.5446896553, 5.02828645706, 5.70925712585, 4.54704999924, 2.23870563507, 1.35860991478, 0.72902405262, 0.302829176188, 0.149368301034, 0.0319339819252, 0.00422148173675, 0.000229585217312, 2.60306242126e-05, 3.43181745848e-05],
        "min": [2.67120958597e-05, 0.000486679084133, 0.00136958574876, 0.0143433772027, 0.0201749578118, 0.0896556228399, 0.0661052465439, 0.095000512898, 0.189471170306, 0.330950111151, 0.282033830881, 0.248395189643, 0.173954412341, 0.161786481738, 0.174343511462, 0.0864925757051, 0.131678253412, 0.0511725693941, 0.0591753013432, 0.154297843575, 0.0558485873044, 0.148292317986, 0.140852421522, 0.135369643569, 0.0510119348764, 0.0601554475725, 0.0594079606235, 0.0581432729959, 0.0230541843921, 0.028042236343, 0.0162992309779, 0.00617516646162, 0.00292265531607, 0.00023583501752, 1.95340180653e-05, 6.98276016919e-06, 1.59623346008e-06, 2.81401980828e-07, 7.31907334739e-07, 1.20909260204e-06],
        "var": [0.00497628375888, 0.540231704712, 4.60512781143, 32.1434288025, 222.874389648, 181.996032715, 68.9747772217, 221.748748779, 1727.74401855, 7491.54589844, 33648.484375, 11721.7421875, 20177.3691406, 15517.9501953, 8182.44091797, 18733.46875, 3294.76831055, 1455.71838379, 3110.17626953, 1598.0267334, 213.721740723, 206.713729858, 341.321258545, 390.874359131, 321.787109375, 230.087615967, 86.3418807983, 91.0142059326, 84.7285308838, 61.5686683655, 33.7147598267, 105.072555542, 174.843963623, 43.9857063293, 4.6422533989, 0.107667572796, 0.00228628399782, 1.0599844245e-05, 9.22482090715e-09, 6.41918684874e-10]
    },
    "gfcc": {
        "mean": [9.53955364227, 92.0152664185, -122.864028931, 39.0318336487, -85.6343536377, 19.4070243835, -33.6788825989, 15.8269586563, -21.9209918976, -5.35261964798, -17.9703063965, -9.23245239258, -9.92464542389],
        "cov": [[2660.59619141, -1028.94775391, 57.5631599426, -341.988525391, -202.436798096, 299.976898193, -166.33972168, 207.280334473, -271.977661133, 208.302536011, -174.233596802, 36.4459953308, -114.470878601], [-1028.94775391, 1189.38378906, -223.507324219, 189.19593811, 276.51184082, -193.84211731, 360.750579834, -198.368209839, 223.577453613, -167.562774658, 81.039604187, -76.2488479614, 18.6286010742], [57.5631599426, -223.507324219, 904.806030273, 197.681762695, -7.13451862335, 211.358337402, -173.815002441, 177.390808105, -9.80945777893, 43.117565155, 35.4817581177, 61.9053192139, 8.34308052063], [-341.988525391, 189.19593811, 197.681762695, 381.359191895, 159.525756836, -6.37591362, -2.15932846069, -9.53859519958, 110.418014526, -19.1422138214, 41.8398284912, -17.0220832825, 61.9847564697], [-202.436798096, 276.51184082, -7.13451862335, 159.525756836, 243.680267334, 22.4880332947, 59.2712173462, -14.5004234314, 103.097434998, -14.3448219299, -4.58848333359, -36.3047103882, 31.1461029053], [299.976898193, -193.84211731, 211.358337402, -6.37591362, 22.4880332947, 303.967376709, 60.7637672424, 84.0875320435, -35.63489151, 57.6690254211, 12.7379837036, 10.8646335602, -10.1408157349], [-166.33972168, 360.750579834, -173.815002441, -2.15932846069, 59.2712173462, 60.7637672424, 353.02532959, -61.0178146362, 13.174536705, -27.8873653412, 51.3759727478, -5.51781892776, -28.6648368835], [207.280334473, -198.368209839, 177.390808105, -9.53859519958, -14.5004234314, 84.0875320435, -61.0178146362, 157.04649353, 19.5381736755, 49.5037727356, -11.1644620895, 17.1070213318, 6.26728391647], [-271.977661133, 223.577453613, -9.80945777893, 110.418014526, 103.097434998, -35.63489151, 13.174536705, 19.5381736755, 205.394180298, 7.17081308365, -3.41221189499, -27.2666339874, 32.7343101501], [208.302536011, -167.562774658, 43.117565155, -19.1422138214, -14.3448219299, 57.6690254211, -27.8873653412, 49.5037727356, 7.17081308365, 112.493736267, 6.91215610504, 16.822259903, -6.95577669144], [-174.233596802, 81.039604187, 35.4817581177, 41.8398284912, -4.58848333359, 12.7379837036, 51.3759727478, -11.1644620895, -3.41221189499, 6.91215610504, 99.185836792, 17.5517692566, 1.80984318256], [36.4459953308, -76.2488479614, 61.9053192139, -17.0220832825, -36.3047103882, 10.8646335602, -5.51781892776, 17.1070213318, -27.2666339874, 16.822259903, 17.5517692566, 79.7700805664, 4.97214508057], [-114.470878601, 18.6286010742, 8.34308052063, 61.9847564697, 31.1461029053, -10.1408157349, -28.6648368835, 6.26728391647, 32.7343101501, -6.95577669144, 1.80984318256, 4.97214508057, 71.1068267822]],
        "icov": [[0.000801858957857, 0.000136585425935, 0.000266930292128, -9.92699933704e-05, 7.42299525882e-05, -0.000504571886268, 0.000113910107757, -0.000624236592557, 0.000818095868453, -0.000897129590157, 0.0012726058485, -8.19098495413e-05, 0.000815731240436], [0.000136585425935, 0.00660463096574, -0.00246368884109, 0.00275607733056, -0.00518963253126, 0.00481698894873, -0.00604373542592, 0.00438846740872, -0.00493619590998, 0.00453507574275, -0.00359772657976, 0.00257512601092, -0.000859355961438], [0.000266930292128, -0.00246368884109, 0.00374631863087, -0.00307737383991, 0.00260287732817, -0.00385818327777, 0.00387776945718, -0.00381599110551, 0.00228967587464, -0.000829594035167, 0.00118660135195, -0.00270672375336, 0.00255125155672], [-9.92699933704e-05, 0.00275607733056, -0.00307737383991, 0.0072652194649, -0.00510279648006, 0.0032692621462, -0.00286980485544, 0.00364673230797, -0.00340292556211, 0.00190993654542, -0.00374737335369, 0.00237475335598, -0.00394819770008], [7.42299525882e-05, -0.00518963253126, 0.00260287732817, -0.00510279648006, 0.0117630064487, -0.00540616875514, 0.00397528428584, -0.0031231471803, 0.00185351853725, -0.00337729044259, 0.00485662650317, -0.000811821431853, 0.000325756933307], [-0.000504571886268, 0.00481698894873, -0.00385818327777, 0.0032692621462, -0.00540616875514, 0.010321884416, -0.00708270864561, 0.00191134319175, -0.00226862472482, 0.00120680115651, -0.00326613010839, 0.00361519656144, -0.00266227638349], [0.000113910107757, -0.00604373542592, 0.00387776945718, -0.00286980485544, 0.00397528428584, -0.00708270864561, 0.0106898304075, -0.00341168767773, 0.00383565458469, -0.0023872370366, 0.00104473729152, -0.00386522361077, 0.00391646800563], [-0.000624236592557, 0.00438846740872, -0.00381599110551, 0.00364673230797, -0.0031231471803, 0.00191134319175, -0.00341168767773, 0.0148686058819, -0.00648986035958, 0.00118808425032, -0.0022932193242, 0.00132723420393, -0.00286162551492], [0.000818095868453, -0.00493619590998, 0.00228967587464, -0.00340292556211, 0.00185351853725, -0.00226862472482, 0.00383565458469, -0.00648986035958, 0.0126184495166, -0.00619615614414, 0.00464726239443, -0.00017379426572, -0.000230445482885], [-0.000897129590157, 0.00453507574275, -0.000829594035167, 0.00190993654542, -0.00337729044259, 0.00120680115651, -0.0023872370366, 0.00118808425032, -0.00619615614414, 0.0167220886797, -0.00600261986256, -0.000715856731404, 0.00107547768857], [0.0012726058485, -0.00359772657976, 0.00118660135195, -0.00374737335369, 0.00485662650317, -0.00326613010839, 0.00104473729152, -0.0022932193242, 0.00464726239443, -0.00600261986256, 0.0174480434507, -0.00358293345198, 0.00122870237101], [-8.19098495413e-05, 0.00257512601092, -0.00270672375336, 0.00237475335598, -0.000811821431853, 0.00361519656144, -0.00386522361077, 0.00132723420393, -0.00017379426572, -0.000715856731404, -0.00358293345198, 0.0173873454332, -0.00447762338445], [0.000815731240436, -0.000859355961438, 0.00255125155672, -0.00394819770008, 0.000325756933307, -0.00266227638349, 0.00391646800563, -0.00286162551492, -0.000230445482885, 0.00107547768857, 0.00122870237101, -0.00447762338445, 0.0205458272249]]
    },
    "melbands": {
        "dmean": [0.000182752744877, 0.000339043937856, 0.000416116963606, 0.000563128734939, 0.000147164872033, 8.76771155163e-05, 0.000146259713802, 0.000269688171102, 0.000379666307708, 0.000190978083992, 0.000190823280718, 0.000118292657135, 7.49726386857e-05, 6.8657041993e-05, 4.81885181216e-05, 2.01657931029e-05, 1.90468290384e-05, 1.74853848876e-05, 1.65869332704e-05, 1.13790001706e-05, 6.32156752545e-06, 5.96183099333e-06, 8.72292639542e-06, 6.68966413286e-06, 5.25140922036e-06, 5.25736140844e-06, 5.75735839448e-06, 4.62551815872e-06, 2.95702579933e-06, 2.77246226688e-06, 2.628996981e-06, 2.76105106423e-06, 3.38676318279e-06, 2.41152883973e-06, 2.09354743674e-06, 2.69209704129e-06, 4.3657387323e-06, 5.83625433137e-06, 4.39965697296e-06, 2.99054636343e-06],
        "dmean2": [0.000249230128247, 0.000517382053658, 0.000639260571916, 0.000937273376621, 0.000236249907175, 0.000131199660245, 0.000205407763133, 0.000381278106943, 0.000562657718547, 0.000276603677776, 0.000273831246886, 0.000161269970704, 0.000109012129542, 0.000100467521406, 7.11812172085e-05, 2.84441903204e-05, 2.63882648142e-05, 2.68744661298e-05, 2.47274474532e-05, 1.73595999513e-05, 1.02047888504e-05, 9.4821834864e-06, 1.35983964356e-05, 1.07795685835e-05, 8.36197250464e-06, 8.56574752106e-06, 9.35400839808e-06, 7.5048042163e-06, 4.76162722407e-06, 4.49768367616e-06, 4.17232786276e-06, 4.30805539509e-06, 5.36587640454e-06, 3.87253476219e-06, 3.38699760505e-06, 4.34910316471e-06, 7.02770194039e-06, 9.35445950745e-06, 7.13702365829e-06, 4.86074941364e-06],
        "dvar": [6.07517876006e-08, 2.27856858714e-07, 3.91379160192e-07, 9.62938088378e-07, 5.62318511754e-08, 2.13162056895e-08, 7.55011129172e-08, 2.7476457376e-07, 6.08672451108e-07, 1.70826410795e-07, 1.55146665293e-07, 1.03338535951e-07, 3.50970772445e-08, 3.08630134782e-08, 1.81625487983e-08, 3.49394069232e-09, 1.80543546779e-09, 2.29738827962e-09, 2.71664335472e-09, 6.44486575219e-10, 9.48912337595e-11, 8.30183144451e-11, 1.93191310172e-10, 3.1873348405e-10, 1.58616661472e-10, 7.20475415439e-11, 8.73636163412e-11, 5.49926805482e-11, 1.81991817449e-11, 1.64056754293e-11, 1.39187715173e-11, 1.25507174098e-11, 2.26297869332e-11, 1.22119874976e-11, 8.93022721743e-12, 1.95138315229e-11, 5.35787837708e-11, 9.43953387678e-11, 5.63570752565e-11, 2.5661382741e-11],
        "dvar2": [1.09300223983e-07, 4.96421421303e-07, 8.71954000559e-07, 2.47858997682e-06, 1.38942453987e-07, 5.23414733777e-08, 1.27875338762e-07, 5.61311253477e-07, 1.33155845106e-06, 3.95930840114e-07, 3.04493028125e-07, 1.88129149592e-07, 6.7208581811e-08, 5.54996901769e-08, 3.59578429254e-08, 5.60217072731e-09, 3.54102769329e-09, 4.94593876965e-09, 5.34699218235e-09, 1.3078800265e-09, 2.3988827591e-10, 2.05507250106e-10, 4.39721231649e-10, 8.27557411487e-10, 3.40234923568e-10, 1.90504112485e-10, 2.2959871504e-10, 1.40662925752e-10, 4.61543130104e-11, 4.08986629286e-11, 3.41807970816e-11, 2.86326604787e-11, 5.38066223521e-11, 2.99271198101e-11, 2.13778664909e-11, 4.72580273525e-11, 1.20191925856e-10, 2.06154662785e-10, 1.22189244833e-10, 5.47174701382e-11],
        "max": [0.00476750265807, 0.00793033279479, 0.00784835778177, 0.00990905798972, 0.00327034876682, 0.00304509885609, 0.00454247230664, 0.008344899863, 0.015242931433, 0.00492138508707, 0.00607296032831, 0.00814093463123, 0.0028193925973, 0.00412280345336, 0.00255553028546, 0.001684342511, 0.000670134963002, 0.000969466986135, 0.000986747792922, 0.000519300403539, 0.000129869338707, 0.000113525733468, 0.000170836647158, 0.000286717520794, 0.00043990125414, 0.000143509576446, 0.000109468812298, 8.64954999997e-05, 4.89241574542e-05, 5.41802291991e-05, 4.59929542558e-05, 3.66142921848e-05, 5.52924248041e-05, 3.04490149574e-05, 2.11283822864e-05, 3.54877120117e-05, 4.6738259698e-05, 5.34416540177e-05, 4.53737993666e-05, 3.18674246955e-05],
        "mean": [0.000588713854086, 0.000902210362256, 0.000841812929139, 0.000844613881782, 0.000235207538935, 0.000206051277928, 0.000362136488548, 0.000549042888451, 0.00078119430691, 0.000363686383935, 0.000387143372791, 0.000216627668124, 0.000137703638757, 0.000124609126942, 8.85501649464e-05, 3.60560952686e-05, 3.66286913049e-05, 2.87996808765e-05, 2.86117137875e-05, 2.08237379411e-05, 1.14409049274e-05, 1.10698711069e-05, 1.52656120918e-05, 1.04741875475e-05, 8.91894251254e-06, 1.01054929473e-05, 1.01948153315e-05, 7.84120857134e-06, 5.34227274329e-06, 4.99911629959e-06, 4.65024731966e-06, 4.98814733874e-06, 5.11369444212e-06, 3.42236512552e-06, 2.49379763773e-06, 2.7288651836e-06, 4.08774667449e-06, 5.23381777384e-06, 3.92201809518e-06, 2.69153042609e-06],
        "median": [0.00034670723835, 0.000560442043934, 0.00053651840426, 0.000407490297221, 0.000137078110129, 8.16556566861e-05, 0.000110772743938, 0.000201028640731, 0.000267147435807, 0.000128670857521, 0.000112806905236, 4.61209601781e-05, 3.20937979268e-05, 2.40639201365e-05, 1.44583864312e-05, 8.70719941304e-06, 8.99247697816e-06, 7.35683443054e-06, 6.96166671332e-06, 6.90872229825e-06, 5.95410756432e-06, 6.67478616379e-06, 7.35267713026e-06, 5.99764280196e-06, 5.09364826939e-06, 6.14208647676e-06, 5.85661018704e-06, 4.33362220065e-06, 3.05214530272e-06, 2.84100974568e-06, 2.76401533483e-06, 3.10720270136e-06, 3.07510390485e-06, 2.08896153708e-06, 1.27304474518e-06, 9.29879320211e-07, 7.3834593195e-07, 5.73110867208e-07, 3.10011500915e-07, 2.28931199331e-07],
        "min": [2.99611826904e-07, 6.66711514441e-07, 2.75469824373e-06, 1.8114692466e-06, 3.21615289067e-06, 1.4656352505e-06, 1.79142136858e-06, 3.41347799804e-06, 1.23250470097e-06, 7.88423449194e-07, 5.61127194487e-07, 5.05993398292e-07, 4.49177747441e-07, 1.34966995802e-07, 2.74452929716e-07, 1.24987664663e-07, 2.04743137999e-08, 7.45106518707e-08, 1.10546146459e-07, 1.13559259773e-07, 5.07808799455e-08, 1.08776497143e-07, 9.87202426472e-08, 1.28319854298e-07, 5.43739666625e-08, 9.53230161471e-10, 4.87481415234e-08, 1.59667035149e-08, 1.34452591283e-08, 7.68980790156e-09, 2.6178682333e-08, 1.45499132742e-08, 9.34958954701e-09, 1.87874231727e-08, 8.0533819613e-09, 4.30545998853e-09, 3.19387938319e-09, 5.12952236242e-10, 1.41386728714e-12, 4.14276911387e-11],
