{
"highlevel": {
    "danceability": {
        "all": {
            "danceable": 0.926144719124,
            "not_danceable": 0.0738552510738
        },
        "probability": 0.926144719124,
        "value": "danceable"
    },
    "gender": {
        "all": {
            "female": 0.0631671100855,
            "male": 0.936832904816
        },
        "probability": 0.936832904816,
        "value": "male"
    },
    "genre_dortmund": {
        "all": {
            "alternative": 0.0691952332854,
            "blues": 0.0700992569327,
            "electronic": 0.0581939667463,
            "folkcountry": 0.141063332558,
            "funksoulrnb": 0.0199305247515,
            "jazz": 0.0277059487998,
            "pop": 0.114745289087,
            "raphiphop": 0.329952687025,
            "rock": 0.169113770127
        },
        "probability": 0.329952687025,
        "value": "raphiphop"
    },
    "genre_electronic": {
        "all": {
            "ambient": 0.577296972275,
            "dnb": 0.255071431398,
            "house": 0.0968719497323,
            "techno": 0.0175735168159,
            "trance": 0.0531861074269
        },
        "probability": 0.577296972275,
        "value": "ambient"
    },
    "genre_rosamerica": {
        "all": {
            "cla": 0.0118970470503,
            "dan": 0.144075363874,
            "hip": 0.507444322109,
            "jaz": 0.0298847649246,
            "pop": 0.116189517081,
            "rhy": 0.111794099212,
            "roc": 0.0434531532228,
            "spe": 0.0352617241442
        },
        "probability": 0.507444322109,
        "value": "hip"
    },
    "genre_tzanetakis": {
        "all": {
            "blu": 0.0626541376114,
            "cla": 0.0348133966327,
            "cou": 0.0783501937985,
            "dis": 0.104547761381,
            "hip": 0.15693578124,
            "jaz": 0.313987255096,
            "met": 0.044816005975,
            "pop": 0.0627349764109,
            "reg": 0.0627352520823,
            "roc": 0.0784252434969
        },
        "probability": 0.313987255096,
        "value": "jaz"
    },
    "ismir04_rhythm": {
        "all": {
            "ChaChaCha": 0.0375164933503,
            "Jive": 0.102993682027,
            "Quickstep": 0.0330235920846,
            "Rumba-American": 0.0243393164128,
            "Rumba-International": 0.311675280333,
            "Rumba-Misc": 0.00413046544418,
            "Samba": 0.455976188183,
            "Tango": 0.00830562412739,
            "VienneseWaltz": 0.0116596808657,
            "Waltz": 0.0103796804324
        },
        "probability": 0.455976188183,
        "value": "Samba"
    },
    "mood_acoustic": {
        "all": {
            "acoustic": 0.924220979214,
            "not_acoustic": 0.075779043138
        },
        "probability": 0.924220979214,
        "value": "acoustic"
    },
    "mood_aggressive": {
        "all": {
            "aggressive": 0.0779015347362,
            "not_aggressive": 0.922098457813
        },
        "probability": 0.922098457813,
        "value": "not_aggressive"
    },
    "mood_electronic": {
        "all": {
            "electronic": 0.651677250862,
            "not_electronic": 0.348322749138
        },
        "probability": 0.651677250862,
        "value": "electronic"
    },
    "mood_happy": {
        "all": {
            "happy": 0.326265722513,
            "not_happy": 0.673734307289
        },
        "probability": 0.673734307289,
        "value": "not_happy"
    },
    "mood_party": {
        "all": {
            "not_party": 0.838142096996,
            "party": 0.161857903004
        },
        "probability": 0.838142096996,
        "value": "not_party"
    },
    "mood_relaxed": {
        "all": {
            "not_relaxed": 0.456181824207,
            "relaxed": 0.543818175793
        },
        "probability": 0.543818175793,
        "value": "relaxed"
    },
    "mood_sad": {
        "all": {
            "not_sad": 0.712942957878,
            "sad": 0.28705701232
        },
        "probability": 0.712942957878,
        "value": "not_sad"
    },
    "moods_mirex": {
        "all": {
            "Cluster1": 0.20980347693,
            "Cluster2": 0.388096392155,
            "Cluster3": 0.18025059998,
            "Cluster4": 0.133490070701,
            "Cluster5": 0.0883594453335
        },
        "probability": 0.388096392155,
        "value": "Cluster2"
    },
    "timbre": {
        "all": {
            "bright": 0.721696138382,
            "dark": 0.27830389142
        },
        "probability": 0.721696138382,
        "value": "bright"
    },
    "tonal_atonal": {
        "all": {
            "atonal": 0.26707598567,
            "tonal": 0.732923984528
        },
        "probability": 0.732923984528,
        "value": "tonal"
    },
    "voice_instrumental": {
        "all": {
            "instrumental": 0.0612765476108,
            "voice": 0.938723444939
        },
        "probability": 0.938723444939,
        "value": "voice"
    }
},
"lowlevel": {
    "average_loudness": 0.984842777252,
    "barkbands_crest": {
        "dmean": 3.97212910652,
        "dmean2": 6.52602767944,
        "dvar": 10.8611373901,
        "dvar2": 30.1617965698,
        "max": 24.9844741821,
        "mean": 11.9448575974,
        "median": 11.2285327911,
        "min": 2.8003423214,
        "var": 20.7949810028
    },
    "barkbands_flatness_db": {
        "dmean": 0.0397293753922,
        "dmean2": 0.0610394105315,
        "dvar": 0.00135819846764,
        "dvar2": 0.00319796614349,
        "max": 0.5155839324,
        "mean": 0.172792091966,
        "median": 0.17140096426,
        "min": 0.0335727594793,
        "var": 0.0030608845409
    },
    "barkbands_kurtosis": {
        "dmean": 8.25388813019,
        "dmean2": 13.8131084442,
        "dvar": 328.202941895,
        "dvar2": 800.348632812,
        "max": 304.574676514,
        "mean": 8.57813072205,
        "median": 4.15849685669,
        "min": -1.88984119892,
        "var": 323.776092529
    },
    "barkbands_skewness": {
        "dmean": 1.06527090073,
        "dmean2": 1.68636822701,
        "dvar": 1.26033675671,
        "dvar2": 3.12268400192,
        "max": 11.9504575729,
        "mean": 2.09574484825,
        "median": 1.85565745831,
        "min": -1.23941338062,
        "var": 2.16484284401
    },
    "barkbands_spread": {
        "dmean": 9.92558002472,
        "dmean2": 15.2360134125,
        "dvar": 161.928146362,
        "dvar2": 358.433441162,
        "max": 100.553382874,
        "mean": 19.945930481,
        "median": 13.7086296082,
        "min": 0.200582414865,
        "var": 322.158874512
    },
    "dissonance": {
        "dmean": 0.0288205519319,
        "dmean2": 0.0455597639084,
        "dvar": 0.00089628942078,
        "dvar2": 0.00220821425319,
        "max": 0.499999493361,
        "mean": 0.448357462883,
        "median": 0.458979070187,
        "min": 0.160689726472,
        "var": 0.00184901512694
    },
    "dynamic_complexity": 2.08874177933,
    "erbbands_crest": {
        "dmean": 3.95483851433,
        "dmean2": 6.3527674675,
        "dvar": 12.7202587128,
        "dvar2": 30.9867172241,
        "max": 31.8490219116,
        "mean": 10.6267080307,
        "median": 9.29474163055,
        "min": 2.83837366104,
        "var": 27.9464988708
    },
    "erbbands_flatness_db": {
        "dmean": 0.0302103627473,
        "dmean2": 0.0447134748101,
        "dvar": 0.000783089897595,
        "dvar2": 0.0015264992835,
        "max": 0.33450448513,
        "mean": 0.162075936794,
        "median": 0.157382190228,
        "min": 0.0655310079455,
        "var": 0.00219543976709
    },
    "erbbands_kurtosis": {
        "dmean": 2.26830863953,
        "dmean2": 3.6478331089,
        "dvar": 31.4466514587,
        "dvar2": 77.1331863403,
        "max": 138.781204224,
        "mean": 1.65497887135,
        "median": 0.220969438553,
        "min": -1.74435281754,
        "var": 33.6983413696
    },
    "erbbands_skewness": {
        "dmean": 0.687790393829,
        "dmean2": 1.04670882225,
        "dvar": 0.517489612103,
        "dvar2": 1.16641902924,
        "max": 10.1783466339,
        "mean": 0.610508263111,
        "median": 0.61367636919,
        "min": -3.33193898201,
        "var": 1.33492028713
    },
    "erbbands_spread": {
        "dmean": 17.0827465057,
        "dmean2": 26.4311828613,
        "dvar": 316.115142822,
        "dvar2": 734.073547363,
        "max": 159.646133423,
        "mean": 43.1908874512,
        "median": 38.1088027954,
        "min": 2.31239795685,
        "var": 702.856079102
    },
    "hfc": {
        "dmean": 10.5734987259,
        "dmean2": 16.3913822174,
        "dvar": 162.819656372,
        "dvar2": 420.475250244,
        "max": 124.455711365,
        "mean": 20.3426437378,
        "median": 18.0602149963,
        "min": 0.102497629821,
        "var": 230.70223999
    },
    "melbands_crest": {
        "dmean": 4.69085407257,
        "dmean2": 7.91265535355,
        "dvar": 14.9263181686,
        "dvar2": 42.0261764526,
        "max": 33.309841156,
        "mean": 15.6075077057,
        "median": 15.203950882,
        "min": 4.95255041122,
        "var": 26.8634357452
    },
    "melbands_flatness_db": {
        "dmean": 0.0483222641051,
        "dmean2": 0.072050601244,
        "dvar": 0.00198387191631,
        "dvar2": 0.00468518724665,
        "max": 0.646163344383,
        "mean": 0.236275568604,
        "median": 0.234612673521,
        "min": 0.0452140048146,
        "var": 0.00516110192984
    },
    "melbands_kurtosis": {
        "dmean": 19.2772254944,
        "dmean2": 32.0038719177,
        "dvar": 1061.73718262,
        "dvar2": 2575.24194336,
        "max": 392.297729492,
        "mean": 23.5452461243,
        "median": 12.6686859131,
        "min": -1.29885649681,
        "var": 1256.65405273
    },
    "melbands_skewness": {
        "dmean": 1.47907781601,
        "dmean2": 2.37180900574,
        "dvar": 2.59638142586,
        "dvar2": 6.28572750092,
        "max": 13.4337968826,
        "mean": 3.32589125633,
        "median": 2.87329173088,
        "min": -0.839520335197,
        "var": 4.85288381577
    },
    "melbands_spread": {
        "dmean": 9.91577529907,
        "dmean2": 16.2877044678,
        "dvar": 237.27633667,
        "dvar2": 594.531005859,
        "max": 170.713684082,
        "mean": 17.2903289795,
        "median": 12.7902860641,
        "min": 0.246165961027,
        "var": 295.516571045
    },
    "pitch_salience": {
        "dmean": 0.112814761698,
        "dmean2": 0.184140577912,
        "dvar": 0.0095385517925,
        "dvar2": 0.0248907245696,
        "max": 0.84261649847,
        "mean": 0.515746295452,
        "median": 0.515956699848,
        "min": 0.1279964149,
        "var": 0.0165774971247
    },
    "silence_rate_20dB": {
        "dmean": 0,
        "dmean2": 0,
        "dvar": 0,
        "dvar2": 0,
        "max": 1,
        "mean": 1,
        "median": 1,
        "min": 1,
        "var": 0
    },
    "silence_rate_30dB": {
        "dmean": 0,
        "dmean2": 0,
        "dvar": 0,
        "dvar2": 0,
        "max": 1,
        "mean": 1,
        "median": 1,
        "min": 1,
        "var": 0
    },
    "silence_rate_60dB": {
        "dmean": 0.0185758508742,
        "dmean2": 0.0371804796159,
        "dvar": 0.0182308554649,
        "dvar2": 0.0466421656311,
        "max": 1,
        "mean": 0.0146945090964,
        "median": 0,
        "min": 0,
        "var": 0.0144785009325
    },
    "spectral_centroid": {
        "dmean": 391.267669678,
        "dmean2": 597.256835938,
        "dvar": 217574.984375,
        "dvar2": 458302.125,
        "max": 4120.27148438,
        "mean": 1078.2220459,
        "median": 857.902282715,
        "min": 136.639358521,
        "var": 506984.9375
    },
    "spectral_complexity": {
        "dmean": 5.60139322281,
        "dmean2": 8.22075939178,
        "dvar": 32.7195281982,
        "dvar2": 67.6872406006,
        "max": 55,
        "mean": 15.3735494614,
        "median": 13,
        "min": 1,
        "var": 89.2084350586
    },
    "spectral_decrease": {
        "dmean": 3.80983378179e-09,
        "dmean2": 5.72750291639e-09,
        "dvar": 1.38586782813e-17,
        "dvar2": 3.15226256084e-17,
        "max": -1.56886323377e-10,
        "mean": -8.03763278157e-09,
        "median": -6.9717951412e-09,
        "min": -2.63399968503e-08,
        "var": 2.66357732439e-17
    },
    "spectral_energy": {
        "dmean": 0.0150159504265,
        "dmean2": 0.0226143710315,
        "dvar": 0.000219378169277,
        "dvar2": 0.000499731570017,
        "max": 0.10672698915,
        "mean": 0.0321810357273,
        "median": 0.0281617976725,
        "min": 0.000601421925239,
        "var": 0.000413848174503
    },
    "spectral_energyband_high": {
        "dmean": 0.00065173569601,
        "dmean2": 0.00099184399005,
        "dvar": 1.38740426792e-06,
        "dvar2": 3.32934951075e-06,
        "max": 0.0150655871257,
        "mean": 0.000878373568412,
        "median": 0.000260708649876,
        "min": 1.42931838809e-07,
        "var": 1.80397273652e-06
    },
    "spectral_energyband_low": {
        "dmean": 0.00602315552533,
        "dmean2": 0.00986511260271,
        "dvar": 8.24749222375e-05,
        "dvar2": 0.000204411844607,
        "max": 0.0798087567091,
        "mean": 0.0094573860988,
        "median": 0.00537947379053,
        "min": 3.37872588716e-05,
        "var": 0.000126551560243
    },
    "spectral_energyband_middle_high": {
        "dmean": 0.00278194225393,
        "dmean2": 0.00424569984898,
        "dvar": 1.4515419025e-05,
        "dvar2": 3.45671978721e-05,
        "max": 0.0337492637336,
        "mean": 0.00424239132553,
        "median": 0.00231189327314,
        "min": 2.86156955553e-06,
        "var": 2.49189506576e-05
    },
    "spectral_energyband_middle_low": {
        "dmean": 0.0114144682884,
        "dmean2": 0.0177552904934,
        "dvar": 0.000156277528731,
        "dvar2": 0.00036811985774,
        "max": 0.0982055738568,
        "mean": 0.0185361560434,
        "median": 0.0140818469226,
        "min": 9.85827646218e-05,
        "var": 0.000263129186351
    },
    "spectral_entropy": {
        "dmean": 0.313676953316,
        "dmean2": 0.437807291746,
        "dvar": 0.0983912199736,
        "dvar2": 0.19742873311,
        "max": 8.64856052399,
        "mean": 7.42622327805,
        "median": 7.41196918488,
        "min": 5.10175991058,
        "var": 0.307735353708
    },
    "spectral_flux": {
        "dmean": 0.0398183614016,
        "dmean2": 0.061631783843,
        "dvar": 0.00116655218881,
        "dvar2": 0.00266901776195,
        "max": 0.294430404902,
        "mean": 0.116982467473,
        "median": 0.111529357731,
        "min": 0.0129572981969,
        "var": 0.00255497707985
    },
    "spectral_kurtosis": {
        "dmean": 2.19078183174,
        "dmean2": 3.25870776176,
        "dvar": 6.24421167374,
        "dvar2": 14.0718421936,
        "max": 36.056678772,
        "mean": 5.16729402542,
        "median": 4.60471010208,
        "min": -0.487971305847,
        "var": 13.8967170715
    },
    "spectral_rms": {
        "dmean": 0.00133815710433,
        "dmean2": 0.00197858526371,
        "dvar": 1.48064111727e-06,
        "dvar2": 3.23996619045e-06,
        "max": 0.0102041112259,
        "mean": 0.00530149927363,
        "median": 0.00524165295064,
        "min": 0.000765998091083,
        "var": 3.29024442181e-06
    },
    "spectral_rolloff": {
        "dmean": 854.695922852,
        "dmean2": 1490.71191406,
        "dvar": 2388306.75,
        "dvar2": 5949721,
        "max": 9711.47460938,
        "mean": 1247.47558594,
        "median": 624.462890625,
        "min": 64.599609375,
        "var": 2712352
    },
    "spectral_skewness": {
        "dmean": 0.356853157282,
        "dmean2": 0.49498796463,
        "dvar": 0.106522999704,
        "dvar2": 0.20385915041,
        "max": 4.69720935822,
        "mean": 1.72452557087,
        "median": 1.74573898315,
        "min": 0.380788236856,
        "var": 0.405948460102
    },
    "spectral_spread": {
        "dmean": 925378.6875,
        "dmean2": 1338950.625,
        "dvar": 930086649856,
        "dvar2": 1.78124370739e+12,
        "max": 15250777,
        "mean": 5005573.5,
        "median": 4662686.5,
        "min": 2139105.75,
        "var": 2.64453829427e+12
    },
    "spectral_strongpeak": {
        "dmean": 0.617662191391,
        "dmean2": 1.00860178471,
        "dvar": 0.519084751606,
        "dvar2": 1.25300085545,
        "max": 6.59974336624,
        "mean": 0.977978825569,
        "median": 0.687499165535,
        "min": 0.0341533198953,
        "var": 0.810022652149
    },
    "zerocrossingrate": {
        "dmean": 0.0162803251296,
        "dmean2": 0.0191503837705,
        "dvar": 0.000337227305863,
        "dvar2": 0.00041321941535,
        "max": 0.25244140625,
        "mean": 0.0534379072487,
        "median": 0.041015625,
        "min": 0.00439453125,
        "var": 0.00133717118297
    },
    "barkbands": {
        "dmean": [0.000116921946756, 0.00316135259345, 0.00377212068997, 0.00126406119671, 0.00391835672781, 0.0026488089934, 0.0050693564117, 0.00149852107279, 0.00149945914745, 0.000769965001382, 0.000579150393605, 0.000585401023272, 0.000434029265307, 0.000478819565615, 0.000246493553277, 0.000247781368671, 0.000153347355081, 0.000124466998386, 0.000146291669807, 0.000128030282212, 0.000146621125168, 0.00012547543156, 0.000154314446263, 9.71616827883e-05, 8.67283815751e-05, 4.28321800428e-05, 9.0346425452e-08],
        "dmean2": [0.000182987569133, 0.00534156570211, 0.00627983687446, 0.00210564676672, 0.00651622097939, 0.0042745792307, 0.00793433841318, 0.00242296396755, 0.00233948673122, 0.0011975329835, 0.00093066325644, 0.000918059260584, 0.00069809978595, 0.000812868587673, 0.000419695745222, 0.000410272768931, 0.000252024445217, 0.000209304664168, 0.000230107281823, 0.000199877904379, 0.000232066042372, 0.000195021275431, 0.000240495879552, 0.000147701459355, 0.00013157412468, 6.74792318023e-05, 1.74275740505e-07],
        "dvar": [2.29200036728e-08, 2.5609992008e-05, 5.24971037521e-05, 4.24874860983e-06, 5.64017500437e-05, 2.14137344301e-05, 7.08903680788e-05, 9.22146682569e-06, 1.25477072288e-05, 3.20730191561e-06, 2.07667972063e-06, 1.79112203114e-06, 6.23942128186e-07, 1.1361481711e-06, 3.7624576521e-07, 2.75168900998e-07, 4.81237805161e-08, 7.51254702891e-08, 3.68325459021e-08, 3.32716147966e-08, 6.4647913689e-08, 5.37321973582e-08, 1.05146455098e-07, 3.88647940497e-08, 2.47813591869e-08, 6.80846445889e-09, 2.73420880121e-13],
        "dvar2": [5.30103960728e-08, 6.59924262436e-05, 0.000141214535688, 1.01712003016e-05, 0.000142129982123, 4.85965756525e-05, 0.000157424263307, 2.09976769838e-05, 2.96099660773e-05, 6.72278247293e-06, 5.31346131538e-06, 4.00036424253e-06, 1.47867797295e-06, 3.09286451738e-06, 1.02816966319e-06, 7.47798821976e-07, 1.26131922684e-07, 2.01414607659e-07, 8.41955341002e-08, 7.98742263441e-08, 1.61701152024e-07, 1.27920387172e-07, 2.65146553602e-07, 9.34784054607e-08, 5.81175427783e-08, 1.70727538773e-08, 8.07509170208e-13],
        "max": [0.0015895338729, 0.0358787178993, 0.0565769076347, 0.0162549316883, 0.0598117075861, 0.0819216221571, 0.0758451148868, 0.0262512937188, 0.0642763525248, 0.0308677759022, 0.0200957488269, 0.0135746244341, 0.00988026056439, 0.0147677082568, 0.0102234417573, 0.00720836594701, 0.00236182543449, 0.00266745639965, 0.00186613667756, 0.00178356026299, 0.00211506080814, 0.00270089716651, 0.00415081437677, 0.0031130516436, 0.00188371317927, 0.000964387960266, 9.46048930928e-06],
        "mean": [0.000174242770299, 0.00408375682309, 0.00439635943621, 0.00147007079795, 0.00538291316479, 0.00309189455584, 0.0053026699461, 0.00158015056513, 0.00149333942682, 0.00086670240853, 0.000584907771554, 0.00068484689109, 0.00048703912762, 0.000472828018246, 0.00027705373941, 0.000295630365144, 0.000210357335163, 0.000145807833178, 0.000208285317058, 0.000186247212696, 0.000183172931429, 0.00015557021834, 0.000181481940672, 0.000115016380732, 0.000100839788502, 4.98235531268e-05, 4.97989844916e-08],
        "median": [9.59775570664e-05, 0.00113226368558, 0.00189398555085, 0.000630972732324, 0.00191051862203, 0.00107048742939, 0.00117462419439, 0.000227833515964, 0.000180038274266, 0.000135890426463, 9.94566871668e-05, 0.000119727708807, 0.000130327331135, 0.000135788810439, 0.00011411527521, 0.00013248353207, 0.000113904185127, 5.62187997275e-05, 0.000120625409181, 9.0132074547e-05, 4.27324484917e-05, 2.79563537333e-05, 3.58434772352e-05, 3.17623307637e-05, 2.55838458543e-05, 1.57864687935e-05, 6.8736483172e-10],
        "min": [7.30211482391e-08, 1.68240273979e-06, 6.08165373706e-06, 4.84628026243e-06, 9.79911419563e-06, 6.66779101266e-07, 8.8953663635e-07, 9.23393557173e-08, 1.34833257448e-07, 8.54808916984e-08, 1.23249762396e-07, 1.26882525819e-07, 1.17555131851e-07, 1.32638490413e-07, 1.2958449247e-07, 1.3812898203e-07, 8.16496026346e-08, 1.18337190713e-07, 1.25234336679e-07, 6.66919532932e-08, 7.10607324095e-08, 1.46053471539e-08, 1.06869340044e-08, 3.67258845557e-09, 6.64317179044e-09, 2.14970596879e-09, 4.7563359501e-12],
        "var": [4.51408581625e-08, 4.24739919254e-05, 4.63542965008e-05, 4.52054882771e-06, 6.34734824416e-05, 3.06143592752e-05, 9.3388291134e-05, 1.21763578136e-05, 1.39630519698e-05, 5.56564373255e-06, 2.05655555874e-06, 2.41748784902e-06, 8.77918012065e-07, 9.31457918796e-07, 3.14372641697e-07, 2.56879673088e-07, 6.60528343133e-08, 7.68745067603e-08, 6.14150934553e-08, 5.50635519403e-08, 8.95363285736e-08, 7.14535417501e-08, 1.11800325442e-07, 4.49186430274e-08, 3.17034221098e-08, 7.07127423283e-09, 1.42312756631e-13]
    },
    "erbbands": {
        "dmean": [0.0696270540357, 0.848951995373, 3.6414000988, 4.46420145035, 11.3920965195, 11.5946521759, 10.1943063736, 25.9818935394, 87.3925323486, 25.1848945618, 46.0966186523, 29.317987442, 17.5641422272, 24.7009811401, 22.6939258575, 23.1633491516, 20.1693439484, 22.343706131, 16.5495090485, 12.8751087189, 11.8297681808, 8.30424785614, 7.46732378006, 6.66691732407, 7.16405248642, 6.28730392456, 6.77739572525, 4.75345897675, 4.49374437332, 4.41098594666, 4.40201997757, 2.49735546112, 1.43271028996, 1.07150566578, 0.591026127338, 0.281545877457, 0.0463375560939, 0.00292883510701, 7.81605485827e-05, 2.02531755349e-05],
        "dmean2": [0.108813934028, 1.44265604019, 6.03053617477, 7.37573051453, 18.7218151093, 19.7245540619, 17.0852813721, 41.6794662476, 137.081436157, 40.6065788269, 72.6094741821, 45.4076118469, 26.534866333, 37.5270195007, 35.5187492371, 35.7737045288, 31.9724712372, 37.9997444153, 28.0122909546, 21.4378452301, 19.0475845337, 13.4478635788, 12.6535730362, 10.4617404938, 11.2874774933, 9.84835624695, 10.8959121704, 7.45696258545, 6.95386314392, 6.77837848663, 6.98066616058, 3.90969181061, 2.18961906433, 1.62399697304, 0.9259288311, 0.444372534752, 0.0714577585459, 0.00463046506047, 0.00012577191228, 3.15927463816e-05],
        "dvar": [0.00796289648861, 2.06669926643, 51.6369667053, 47.7578353882, 560.727539062, 511.993713379, 322.6121521, 2087.10839844, 20171.0273438, 1983.59130859, 8641.95800781, 4140.79541016, 1737.51550293, 2946.10766602, 3005.87597656, 2686.64990234, 1261.77612305, 2666.11230469, 1306.74389648, 1051.65368652, 636.251953125, 143.368850708, 287.046478271, 117.284843445, 92.380241394, 75.3397140503, 142.673416138, 65.483001709, 72.5386810303, 69.8343505859, 88.8215332031, 28.7054767609, 8.05042457581, 3.57247662544, 1.39516294003, 0.331410884857, 0.00484327925369, 2.34166345763e-05, 1.93839380103e-08, 5.51446777131e-10],
        "dvar2": [0.0171275380999, 5.36823368073, 137.241088867, 114.57421875, 1328.09143066, 1364.55273438, 814.862487793, 4647.86621094, 44929.5429688, 4931.04589844, 19166.4648438, 9656.66796875, 3681.61279297, 5876.88671875, 7722.85888672, 5646.92871094, 2877.52954102, 7432.27246094, 3442.65454102, 2854.76171875, 1722.42114258, 385.077301025, 815.148071289, 252.829803467, 217.559646606, 179.895782471, 359.96762085, 152.911499023, 176.800018311, 164.410644531, 228.411254883, 73.8329925537, 17.7636966705, 7.75386333466, 3.46984219551, 0.828503966331, 0.0108216460794, 5.38295025763e-05, 4.97357071083e-08, 1.35173927607e-09],
        "max": [0.711046218872, 9.83560562134, 58.4107971191, 47.8953781128, 186.652877808, 231.421432495, 165.982254028, 817.495239258, 1180.68359375, 513.116394043, 905.427978516, 1054.31469727, 733.98651123, 913.037353516, 893.807128906, 570.971069336, 449.498138428, 802.254394531, 359.573699951, 565.401428223, 513.504333496, 125.57900238, 161.03036499, 116.973731995, 132.675460815, 80.4660415649, 116.280204773, 88.5767440796, 110.769599915, 111.02722168, 107.883178711, 83.9471282959, 42.0355415344, 17.6647415161, 15.5756511688, 6.84922838211, 0.704530715942, 0.0682140663266, 0.00136230571661, 0.000207331657293],
        "mean": [0.107033923268, 0.992260694504, 4.19820690155, 5.91324281693, 13.0072069168, 15.5545864105, 17.367685318, 30.1486377716, 94.5735321045, 25.7436885834, 51.0183334351, 30.5542125702, 21.3379592896, 26.1666793823, 25.4669895172, 28.3335666656, 23.8911800385, 23.1355247498, 17.7620334625, 15.4976148605, 15.4205265045, 11.7563343048, 8.74904346466, 9.38859367371, 10.3241491318, 9.15113925934, 8.47092247009, 6.18846607208, 5.40852975845, 5.73489952087, 4.99142074585, 2.8660671711, 1.70290315151, 1.28179383278, 0.643677651882, 0.308694213629, 0.0648496970534, 0.00414863880724, 0.000114319642307, 4.46375270258e-05],
        "median": [0.046008117497, 0.22278624773, 1.69660925865, 3.15243172646, 3.84143853188, 5.28957223892, 4.04045200348, 11.8929796219, 24.2348918915, 9.48309993744, 8.00429058075, 4.43938350677, 3.46743917465, 4.43019962311, 4.60446643829, 5.26058721542, 6.64680671692, 8.10234355927, 6.70408773422, 7.02316665649, 7.84742164612, 6.62993812561, 3.88195919991, 4.16988039017, 6.14979839325, 4.62820863724, 2.47647762299, 1.32927465439, 0.936147749424, 0.972585737705, 1.0259513855, 0.791866362095, 0.422124445438, 0.326321065426, 0.155350953341, 0.0886265560985, 0.0260172542185, 0.00154251535423, 5.38974709343e-05, 4.08961750509e-05],
        "min": [0.000146294885781, 0.00120361265726, 0.017205491662, 0.0441515445709, 0.072674959898, 0.0407761372626, 0.0303429234773, 0.00865491107106, 0.0147306108847, 0.00404496118426, 0.0026017324999, 0.00300193834119, 0.0035537132062, 0.00640465458855, 0.00459652533755, 0.00468360679224, 0.0053972271271, 0.00587655697018, 0.00776737602428, 0.00794208142906, 0.0102188289165, 0.0055229915306, 0.00792013853788, 0.00986646302044, 0.00659654894844, 0.00339510198683, 0.00282927346416, 0.00128555484116, 0.000667812884785, 0.000393192924093, 0.000242813679506, 0.000127542705741, 5.4072108469e-05, 9.3576432846e-05, 3.81070094591e-05, 1.09530101327e-05, 5.21467472936e-06, 3.02422819232e-07, 2.79358715716e-07, 6.57479915844e-07],
        "var": [0.0207239668816, 2.92409443855, 47.4182167053, 52.2357711792, 613.677856445, 561.788269043, 622.911865234, 2910.09423828, 27471.4746094, 2101.72509766, 12119.4453125, 4907.62548828, 3706.37304688, 4402.14794922, 3350.21313477, 4098.42822266, 1947.82885742, 2099.29907227, 1232.53955078, 873.225341797, 607.636169434, 195.937347412, 252.099243164, 191.14704895, 151.150985718, 127.365608215, 183.203674316, 103.623008728, 92.5059356689, 93.6704406738, 88.3827667236, 28.3907642365, 10.4180603027, 5.34485435486, 1.44107174873, 0.325375080109, 0.00862424355, 4.4771375542e-05, 2.38814479303e-08, 7.54861340102e-10]
    },
    "gfcc": {
        "mean": [-1.7834239006, 87.2454986572, -97.7708969116, 37.5243148804, -58.7762298584, 13.569226265, -48.946269989, 8.36093616486, -27.8903160095, 8.51110172272, -14.8261013031, 1.24066913128, -14.1929016113],
        "cov": [[3395.02050781, -519.883361816, -764.976013184, -314.930023193, -504.218811035, -25.4206600189, 22.3549194336, 77.1082229614, -80.4002914429, 79.3273773193, -154.507019043, -104.222633362, -171.308273315], [-519.883361816, 1628.20495605, -302.811096191, -874.41003418, -7.5318031311, -216.164672852, 177.254104614, 65.4621582031, 219.217956543, -40.6918678284, 194.633651733, -51.6357574463, 93.5100402832], [-764.976013184, -302.811096191, 778.673217773, 473.878204346, 172.511077881, 191.726486206, 13.6607017517, 58.3499221802, 21.5748558044, 39.2192268372, -5.46163272858, 99.0790176392, 15.9108896255], [-314.930023193, -874.41003418, 473.878204346, 964.791503906, 248.543930054, 194.517120361, -98.2160186768, -100.444976807, -82.26587677, 4.35460424423, -83.798286438, 58.671421051, 4.02729606628], [-504.218811035, -7.5318031311, 172.511077881, 248.543930054, 418.096405029, 99.2605056763, -28.1724319458, -19.1793460846, 35.8846702576, 64.5995864868, 3.19549202919, 21.5740203857, -3.29499793053], [-25.4206600189, -216.164672852, 191.726486206, 194.517120361, 99.2605056763, 313.610137939, 132.895462036, 37.5751190186, -21.3105640411, 4.77545404434, -6.11805963516, 15.248459816, -21.3601169586], [22.3549194336, 177.254104614, 13.6607017517, -98.2160186768, -28.1724319458, 132.895462036, 356.753265381, 173.253723145, 16.9787635803, -39.0739936829, 44.8876495361, 20.2796554565, -6.64381074905], [77.1082229614, 65.4621582031, 58.3499221802, -100.444976807, -19.1793460846, 37.5751190186, 173.253723145, 238.479049683, 79.1729354858, 50.3637161255, 45.5700073242, 10.9036140442, -11.821513176], [-80.4002914429, 219.217956543, 21.5748558044, -82.26587677, 35.8846702576, -21.3105640411, 16.9787635803, 79.1729354858, 168.660018921, 84.017074585, 54.6737670898, 5.35192966461, 12.1031312943], [79.3273773193, -40.6918678284, 39.2192268372, 4.35460424423, 64.5995864868, 4.77545404434, -39.0739936829, 50.3637161255, 84.017074585, 181.636459351, 54.411239624, -1.94131624699, -20.5000286102], [-154.507019043, 194.633651733, -5.46163272858, -83.798286438, 3.19549202919, -6.11805963516, 44.8876495361, 45.5700073242, 54.6737670898, 54.411239624, 138.480209351, 35.1079711914, 23.5737476349], [-104.222633362, -51.6357574463, 99.0790176392, 58.671421051, 21.5740203857, 15.248459816, 20.2796554565, 10.9036140442, 5.35192966461, -1.94131624699, 35.1079711914, 124.02910614, 26.0944747925], [-171.308273315, 93.5100402832, 15.9108896255, 4.02729606628, -3.29499793053, -21.3601169586, -6.64381074905, -11.821513176, 12.1031312943, -20.5000286102, 23.5737476349, 26.0944747925, 95.2096633911]],
        "icov": [[0.000722051481716, -0.000188654186786, 0.000996536109596, -0.000408622203395, 0.0010153206531, -0.000641171180177, 0.000308102113195, -0.000702620425727, 0.00037849281216, -0.00113201071508, 0.00129281089175, -0.000717807386536, 0.000745538272895], [-0.000188654186786, 0.00436163740233, -0.00162949587684, 0.00406202115119, -0.00282674375921, 0.00243902183138, -0.00308529683389, 0.00387636455707, -0.00458907522261, 0.00364324636757, -0.00410998798907, 0.00330093759112, -0.00232661981136], [0.000996536109596, -0.00162949587684, 0.0041793230921, -0.00276453327388, 0.00208561145701, -0.00254981592298, 0.00203777989373, -0.00333317997865, 0.00151715881657, -0.00245567434467, 0.00311443861574, -0.00324938516133, 0.00143827102147], [-0.000408622203395, 0.00406202115119, -0.00276453327388, 0.00591231882572, -0.00356466905214, 0.00180897000246, -0.00255842739716, 0.00429541151971, -0.00350727746263, 0.00337564246729, -0.00334291742183, 0.00291047454812, -0.00267286133021], [0.0010153206531, -0.00282674375921, 0.00208561145701, -0.00356466905214, 0.00617417879403, -0.00290406285785, 0.00219502020627, -0.00254423986189, 0.00224100076593, -0.00440673762932, 0.00408288510516, -0.00297690043226, 0.00237605604343], [-0.000641171180177, 0.00243902183138, -0.00254981592298, 0.00180897000246, -0.00290406285785, 0.00738270301372, -0.00489764008671, 0.00372860301286, -0.00194132048637, 0.00176880171057, -0.00288483896293, 0.00285921478644, -0.00096426991513], [0.000308102113195, -0.00308529683389, 0.00203777989373, -0.00255842739716, 0.00219502020627, -0.00489764008671, 0.0093368254602, -0.00798456557095, 0.00363894412294, 0.000497558736242, 0.00131583935581, -0.00301856989972, 0.00213564769365], [-0.000702620425727, 0.00387636455707, -0.00333317997865, 0.00429541151971, -0.00254423986189, 0.00372860301286, -0.00798456557095, 0.0134374769405, -0.00671583926305, 0.00124406197574, -0.00380761385895, 0.00351463700645, -0.0017352453433], [0.00037849281216, -0.00458907522261, 0.00151715881657, -0.00350727746263, 0.00224100076593, -0.00194132048637, 0.00363894412294, -0.00671583926305, 0.0148564670235, -0.0073940535076, 0.00343025266193, -0.00317289773375, 0.000684746599291], [-0.00113201071508, 0.00364324636757, -0.00245567434467, 0.00337564246729, -0.00440673762932, 0.00176880171057, 0.000497558736242, 0.00124406197574, -0.0073940535076, 0.0146688297391, -0.00879144668579, 0.00428669061512, 0.000186319055501], [0.00129281089175, -0.00410998798907, 0.00311443861574, -0.00334291742183, 0.00408288510516, -0.00288483896293, 0.00131583935581, -0.00380761385895, 0.00343025266193, -0.00879144668579, 0.0169237237424, -0.00694447988644, 0.000480855203932], [-0.000717807386536, 0.00330093759112, -0.00324938516133, 0.00291047454812, -0.00297690043226, 0.00285921478644, -0.00301856989972, 0.00351463700645, -0.00317289773375, 0.00428669061512, -0.00694447988644, 0.0134103996679, -0.00397912040353], [0.000745538272895, -0.00232661981136, 0.00143827102147, -0.00267286133021, 0.00237605604343, -0.00096426991513, 0.00213564769365, -0.0017352453433, 0.000684746599291, 0.000186319055501, 0.000480855203932, -0.00397912040353, 0.0147264115512]]
    },
    "melbands": {
        "dmean": [0.000701521581504, 0.00157690118067, 0.000897715683095, 0.000888069334906, 0.000382698519388, 0.000655763666146, 0.00121418421622, 0.000229773970204, 0.00042543609743, 0.000158727532835, 9.15290729608e-05, 0.000103777143522, 7.63052448747e-05, 6.54169634799e-05, 6.22233783361e-05, 3.83057922591e-05, 4.48106766271e-05, 3.03678225464e-05, 1.76684134203e-05, 1.89614020201e-05, 1.32464574563e-05, 8.92320349521e-06, 8.16736337583e-06, 6.01480041951e-06, 5.80473079026e-06, 5.74471414438e-06, 4.88400382892e-06, 4.16658485847e-06, 4.38814095105e-06, 3.32966737915e-06, 2.93451194011e-06, 2.56552812061e-06, 2.40177519117e-06, 2.65704125013e-06, 2.62771936832e-06, 2.26050133278e-06, 1.31526087443e-06, 9.92148557089e-07, 9.89071395452e-07, 9.10645894692e-07],
        "dmean2": [0.00115938391536, 0.00260802544653, 0.00146617298014, 0.00148814963177, 0.000641260354314, 0.00104799075052, 0.00189751479775, 0.000380445679184, 0.000666290696245, 0.000250030658208, 0.000139367082738, 0.000157540518558, 0.000120717631944, 0.000103655627754, 9.65388026088e-05, 6.23913874733e-05, 7.71329505369e-05, 5.15961000929e-05, 2.94015699183e-05, 3.21968800563e-05, 2.10526814044e-05, 1.46266511365e-05, 1.38815294122e-05, 1.0359859516e-05, 9.07469893718e-06, 9.18554451346e-06, 7.57408952268e-06, 6.53583583698e-06, 7.17838202036e-06, 5.28162809132e-06, 4.65148104922e-06, 4.00685439672e-06, 3.71876490135e-06, 4.14033684137e-06, 4.17165347244e-06, 3.676039114e-06, 2.05822016142e-06, 1.54250517426e-06, 1.53005385073e-06, 1.38652626447e-06],
        "dvar": [1.07638470581e-06, 8.06516163721e-06, 1.81924997378e-06, 3.3622175124e-06, 4.65555729079e-07, 1.23381346384e-06, 3.95862616642e-06, 1.69719413634e-07, 7.44844726341e-07, 1.26631519493e-07, 4.90494080907e-08, 5.543377668e-08, 3.76157203164e-08, 2.44170497155e-08, 1.93347613475e-08, 4.5156167694e-09, 1.15189715544e-08, 4.47886572275e-09, 2.35290809059e-09, 1.90185933668e-09, 7.86418818954e-10, 1.57697868652e-10, 2.24817525707e-10, 2.43969150437e-10, 9.64497717804e-11, 5.90027124381e-11, 5.17004633549e-11, 3.28024378493e-11, 6.35985639152e-11, 3.18425424917e-11, 2.76398175181e-11, 2.46793731284e-11, 1.79125672628e-11, 2.773895523e-11, 2.91048678214e-11, 2.74361037361e-11, 7.43987597224e-12, 4.04685920191e-12, 3.57190427409e-12, 2.56422205518e-12],
        "dvar2": [2.53291068475e-06, 2.05693831958e-05, 4.09260337619e-06, 8.58606108523e-06, 1.14681449759e-06, 2.79707955997e-06, 8.77290585777e-06, 4.29846437555e-07, 1.64745756592e-06, 3.01737259178e-07, 1.04957827318e-07, 1.08959298473e-07, 9.79473213647e-08, 6.05394632203e-08, 4.07413196513e-08, 1.08024824641e-08, 3.19894297718e-08, 1.16151506191e-08, 6.42193631606e-09, 5.12331377323e-09, 2.08673323066e-09, 4.16332968101e-10, 6.2578781046e-10, 6.74764077946e-10, 2.18988327472e-10, 1.46437459381e-10, 1.25441088072e-10, 7.80333228589e-11, 1.62727151198e-10, 7.8182176011e-11, 6.74620498353e-11, 6.11224265645e-11, 4.20874550489e-11, 6.62997226564e-11, 7.32917129764e-11, 7.32594471198e-11, 1.889034415e-11, 9.22066676484e-12, 7.59116207394e-12, 5.67199629278e-12],
        "max": [0.0076189073734, 0.0232870094478, 0.00849133357406, 0.0154148992151, 0.00607029628009, 0.0185266323388, 0.0173005517572, 0.00451617222279, 0.0110480012372, 0.00572460656986, 0.00374619010836, 0.00433095498011, 0.00315792160109, 0.00167111842893, 0.00291959242895, 0.000886428984813, 0.00168900168501, 0.000743715267163, 0.00103871442843, 0.000391657988075, 0.000632216862869, 0.000116011688078, 0.000117014533316, 0.000168076570844, 0.000115628958156, 8.75965488376e-05, 0.000103326194221, 5.23269372934e-05, 7.91190323071e-05, 5.63698013138e-05, 6.68098728056e-05, 6.39023055555e-05, 4.68162761535e-05, 7.51247716835e-05, 5.17382577527e-05, 7.55376022425e-05, 4.21385484515e-05, 2.84107281914e-05, 2.80615095107e-05, 1.47155378727e-05],
        "mean": [0.00105558801442, 0.00195609452203, 0.0012072478421, 0.00110466836486, 0.000637491524685, 0.000753825122956, 0.00131427950691, 0.000221830894588, 0.000464340788312, 0.000160571056767, 0.000107152685814, 0.000109388245619, 8.11473073554e-05, 7.35198118491e-05, 7.30029059923e-05, 4.29714673373e-05, 4.40859803348e-05, 3.07648078888e-05, 2.15022646444e-05, 2.06418681046e-05, 1.71662832145e-05, 1.22987867144e-05, 9.73481292021e-06, 6.68106122248e-06, 7.6665673987e-06, 7.65792810853e-06, 6.92849016559e-06, 5.76683987674e-06, 5.31036312168e-06, 4.15862905356e-06, 3.58005195267e-06, 2.93284983854e-06, 3.0465873806e-06, 3.30113448399e-06, 2.94074720841e-06, 2.41292445935e-06, 1.49574020725e-06, 1.14922102057e-06, 1.13693999992e-06, 1.08292954337e-06],
        "median": [0.0003715667699, 0.000841152621433, 0.000633582472801, 0.000416555907577, 0.00014944121358, 0.000298841681797, 0.000344087835401, 5.96469908487e-05, 5.91931457166e-05, 2.23791357712e-05, 1.71920219145e-05, 1.78015616257e-05, 1.43433426274e-05, 1.34214515128e-05, 1.38981758937e-05, 1.26019303934e-05, 1.35125637826e-05, 9.09986465558e-06, 9.26511620492e-06, 8.53129222378e-06, 8.61609441927e-06, 6.77222396916e-06, 4.52175981991e-06, 2.38404982156e-06, 3.03170190818e-06, 4.45996192866e-06, 3.62281957678e-06, 2.61760919784e-06, 1.6423980469e-06, 9.63172851698e-07, 6.588791166e-07, 4.47922559488e-07, 5.94695166001e-07, 5.35147648861e-07, 5.35711308203e-07, 5.68333746287e-07, 4.38912650225e-07, 2.94868158335e-07, 2.56235210827e-07, 2.76513588915e-07],
        "min": [6.61297576698e-07, 6.07865285929e-06, 9.74058639258e-06, 2.62416483565e-06, 1.03287754882e-06, 1.41682306776e-07, 1.89131839079e-07, 3.06944727413e-08, 2.1979779774e-08, 2.05981187662e-08, 1.365673441e-08, 2.40085427095e-08, 1.61701425583e-08, 1.02978914285e-08, 1.33746658193e-08, 9.62517621161e-09, 1.11214495391e-08, 1.44053764473e-08, 9.21667986375e-09, 1.38885649648e-08, 1.07162412277e-08, 5.6904774226e-09, 3.65454178031e-09, 5.50125145438e-09, 6.0034759386e-09, 6.93491353232e-09, 2.82928680484e-09, 1.91801130534e-09, 1.38598921229e-09, 1.08581732494e-09, 4.97316521297e-10, 4.40744885033e-10, 1.88040957805e-10, 2.37172032014e-10, 1.39837280644e-10, 1.21886972737e-10, 5.39993327831e-11, 2.86339060102e-11, 1.06852092278e-12, 7.65025889859e-11],
