{
"highlevel": {
    "danceability": {
        "all": {
            "danceable": 0.00690416060388,
            "not_danceable": 0.993095815182
        },
        "probability": 0.993095815182,
        "value": "not_danceable"
    },
    "gender": {
        "all": {
            "female": 0.24120247364,
            "male": 0.75879752636
        },
        "probability": 0.75879752636,
        "value": "male"
    },
    "genre_dortmund": {
        "all": {
            "alternative": 0.246268674731,
            "blues": 0.0238297078758,
            "electronic": 0.0209615826607,
            "folkcountry": 0.0189480800182,
            "funksoulrnb": 0.0119332075119,
            "jazz": 0.0180399473757,
            "pop": 0.0313349068165,
            "raphiphop": 0.00231205113232,
            "rock": 0.626371860504
        },
        "probability": 0.626371860504,
        "value": "rock"
    },
    "genre_electronic": {
        "all": {
            "ambient": 0.222824215889,
            "dnb": 0.136927127838,
            "house": 0.0342740193009,
            "techno": 0.0178529806435,
            "trance": 0.588121652603
        },
        "probability": 0.588121652603,
        "value": "trance"
    },
    "genre_rosamerica": {
        "all": {
            "cla": 0.000102470323327,
            "dan": 0.000554024009034,
            "hip": 0.00020987285825,
            "jaz": 0.000416816328652,
            "pop": 0.00583981722593,
            "rhy": 0.00241013569757,
            "roc": 0.990447282791,
            "spe": 1.95880602405e-05
        },
        "probability": 0.990447282791,
        "value": "roc"
    },
    "genre_tzanetakis": {
        "all": {
            "blu": 0.0626541376114,
            "cla": 0.0348133966327,
            "cou": 0.0783501937985,
            "dis": 0.104547761381,
            "hip": 0.15693578124,
            "jaz": 0.313987255096,
            "met": 0.044816005975,
            "pop": 0.0627349764109,
            "reg": 0.0627352520823,
            "roc": 0.0784252434969
        },
        "probability": 0.313987255096,
        "value": "jaz"
    },
    "ismir04_rhythm": {
        "all": {
            "ChaChaCha": 0.0391037724912,
            "Jive": 0.157737523317,
            "Quickstep": 0.033857293427,
            "Rumba-American": 0.019051162526,
            "Rumba-International": 0.0301587693393,
            "Rumba-Misc": 0.00571296177804,
            "Samba": 0.496734976768,
            "Tango": 0.0133518679067,
            "VienneseWaltz": 0.189503118396,
            "Waltz": 0.0147885521874
        },
        "probability": 0.496734976768,
        "value": "Samba"
    },
    "mood_acoustic": {
        "all": {
            "acoustic": 1.06561301436e-05,
            "not_acoustic": 0.999989330769
        },
        "probability": 0.999989330769,
        "value": "not_acoustic"
    },
    "mood_aggressive": {
        "all": {
            "aggressive": 0.966961503029,
            "not_aggressive": 0.0330384746194
        },
        "probability": 0.966961503029,
        "value": "aggressive"
    },
    "mood_electronic": {
        "all": {
            "electronic": 0.528595507145,
            "not_electronic": 0.471404492855
        },
        "probability": 0.528595507145,
        "value": "electronic"
    },
    "mood_happy": {
        "all": {
            "happy": 0.665842533112,
            "not_happy": 0.334157466888
        },
        "probability": 0.665842533112,
        "value": "happy"
    },
    "mood_party": {
        "all": {
            "not_party": 0.59288495779,
            "party": 0.407115012407
        },
        "probability": 0.59288495779,
        "value": "not_party"
    },
    "mood_relaxed": {
        "all": {
            "not_relaxed": 0.991324961185,
            "relaxed": 0.00867502763867
        },
        "probability": 0.991324961185,
        "value": "not_relaxed"
    },
    "mood_sad": {
        "all": {
            "not_sad": 0.638192892075,
            "sad": 0.361807078123
        },
        "probability": 0.638192892075,
        "value": "not_sad"
    },
    "moods_mirex": {
        "all": {
            "Cluster1": 0.520432829857,
            "Cluster2": 0.0240906327963,
            "Cluster3": 0.043766271323,
            "Cluster4": 0.013226297684,
            "Cluster5": 0.398483932018
        },
        "probability": 0.520432829857,
        "value": "Cluster1"
    },
    "timbre": {
        "all": {
            "bright": 0.85781031847,
            "dark": 0.14218968153
        },
        "probability": 0.85781031847,
        "value": "bright"
    },
    "tonal_atonal": {
        "all": {
            "atonal": 0.000179513983312,
            "tonal": 0.99982047081
        },
        "probability": 0.99982047081,
        "value": "tonal"
    },
    "voice_instrumental": {
        "all": {
            "instrumental": 0.0179246682674,
            "voice": 0.982075333595
        },
        "probability": 0.982075333595,
        "value": "voice"
    }
},
"lowlevel": {
    "average_loudness": 0.981696128845,
    "barkbands_crest": {
        "dmean": 2.51344251633,
        "dmean2": 4.23731040955,
        "dvar": 4.38212108612,
        "dvar2": 12.0504570007,
        "max": 19.6317272186,
        "mean": 8.674949646,
        "median": 8.06128787994,
        "min": 2.88735079765,
        "var": 10.3979701996
    },
    "barkbands_flatness_db": {
        "dmean": 0.0169444102794,
        "dmean2": 0.0279868505895,
        "dvar": 0.000195133965462,
        "dvar2": 0.000503373157699,
        "max": 0.271273583174,
        "mean": 0.117384858429,
        "median": 0.112291999161,
        "min": 0.0548542924225,
        "var": 0.000850636744872
    },
    "barkbands_kurtosis": {
        "dmean": 1.46251881123,
        "dmean2": 2.3782813549,
        "dvar": 4.74304676056,
        "dvar2": 12.1308393478,
        "max": 36.0516967773,
        "mean": 1.63777124882,
        "median": 0.505412578583,
        "min": -1.73077654839,
        "var": 11.0526943207
    },
    "barkbands_skewness": {
        "dmean": 0.412588953972,
        "dmean2": 0.666653454304,
        "dvar": 0.134312719107,
        "dvar2": 0.360866338015,
        "max": 5.53322982788,
        "mean": 1.28918027878,
        "median": 1.18033897877,
        "min": -1.23569262028,
        "var": 0.650666415691
    },
    "barkbands_spread": {
        "dmean": 5.36428594589,
        "dmean2": 8.74463748932,
        "dvar": 24.8632640839,
        "dvar2": 59.0817260742,
        "max": 84.4710540771,
        "mean": 29.4597110748,
        "median": 29.5765724182,
        "min": 5.38311910629,
        "var": 99.1892166138
    },
    "dissonance": {
        "dmean": 0.0163742564619,
        "dmean2": 0.0278627462685,
        "dvar": 0.00023459525255,
        "dvar2": 0.000635424570646,
        "max": 0.499999940395,
        "mean": 0.469941139221,
        "median": 0.473555386066,
        "min": 0.342836111784,
        "var": 0.00040778866969
    },
    "dynamic_complexity": 1.36472797394,
    "erbbands_crest": {
        "dmean": 2.26650595665,
        "dmean2": 3.6679816246,
        "dvar": 4.6179933548,
        "dvar2": 11.4513635635,
        "max": 26.6918640137,
        "mean": 7.53948259354,
        "median": 6.49967288971,
        "min": 2.30503344536,
        "var": 13.4048118591
    },
    "erbbands_flatness_db": {
        "dmean": 0.0118544399738,
        "dmean2": 0.0186438467354,
        "dvar": 0.00010832711996,
        "dvar2": 0.000262429413851,
        "max": 0.247918188572,
        "mean": 0.135787203908,
        "median": 0.134184911847,
        "min": 0.0800556987524,
        "var": 0.000650412112009
    },
    "erbbands_kurtosis": {
        "dmean": 0.537426173687,
        "dmean2": 0.86249268055,
        "dvar": 0.455581188202,
        "dvar2": 1.14546370506,
        "max": 14.5456886292,
        "mean": -0.0494430810213,
        "median": -0.38930773735,
        "min": -1.72685205936,
        "var": 1.99184346199
    },
    "erbbands_skewness": {
        "dmean": 0.260398000479,
        "dmean2": 0.405535072088,
        "dvar": 0.0452274717391,
        "dvar2": 0.106021329761,
        "max": 1.9169870615,
        "mean": 0.0694030746818,
        "median": 0.0481410063803,
        "min": -1.68818473816,
        "var": 0.183028355241
    },
    "erbbands_spread": {
        "dmean": 7.46819877625,
        "dmean2": 11.9283027649,
        "dvar": 41.299785614,
        "dvar2": 101.441398621,
        "max": 101.723480225,
        "mean": 45.5458564758,
        "median": 43.4194221497,
        "min": 7.06617546082,
        "var": 279.805908203
    },
    "hfc": {
        "dmean": 6.99009990692,
        "dmean2": 10.5836019516,
        "dvar": 48.2274856567,
        "dvar2": 98.9914627075,
        "max": 114.70930481,
        "mean": 37.7267150879,
        "median": 37.1497116089,
        "min": 0.109629943967,
        "var": 271.434997559
    },
    "melbands_crest": {
        "dmean": 3.39489102364,
        "dmean2": 5.79411125183,
        "dvar": 8.22679805756,
        "dvar2": 23.3427448273,
        "max": 27.8057155609,
        "mean": 13.2626657486,
        "median": 12.6538276672,
        "min": 4.66502666473,
        "var": 18.6189289093
    },
    "melbands_flatness_db": {
        "dmean": 0.0214400421828,
        "dmean2": 0.0348045863211,
        "dvar": 0.000335785880452,
        "dvar2": 0.000875023310073,
        "max": 0.343151211739,
        "mean": 0.162223309278,
        "median": 0.156588748097,
        "min": 0.0699585303664,
        "var": 0.00165219488554
    },
    "melbands_kurtosis": {
        "dmean": 4.9701666832,
        "dmean2": 8.10632896423,
        "dvar": 51.5355377197,
        "dvar2": 135.138839722,
        "max": 133.133499146,
        "mean": 10.4000396729,
        "median": 6.65989398956,
        "min": -1.02993559837,
        "var": 128.457611084
    },
    "melbands_skewness": {
        "dmean": 0.628843188286,
        "dmean2": 1.01854240894,
        "dvar": 0.326274931431,
        "dvar2": 0.908364057541,
        "max": 9.41547012329,
        "mean": 2.6250936985,
        "median": 2.46529197693,
        "min": -0.268191874027,
        "var": 1.6124573946
    },
    "melbands_spread": {
        "dmean": 6.97343873978,
        "dmean2": 11.2309045792,
        "dvar": 49.0432548523,
        "dvar2": 117.003135681,
        "max": 185.548446655,
        "mean": 28.4492034912,
        "median": 27.6906490326,
        "min": 3.07861375809,
        "var": 189.060043335
    },
    "pitch_salience": {
        "dmean": 0.0715125203133,
        "dmean2": 0.119202002883,
        "dvar": 0.00374330114573,
        "dvar2": 0.00977274496108,
        "max": 0.805435419083,
        "mean": 0.532339155674,
        "median": 0.528921663761,
        "min": 0.217755302787,
        "var": 0.00907591171563
    },
    "silence_rate_20dB": {
        "dmean": 0,
        "dmean2": 0,
        "dvar": 0,
        "dvar2": 0,
        "max": 1,
        "mean": 1,
        "median": 1,
        "min": 1,
        "var": 0
    },
    "silence_rate_30dB": {
        "dmean": 0,
        "dmean2": 0,
        "dvar": 0,
        "dvar2": 0,
        "max": 1,
        "mean": 1,
        "median": 1,
        "min": 1,
        "var": 0
    },
    "silence_rate_60dB": {
        "dmean": 0.0030959751457,
        "dmean2": 0.00619674660265,
        "dvar": 0.00308636552654,
        "dvar2": 0.00615844270214,
        "max": 1,
        "mean": 0.0100541375577,
        "median": 0,
        "min": 0,
        "var": 0.00995305366814
    },
    "spectral_centroid": {
        "dmean": 227.958709717,
        "dmean2": 371.944244385,
        "dvar": 43875.2578125,
        "dvar2": 105889.164062,
        "max": 3738.09790039,
        "mean": 1466.75561523,
        "median": 1475.92358398,
        "min": 419.460205078,
        "var": 159888.96875
    },
    "spectral_complexity": {
        "dmean": 4.41331291199,
        "dmean2": 6.73508930206,
        "dvar": 17.2300777435,
        "dvar2": 36.0831794739,
        "max": 49,
        "mean": 26.9945869446,
        "median": 28,
        "min": 1,
        "var": 71.6975708008
    },
    "spectral_decrease": {
        "dmean": 2.82146883634e-09,
        "dmean2": 4.5307912977e-09,
        "dvar": 6.57882094249e-18,
        "dvar2": 1.76039618434e-17,
        "max": -8.40296374149e-11,
        "mean": -1.10652527141e-08,
        "median": -1.11263585012e-08,
        "min": -2.73263154327e-08,
        "var": 1.59234782546e-17
    },
    "spectral_energy": {
        "dmean": 0.0109491860494,
        "dmean2": 0.017497992143,
        "dvar": 9.83772843028e-05,
        "dvar2": 0.000261883367784,
        "max": 0.107179187238,
        "mean": 0.0451846979558,
        "median": 0.0456428006291,
        "min": 0.000327091169311,
        "var": 0.000246599433012
    },
    "spectral_energyband_high": {
        "dmean": 0.000581634580158,
        "dmean2": 0.000914021220524,
        "dvar": 4.91693526783e-07,
        "dvar2": 1.06158483959e-06,
        "max": 0.0123570514843,
        "mean": 0.00209422106855,
        "median": 0.00181011541281,
        "min": 1.08036454094e-06,
        "var": 2.08285587178e-06
    },
    "spectral_energyband_low": {
        "dmean": 0.00763418572024,
        "dmean2": 0.0125866699964,
        "dvar": 5.98684237048e-05,
        "dvar2": 0.000160706666065,
        "max": 0.0720838904381,
        "mean": 0.0171828437597,
        "median": 0.0142246931791,
        "min": 0.000103338170447,
        "var": 0.000147837941768
    },
    "spectral_energyband_middle_high": {
        "dmean": 0.00296349963173,
        "dmean2": 0.00456190062687,
        "dvar": 1.17273639262e-05,
        "dvar2": 2.84208144876e-05,
        "max": 0.0568803176284,
        "mean": 0.0111151821911,
        "median": 0.00908676814288,
        "min": 2.55639406532e-05,
        "var": 6.22619627393e-05
    },
    "spectral_energyband_middle_low": {
        "dmean": 0.006634704303,
        "dmean2": 0.0108254896477,
        "dvar": 6.98403964634e-05,
        "dvar2": 0.000188904727111,
        "max": 0.0857384875417,
        "mean": 0.0172827411443,
        "median": 0.0146249076352,
        "min": 7.822142652e-05,
        "var": 0.000120876306028
    },
    "spectral_entropy": {
        "dmean": 0.109884880483,
        "dmean2": 0.173126727343,
        "dvar": 0.00995968747884,
        "dvar2": 0.0230626352131,
        "max": 8.67411231995,
        "mean": 7.81429052353,
        "median": 7.83078956604,
        "min": 6.56219148636,
        "var": 0.0537370108068
    },
    "spectral_flux": {
        "dmean": 0.0243258457631,
        "dmean2": 0.0386965125799,
        "dvar": 0.00046576600289,
        "dvar2": 0.00110068498179,
        "max": 0.253114819527,
        "mean": 0.108148612082,
        "median": 0.105937168002,
        "min": 0.00877836346626,
        "var": 0.00108961574733
    },
    "spectral_kurtosis": {
        "dmean": 0.79954379797,
        "dmean2": 1.38308382034,
        "dvar": 0.810866415501,
        "dvar2": 2.22793912888,
        "max": 19.6653442383,
        "mean": 2.14843702316,
        "median": 1.892162323,
        "min": -0.892665147781,
        "var": 2.52009153366
    },
    "spectral_rms": {
        "dmean": 0.00081135367509,
        "dmean2": 0.00128291465808,
        "dvar": 5.0421999731e-07,
        "dvar2": 1.2904919231e-06,
        "max": 0.0102257058024,
        "mean": 0.00651448452845,
        "median": 0.00667304731905,
        "min": 0.000564901158214,
        "var": 1.64414848314e-06
    },
    "spectral_rolloff": {
        "dmean": 455.463470459,
        "dmean2": 764.487609863,
        "dvar": 377812.71875,
        "dvar2": 771530.5,
        "max": 10422.0703125,
        "mean": 1561.29711914,
        "median": 1507.32421875,
        "min": 150.732421875,
        "var": 1207958.25
    },
    "spectral_skewness": {
        "dmean": 0.141154751182,
        "dmean2": 0.235075414181,
        "dvar": 0.016237411648,
        "dvar2": 0.0438778549433,
        "max": 2.78490257263,
        "mean": 1.19049572945,
        "median": 1.17071187496,
        "min": 0.247778877616,
        "var": 0.0713875293732
    },
    "spectral_spread": {
        "dmean": 364962.40625,
        "dmean2": 532351.3125,
        "dvar": 141771079680,
        "dvar2": 254990598144,
        "max": 11665482,
        "mean": 5104087.5,
        "median": 5062480,
        "min": 2287997.75,
        "var": 822836068352
    },
    "spectral_strongpeak": {
        "dmean": 0.685463726521,
        "dmean2": 1.18598675728,
        "dvar": 1.37678170204,
        "dvar2": 3.39175748825,
        "max": 9.88126468658,
        "mean": 1.09842407703,
        "median": 0.532718896866,
        "min": 0.0264095496386,
        "var": 2.2338385582
    },
    "zerocrossingrate": {
        "dmean": 0.0088650258258,
        "dmean2": 0.0115175368264,
        "dvar": 8.66949558258e-05,
        "dvar2": 0.000112166242616,
        "max": 0.29931640625,
        "mean": 0.0676097720861,
        "median": 0.0654296875,
        "min": 0.01513671875,
        "var": 0.00066731631523
    },
    "barkbands": {
        "dmean": [0.000175633293111, 0.00517733814195, 0.00345505494624, 0.0029645266477, 0.00315868412144, 0.00191928248387, 0.000900219311006, 0.00047540635569, 0.000840977823827, 0.000525417388417, 0.00143949699122, 0.000531015684828, 0.000553078833036, 0.00106236792635, 0.000532432633918, 0.000572781078517, 0.000552720332053, 0.000204399024369, 0.00012179526675, 0.000151490385178, 0.000184715914656, 0.000253427308053, 0.000178916219738, 8.33107114886e-05, 5.40785731573e-05, 1.59485043696e-05, 1.41482878746e-08],
        "dmean2": [0.000293733057333, 0.00877387542278, 0.00585221638903, 0.00495074316859, 0.00531374895945, 0.00316144060344, 0.00143523910083, 0.000769666105043, 0.00128685380332, 0.000849696574733, 0.00216258643195, 0.000834910024423, 0.000868225935847, 0.00169940257911, 0.000856598315295, 0.000915707612876, 0.000917245575693, 0.000329112343024, 0.000202939365408, 0.000248752592597, 0.000302735512378, 0.000422495038947, 0.000294479454169, 0.000125930004288, 7.41195617593e-05, 2.54611331911e-05, 2.40938007323e-08],
        "dvar": [4.08643927585e-08, 3.04716231767e-05, 1.52231032189e-05, 2.170163134e-05, 2.1504212782e-05, 1.04176133391e-05, 1.84539635484e-06, 5.25440100319e-07, 2.08241249311e-06, 1.16962280572e-06, 6.1152404669e-06, 5.75149158522e-07, 1.01590137547e-06, 2.9114892186e-06, 7.40013717859e-07, 5.46238140942e-07, 3.75231991256e-07, 5.76789496165e-08, 1.98965555143e-08, 2.44533193694e-08, 4.69424357163e-08, 7.82240334729e-08, 4.55260362742e-08, 3.03687350822e-08, 3.08483691924e-08, 1.162643537e-09, 7.32310211955e-15],
        "dvar2": [1.11831539584e-07, 8.04957380751e-05, 4.13309026044e-05, 6.00024286541e-05, 5.84885237913e-05, 2.66031638603e-05, 4.27163877248e-06, 1.38248583426e-06, 5.00088526678e-06, 2.93574271382e-06, 1.32650520754e-05, 1.39439464419e-06, 2.64258710558e-06, 7.12100427336e-06, 2.04396042136e-06, 1.35103118737e-06, 9.90774424281e-07, 1.51973125639e-07, 5.15880387297e-08, 6.27025045219e-08, 1.19896043316e-07, 2.08116176736e-07, 1.15914730259e-07, 5.35876800711e-08, 3.66511514471e-08, 2.71724376333e-09, 8.8242249201e-15],
        "max": [0.00199849740602, 0.0570466071367, 0.0363208204508, 0.0523456335068, 0.0488268695772, 0.0592596270144, 0.0250429585576, 0.0110350698233, 0.0229411348701, 0.0220091659576, 0.0464650802314, 0.0125197628513, 0.0190955884755, 0.0273738801479, 0.0166330318898, 0.00941336713731, 0.00546227628365, 0.00249962089583, 0.00133136811201, 0.00171001499984, 0.00292719434947, 0.0029371867422, 0.00352165056393, 0.00401490228251, 0.0052060582675, 0.000566347211134, 2.91538754027e-06],
        "mean": [0.000236715262872, 0.00888760574162, 0.00563963036984, 0.00427325395867, 0.00543345930055, 0.00315777165815, 0.00169914669823, 0.000818046217319, 0.00175437459257, 0.000918502220884, 0.00288353255019, 0.000925371947233, 0.000968237465713, 0.00185297557618, 0.00093949661823, 0.000957609969191, 0.000951877154876, 0.000393518130295, 0.000241526795435, 0.000335910997819, 0.00042270461563, 0.000673137546983, 0.000445724639576, 0.000219035107875, 0.000130929824081, 2.46342187893e-05, 1.04516981736e-08],
        "median": [0.000164180615684, 0.00635514222085, 0.00365391792729, 0.00193485780619, 0.00318922032602, 0.00200914265588, 0.00119666848332, 0.000530172022991, 0.000852119526826, 0.000440796487965, 0.000940904894378, 0.000577615806833, 0.000439510040451, 0.000985292135738, 0.000536308041774, 0.00067086215131, 0.000757657689974, 0.000294027733617, 0.000186158998986, 0.00028279205435, 0.000326047593262, 0.000536952808034, 0.000336960627465, 0.000159811854246, 7.42887714296e-05, 1.29767004182e-05, 1.38581168763e-09],
        "min": [1.88630266962e-07, 2.39106211666e-05, 2.19623470912e-05, 1.40908814501e-05, 1.94118365471e-06, 3.34418336934e-06, 2.45999513027e-06, 9.51085212364e-07, 8.69778943979e-07, 1.15630098207e-06, 2.79853452412e-06, 1.62978119533e-06, 1.72556622147e-06, 5.27372230863e-06, 2.13300381802e-06, 1.09650829927e-06, 9.58899136094e-07, 4.46823690936e-07, 1.02920205336e-06, 4.58733978803e-07, 2.90941699177e-07, 1.87741306945e-07, 9.06641872689e-08, 2.68572719619e-08, 1.08306537072e-08, 1.51042967023e-09, 8.26417059785e-12],
        "var": [5.49195533495e-08, 6.32987648714e-05, 3.17449375871e-05, 3.54862277163e-05, 4.0325041482e-05, 1.80959959835e-05, 3.91742105421e-06, 8.41296980525e-07, 6.23952337264e-06, 2.50460220741e-06, 2.36029991356e-05, 1.33783726142e-06, 2.51980645771e-06, 6.04205433774e-06, 1.55165719207e-06, 9.87368139249e-07, 6.71318275636e-07, 1.16934138816e-07, 3.64601397962e-08, 5.66565141469e-08, 1.1446060455e-07, 2.84264302763e-07, 1.29571887442e-07, 9.580384841e-08, 1.16290891583e-07, 1.76489733938e-09, 7.10710532987e-15]
    },
    "erbbands": {
        "dmean": [0.122971430421, 1.33273899555, 3.85231041908, 6.88331460953, 11.9975595474, 8.92397022247, 13.5068798065, 14.1624269485, 14.2014303207, 11.1657953262, 13.7282476425, 16.5142154694, 13.5795507431, 36.5693740845, 35.5587692261, 20.7963657379, 24.3215103149, 45.6193084717, 28.586025238, 31.1010856628, 33.0488624573, 34.2496643066, 12.5894174576, 7.00547552109, 5.62162446976, 6.98269414902, 6.49386644363, 8.05351066589, 9.99394702911, 7.55926322937, 4.08355093002, 1.86896240711, 1.56040346622, 0.819738268852, 0.299941599369, 0.11008130759, 0.0205476358533, 0.00134108529892, 3.09528768412e-05, 1.29326754177e-05],
        "dmean2": [0.199718728662, 2.28794646263, 6.51224088669, 11.213350296, 20.6509532928, 15.0591020584, 22.382068634, 23.61759758, 22.5542430878, 18.347951889, 21.1430740356, 25.3346672058, 21.8942127228, 55.3214569092, 53.8470115662, 32.2923240662, 38.0892066956, 73.3452224731, 46.0301742554, 50.0647354126, 52.490940094, 56.7533569336, 20.3342342377, 11.1924915314, 9.41687965393, 11.3697891235, 10.3033409119, 13.4649553299, 16.8359851837, 12.3626832962, 6.87796211243, 2.91756415367, 2.30100798607, 1.15107607841, 0.426999390125, 0.175623655319, 0.0331970751286, 0.00225823419169, 4.92574836244e-05, 2.03053677978e-05],
        "dvar": [0.0148764513433, 2.23920083046, 16.4058952332, 104.747596741, 448.966949463, 161.974899292, 506.363830566, 535.823181152, 433.044586182, 411.055297852, 369.241668701, 1112.55529785, 535.572814941, 4742.04541016, 3677.03051758, 974.612426758, 1519.11291504, 7680.62158203, 1936.15673828, 2088.35571289, 1968.41015625, 1570.01123047, 214.880691528, 59.0488700867, 40.54296875, 56.4319267273, 71.9482803345, 81.6016616821, 133.094085693, 64.4218063354, 23.7721691132, 7.66450929642, 13.6113080978, 6.08357906342, 1.18357527256, 0.0815853849053, 0.00165526487399, 6.50189394946e-06, 3.23219362386e-09, 1.45198325585e-10],
        "dvar2": [0.0357180163264, 5.96654987335, 48.3565139771, 268.860900879, 1266.76281738, 436.933441162, 1277.43798828, 1474.70410156, 993.734985352, 991.089172363, 892.260864258, 2575.62402344, 1400.11352539, 10741.3417969, 7557.84960938, 2329.84790039, 3823.76025391, 19070.9863281, 4774.23486328, 5721.00097656, 4793.140625, 4062.39550781, 559.626037598, 151.231460571, 107.851112366, 141.984069824, 174.117843628, 225.101669312, 347.093933105, 163.381134033, 60.2499465942, 16.4519062042, 22.4251194, 7.46623468399, 1.72665917873, 0.176303252578, 0.00376562820747, 1.60439522006e-05, 7.00186220115e-09, 3.47258249933e-10],
        "max": [0.958971500397, 15.6660747528, 32.9185562134, 138.711349487, 174.099227905, 170.276504517, 338.867980957, 399.615112305, 386.236816406, 603.336975098, 288.411071777, 694.99005127, 276.147949219, 1720.9296875, 891.475830078, 532.362365723, 779.660583496, 1626.59851074, 560.715393066, 678.352233887, 620.934204102, 377.184844971, 174.90071106, 90.3563613892, 54.0656776428, 98.2846450806, 146.640106201, 103.203842163, 130.628143311, 89.6182250977, 73.2640991211, 58.3488998413, 86.6484069824, 72.2442321777, 34.6494865417, 6.26371622086, 0.577751994133, 0.0281339585781, 0.000945796724409, 0.000177918496775],
        "mean": [0.189121201634, 2.18992424011, 6.33123207092, 11.899225235, 17.8537597656, 15.4496688843, 22.3452358246, 23.7602615356, 26.8928184509, 19.518611908, 27.6301383972, 32.938457489, 26.107252121, 80.449256897, 71.4352722168, 40.0146636963, 47.4138145447, 82.3214874268, 57.7270812988, 55.1526985168, 56.7149658203, 60.5429649353, 27.0512275696, 15.562122345, 12.5355863571, 15.4688558578, 15.4433822632, 18.1100788116, 25.219127655, 20.7878894806, 10.2429189682, 4.51239871979, 3.84921622276, 1.97313261032, 0.691942572594, 0.190598204732, 0.0292716566473, 0.00168706430122, 7.51553816372e-05, 6.02444051765e-05],
        "median": [0.145894780755, 1.45968592167, 5.1481962204, 6.65626525879, 9.81342601776, 10.2919588089, 14.3935613632, 15.1644477844, 17.4756374359, 12.8343820572, 17.8624000549, 14.1934146881, 19.0839385986, 30.4744224548, 34.4919395447, 24.5815238953, 24.5856761932, 43.6211700439, 33.1927909851, 35.1416778564, 38.9009361267, 46.298374176, 20.9841308594, 12.9904994965, 10.6838970184, 12.6817846298, 11.4560403824, 14.9108219147, 19.2894897461, 17.5647144318, 8.03361988068, 3.37422204018, 2.72617101669, 1.20746004581, 0.355273455381, 0.102321907878, 0.014003190212, 0.000649845227599, 5.43011992704e-05, 6.07842011959e-05],
        "min": [0.00100713374559, 0.00438877707347, 0.0236113294959, 0.129680812359, 0.0476504787803, 0.0114035475999, 0.0197251997888, 0.0296505261213, 0.0314071848989, 0.0124529609457, 0.0233180392534, 0.0149279814214, 0.0472905039787, 0.0566923469305, 0.215871438384, 0.0569622628391, 0.103785641491, 0.347024857998, 0.067611604929, 0.11272931844, 0.0753951519728, 0.059317022562, 0.0322608985007, 0.0449150912464, 0.0483262613416, 0.0208823923022, 0.0191001668572, 0.00836073886603, 0.00702980672941, 0.00527991307899, 0.002397128148, 0.000762263138313, 0.000423627760028, 0.000183303782251, 6.65457628202e-05, 1.43505740198e-05, 1.20510821944e-06, 1.90066486994e-07, 1.75297628857e-07, 3.65824547544e-07],
        "var": [0.0239398758858, 4.55312871933, 27.2309856415, 253.572677612, 542.018310547, 298.943634033, 913.63861084, 794.437866211, 1012.06341553, 777.538879395, 925.715026855, 2992.72583008, 759.171142578, 22343.4355469, 11164.5322266, 2603.06665039, 4012.67431641, 15367.8378906, 5535.9921875, 3834.65380859, 3600.26074219, 2760.34838867, 500.084289551, 135.829040527, 80.9214553833, 127.890068054, 180.957046509, 169.248931885, 436.169036865, 220.64541626, 63.6073684692, 22.2922458649, 44.6849632263, 21.9255046844, 3.88731503487, 0.144186168909, 0.00251630856656, 8.54688823893e-06, 6.31779339955e-09, 4.41847725074e-10]
    },
    "gfcc": {
        "mean": [62.2779579163, 91.7209777832, -124.389091492, 51.5740776062, -65.2192993164, 33.4894065857, -42.0883560181, 4.70066547394, -17.9452476501, 0.402335077524, -18.3500576019, 2.94247770309, -5.76866292953],
        "cov": [[1597.09143066, -386.526947021, -39.4209251404, -69.9655380249, -131.385055542, 29.9487018585, -137.82460022, 73.5662307739, -128.287979126, 64.1051177979, -64.989692688, 79.0529022217, -41.0568771362], [-386.526947021, 390.031341553, -84.6539001465, 13.7822885513, 96.7101364136, -54.3811569214, 70.4907989502, -29.097826004, 58.5684928894, -73.2613601685, 70.9573974609, -45.0160331726, 30.9141769409], [-39.4209251404, -84.6539001465, 243.202514648, 48.9461174011, -24.2027072906, -23.1784667969, -10.6577243805, 20.6959953308, -15.7536811829, 28.7976551056, -39.1351509094, -1.97030138969, -33.9433174133], [-69.9655380249, 13.7822885513, 48.9461174011, 163.570968628, -6.60671806335, -30.9006900787, 2.81074810028, 2.54810070992, 59.5652389526, -2.73968458176, 17.8004302979, -8.73714637756, 19.5636615753], [-131.385055542, 96.7101364136, -24.2027072906, -6.60671806335, 140.861801147, 3.75208806992, 20.861240387, 4.82864999771, 9.9296503067, -7.6941986084, 2.44814133644, -13.8056201935, -1.46076631546], [29.9487018585, -54.3811569214, -23.1784667969, -30.9006900787, 3.75208806992, 116.591255188, 37.7853012085, -11.9552621841, -9.06212997437, 3.01209974289, -4.03328847885, 12.6960716248, 3.1903424263], [-137.82460022, 70.4907989502, -10.6577243805, 2.81074810028, 20.861240387, 37.7853012085, 96.7231750488, 15.0847072601, 23.5619602203, -11.991724968, 11.139330864, -5.271048069, -4.65729618073], [73.5662307739, -29.097826004, 20.6959953308, 2.54810070992, 4.82864999771, -11.9552621841, 15.0847072601, 79.441619873, 20.2535400391, 18.4035282135, -5.23945713043, -2.43015527725, -8.69683933258], [-128.287979126, 58.5684928894, -15.7536811829, 59.5652389526, 9.9296503067, -9.06212997437, 23.5619602203, 20.2535400391, 116.717384338, 22.8632698059, 14.6371889114, -7.09025716782, 15.7154893875], [64.1051177979, -73.2613601685, 28.7976551056, -2.73968458176, -7.6941986084, 3.01209974289, -11.991724968, 18.4035282135, 22.8632698059, 78.9742126465, 6.47284650803, 9.99119853973, -10.1747608185], [-64.989692688, 70.9573974609, -39.1351509094, 17.8004302979, 2.44814133644, -4.03328847885, 11.139330864, -5.23945713043, 14.6371889114, 6.47284650803, 81.6828536987, 16.1070346832, 15.7724924088], [79.0529022217, -45.0160331726, -1.97030138969, -8.73714637756, -13.8056201935, 12.6960716248, -5.271048069, -2.43015527725, -7.09025716782, 9.99119853973, 16.1070346832, 64.9470672607, 18.276227951], [-41.0568771362, 30.9141769409, -33.9433174133, 19.5636615753, -1.46076631546, 3.1903424263, -4.65729618073, -8.69683933258, 15.7154893875, -10.1747608185, 15.7724924088, 18.276227951, 61.432094574]],
        "icov": [[0.00132529623806, -0.000885713845491, 0.00138533278368, -0.00137824052945, 0.00131022254936, -0.00145117833745, 0.00240490422584, -0.00255719199777, 0.00221370952204, -0.00160261103883, 0.00201009074226, -0.00221846834756, 0.00177480175626], [-0.000885713845491, 0.0153976203874, -0.00278980005533, 0.0078948084265, -0.00781299360096, 0.0112556666136, -0.0113160936162, 0.00937722809613, -0.00997850205749, 0.0128878671676, -0.0141081018373, 0.0108708292246, -0.00762139400467], [0.00138533278368, -0.00278980005533, 0.00813943333924, -0.00581905338913, 0.0028127185069, -0.00176509248558, 0.00277528702281, -0.00441577658057, 0.00609237654135, -0.00612328480929, 0.00715752691031, -0.00485686771572, 0.00545855937526], [-0.00137824052945, 0.0078948084265, -0.00581905338913, 0.0149391526356, -0.0041710245423, 0.00754612544551, -0.00648287078366, 0.00722457375377, -0.0119043309242, 0.00998836196959, -0.0109668914229, 0.0084509300068, -0.00782528892159], [0.00131022254936, -0.00781299360096, 0.0028127185069, -0.0041710245423, 0.0121692549437, -0.00603893911466, 0.00551890721545, -0.00638598715886, 0.00575957912952, -0.00679853046313, 0.00786621402949, -0.0051108575426, 0.00470856158063], [-0.00145117833745, 0.0112556666136, -0.00176509248558, 0.00754612544551, -0.00603893911466, 0.0207340680063, -0.0157079920173, 0.0110590793192, -0.00678643584251, 0.0069782952778, -0.00854315795004, 0.0068323770538, -0.00780536653474], [0.00240490422584, -0.0113160936162, 0.00277528702281, -0.00648287078366, 0.00551890721545, -0.0157079920173, 0.0266788080335, -0.0134100671858, 0.00523311225697, -0.00505168363452, 0.008330645971, -0.00930224824697, 0.0104240737855], [-0.00255719199777, 0.00937722809613, -0.00441577658057, 0.00722457375377, -0.00638598715886, 0.0110590793192, -0.0134100671858, 0.0242747496814, -0.010590470396, 0.00581414857879, -0.00883007980883, 0.00860529951751, -0.00609558587894], [0.00221370952204, -0.00997850205749, 0.00609237654135, -0.0119043309242, 0.00575957912952, -0.00678643584251, 0.00523311225697, -0.010590470396, 0.023373644799, -0.0159506872296, 0.0118860993534, -0.00739558925852, 0.00357229076326], [-0.00160261103883, 0.0128878671676, -0.00612328480929, 0.00998836196959, -0.00679853046313, 0.0069782952778, -0.00505168363452, 0.00581414857879, -0.0159506872296, 0.0300252474844, -0.0163779500872, 0.007647738792, -0.00322151510045], [0.00201009074226, -0.0141081018373, 0.00715752691031, -0.0109668914229, 0.00786621402949, -0.00854315795004, 0.008330645971, -0.00883007980883, 0.0118860993534, -0.0163779500872, 0.0304368082434, -0.0154797881842, 0.00693989358842], [-0.00221846834756, 0.0108708292246, -0.00485686771572, 0.0084509300068, -0.0051108575426, 0.0068323770538, -0.00930224824697, 0.00860529951751, -0.00739558925852, 0.007647738792, -0.0154797881842, 0.0295471232384, -0.0139487218112], [0.00177480175626, -0.00762139400467, 0.00545855937526, -0.00782528892159, 0.00470856158063, -0.00780536653474, 0.0104240737855, -0.00609558587894, 0.00357229076326, -0.00322151510045, 0.00693989358842, -0.0139487218112, 0.0281728561968]]
    },
    "melbands": {
        "dmean": [0.001222607214, 0.00183418067172, 0.00128355505876, 0.00077207153663, 0.000421120057581, 0.000331313029164, 0.000197621571715, 0.000116905743198, 0.000139794166898, 9.70287583186e-05, 6.96170172887e-05, 0.000139091644087, 0.000172440006281, 3.64579682355e-05, 9.6321462479e-05, 5.60580774618e-05, 8.99071455933e-05, 5.50676923012e-05, 4.7613903007e-05, 3.08180751745e-05, 4.41854390374e-05, 3.92870351789e-05, 1.79883681994e-05, 1.07852101792e-05, 5.90973240833e-06, 4.67011295768e-06, 5.40160908713e-06, 5.11610778631e-06, 3.95482629756e-06, 5.48244634047e-06, 4.67330664833e-06, 5.53568952455e-06, 6.1479586293e-06, 4.74683974971e-06, 2.95187101074e-06, 1.66324150541e-06, 1.14848933208e-06, 1.17485410556e-06, 1.08405959054e-06, 6.66330549848e-07],
        "dmean2": [0.00206050463021, 0.00309613975696, 0.00214974558912, 0.00127996096853, 0.000706064689439, 0.000551048782654, 0.000315156590659, 0.000190884937183, 0.000212213912164, 0.000149262763443, 0.000112764777441, 0.000211742153624, 0.000259832770098, 5.80915002502e-05, 0.000150112333358, 8.96075798664e-05, 0.000144650490256, 8.81396626937e-05, 7.65224613133e-05, 5.06723845319e-05, 7.06184800947e-05, 6.51849186397e-05, 2.98860813928e-05, 1.74042179424e-05, 9.50242883846e-06, 7.90816739027e-06, 9.25424683373e-06, 8.41819564812e-06, 6.41235646981e-06, 9.12154882826e-06, 7.900059245e-06, 9.33973842621e-06, 1.02863623397e-05, 7.70512815507e-06, 4.93978404847e-06, 2.74144508694e-06, 1.81759617135e-06, 1.77644574251e-06, 1.59395517585e-06, 9.39834251312e-07],
        "dvar": [1.53625080657e-06, 3.88777834814e-06, 3.47761192643e-06, 1.42263263569e-06, 4.30031974474e-07, 2.89724084723e-07, 8.25959958206e-08, 3.9011677444e-08, 4.08880431735e-08, 3.37742775969e-08, 1.48236694031e-08, 6.93041570798e-08, 8.73162022685e-08, 1.95149474358e-09, 2.97157463081e-08, 1.44465746033e-08, 2.91878698988e-08, 9.07111186166e-09, 7.70059394029e-09, 1.81897252816e-09, 3.7407388298e-09, 2.15857709485e-09, 4.40029401805e-10, 2.1687893148e-10, 4.65815545858e-11, 2.81365417076e-11, 3.80345234474e-11, 3.3070605282e-11, 2.3029994578e-11, 5.642486825e-11, 2.80496841032e-11, 3.96891339238e-11, 5.08978588443e-11, 2.91121814155e-11, 1.36799946371e-11, 4.59923418794e-12, 3.49666975062e-12, 9.06434389353e-12, 5.60408360342e-12, 5.16126507852e-12],
        "dvar2": [3.93784375774e-06, 1.09825377876e-05, 9.48092383624e-06, 3.87485351894e-06, 1.09508494006e-06, 7.7683392874e-07, 1.95246443013e-07, 9.6645344172e-08, 9.77800524993e-08, 7.83109257441e-08, 3.83224971756e-08, 1.59775069619e-07, 1.83370673312e-07, 4.89113727298e-09, 6.90037751383e-08, 3.98279524916e-08, 7.19173200991e-08, 2.22738769651e-08, 2.15430784323e-08, 4.83361040082e-09, 8.9526484004e-09, 5.62580115826e-09, 1.19533849485e-09, 5.85095472072e-10, 1.20547988258e-10, 7.39378072656e-11, 1.03604153034e-10, 8.36900063139e-11, 5.79286930924e-11, 1.41310019242e-10, 7.56709139793e-11, 1.04349251462e-10, 1.32814800824e-10, 7.54036832973e-11, 3.59718158038e-11, 1.21317574042e-11, 7.39526755805e-12, 1.75279079445e-11, 8.30205869329e-12, 7.04098888568e-12],
        "max": [0.0107688037679, 0.0180496815592, 0.019958615303, 0.0124837523326, 0.00922144111246, 0.00964995473623, 0.00494665652514, 0.00542264385149, 0.00252782879397, 0.00389952049591, 0.00144746911246, 0.00633669225499, 0.00422531878576, 0.00059423991479, 0.00315723149106, 0.00268095661886, 0.00316290254705, 0.00122173060663, 0.00183386250865, 0.000579881307203, 0.000895676726941, 0.000416319904616, 0.000213262741454, 0.000171421212144, 8.61251101014e-05, 5.07062759425e-05, 5.86052665312e-05, 8.12700600363e-05, 6.83146135998e-05, 9.44214916672e-05, 6.92932444508e-05, 7.32409971533e-05, 8.48351191962e-05, 7.90891936049e-05, 6.4721898525e-05, 3.41415689036e-05, 3.81605132134e-05, 7.89221667219e-05, 5.9794565459e-05, 6.65950283292e-05],
        "mean": [0.00207607680932, 0.00333468755707, 0.00221297773533, 0.00128976488486, 0.000731790089048, 0.000570067437366, 0.000377808522899, 0.000193993822904, 0.000272770121228, 0.000195373810129, 0.000124517682707, 0.000303316453937, 0.000337451579981, 6.81247402099e-05, 0.000155759655172, 0.000100659926829, 0.000156662747031, 9.87716121017e-05, 8.13493315945e-05, 5.21236470377e-05, 6.84518090566e-05, 6.37729390291e-05, 3.41699669661e-05, 1.97314020625e-05, 1.16861820061e-05, 8.94351069292e-06, 1.01114965219e-05, 1.0275324712e-05, 8.8692704594e-06, 1.08742906377e-05, 9.96955805022e-06, 1.31539436552e-05, 1.46022030094e-05, 1.12955322038e-05, 6.66493133394e-06, 3.35766026183e-06, 2.47441130341e-06, 2.58580644186e-06, 2.53487064583e-06, 1.41301541134e-06],
        "median": [0.0016000661999, 0.00268064439297, 0.00141870859079, 0.000684098922648, 0.000507317483425, 0.000373874761863, 0.000260395230725, 0.000126701837871, 0.000148651422933, 9.360013064e-05, 8.25243114377e-05, 0.00012151899864, 0.000126560349599, 5.07459044456e-05, 7.08276129444e-05, 4.50869083579e-05, 7.85725715104e-05, 4.38513998233e-05, 4.69578080811e-05, 3.71101559722e-05, 4.23853634857e-05, 4.66748315375e-05, 2.70069922408e-05, 1.35242398756e-05, 9.22549770621e-06, 7.07187064108e-06, 7.99756071501e-06, 8.21047615318e-06, 6.74601324135e-06, 7.86883720139e-06, 8.31082797959e-06, 9.98862469714e-06, 1.10734454211e-05, 8.78224091139e-06, 4.9142104217e-06, 2.5392525913e-06, 1.768356924e-06, 1.72909585672e-06, 1.69662689586e-06, 6.96408505974e-07],
        "min": [7.62448871683e-06, 1.00560755527e-05, 2.12472550629e-05, 3.24334791912e-06, 5.77074899866e-07, 7.04916146788e-07, 6.28232726285e-07, 1.2221815382e-07, 1.03561653475e-07, 1.1389722232e-07, 2.22223178525e-07, 1.85679766673e-07, 6.71741702263e-07, 2.58793875219e-07, 3.50653515113e-08, 3.47673847045e-07, 5.76806201025e-07, 4.81045852041e-08, 1.98108608629e-07, 8.47058672093e-08, 6.99071378563e-08, 7.14368368904e-08, 2.6727978053e-08, 1.51197667719e-08, 3.64904764183e-08, 3.11959809096e-08, 2.11942143835e-08, 1.3698729262e-08, 1.20197816145e-08, 7.52114814873e-09, 3.9094327775e-09, 4.26773416606e-09, 2.69897748595e-09, 2.28429453131e-09, 1.24795762613e-09, 9.89484161273e-10, 2.33108560233e-10, 2.6742200121e-10, 1.80988321552e-10, 1.62888799671e-10],
